   1.0221618e+02   2.8602761e+01   2.5212700e+03
   1.0225841e+02   2.8616351e+01   2.1427500e+03
   0.0000000e+00   9.1140580e-01   9.1140580e-01
   1.0000000e-01   9.6757730e-01   8.2398608e-01
   2.0000000e-01   9.8875254e-01   7.1987876e-01
   3.0000000e-01   9.8943260e-01   6.0698400e-01
   4.0000000e-01   9.9060895e-01   4.8034295e-01
   5.0000000e-01   9.9953933e-01   3.3675692e-01
   6.0000000e-01   1.0000000e+00   1.9284137e-01
   7.0000000e-01   9.6245184e-01   7.9290689e-02
   8.0000000e-01   8.6586465e-01   1.0145789e-02
   9.0000000e-01   7.1335456e-01  -3.9176004e-02
   1.0000000e+00   5.3065070e-01  -1.1441755e-01
   1.1000000e+00   3.5144084e-01  -2.3952846e-01
   1.2000000e+00   2.0137402e-01  -3.9420061e-01
   1.3000000e+00   8.8652722e-02  -5.3414247e-01
   1.4000000e+00   3.2267124e-03  -6.2682234e-01
   1.5000000e+00  -7.4917688e-02  -6.6492760e-01
   1.6000000e+00  -1.6062135e-01  -6.5692270e-01
   1.7000000e+00  -2.5152546e-01  -6.2062545e-01
   1.8000000e+00  -3.3123486e-01  -5.8548891e-01
   1.9000000e+00  -3.8635368e-01  -5.8227271e-01
   2.0000000e+00  -4.1941957e-01  -6.1537983e-01
   2.1000000e+00  -4.4314287e-01  -6.5004666e-01
   2.2000000e+00  -4.6427807e-01  -6.4011541e-01
   2.3000000e+00  -4.7841279e-01  -5.7133101e-01
   2.4000000e+00  -4.8117334e-01  -4.7137908e-01
   2.5000000e+00  -4.7811988e-01  -3.7896173e-01
   2.6000000e+00  -4.7818976e-01  -3.1401512e-01
   2.7000000e+00  -4.8057121e-01  -2.8095156e-01
   2.8000000e+00  -4.7553123e-01  -2.8581782e-01
   2.9000000e+00  -4.5932485e-01  -3.3227738e-01
   3.0000000e+00  -4.4134460e-01  -3.9994973e-01
   3.1000000e+00  -4.3150609e-01  -4.4129458e-01
   3.2000000e+00  -4.2479124e-01  -4.1219706e-01
   3.3000000e+00  -4.0589136e-01  -3.0762040e-01
   3.4000000e+00  -3.6971473e-01  -1.6583640e-01
   3.5000000e+00  -3.3068485e-01  -3.8717509e-02
   3.6000000e+00  -3.0745256e-01   4.2855995e-02
   3.7000000e+00  -3.0116462e-01   8.1187639e-02
   3.8000000e+00  -2.9256349e-01   9.8292821e-02
   3.9000000e+00  -2.5914135e-01   1.1351803e-01
   4.0000000e+00  -1.9251383e-01   1.3171367e-01
   4.1000000e+00  -1.0225359e-01   1.4849909e-01
   4.2000000e+00  -9.8682594e-03   1.6227272e-01
   4.3000000e+00   5.9750685e-02   1.7808494e-01
   4.4000000e+00   8.9137780e-02   2.0115554e-01
   4.5000000e+00   7.9699247e-02   2.3089465e-01
   4.6000000e+00   5.3408520e-02   2.6219412e-01
   4.7000000e+00   3.7760327e-02   2.8826999e-01
   4.8000000e+00   4.5092727e-02   3.0020119e-01
   4.9000000e+00   6.6489795e-02   2.8980108e-01
   5.0000000e+00   8.5388746e-02   2.6027119e-01
   5.1000000e+00   9.4759553e-02   2.3165430e-01
   5.2000000e+00   1.0087348e-01   2.2624869e-01
   5.3000000e+00   1.1446119e-01   2.4527787e-01
   5.4000000e+00   1.4175095e-01   2.6649055e-01
   5.5000000e+00   1.8201097e-01   2.6961239e-01
   5.6000000e+00   2.2853121e-01   2.5929362e-01
   5.7000000e+00   2.7017299e-01   2.5710972e-01
   5.8000000e+00   2.9516256e-01   2.7487767e-01
   5.9000000e+00   2.9695724e-01   3.0360986e-01
   6.0000000e+00   2.7717896e-01   3.2646216e-01
   6.1000000e+00   2.4287472e-01   3.3178989e-01
   6.2000000e+00   2.0240195e-01   3.1087418e-01
   6.3000000e+00   1.6447482e-01   2.5491898e-01
   6.4000000e+00   1.3772395e-01   1.6642615e-01
   6.5000000e+00   1.2621516e-01   7.0622777e-02
   6.6000000e+00   1.2458740e-01   3.3206109e-03
   6.7000000e+00   1.2166550e-01  -1.8084378e-02
   6.8000000e+00   1.1224937e-01  -7.6037790e-03
   6.9000000e+00   1.0388207e-01   6.9438629e-03
   7.0000000e+00   1.0843049e-01   8.8717990e-03
   7.1000000e+00   1.2653649e-01  -3.1530774e-03
   7.2000000e+00   1.4322502e-01  -2.8190219e-02
   7.3000000e+00   1.4063320e-01  -6.9300282e-02
   7.4000000e+00   1.1385270e-01  -1.2516072e-01
   7.5000000e+00   7.3187216e-02  -1.8338040e-01
   7.6000000e+00   3.2839170e-02  -2.2803803e-01
   7.7000000e+00   1.8713840e-04  -2.5145868e-01
   7.8000000e+00  -2.4627687e-02  -2.5461555e-01
   7.9000000e+00  -4.3098826e-02  -2.3866083e-01
   8.0000000e+00  -5.5883507e-02  -2.0293233e-01
   8.1000000e+00  -6.4945204e-02  -1.5336975e-01
   8.2000000e+00  -7.4547953e-02  -1.0777066e-01
   8.3000000e+00  -8.7845484e-02  -8.6938096e-02
   8.4000000e+00  -1.0276011e-01  -9.9501813e-02
   8.5000000e+00  -1.1242499e-01  -1.3663880e-01
   8.6000000e+00  -1.1060390e-01  -1.8062889e-01
   8.7000000e+00  -9.7633579e-02  -2.1601208e-01
   8.8000000e+00  -8.1836425e-02  -2.3301086e-01
   8.9000000e+00  -7.4299265e-02  -2.2530163e-01
   9.0000000e+00  -7.9713117e-02  -1.9024525e-01
   9.1000000e+00  -9.0656623e-02  -1.3330096e-01
   9.2000000e+00  -9.2515824e-02  -7.0270907e-02
   9.3000000e+00  -7.7523340e-02  -2.1804347e-02
   9.4000000e+00  -5.5265932e-02  -2.4146232e-03
   9.5000000e+00  -4.6970996e-02  -1.2195287e-02
   9.6000000e+00  -6.6155369e-02  -3.7947161e-02
   9.7000000e+00  -1.0390979e-01  -6.2883476e-02
   9.8000000e+00  -1.3432688e-01  -7.6600779e-02
   9.9000000e+00  -1.3555569e-01  -7.6756299e-02
   1.0000000e+01  -1.0648862e-01  -6.2655501e-02
   1.0100000e+01  -6.4724277e-02  -3.0368727e-02
   1.0200000e+01  -3.0400003e-02   2.2626623e-02
   1.0300000e+01  -1.1926839e-02   8.7844763e-02
   1.0400000e+01  -4.3819701e-03   1.4427864e-01
   1.0500000e+01   1.6187697e-03   1.7039028e-01
   1.0600000e+01   1.0362285e-02   1.5940141e-01
   1.0700000e+01   1.8833907e-02   1.2334157e-01
   1.0800000e+01   2.2578452e-02   8.3436784e-02
   1.0900000e+01   2.3189195e-02   5.7460982e-02
   1.1000000e+01   2.9352022e-02   5.3781684e-02
   1.1100000e+01   4.9439996e-02   7.1773145e-02
   1.1200000e+01   8.2407720e-02   1.0373127e-01
   1.1300000e+01   1.1594838e-01   1.3737235e-01
   1.1400000e+01   1.3386518e-01   1.6055000e-01
   1.1500000e+01   1.2634497e-01   1.6629761e-01
   1.1600000e+01   9.5742865e-02   1.5405047e-01
   1.1700000e+01   5.5237035e-02   1.2721188e-01
   1.1800000e+01   2.1697140e-02   9.1440921e-02
   1.1900000e+01   5.9871931e-03   5.4944067e-02
   1.2000000e+01   6.3283519e-03   2.6939549e-02
   1.2100000e+01   1.0904980e-02   1.2744639e-02
   1.2200000e+01   9.2841466e-03   1.0615786e-02
   1.2300000e+01   2.2931618e-03   1.4960427e-02
   1.2400000e+01  -3.7919979e-04   2.2046008e-02
   1.2500000e+01   7.4613416e-03   3.0671837e-02
   1.2600000e+01   2.0359876e-02   3.7748091e-02
   1.2700000e+01   2.6415153e-02   3.6245672e-02
   1.2800000e+01   1.8855995e-02   1.9145883e-02
   1.2900000e+01   4.2508546e-04  -1.5684123e-02
   1.3000000e+01  -2.2332878e-02  -6.4634858e-02
   1.3100000e+01  -4.5255418e-02  -1.1909745e-01
   1.3200000e+01  -6.5606810e-02  -1.6463296e-01
   1.3300000e+01  -7.8208391e-02  -1.8302379e-01
   1.3400000e+01  -7.7129738e-02  -1.6268201e-01
   1.3500000e+01  -6.2748569e-02  -1.1079125e-01
   1.3600000e+01  -4.5096712e-02  -5.2066971e-02
   1.3700000e+01  -3.7472904e-02  -1.0819600e-02
   1.3800000e+01  -4.5399956e-02   6.5723619e-03
   1.3900000e+01  -6.1686990e-02   1.0277610e-02
   1.4000000e+01  -7.2529213e-02   1.0304807e-02
   1.4100000e+01  -6.9087825e-02   5.8192443e-03
   1.4200000e+01  -5.4404529e-02  -7.9600240e-03
   1.4300000e+01  -4.0254148e-02  -2.7617249e-02
   1.4400000e+01  -3.7256051e-02  -4.2438152e-02
   1.4500000e+01  -4.6485666e-02  -4.7381167e-02
   1.4600000e+01  -5.8742264e-02  -4.9439352e-02
   1.4700000e+01  -6.1469553e-02  -5.6834594e-02
   1.4800000e+01  -4.8173005e-02  -6.3994940e-02
   1.4900000e+01  -2.3762803e-02  -5.3062431e-02
   1.5000000e+01  -1.5720126e-03  -1.3596032e-02
   1.5100000e+01   6.8913032e-03   4.0851160e-02
   1.5200000e+01   2.1372815e-03   7.9334779e-02
   1.5300000e+01  -2.5665600e-03   7.8831238e-02
   1.5400000e+01   7.4747328e-03   4.3909081e-02
   1.5500000e+01   3.4298755e-02   2.4432559e-03
   1.5600000e+01   6.4521074e-02  -1.7337628e-02
   1.5700000e+01   8.1869042e-02  -7.3087190e-03
   1.5800000e+01   8.2961726e-02   1.8483800e-02
   1.5900000e+01   8.0160419e-02   3.8654377e-02
   1.6000000e+01   8.8601780e-02   4.2135924e-02
   1.6100000e+01   1.1066193e-01   3.4739922e-02
   1.6200000e+01   1.3272016e-01   3.0595341e-02
   1.6300000e+01   1.3624545e-01   3.6724431e-02
   1.6400000e+01   1.1283822e-01   4.5259957e-02
   1.6500000e+01   7.1502006e-02   4.1518716e-02
   1.6600000e+01   3.3327404e-02   2.0461009e-02
   1.6700000e+01   1.6906653e-02  -5.8652411e-03
   1.6800000e+01   2.4270374e-02  -1.8736448e-02
   1.6900000e+01   3.9211445e-02  -1.0355660e-02
   1.7000000e+01   4.2075667e-02   1.0008454e-02
   1.7100000e+01   2.9197390e-02   2.6484606e-02
   1.7200000e+01   1.6913138e-02   3.0391128e-02
   1.7300000e+01   2.3520505e-02   2.3171309e-02
   1.7400000e+01   4.7164202e-02   9.8817919e-03
   1.7500000e+01   6.4618213e-02  -5.1093982e-03
   1.7600000e+01   5.3734242e-02  -1.5959890e-02
   1.7700000e+01   1.5461945e-02  -1.4596134e-02
   1.7800000e+01  -2.7843761e-02   2.2902631e-03
   1.7900000e+01  -5.3854890e-02   2.5182598e-02
   1.8000000e+01  -5.7242708e-02   3.4867963e-02
   1.8100000e+01  -4.7335018e-02   1.7748183e-02
   1.8200000e+01  -3.5108851e-02  -2.0774476e-02
   1.8300000e+01  -2.6100496e-02  -5.9185974e-02
   1.8400000e+01  -2.2885726e-02  -7.7364730e-02
   1.8500000e+01  -2.8039842e-02  -7.2066744e-02
   1.8600000e+01  -4.1571860e-02  -5.5925413e-02
   1.8700000e+01  -5.7541524e-02  -4.2396900e-02
   1.8800000e+01  -6.6798148e-02  -3.2901123e-02
   1.8900000e+01  -6.4758287e-02  -1.8928441e-02
   1.9000000e+01  -5.6327774e-02   4.7196101e-03
   1.9100000e+01  -5.2385148e-02   3.1092988e-02
   1.9200000e+01  -6.0311396e-02   4.6551053e-02
   1.9300000e+01  -7.6773474e-02   4.4133877e-02
   1.9400000e+01  -8.9512313e-02   2.9900505e-02
   1.9500000e+01  -8.7200735e-02   1.5667028e-02
   1.9600000e+01  -6.8781364e-02   6.8447265e-03
   1.9700000e+01  -4.3748819e-02  -1.0830700e-03
   1.9800000e+01  -2.3611504e-02  -1.4264215e-02
   1.9900000e+01  -1.3224439e-02  -3.0392062e-02
   2.0000000e+01  -9.4054548e-03  -3.8372974e-02
   2.0100000e+01  -5.7022608e-03  -2.8354726e-02
   2.0200000e+01   2.5786372e-03  -1.7959553e-03
   2.0300000e+01   1.5838184e-02   2.8494303e-02
   2.0400000e+01   2.9312997e-02   4.8241333e-02
   2.0500000e+01   3.4624886e-02   5.2059516e-02
   2.0600000e+01   2.5822224e-02   4.5051319e-02
   2.0700000e+01   6.8475809e-03   3.5251520e-02
   2.0800000e+01  -8.1550522e-03   2.5251931e-02
   2.0900000e+01  -5.4234748e-03   1.1751008e-02
   2.1000000e+01   1.5765198e-02  -6.7303370e-03
   2.1100000e+01   4.1683306e-02  -2.3109584e-02
   2.1200000e+01   5.6193792e-02  -2.5336746e-02
   2.1300000e+01   5.4084272e-02  -8.8123070e-03
   2.1400000e+01   4.2890682e-02   1.5346151e-02
   2.1500000e+01   3.3491130e-02   2.7471214e-02
   2.1600000e+01   3.0635522e-02   1.7397020e-02
   2.1700000e+01   3.1916784e-02  -4.8644962e-03
   2.1800000e+01   3.3040391e-02  -1.8620872e-02
   2.1900000e+01   3.1783970e-02  -1.3694074e-02
   2.2000000e+01   2.7412882e-02  -8.5336432e-04
   2.2100000e+01   1.9160983e-02   4.2108367e-04
   2.2200000e+01   7.7598754e-03  -1.6086054e-02
   2.2300000e+01  -1.9257373e-03  -3.5805661e-02
   2.2400000e+01  -2.7892864e-03  -3.8733727e-02
   2.2500000e+01   7.1792940e-03  -2.0668222e-02
   2.2600000e+01   1.9567435e-02   2.8434292e-03
   2.2700000e+01   2.0530302e-02   1.3219863e-02
   2.2800000e+01   4.0091453e-03   6.8882315e-03
   2.2900000e+01  -1.9905187e-02  -4.4766140e-03
   2.3000000e+01  -3.2166396e-02  -9.0921109e-03
   2.3100000e+01  -2.2617979e-02  -6.5414082e-03
   2.3200000e+01  -1.0378100e-03  -3.7491984e-03
   2.3300000e+01   1.0864716e-02  -3.8225111e-03
   2.3400000e+01  -1.0440461e-04  -3.4403024e-03
   2.3500000e+01  -2.5570710e-02  -9.9680272e-04
   2.3600000e+01  -4.3286747e-02  -2.4626425e-03
   2.3700000e+01  -3.8569816e-02  -1.5142308e-02
   2.3800000e+01  -1.8393291e-02  -3.6345630e-02
   2.3900000e+01  -3.8212652e-03  -5.1943603e-02
   2.4000000e+01  -8.1831441e-03  -4.8486872e-02
   2.4100000e+01  -2.3325288e-02  -2.6355359e-02
   2.4200000e+01  -2.8416076e-02   1.0798589e-04
   2.4300000e+01  -1.2377049e-02   1.5439225e-02
   2.4400000e+01   1.3460375e-02   1.5793318e-02
   2.4500000e+01   2.5717215e-02   9.8236850e-03
   2.4600000e+01   1.1685026e-02   8.3406529e-03
   2.4700000e+01  -1.8347068e-02   1.3591358e-02
   2.4800000e+01  -4.0388375e-02   1.8068661e-02
   2.4900000e+01  -3.7559639e-02   1.2933907e-02
   2.5000000e+01  -1.3126792e-02  -2.7848679e-03
   2.5100000e+01   1.4090751e-02  -2.0847788e-02
   2.5200000e+01   2.5808541e-02  -3.0502800e-02
   2.5300000e+01   1.7901166e-02  -2.6007624e-02
   2.5400000e+01   1.7338467e-03  -8.8862379e-03
   2.5500000e+01  -6.4212425e-03   1.4397593e-02
   2.5600000e+01   1.0674208e-03   3.5331804e-02
   2.5700000e+01   1.7473094e-02   4.5765278e-02
   2.5800000e+01   2.8404766e-02   4.1578360e-02
   2.5900000e+01   2.5163162e-02   2.6712028e-02
   2.6000000e+01   1.2873205e-02   1.2826769e-02
   2.6100000e+01   5.7142135e-03   1.2044598e-02
   2.6200000e+01   1.3193513e-02   2.7322411e-02
   2.6300000e+01   3.0008206e-02   4.8662728e-02
   2.6400000e+01   3.9394940e-02   5.9104238e-02
   2.6500000e+01   2.7924105e-02   4.6589158e-02
   2.6600000e+01  -1.0596505e-03   1.3293875e-02
   2.6700000e+01  -2.7847354e-02  -2.4428265e-02
   2.6800000e+01  -3.1302680e-02  -4.6159475e-02
   2.6900000e+01  -5.8684335e-03  -4.0979189e-02
   2.7000000e+01   3.3877202e-02  -1.4580293e-02
   2.7100000e+01   6.4249577e-02   1.5491438e-02
   2.7200000e+01   6.8571917e-02   3.2459032e-02
   2.7300000e+01   4.5524965e-02   3.0865745e-02
   2.7400000e+01   6.5926480e-03   1.7992793e-02
   2.7500000e+01  -3.1194831e-02   6.8407366e-03
   2.7600000e+01  -5.1729456e-02   6.5793276e-03
   2.7700000e+01  -4.5905903e-02   1.6552502e-02
   2.7800000e+01  -1.7844628e-02   2.7270908e-02
   2.7900000e+01   1.4059016e-02   2.7735749e-02
   2.8000000e+01   2.7173824e-02   1.3745288e-02
   2.8100000e+01   1.1534104e-02  -9.6296996e-03
   2.8200000e+01  -2.0829582e-02  -3.3080532e-02
   2.8300000e+01  -4.4602662e-02  -4.9867236e-02
   2.8400000e+01  -4.1881501e-02  -5.7884033e-02
   2.8500000e+01  -1.6836757e-02  -5.7401701e-02
   2.8600000e+01   8.3179461e-03  -4.9825187e-02
   2.8700000e+01   1.1856507e-02  -3.8923498e-02
   2.8800000e+01  -1.0495005e-02  -3.0108546e-02
   2.8900000e+01  -4.3463220e-02  -2.5745885e-02
   2.9000000e+01  -6.5203110e-02  -2.2188583e-02
   2.9100000e+01  -6.3701150e-02  -1.4305730e-02
   2.9200000e+01  -4.3434768e-02  -3.1523387e-03
   2.9300000e+01  -1.8547227e-02   3.8416089e-03
   2.9400000e+01  -7.3528115e-04   2.1774687e-03
   2.9500000e+01   6.8130404e-03  -2.4488240e-03
   2.9600000e+01   6.6004047e-03   1.9787826e-04
   2.9700000e+01   2.2004228e-03   1.1692560e-02
   2.9800000e+01  -1.8435351e-03   2.0843205e-02
   2.9900000e+01   1.2311801e-03   1.5613951e-02
   3.0000000e+01   1.6004746e-02  -1.8507229e-03
   3.0100000e+01   3.6683101e-02  -1.5193712e-02
   3.0200000e+01   4.6639627e-02  -1.0079565e-02
   3.0300000e+01   3.1801615e-02   1.0916994e-02
   3.0400000e+01  -3.1696546e-03   3.0872266e-02
   3.0500000e+01  -3.4528537e-02   3.5027627e-02
   3.0600000e+01  -3.8980111e-02   2.3344733e-02
   3.0700000e+01  -1.4883885e-02   7.5604921e-03
   3.0800000e+01   1.7006294e-02  -1.1609804e-03
   3.0900000e+01   3.4542212e-02   1.1525043e-05
   3.1000000e+01   3.4839000e-02   7.7032335e-03
   3.1100000e+01   3.2905494e-02   1.7692280e-02
   3.1200000e+01   4.0911655e-02   2.6279404e-02
   3.1300000e+01   5.2229664e-02   2.9136539e-02
   3.1400000e+01   4.8770116e-02   2.3247092e-02
   3.1500000e+01   2.3356159e-02   1.1437785e-02
   3.1600000e+01  -8.8378373e-03   2.4000634e-03
   3.1700000e+01  -2.3810772e-02   2.9413615e-03
   3.1800000e+01  -1.2881470e-02   9.7109252e-03
   3.1900000e+01   9.0366884e-03   1.0743270e-02
   3.2000000e+01   1.9453227e-02  -2.7184204e-03
   3.2100000e+01   1.0181134e-02  -2.5643403e-02
   3.2200000e+01  -7.8246659e-03  -4.1379799e-02
   3.2300000e+01  -1.8377930e-02  -3.5634845e-02
   3.2400000e+01  -1.4668495e-02  -9.6493484e-03
   3.2500000e+01  -5.8376763e-04   1.9495343e-02
   3.2600000e+01   1.6652029e-02   3.1995416e-02
   3.2700000e+01   3.0411390e-02   2.0795853e-02
   3.2800000e+01   3.3491058e-02  -3.6555355e-03
   3.2900000e+01   1.9987751e-02  -2.3321792e-02
   3.3000000e+01  -7.5473783e-03  -2.8275060e-02
   3.3100000e+01  -3.5141481e-02  -2.3937221e-02
   3.3200000e+01  -4.6303865e-02  -2.3444809e-02
   3.3300000e+01  -3.5841135e-02  -3.3092431e-02
   3.3400000e+01  -1.4169270e-02  -4.5508487e-02
   3.3500000e+01   1.9517684e-03  -4.7111435e-02
   3.3600000e+01   1.9279973e-03  -3.1939056e-02
   3.3700000e+01  -1.3767518e-02  -8.1244113e-03
   3.3800000e+01  -3.6275609e-02   8.7947604e-03
   3.3900000e+01  -5.2864897e-02   9.0144414e-03
   3.4000000e+01  -5.1992494e-02  -3.7263816e-03
   3.4100000e+01  -3.0498606e-02  -1.5833453e-02
   3.4200000e+01   1.2274156e-03  -1.5229318e-02
   3.4300000e+01   2.4136062e-02  -7.1058130e-04
   3.4400000e+01   2.4663074e-02   1.8012370e-02
   3.4500000e+01   4.9503387e-03   2.8677652e-02
   3.4600000e+01  -2.1546926e-02   2.5540025e-02
   3.4700000e+01  -4.2862386e-02   1.2042333e-02
   3.4800000e+01  -5.4272153e-02  -3.3936259e-03
   3.4900000e+01  -5.3125879e-02  -1.3456342e-02
   3.5000000e+01  -3.5198933e-02  -1.5279585e-02
   3.5100000e+01  -2.0402968e-03  -1.0203116e-02
   3.5200000e+01   3.0425277e-02  -1.5630770e-03
   3.5300000e+01   3.9170036e-02   7.8023391e-03
   3.5400000e+01   1.5827365e-02   1.6964434e-02
   3.5500000e+01  -2.0564835e-02   2.6341323e-02
   3.5600000e+01  -3.8077551e-02   3.5906811e-02
   3.5700000e+01  -2.1733736e-02   4.4294881e-02
   3.5800000e+01   1.2582021e-02   4.9605421e-02
   3.5900000e+01   3.5294318e-02   5.0224379e-02
   3.6000000e+01   3.2776914e-02   4.4475084e-02
   3.6100000e+01   1.8236765e-02   3.0959708e-02
   3.6200000e+01   1.4485970e-02   1.1368307e-02
   3.6300000e+01   2.9374242e-02  -7.1652320e-03
   3.6400000e+01   4.9823395e-02  -1.5259867e-02
   3.6500000e+01   5.7821791e-02  -9.2093101e-03
   3.6600000e+01   4.8690709e-02   4.7083848e-03
   3.6700000e+01   3.2783581e-02   1.5631837e-02
   3.6800000e+01   2.2257055e-02   1.8160398e-02
   3.6900000e+01   1.9911416e-02   1.5980908e-02
   3.7000000e+01   2.1322550e-02   1.5681436e-02
   3.7100000e+01   2.4026607e-02   1.8951481e-02
   3.7200000e+01   3.0196612e-02   2.1863092e-02
   3.7300000e+01   3.9838056e-02   1.9818827e-02
   3.7400000e+01   4.5283625e-02   1.0755839e-02
   3.7500000e+01   3.6685459e-02  -5.3788053e-03
   3.7600000e+01   1.3776069e-02  -2.6198764e-02
   3.7700000e+01  -1.0049318e-02  -4.4203141e-02
   3.7800000e+01  -1.7628955e-02  -4.8295330e-02
   3.7900000e+01  -3.0932473e-03  -3.3456758e-02
   3.8000000e+01   2.1918839e-02  -9.9317714e-03
   3.8100000e+01   3.6028092e-02   1.5691575e-03
   3.8200000e+01   2.3258985e-02  -1.1638569e-02
   3.8300000e+01  -1.5189246e-02  -4.0156760e-02
   3.8400000e+01  -5.9972481e-02  -5.9416792e-02
   3.8500000e+01  -8.4787291e-02  -5.2147030e-02
   3.8600000e+01  -7.3989202e-02  -2.3817238e-02
   3.8700000e+01  -3.4795823e-02   3.7176592e-03
   3.8800000e+01   6.6367189e-03   1.2158231e-02
   3.8900000e+01   2.4067620e-02   2.8853662e-04
   3.9000000e+01   9.8779333e-03  -1.8982752e-02
   3.9100000e+01  -2.2232426e-02  -3.1311806e-02
   3.9200000e+01  -5.1188571e-02  -3.0965718e-02
   3.9300000e+01  -6.4206323e-02  -2.2307738e-02
   3.9400000e+01  -6.0440033e-02  -1.4359185e-02
   3.9500000e+01  -4.4310181e-02  -1.2972006e-02
   3.9600000e+01  -2.0597184e-02  -1.5805156e-02
   3.9700000e+01   3.2560831e-03  -1.4530956e-02
   3.9800000e+01   1.5339943e-02  -3.5447623e-03
   3.9900000e+01   6.3225310e-03   1.2889122e-02
   4.0000000e+01  -1.9857749e-02   2.3444886e-02
   4.0100000e+01  -4.5700675e-02   2.0695849e-02
   4.0200000e+01  -5.4174929e-02   8.5263026e-03
   4.0300000e+01  -4.3110478e-02  -2.2855110e-03
   4.0400000e+01  -2.3978486e-02  -4.9120016e-03
   4.0500000e+01  -7.2743214e-03  -1.2713363e-03
   4.0600000e+01   7.3641658e-03   3.4460345e-03
   4.0700000e+01   2.5046975e-02   8.2229706e-03
   4.0800000e+01   4.3131845e-02   1.6371312e-02
   4.0900000e+01   4.9907809e-02   2.9477953e-02
   4.1000000e+01   3.7307575e-02   4.3501016e-02
   4.1100000e+01   1.2364802e-02   5.1331663e-02
   4.1200000e+01  -6.8103723e-03   4.8114174e-02
   4.1300000e+01  -6.8384877e-03   3.4083899e-02
   4.1400000e+01   9.7556555e-03   1.4125254e-02
   4.1500000e+01   2.8331241e-02  -4.1052654e-03
   4.1600000e+01   3.5392206e-02  -1.3065683e-02
   4.1700000e+01   2.8160124e-02  -9.3783467e-03
   4.1800000e+01   1.3684786e-02   3.3150596e-03
   4.1900000e+01   1.5649229e-03   1.6166154e-02
   4.2000000e+01  -2.0232484e-03   2.1333501e-02
   4.2100000e+01   3.8976088e-03   1.7585296e-02
   4.2200000e+01   1.5336419e-02   1.0460004e-02
   4.2300000e+01   2.4281615e-02   7.0742836e-03
   4.2400000e+01   2.2528768e-02   9.9579777e-03
   4.2500000e+01   8.8608686e-03   1.4621298e-02
   4.2600000e+01  -6.6071529e-03   1.2938855e-02
   4.2700000e+01  -8.6649508e-03   5.7244648e-04
   4.2800000e+01   8.3580648e-03  -1.7288821e-02
   4.2900000e+01   3.1758082e-02  -2.8328630e-02
   4.3000000e+01   3.9380779e-02  -2.3918630e-02
   4.3100000e+01   2.0319225e-02  -8.8559162e-03
   4.3200000e+01  -1.3083295e-02   1.5410394e-03
   4.3300000e+01  -3.5281944e-02  -3.3726350e-03
   4.3400000e+01  -3.0429656e-02  -1.7511274e-02
   4.3500000e+01  -5.6700691e-03  -2.3867668e-02
   4.3600000e+01   1.7149116e-02  -1.3578344e-02
   4.3700000e+01   2.1417743e-02   3.0270385e-03
   4.3800000e+01   7.8056403e-03   7.0756930e-03
   4.3900000e+01  -1.0454389e-02  -7.7802025e-03
   4.4000000e+01  -2.0958479e-02  -2.7796660e-02
   4.4100000e+01  -2.0646333e-02  -3.3417546e-02
   4.4200000e+01  -1.4264334e-02  -1.8856586e-02
   4.4300000e+01  -7.9694529e-03   3.7886324e-03
   4.4400000e+01  -5.2012159e-03   1.7229711e-02
   4.4500000e+01  -6.5986797e-03   1.2661064e-02
   4.4600000e+01  -1.1200325e-02  -7.1118538e-03
   4.4700000e+01  -1.6847037e-02  -3.1798002e-02
   4.4800000e+01  -2.0589553e-02  -4.7887602e-02
   4.4900000e+01  -2.0177390e-02  -4.3746341e-02
   4.5000000e+01  -1.5414055e-02  -1.8162579e-02
   4.5100000e+01  -7.4959292e-03   1.4279724e-02
   4.5200000e+01   2.7985924e-03   3.1514737e-02
   4.5300000e+01   1.4930033e-02   2.3083730e-02
   4.5400000e+01   2.5826533e-02   1.1236931e-03
   4.5500000e+01   2.8796790e-02  -1.0693046e-02
   4.5600000e+01   1.8181505e-02  -4.3722852e-04
   4.5700000e+01  -3.3829963e-03   2.0950753e-02
   4.5800000e+01  -2.3764371e-02   3.2004489e-02
   4.5900000e+01  -2.9938946e-02   2.2448525e-02
   4.6000000e+01  -1.8866717e-02   1.6903425e-03
   4.6100000e+01   6.0112056e-04  -1.2436489e-02
   4.6200000e+01   1.6476697e-02  -1.0830840e-02
   4.6300000e+01   2.3230623e-02   7.6097196e-04
   4.6400000e+01   2.2970114e-02   9.8578483e-03
   4.6500000e+01   1.9846076e-02   9.2552423e-03
   4.6600000e+01   1.5955234e-02   1.8608167e-03
   4.6700000e+01   1.2068371e-02  -3.6473800e-03
   4.6800000e+01   8.9783826e-03  -4.9349811e-04
   4.6900000e+01   6.0924343e-03   1.1403468e-02
   4.7000000e+01   3.6765688e-04   2.5463537e-02
   4.7100000e+01  -1.0323189e-02   3.2270229e-02
   4.7200000e+01  -2.2104847e-02   2.5725108e-02
   4.7300000e+01  -2.5574805e-02   8.8920291e-03
   4.7400000e+01  -1.3838695e-02  -5.6843083e-03
   4.7500000e+01   9.2449934e-03  -4.9658452e-03
   4.7600000e+01   2.9751466e-02   1.1389732e-02
   4.7700000e+01   3.4043557e-02   2.7096181e-02
   4.7800000e+01   1.9894986e-02   2.2672922e-02
   4.7900000e+01  -1.6283382e-03  -4.0561580e-03
   4.8000000e+01  -1.5337837e-02  -3.2220906e-02
   4.8100000e+01  -1.4080919e-02  -3.6180791e-02
   4.8200000e+01  -3.1203144e-03  -1.0915963e-02
   4.8300000e+01   6.7719411e-03   2.2109092e-02
   4.8400000e+01   1.0027348e-02   3.5221546e-02
   4.8500000e+01   9.6027186e-03   1.9741069e-02
   4.8600000e+01   1.0114517e-02  -8.9821822e-03
   4.8700000e+01   9.9813939e-03  -2.8681392e-02
   4.8800000e+01   3.0861915e-03  -2.9349592e-02
   4.8900000e+01  -1.1648338e-02  -1.6827254e-02
   4.9000000e+01  -2.5522931e-02  -2.6389536e-03
   4.9100000e+01  -2.8080159e-02   6.0374318e-03
   4.9200000e+01  -1.9493308e-02   8.0073126e-03
   4.9300000e+01  -1.1693610e-02   4.5416880e-03
   4.9400000e+01  -1.5191516e-02  -2.7813092e-03
   4.9500000e+01  -2.6520665e-02  -1.1378288e-02
   4.9600000e+01  -3.1700209e-02  -1.7137967e-02
   4.9700000e+01  -2.2202174e-02  -1.6496026e-02
   4.9800000e+01  -4.6009794e-03  -9.9886306e-03
   4.9900000e+01   7.2953366e-03  -3.5226058e-03
   5.0000000e+01   7.7346232e-03  -4.4345245e-03
   5.0100000e+01   3.2195317e-03  -1.4326981e-02
   5.0200000e+01   1.7582138e-03  -2.5804312e-02
   5.0300000e+01   2.0292321e-03  -2.8427000e-02
   5.0400000e+01  -3.5413063e-03  -1.9318688e-02
   5.0500000e+01  -1.6439498e-02  -6.5634153e-03
   5.0600000e+01  -2.7206014e-02  -1.3644358e-04
   5.0700000e+01  -2.5061596e-02  -3.0887988e-04
   5.0800000e+01  -1.0387371e-02   1.8711565e-03
   5.0900000e+01   5.2216462e-03   1.1630253e-02
   5.1000000e+01   1.1162669e-02   2.1219105e-02
   5.1100000e+01   7.6213831e-03   1.7374672e-02
   5.1200000e+01   2.5491037e-03  -2.1442571e-03
   5.1300000e+01   1.6571438e-03  -2.3067746e-02
   5.1400000e+01   4.2482345e-03  -2.8037770e-02
   5.1500000e+01   7.8543073e-03  -1.4265728e-02
   5.1600000e+01   1.2807878e-02   4.5284281e-03
   5.1700000e+01   1.9976335e-02   1.3569790e-02
   5.1800000e+01   2.6401403e-02   1.1862502e-02
   5.1900000e+01   2.7057692e-02   1.0234215e-02
   5.2000000e+01   2.1340997e-02   1.6500371e-02
   5.2100000e+01   1.4707282e-02   2.5879953e-02
   5.2200000e+01   1.1898759e-02   2.7315250e-02
   5.2300000e+01   1.0450925e-02   1.7176764e-02
   5.2400000e+01   3.8913903e-03   3.8013582e-03
   5.2500000e+01  -8.7127326e-03  -1.9139750e-03
   5.2600000e+01  -1.9144043e-02   2.0086780e-03
   5.2700000e+01  -1.7449745e-02   8.4288959e-03
   5.2800000e+01  -1.8898043e-03   1.0893318e-02
   5.2900000e+01   1.9332623e-02   1.0266239e-02
   5.3000000e+01   3.4874000e-02   1.0537439e-02
   5.3100000e+01   3.7618102e-02   1.1117762e-02
   5.3200000e+01   2.7427098e-02   7.2828469e-03
   5.3300000e+01   1.0383868e-02  -1.4689092e-03
   5.3400000e+01  -4.0187537e-03  -7.2805839e-03
   5.3500000e+01  -8.5147501e-03  -1.5765547e-03
   5.3600000e+01  -4.2214789e-03   1.3644767e-02
   5.3700000e+01  -3.0695961e-04   2.5240227e-02
   5.3800000e+01  -4.5744890e-03   2.1410702e-02
   5.3900000e+01  -1.4072622e-02   3.7575756e-03
   5.4000000e+01  -1.7580019e-02  -1.4604970e-02
   5.4100000e+01  -8.3632833e-03  -2.2410696e-02
   5.4200000e+01   7.9402260e-03  -1.9860416e-02
   5.4300000e+01   1.9907556e-02  -1.4717811e-02
   5.4400000e+01   2.2462485e-02  -1.1467212e-02
   5.4500000e+01   1.9229585e-02  -7.3970090e-03
   5.4600000e+01   1.4236850e-02   5.6068286e-04
   5.4700000e+01   6.5322868e-03   8.5118812e-03
   5.4800000e+01  -4.8688726e-03   8.4140360e-03
   5.4900000e+01  -1.5052952e-02  -1.9127710e-03
   5.5000000e+01  -1.7341155e-02  -1.4351503e-02
   5.5100000e+01  -1.2501400e-02  -1.7863431e-02
   5.5200000e+01  -8.9522322e-03  -9.4636226e-03
   5.5300000e+01  -1.2332451e-02   3.3925278e-03
   5.5400000e+01  -1.8635195e-02   1.0482970e-02
   5.5500000e+01  -2.0366278e-02   7.1598377e-03
   5.5600000e+01  -1.6600731e-02  -4.1053903e-03
   5.5700000e+01  -1.2878323e-02  -1.7016241e-02
   5.5800000e+01  -1.2426606e-02  -2.4480089e-02
   5.5900000e+01  -1.2435409e-02  -2.1158466e-02
   5.6000000e+01  -1.0109042e-02  -7.4655456e-03
   5.6100000e+01  -7.7896803e-03   8.1461400e-03
   5.6200000e+01  -8.5719484e-03   1.4318999e-02
   5.6300000e+01  -9.7011771e-03   7.2669160e-03
   5.6400000e+01  -5.4253626e-03  -4.4973265e-03
   5.6500000e+01   3.5550170e-03  -8.1362936e-03
   5.6600000e+01   8.2888364e-03   5.1293728e-04
   5.6700000e+01   1.8970470e-03   1.3207481e-02
   5.6800000e+01  -1.1041317e-02   1.8506562e-02
   5.6900000e+01  -1.8975596e-02   1.2976663e-02
   5.7000000e+01  -1.6487787e-02   2.6920561e-03
   5.7100000e+01  -9.4526706e-03  -4.4233698e-03
   5.7200000e+01  -6.2743486e-03  -5.8146273e-03
   5.7300000e+01  -6.9292916e-03  -4.6640603e-03
   5.7400000e+01  -3.4344200e-03  -5.2315677e-03
   5.7500000e+01   9.4773005e-03  -8.2611392e-03
   5.7600000e+01   2.6602598e-02  -9.6932909e-03
   5.7700000e+01   3.6104659e-02  -3.7357510e-03
   5.7800000e+01   3.0278741e-02   1.0936404e-02
   5.7900000e+01   1.2213008e-02   2.6955669e-02
   5.8000000e+01  -7.0782260e-03   3.2189044e-02
   5.8100000e+01  -1.7124161e-02   2.0775136e-02
   5.8200000e+01  -1.4531089e-02   2.6951582e-04
   5.8300000e+01  -3.5282157e-03  -1.4905123e-02
   5.8400000e+01   8.0942553e-03  -1.8360385e-02
   5.8500000e+01   1.3822418e-02  -1.7724519e-02
   5.8600000e+01   1.1383637e-02  -2.3163174e-02
   5.8700000e+01   3.3342538e-03  -3.1618888e-02
   5.8800000e+01  -4.5001362e-03  -2.7527250e-02
   5.8900000e+01  -6.6081573e-03  -1.8902975e-03
   5.9000000e+01  -2.0624619e-03   3.2295049e-02
   5.9100000e+01   4.0559842e-03   4.8633953e-02
   5.9200000e+01   4.9534109e-03   3.2901587e-02
   5.9300000e+01  -4.6120434e-04  -2.2724975e-03
   5.9400000e+01  -4.8160476e-03  -2.9984497e-02
   5.9500000e+01   9.6274607e-04  -3.4782955e-02
   5.9600000e+01   1.6870581e-02  -2.3812343e-02
   5.9700000e+01   3.0892865e-02  -1.3761685e-02
   5.9800000e+01   2.8901349e-02  -1.1112150e-02
   5.9900000e+01   8.3963638e-03  -8.0995472e-03
   6.0000000e+01  -1.7919973e-02   3.5644731e-03
   6.0100000e+01  -3.2551435e-02   1.9405303e-02
   6.0200000e+01  -2.7467777e-02   2.5334757e-02
   6.0300000e+01  -9.4187401e-03   1.3398754e-02
   6.0400000e+01   6.9234867e-03  -7.9703457e-03
   6.0500000e+01   1.0922074e-02  -2.0986714e-02
   6.0600000e+01   3.5771363e-03  -1.5661553e-02
   6.0700000e+01  -4.3899061e-03   9.9065592e-04
   6.0800000e+01  -2.5268477e-03   1.3090672e-02
   6.0900000e+01   9.1388432e-03   1.2130222e-02
   6.1000000e+01   1.9562469e-02   3.8848848e-03
   6.1100000e+01   1.8069777e-02  -2.2038897e-04
   6.1200000e+01   6.5524137e-03   3.8888552e-03
   6.1300000e+01  -2.2408286e-03   1.0207424e-02
   6.1400000e+01  -2.0575905e-04   1.1339187e-02
   6.1500000e+01   5.0338516e-03   6.7697274e-03
   6.1600000e+01  -1.2175453e-03   1.6991697e-03
   6.1700000e+01  -2.0982301e-02   1.5679874e-04
   6.1800000e+01  -3.7267239e-02   1.5651355e-03
   6.1900000e+01  -3.1181293e-02   3.1795897e-03
   6.2000000e+01  -3.9540536e-03   3.5174158e-03
   6.2100000e+01   2.1868192e-02   3.1819476e-03
   6.2200000e+01   2.4169446e-02   4.1351421e-03
   6.2300000e+01   2.5060571e-03   8.4093836e-03
   6.2400000e+01  -2.2531916e-02   1.5365288e-02
   6.2500000e+01  -2.8793001e-02   1.9472061e-02
   6.2600000e+01  -1.0511785e-02   1.3915424e-02
   6.2700000e+01   1.9821926e-02  -3.1927826e-04
   6.2800000e+01   4.3112615e-02  -1.0555572e-02
   6.2900000e+01   4.6938695e-02  -2.7644080e-03
   6.3000000e+01   3.1552212e-02   2.1760066e-02
   6.3100000e+01   7.0660746e-03   4.2902887e-02
   6.3200000e+01  -1.4434468e-02   3.8782296e-02
   6.3300000e+01  -2.5997188e-02   6.9136021e-03
   6.3400000e+01  -2.7532457e-02  -3.2764401e-02
   6.3500000e+01  -2.2288279e-02  -5.5236577e-02
   6.3600000e+01  -1.2813860e-02  -4.9353098e-02
   6.3700000e+01  -6.3350812e-04  -2.1764525e-02
   6.3800000e+01   1.1433852e-02   1.2095748e-02
   6.3900000e+01   1.8868065e-02   3.7487054e-02
   6.4000000e+01   1.8707545e-02   4.4366015e-02
   6.4100000e+01   1.2810939e-02   2.9390158e-02
   6.4200000e+01   6.6393185e-03  -1.4981319e-03
   6.4300000e+01   4.2291499e-03  -3.3630540e-02
   6.4400000e+01   4.7947477e-03  -5.0941161e-02
   6.4500000e+01   4.6701391e-03  -4.6331747e-02
   6.4600000e+01   1.9717224e-03  -2.6387719e-02
   6.4700000e+01  -1.7553158e-03  -5.7166240e-03
   6.4800000e+01  -4.4935647e-03   4.6201605e-03
   6.4900000e+01  -6.6711130e-03   4.4857319e-03
   6.5000000e+01  -9.4535930e-03   1.3964267e-03
   6.5100000e+01  -1.0700929e-02   5.8871532e-04
   6.5200000e+01  -5.5125396e-03  -3.9500772e-04
   6.5300000e+01   6.7655733e-03  -6.4281060e-03
   6.5400000e+01   1.6954590e-02  -1.5862209e-02
   6.5500000e+01   1.1339797e-02  -2.0454024e-02
   6.5600000e+01  -1.3963226e-02  -1.5634226e-02
   6.5700000e+01  -4.4005453e-02  -7.8247002e-03
   6.5800000e+01  -5.3864403e-02  -7.5071703e-03
   6.5900000e+01  -3.0405889e-02  -1.5246071e-02
   6.6000000e+01   1.3378119e-02  -1.8896776e-02
   6.6100000e+01   4.7088496e-02  -7.4108507e-03
   6.6200000e+01   4.8191137e-02   1.4739269e-02
   6.6300000e+01   2.0235578e-02   3.0405224e-02
   6.6400000e+01  -1.2930063e-02   2.7157764e-02
   6.6500000e+01  -2.9824021e-02   9.5955323e-03
   6.6600000e+01  -2.7824502e-02  -5.9717605e-03
   6.6700000e+01  -1.9251140e-02  -6.9030570e-03
   6.6800000e+01  -1.5220622e-02   6.1955270e-03
   6.6900000e+01  -1.6011294e-02   2.2036976e-02
   6.7000000e+01  -1.5492102e-02   2.7866885e-02
   6.7100000e+01  -1.0285738e-02   1.7847348e-02
   6.7200000e+01  -2.0753595e-03  -3.1846318e-03
   6.7300000e+01   6.5832807e-03  -2.2439396e-02
   6.7400000e+01   1.4363437e-02  -2.8061653e-02
   6.7500000e+01   1.8342813e-02  -1.8197206e-02
   6.7600000e+01   1.2927220e-02  -1.4581552e-03
   6.7700000e+01  -4.3375647e-03   1.2371527e-02
   6.7800000e+01  -2.5835107e-02   2.1100690e-02
   6.7900000e+01  -3.6236142e-02   2.8162655e-02
   6.8000000e+01  -2.5038890e-02   3.3382151e-02
   6.8100000e+01   2.5520031e-03   3.0009223e-02
   6.8200000e+01   2.8328280e-02   1.3653199e-02
   6.8300000e+01   3.5777750e-02  -7.9381353e-03
   6.8400000e+01   2.3036281e-02  -1.8684080e-02
   6.8500000e+01   2.5079269e-03  -1.0103547e-02
   6.8600000e+01  -1.1036245e-02   8.1931937e-03
   6.8700000e+01  -1.1786746e-02   1.6791271e-02
   6.8800000e+01  -4.0327217e-03   6.0452216e-03
   6.8900000e+01   5.3554442e-03  -1.3945988e-02
   6.9000000e+01   1.3715536e-02  -2.3927349e-02
   6.9100000e+01   2.1945455e-02  -1.5225996e-02
   6.9200000e+01   2.8888493e-02   2.5179244e-03
   6.9300000e+01   2.8794069e-02   1.3098432e-02
   6.9400000e+01   1.6186375e-02   1.0929928e-02
   6.9500000e+01  -6.3285405e-03   4.5754891e-03
   6.9600000e+01  -2.6232764e-02   4.1956953e-03
   6.9700000e+01  -2.9179913e-02   9.0735543e-03
   6.9800000e+01  -1.1022923e-02   1.0041072e-02
   6.9900000e+01   1.7148980e-02   2.5918470e-03
   7.0000000e+01   3.6413745e-02  -6.6007764e-03
   7.0100000e+01   3.4134340e-02  -8.0667272e-03
   7.0200000e+01   1.2962983e-02  -1.8430362e-03
   7.0300000e+01  -1.2243929e-02   2.2266480e-03
   7.0400000e+01  -2.5903812e-02  -3.3012079e-03
   7.0500000e+01  -2.1813438e-02  -1.3997070e-02
   7.0600000e+01  -5.1804062e-03  -1.8334295e-02
   7.0700000e+01   1.2833478e-02  -1.0674180e-02
   7.0800000e+01   2.2988790e-02   2.6097677e-03
   7.0900000e+01   2.3169924e-02   9.6885377e-03
   7.1000000e+01   1.7969759e-02   4.1451606e-03
   7.1100000e+01   1.3115990e-02  -1.0601468e-02
   7.1200000e+01   9.5175997e-03  -2.5125272e-02
   7.1300000e+01   3.1586003e-03  -3.0565542e-02
   7.1400000e+01  -8.4046755e-03  -2.3271818e-02
   7.1500000e+01  -2.0443613e-02  -6.4785699e-03
   7.1600000e+01  -2.4194077e-02   1.1217680e-02
   7.1700000e+01  -1.6207732e-02   2.0703627e-02
   7.1800000e+01  -2.6564562e-03   1.8000129e-02
   7.1900000e+01   7.1931387e-03   6.1443675e-03
   7.2000000e+01   1.0350373e-02  -8.1671703e-03
   7.2100000e+01   1.0760660e-02  -1.9213597e-02
   7.2200000e+01   1.1716581e-02  -2.3785671e-02
   7.2300000e+01   1.1455626e-02  -2.0436028e-02
   7.2400000e+01   7.6741113e-03  -1.0165284e-02
   7.2500000e+01   2.7535035e-03   1.7296600e-03
   7.2600000e+01   3.1720239e-04   7.4375824e-03
   7.2700000e+01  -2.2583292e-03   3.5015943e-03
   7.2800000e+01  -1.2537796e-02  -3.9201115e-03
   7.2900000e+01  -3.1603867e-02  -3.2202258e-03
   7.3000000e+01  -4.7336396e-02   1.1151495e-02
   7.3100000e+01  -4.3972716e-02   3.1614073e-02
   7.3200000e+01  -1.8978555e-02   4.3172608e-02
   7.3300000e+01   1.2453950e-02   3.6578191e-02
   7.3400000e+01   3.0837249e-02   1.5577578e-02
   7.3500000e+01   2.8517450e-02  -8.0208145e-03
   7.3600000e+01   1.2189977e-02  -2.4450465e-02
   7.3700000e+01  -6.7592847e-03  -3.0489523e-02
   7.3800000e+01  -2.0641591e-02  -2.6474066e-02
   7.3900000e+01  -2.6038940e-02  -1.3034817e-02
   7.4000000e+01  -2.2025397e-02   7.2471858e-03
   7.4100000e+01  -1.1255967e-02   2.7149213e-02
   7.4200000e+01  -5.7018064e-04   3.7767606e-02
   7.4300000e+01   3.4259656e-03   3.5927623e-02
   7.4400000e+01   2.3329646e-04   2.7101458e-02
   7.4500000e+01  -4.5821248e-03   1.9060608e-02
   7.4600000e+01  -5.5938271e-03   1.3443368e-02
   7.4700000e+01  -2.4677023e-03   6.0821177e-03
   7.4800000e+01   1.2561168e-03  -4.2212692e-03
   7.4900000e+01   2.4976072e-03  -1.0906750e-02
   7.5000000e+01   8.5352390e-04  -7.0769283e-03
   7.5100000e+01  -2.0745306e-03   3.5181391e-03
   7.5200000e+01  -4.0585548e-03   7.6629755e-03
   7.5300000e+01  -3.5453507e-03  -2.6193889e-03
   7.5400000e+01  -9.0674130e-04  -1.9128017e-02
   7.5500000e+01   1.8395530e-03  -2.5162781e-02
   7.5600000e+01   3.5359866e-03  -1.4178436e-02
   7.5700000e+01   5.4949882e-03   2.5480769e-03
   7.5800000e+01   8.9929646e-03   8.3967944e-03
   7.5900000e+01   1.1593377e-02  -8.7424907e-04
   7.6000000e+01   8.7895014e-03  -1.4288892e-02
   7.6100000e+01   7.9570798e-04  -1.8940019e-02
   7.6200000e+01  -4.6556069e-03  -1.2581373e-02
   7.6300000e+01   2.8413373e-04  -2.6908982e-03
   7.6400000e+01   1.3282492e-02   3.1664685e-03
   7.6500000e+01   2.2000411e-02   2.9503734e-03
   7.6600000e+01   1.6573401e-02  -2.1233596e-03
   7.6700000e+01   6.5105299e-04  -1.0972748e-02
   7.6800000e+01  -1.2052156e-02  -2.1755232e-02
   7.6900000e+01  -1.1888135e-02  -2.9733550e-02
   7.7000000e+01  -2.0857144e-03  -2.9189057e-02
   7.7100000e+01   6.7121147e-03  -1.8323445e-02
   7.7200000e+01   8.3943435e-03  -1.2247906e-03
   7.7300000e+01   5.9501332e-03   1.5407639e-02
   7.7400000e+01   5.1647602e-03   2.6485050e-02
   7.7500000e+01   6.7131367e-03   2.9191264e-02
   7.7600000e+01   6.1266040e-03   2.1638743e-02
   7.7700000e+01   3.9813807e-04   4.1965605e-03
   7.7800000e+01  -7.6279315e-03  -1.6757253e-02
   7.7900000e+01  -1.2081575e-02  -2.9112006e-02
   7.8000000e+01  -9.9570350e-03  -2.3284958e-02
   7.8100000e+01  -3.0011730e-03  -2.2864223e-03
   7.8200000e+01   5.5049282e-03   1.7808000e-02
   7.8300000e+01   1.3741487e-02   2.0228144e-02
   7.8400000e+01   2.0116083e-02   2.1828331e-03
   7.8500000e+01   2.0693034e-02  -2.2339972e-02
   7.8600000e+01   1.1055271e-02  -3.4481106e-02
   7.8700000e+01  -7.4463308e-03  -2.5793228e-02
   7.8800000e+01  -2.4712278e-02  -3.3050316e-03
   7.8900000e+01  -2.8552296e-02   1.8545561e-02
   7.9000000e+01  -1.6469618e-02   3.0201681e-02
   7.9100000e+01   1.7514686e-04   3.2370162e-02
   7.9200000e+01   6.3188046e-03   3.1040304e-02
   7.9300000e+01  -1.4970140e-03   2.8501259e-02
   7.9400000e+01  -1.1389980e-02   2.0206508e-02
   7.9500000e+01  -9.0488098e-03   1.1764835e-03
   7.9600000e+01   6.6900670e-03  -2.4987534e-02
   7.9700000e+01   2.3106441e-02  -4.5326000e-02
   7.9800000e+01   2.7490379e-02  -4.7113534e-02
   7.9900000e+01   1.8175230e-02  -2.7750878e-02
   8.0000000e+01   1.6876860e-03   4.6481228e-03
