   1.0221618e+02   2.8602761e+01   2.5212700e+03
   1.0217160e+02   2.8315854e+01   1.6295800e+03
   0.0000000e+00  -2.5748048e-01  -2.5748048e-01
   1.0000000e-01  -2.1279083e-01  -3.2244054e-01
   2.0000000e-01  -1.8968238e-01  -3.8226051e-01
   3.0000000e-01  -1.5742517e-01  -4.1447484e-01
   4.0000000e-01  -7.8934383e-02  -4.1574897e-01
   5.0000000e-01   5.2697378e-02  -3.9708692e-01
   6.0000000e-01   2.0457142e-01  -3.7244764e-01
   7.0000000e-01   3.3209252e-01  -3.5418272e-01
   8.0000000e-01   4.1672719e-01  -3.5147907e-01
   9.0000000e-01   4.7712835e-01  -3.6408009e-01
   1.0000000e+00   5.4618189e-01  -3.7750860e-01
   1.1000000e+00   6.3935499e-01  -3.7237456e-01
   1.2000000e+00   7.4408394e-01  -3.4431655e-01
   1.3000000e+00   8.3601728e-01  -3.1320309e-01
   1.4000000e+00   9.0220256e-01  -3.0790378e-01
   1.5000000e+00   9.4769170e-01  -3.4020298e-01
   1.6000000e+00   9.8149722e-01  -3.9448810e-01
   1.7000000e+00   1.0000000e+00  -4.4196391e-01
   1.8000000e+00   9.8802228e-01  -4.6190531e-01
   1.9000000e+00   9.3684764e-01  -4.4961459e-01
   2.0000000e+00   8.5709354e-01  -4.1108643e-01
   2.1000000e+00   7.6865980e-01  -3.5843342e-01
   2.2000000e+00   6.7790931e-01  -3.1046656e-01
   2.3000000e+00   5.7077606e-01  -2.8734403e-01
   2.4000000e+00   4.3356240e-01  -2.9363319e-01
   2.5000000e+00   2.7783042e-01  -3.0596926e-01
   2.6000000e+00   1.3644927e-01  -2.8683389e-01
   2.7000000e+00   3.0715089e-02  -2.1923783e-01
   2.8000000e+00  -5.4151028e-02  -1.2742223e-01
   2.9000000e+00  -1.5382883e-01  -5.6836448e-02
   3.0000000e+00  -2.8442369e-01  -2.9895475e-02
   3.1000000e+00  -4.2200480e-01  -2.3242321e-02
   3.2000000e+00  -5.2547756e-01   9.1937415e-03
   3.3000000e+00  -5.7725341e-01   9.2004361e-02
   3.4000000e+00  -5.9800879e-01   2.0799782e-01
   3.5000000e+00  -6.2281331e-01   3.1763608e-01
   3.6000000e+00  -6.6684210e-01   3.9258102e-01
   3.7000000e+00  -7.1467637e-01   4.3045529e-01
   3.8000000e+00  -7.3844061e-01   4.4555938e-01
   3.9000000e+00  -7.2322295e-01   4.5426695e-01
   4.0000000e+00  -6.7792683e-01   4.6900914e-01
   4.1000000e+00  -6.2688342e-01   4.9677799e-01
   4.2000000e+00  -5.9142608e-01   5.3488180e-01
   4.3000000e+00  -5.7414593e-01   5.6893633e-01
   4.4000000e+00  -5.5627133e-01   5.8219146e-01
   4.5000000e+00  -5.1202848e-01   5.7088932e-01
   4.6000000e+00  -4.3159647e-01   5.4747720e-01
   4.7000000e+00  -3.3352216e-01   5.2453760e-01
   4.8000000e+00  -2.5206413e-01   4.9726646e-01
   4.9000000e+00  -2.0703252e-01   4.4798225e-01
   5.0000000e+00  -1.8379856e-01   3.7057358e-01
   5.1000000e+00  -1.4555946e-01   2.8576007e-01
   5.2000000e+00  -6.9359187e-02   2.2540147e-01
   5.3000000e+00   2.8361883e-02   1.9999371e-01
   5.4000000e+00   1.0297537e-01   1.8489491e-01
   5.5000000e+00   1.2016916e-01   1.4129515e-01
   5.6000000e+00   8.5573905e-02   5.0777805e-02
   5.7000000e+00   3.9270815e-02  -6.9825587e-02
   5.8000000e+00   2.3265878e-02  -1.8378797e-01
   5.9000000e+00   5.2189825e-02  -2.6236089e-01
   6.0000000e+00   1.0863372e-01  -3.0220335e-01
   6.1000000e+00   1.6039140e-01  -3.2388262e-01
   6.2000000e+00   1.8308327e-01  -3.5677751e-01
   6.3000000e+00   1.7430202e-01  -4.1987119e-01
   6.4000000e+00   1.5335528e-01  -5.0802933e-01
   6.5000000e+00   1.4694884e-01  -5.9258464e-01
   6.6000000e+00   1.6864467e-01  -6.3862429e-01
   6.7000000e+00   2.0725761e-01  -6.2889567e-01
   6.8000000e+00   2.3598152e-01  -5.7648876e-01
   6.9000000e+00   2.3646450e-01  -5.1571913e-01
   7.0000000e+00   2.1582319e-01  -4.7832500e-01
   7.1000000e+00   1.9934143e-01  -4.7359918e-01
   7.2000000e+00   2.0563821e-01  -4.8562614e-01
   7.3000000e+00   2.2954363e-01  -4.8538102e-01
   7.4000000e+00   2.4978367e-01  -4.4652980e-01
   7.5000000e+00   2.5168960e-01  -3.5770978e-01
   7.6000000e+00   2.3924020e-01  -2.3030839e-01
   7.7000000e+00   2.2428770e-01  -9.8248970e-02
   7.8000000e+00   2.0841903e-01  -2.0337864e-03
   7.9000000e+00   1.8144820e-01   4.0539601e-02
   8.0000000e+00   1.3880576e-01   5.3762796e-02
   8.1000000e+00   9.4633049e-02   8.7778650e-02
   8.2000000e+00   7.1115831e-02   1.7307770e-01
   8.3000000e+00   7.4266327e-02   2.8883227e-01
   8.4000000e+00   8.4752218e-02   3.8137046e-01
   8.5000000e+00   7.5671828e-02   4.1703836e-01
   8.6000000e+00   3.8125105e-02   4.1418108e-01
   8.7000000e+00  -1.2072147e-02   4.2100855e-01
   8.8000000e+00  -5.0735226e-02   4.6541717e-01
   8.9000000e+00  -6.6064954e-02   5.3010277e-01
   9.0000000e+00  -6.5876288e-02   5.7360005e-01
   9.1000000e+00  -6.9299824e-02   5.6910085e-01
   9.2000000e+00  -9.1427252e-02   5.2276416e-01
   9.3000000e+00  -1.3025418e-01   4.6230998e-01
   9.4000000e+00  -1.6437269e-01   4.1395126e-01
   9.5000000e+00  -1.6638890e-01   3.8666885e-01
   9.6000000e+00  -1.2505444e-01   3.6982941e-01
   9.7000000e+00  -5.7035274e-02   3.4180742e-01
   9.8000000e+00   4.9057088e-03   2.8439211e-01
   9.9000000e+00   3.7662386e-02   1.9485548e-01
   1.0000000e+01   4.3457039e-02   8.7820990e-02
   1.0100000e+01   4.3089342e-02  -1.3773912e-02
   1.0200000e+01   5.7076657e-02  -9.1674418e-02
   1.0300000e+01   9.2082081e-02  -1.4172558e-01
   1.0400000e+01   1.3900653e-01  -1.7585355e-01
   1.0500000e+01   1.7922246e-01  -2.1490608e-01
   1.0600000e+01   1.9564790e-01  -2.7381259e-01
   1.0700000e+01   1.8517088e-01  -3.4819530e-01
   1.0800000e+01   1.6297792e-01  -4.1548227e-01
   1.0900000e+01   1.5050050e-01  -4.5296972e-01
   1.1000000e+01   1.5486668e-01  -4.5742251e-01
   1.1100000e+01   1.6125522e-01  -4.4701870e-01
   1.1200000e+01   1.4846787e-01  -4.4369318e-01
   1.1300000e+01   1.1140093e-01  -4.5324801e-01
   1.1400000e+01   6.5167296e-02  -4.6107618e-01
   1.1500000e+01   2.7347063e-02  -4.4541917e-01
   1.1600000e+01   2.6487933e-04  -3.9597741e-01
   1.1700000e+01  -2.7466314e-02  -3.2351810e-01
   1.1800000e+01  -6.6138867e-02  -2.5282086e-01
   1.1900000e+01  -1.1675678e-01  -2.0254905e-01
   1.2000000e+01  -1.7584131e-01  -1.6771148e-01
   1.2100000e+01  -2.4063835e-01  -1.2269550e-01
   1.2200000e+01  -3.0498181e-01  -4.6097155e-02
   1.2300000e+01  -3.5499530e-01   5.5439965e-02
   1.2400000e+01  -3.7858262e-01   1.5019190e-01
   1.2500000e+01  -3.8249089e-01   2.0986073e-01
   1.2600000e+01  -3.9279221e-01   2.3406364e-01
   1.2700000e+01  -4.2892714e-01   2.4613035e-01
   1.2800000e+01  -4.7644538e-01   2.6802309e-01
   1.2900000e+01  -4.9413506e-01   3.0251940e-01
   1.3000000e+01  -4.5578604e-01   3.3693997e-01
   1.3100000e+01  -3.8236416e-01   3.5707552e-01
   1.3200000e+01  -3.2362135e-01   3.5516142e-01
   1.3300000e+01  -3.0367621e-01   3.3070666e-01
   1.3400000e+01  -2.9088959e-01   2.9113162e-01
   1.3500000e+01  -2.3012625e-01   2.5109201e-01
   1.3600000e+01  -1.0502003e-01   2.2402472e-01
   1.3700000e+01   3.9540699e-02   2.1004083e-01
   1.3800000e+01   1.4161682e-01   1.9479966e-01
   1.3900000e+01   1.8427357e-01   1.6408471e-01
   1.4000000e+01   2.0674372e-01   1.1834542e-01
   1.4100000e+01   2.5534520e-01   6.9636406e-02
   1.4200000e+01   3.3259391e-01   2.5698313e-02
   1.4300000e+01   4.0007494e-01  -1.6997580e-02
   1.4400000e+01   4.2495113e-01  -6.2004789e-02
   1.4500000e+01   4.1275989e-01  -1.0039116e-01
   1.4600000e+01   3.9295999e-01  -1.1735600e-01
   1.4700000e+01   3.8208733e-01  -1.1244991e-01
   1.4800000e+01   3.6981154e-01  -1.0650253e-01
   1.4900000e+01   3.3816782e-01  -1.2178837e-01
   1.5000000e+01   2.8444625e-01  -1.5563214e-01
   1.5100000e+01   2.2102879e-01  -1.7917331e-01
   1.5200000e+01   1.5869905e-01  -1.6590007e-01
   1.5300000e+01   9.7693526e-02  -1.2002454e-01
   1.5400000e+01   3.5355818e-02  -7.3845927e-02
   1.5500000e+01  -2.3375815e-02  -5.7075383e-02
   1.5600000e+01  -6.7457072e-02  -7.0508529e-02
   1.5700000e+01  -9.0829083e-02  -8.9411693e-02
   1.5800000e+01  -9.9309651e-02  -8.9581663e-02
   1.5900000e+01  -1.0555240e-01  -6.8370014e-02
   1.6000000e+01  -1.1749280e-01  -4.2874072e-02
   1.6100000e+01  -1.3100796e-01  -3.1737926e-02
   1.6200000e+01  -1.3229138e-01  -3.9267746e-02
   1.6300000e+01  -1.0734923e-01  -5.3867914e-02
   1.6400000e+01  -5.1947289e-02  -5.9294475e-02
   1.6500000e+01   2.3865344e-02  -4.8736812e-02
   1.6600000e+01   9.9276875e-02  -3.0836478e-02
   1.6700000e+01   1.5296140e-01  -2.2513867e-02
   1.6800000e+01   1.7483902e-01  -3.4018490e-02
   1.6900000e+01   1.7192136e-01  -5.9528469e-02
   1.7000000e+01   1.6311041e-01  -8.2385989e-02
   1.7100000e+01   1.6519580e-01  -8.9464486e-02
   1.7200000e+01   1.7992040e-01  -7.9896334e-02
   1.7300000e+01   1.9244902e-01  -6.0772240e-02
   1.7400000e+01   1.8285368e-01  -3.7424327e-02
   1.7500000e+01   1.4152081e-01  -1.0091652e-02
   1.7600000e+01   7.6501679e-02   2.1312551e-02
   1.7700000e+01   7.9217522e-03   5.2217937e-02
   1.7800000e+01  -4.5490930e-02   7.4032513e-02
   1.7900000e+01  -7.7961988e-02   7.8783648e-02
   1.8000000e+01  -9.8817319e-02   6.4146702e-02
   1.8100000e+01  -1.2404616e-01   3.7393642e-02
   1.8200000e+01  -1.6303882e-01   1.5630759e-02
   1.8300000e+01  -2.1040522e-01   1.7700130e-02
   1.8400000e+01  -2.5008205e-01   4.9404142e-02
   1.8500000e+01  -2.6892821e-01   9.4984198e-02
   1.8600000e+01  -2.6751199e-01   1.2717433e-01
   1.8700000e+01  -2.5757121e-01   1.2985607e-01
   1.8800000e+01  -2.4908472e-01   1.1100883e-01
   1.8900000e+01  -2.4110595e-01   9.1789163e-02
   1.9000000e+01  -2.2598049e-01   8.3679564e-02
   1.9100000e+01  -2.0076001e-01   7.8994198e-02
   1.9200000e+01  -1.7140752e-01   6.4085856e-02
   1.9300000e+01  -1.4503129e-01   3.8531350e-02
   1.9400000e+01  -1.2082944e-01   1.8102534e-02
   1.9500000e+01  -9.1955361e-02   1.9053537e-02
   1.9600000e+01  -5.6059513e-02   4.1512230e-02
   1.9700000e+01  -2.0455650e-02   6.8652461e-02
   1.9800000e+01   5.7737408e-03   8.0772875e-02
   1.9900000e+01   2.3547056e-02   7.0280584e-02
   2.0000000e+01   4.4224496e-02   4.5706728e-02
   2.0100000e+01   7.6499983e-02   2.3477291e-02
   2.0200000e+01   1.1419446e-01   1.4479829e-02
   2.0300000e+01   1.3967429e-01   1.5152225e-02
   2.0400000e+01   1.4071731e-01   1.0558824e-02
   2.0500000e+01   1.2365612e-01  -1.1025394e-02
   2.0600000e+01   1.0905852e-01  -4.3718824e-02
   2.0700000e+01   1.1383429e-01  -6.5411722e-02
   2.0800000e+01   1.3663810e-01  -5.7852523e-02
   2.0900000e+01   1.5945601e-01  -2.7567804e-02
   2.1000000e+01   1.6311897e-01  -4.0985632e-03
   2.1100000e+01   1.4330361e-01  -1.3130169e-02
   2.1200000e+01   1.1464627e-01  -5.0299071e-02
   2.1300000e+01   1.0018784e-01  -8.3955249e-02
   2.1400000e+01   1.1341772e-01  -8.5524006e-02
   2.1500000e+01   1.4565114e-01  -5.6177190e-02
   2.1600000e+01   1.6972606e-01  -2.2779712e-02
   2.1700000e+01   1.6039390e-01  -9.8424112e-03
   2.1800000e+01   1.1664076e-01  -1.8496185e-02
   2.1900000e+01   6.5042027e-02  -3.1894726e-02
   2.2000000e+01   3.7404306e-02  -3.5773296e-02
   2.2100000e+01   4.1538289e-02  -3.0007646e-02
   2.2200000e+01   5.4257894e-02  -2.3069522e-02
   2.2300000e+01   4.5056394e-02  -2.1738463e-02
   2.2400000e+01   6.4390802e-03  -2.8337598e-02
   2.2500000e+01  -4.0868681e-02  -4.2894932e-02
   2.2600000e+01  -7.1943932e-02  -6.1865923e-02
   2.2700000e+01  -8.2928520e-02  -7.5122247e-02
   2.2800000e+01  -9.0195751e-02  -7.0529371e-02
   2.2900000e+01  -1.0766022e-01  -4.6116721e-02
   2.3000000e+01  -1.3059593e-01  -1.5879220e-02
   2.3100000e+01  -1.4358413e-01   1.0938738e-03
   2.3200000e+01  -1.4039912e-01  -1.5902576e-03
   2.3300000e+01  -1.3146607e-01  -1.2998556e-02
   2.3400000e+01  -1.3188243e-01  -1.8513462e-02
   2.3500000e+01  -1.4578698e-01  -1.4941082e-02
   2.3600000e+01  -1.6416790e-01  -1.0060232e-02
   2.3700000e+01  -1.7530464e-01  -1.0540424e-02
   2.3800000e+01  -1.7397053e-01  -1.5344844e-02
   2.3900000e+01  -1.6102568e-01  -2.0648397e-02
   2.4000000e+01  -1.3832266e-01  -2.5398150e-02
   2.4100000e+01  -1.0735137e-01  -2.8822878e-02
   2.4200000e+01  -7.2010325e-02  -2.6709342e-02
   2.4300000e+01  -3.9354317e-02  -1.5887735e-02
   2.4400000e+01  -1.5616803e-02  -1.3454115e-03
   2.4500000e+01  -1.9301141e-03   7.2056895e-03
   2.4600000e+01   5.4426228e-03   7.6148382e-03
   2.4700000e+01   1.1647625e-02   8.8680225e-03
   2.4800000e+01   2.1036908e-02   1.8298511e-02
   2.4900000e+01   3.6833086e-02   2.9097405e-02
   2.5000000e+01   5.9375660e-02   2.7228392e-02
   2.5100000e+01   8.2898026e-02   1.0644771e-02
   2.5200000e+01   9.6560502e-02  -4.8443440e-03
   2.5300000e+01   9.3164881e-02  -1.9041216e-03
   2.5400000e+01   7.8496247e-02   2.0494883e-02
   2.5500000e+01   6.9219499e-02   4.9423535e-02
   2.5600000e+01   7.7603513e-02   7.4238086e-02
   2.5700000e+01   9.7452259e-02   9.3770333e-02
   2.5800000e+01   1.0762123e-01   1.0807683e-01
   2.5900000e+01   9.2171717e-02   1.1162111e-01
   2.6000000e+01   5.7622716e-02   1.0067522e-01
   2.6100000e+01   2.9091756e-02   8.3996888e-02
   2.6200000e+01   2.7925860e-02   7.8291607e-02
   2.6300000e+01   5.2023705e-02   8.9930441e-02
   2.6400000e+01   7.7529775e-02   1.0426127e-01
   2.6500000e+01   8.0142030e-02   9.7069358e-02
   2.6600000e+01   5.6212486e-02   5.8141269e-02
   2.6700000e+01   2.4720663e-02   3.6306796e-03
   2.6800000e+01   9.2806337e-03  -3.5121861e-02
   2.6900000e+01   1.7534875e-02  -3.6999115e-02
   2.7000000e+01   3.6941667e-02  -9.2812302e-03
   2.7100000e+01   4.9691755e-02   1.7039672e-02
   2.7200000e+01   5.0866645e-02   1.1981615e-02
   2.7300000e+01   5.1292185e-02  -2.8759186e-02
   2.7400000e+01   6.2711120e-02  -8.0663220e-02
   2.7500000e+01   8.1548489e-02  -1.1194382e-01
   2.7600000e+01   8.9350827e-02  -1.1014844e-01
   2.7700000e+01   7.0805985e-02  -8.9601626e-02
   2.7800000e+01   3.1611724e-02  -7.5006548e-02
   2.7900000e+01  -2.5617155e-03  -7.9667164e-02
   2.8000000e+01  -6.9572093e-03  -9.8787218e-02
   2.8100000e+01   1.9811977e-02  -1.1899831e-01
   2.8200000e+01   5.2216833e-02  -1.2896408e-01
   2.8300000e+01   5.7101337e-02  -1.2102924e-01
   2.8400000e+01   1.9989066e-02  -9.0294326e-02
   2.8500000e+01  -4.2934183e-02  -4.0645179e-02
   2.8600000e+01  -9.6252650e-02   8.1203834e-03
   2.8700000e+01  -1.1075667e-01   2.8680509e-02
   2.8800000e+01  -8.3540557e-02   1.1775131e-02
   2.8900000e+01  -3.8404607e-02  -1.6137868e-02
   2.9000000e+01  -7.3688386e-03  -1.0013454e-02
   2.9100000e+01  -8.2739640e-03   5.0175972e-02
   2.9200000e+01  -3.5815118e-02   1.3294058e-01
   2.9300000e+01  -7.1157205e-02   1.7894810e-01
   2.9400000e+01  -9.8647547e-02   1.5613384e-01
   2.9500000e+01  -1.1350023e-01   9.1050110e-02
   2.9600000e+01  -1.1690891e-01   4.3806995e-02
   2.9700000e+01  -1.0996302e-01   5.2294492e-02
   2.9800000e+01  -9.6143094e-02   1.0127671e-01
   2.9900000e+01  -8.6425633e-02   1.4281368e-01
   3.0000000e+01  -9.3920166e-02   1.4186376e-01
   3.0100000e+01  -1.1888926e-01   1.0147944e-01
   3.0200000e+01  -1.4213498e-01   4.9947663e-02
   3.0300000e+01  -1.3940433e-01   1.1050930e-02
   3.0400000e+01  -1.0485844e-01  -1.1766947e-02
   3.0500000e+01  -5.8500663e-02  -2.8304326e-02
   3.0600000e+01  -2.8728665e-02  -4.6382534e-02
   3.0700000e+01  -2.7735589e-02  -6.5496944e-02
   3.0800000e+01  -4.3313769e-02  -8.1200922e-02
   3.0900000e+01  -5.1824746e-02  -9.0532482e-02
   3.1000000e+01  -3.7630420e-02  -9.2230983e-02
   3.1100000e+01  -2.9101773e-03  -8.5441577e-02
   3.1200000e+01   3.6572642e-02  -7.2391085e-02
   3.1300000e+01   6.3943624e-02  -6.2338662e-02
   3.1400000e+01   7.2570842e-02  -6.8461195e-02
   3.1500000e+01   6.8494099e-02  -9.5975666e-02
   3.1600000e+01   6.2683655e-02  -1.3210302e-01
   3.1700000e+01   6.0992383e-02  -1.5073120e-01
   3.1800000e+01   6.2054372e-02  -1.3150956e-01
   3.1900000e+01   6.3956884e-02  -7.7456372e-02
   3.2000000e+01   6.9722317e-02  -1.4408660e-02
   3.2100000e+01   8.3918922e-02   2.7903357e-02
   3.2200000e+01   1.0515528e-01   3.6161558e-02
   3.2300000e+01   1.2446126e-01   1.8241590e-02
   3.2400000e+01   1.3124850e-01  -7.5745199e-03
   3.2500000e+01   1.2001538e-01  -2.4895587e-02
   3.2600000e+01   9.3343717e-02  -2.3362569e-02
   3.2700000e+01   6.2221407e-02   4.8024140e-04
   3.2800000e+01   4.2642072e-02   3.8121058e-02
   3.2900000e+01   4.4939854e-02   6.6128301e-02
   3.3000000e+01   6.1467898e-02   5.8965545e-02
   3.3100000e+01   6.8934070e-02   1.4157260e-02
   3.3200000e+01   5.1049090e-02  -3.6693522e-02
   3.3300000e+01   1.9515967e-02  -5.0962008e-02
   3.3400000e+01   4.5278903e-03  -1.4530386e-02
   3.3500000e+01   1.9519516e-02   4.4108977e-02
   3.3600000e+01   4.1651483e-02   8.2791361e-02
   3.3700000e+01   3.6641268e-02   8.6838534e-02
   3.3800000e+01   1.7249872e-03   7.7488151e-02
   3.3900000e+01  -2.7323314e-02   8.1207424e-02
   3.4000000e+01  -1.8297955e-02   9.8084588e-02
   3.4100000e+01   1.5499939e-02   1.0501835e-01
   3.4200000e+01   2.6400542e-02   8.6144543e-02
   3.4300000e+01  -1.3978132e-02   5.2971997e-02
   3.4400000e+01  -8.1431919e-02   3.2801545e-02
   3.4500000e+01  -1.2492188e-01   4.1473879e-02
   3.4600000e+01  -1.2009250e-01   7.0284447e-02
   3.4700000e+01  -8.9464045e-02   9.6722460e-02
   3.4800000e+01  -7.1149717e-02   1.0366233e-01
   3.4900000e+01  -7.7067635e-02   8.8815477e-02
   3.5000000e+01  -8.7141706e-02   6.1328333e-02
   3.5100000e+01  -7.8893929e-02   3.3724801e-02
   3.5200000e+01  -5.3411048e-02   1.5590105e-02
   3.5300000e+01  -3.0534675e-02   9.4807861e-03
   3.5400000e+01  -2.5450170e-02   9.1209514e-03
   3.5500000e+01  -3.5884423e-02   2.5662491e-03
   3.5600000e+01  -4.9550086e-02  -1.8899947e-02
   3.5700000e+01  -5.6458448e-02  -5.1997866e-02
   3.5800000e+01  -5.1415568e-02  -8.1807177e-02
   3.5900000e+01  -3.1285759e-02  -9.3608952e-02
   3.6000000e+01   1.2357297e-03  -8.6606173e-02
   3.6100000e+01   3.0755418e-02  -7.5326955e-02
   3.6200000e+01   3.5506753e-02  -7.5289853e-02
   3.6300000e+01   9.3809070e-03  -8.7076744e-02
   3.6400000e+01  -2.4140527e-02  -9.7182397e-02
   3.6500000e+01  -2.9940947e-02  -9.6048736e-02
   3.6600000e+01   1.0627916e-03  -9.1857660e-02
   3.6700000e+01   3.7030379e-02  -1.0114233e-01
   3.6800000e+01   3.6238216e-02  -1.2543993e-01
   3.6900000e+01  -6.1256823e-03  -1.4344522e-01
   3.7000000e+01  -4.8763046e-02  -1.3174473e-01
   3.7100000e+01  -4.6058954e-02  -9.1253729e-02
   3.7200000e+01   4.2082464e-03  -4.6892398e-02
   3.7300000e+01   5.9413467e-02  -2.0051487e-02
   3.7400000e+01   7.6544482e-02  -7.6631483e-03
   3.7500000e+01   5.2920097e-02   6.6395488e-03
   3.7600000e+01   2.2586258e-02   2.5137333e-02
   3.7700000e+01   1.8751758e-02   2.9379330e-02
   3.7800000e+01   4.4675538e-02   4.5858516e-03
   3.7900000e+01   7.8381017e-02  -3.4887749e-02
   3.8000000e+01   9.8148801e-02  -5.2028649e-02
   3.8100000e+01   9.9508339e-02  -2.1402721e-02
   3.8200000e+01   9.0825208e-02   4.4624043e-02
   3.8300000e+01   7.9034921e-02   1.0410542e-01
   3.8400000e+01   6.3684598e-02   1.1910838e-01
   3.8500000e+01   4.3902870e-02   8.4051889e-02
   3.8600000e+01   2.6882246e-02   2.7566378e-02
   3.8700000e+01   2.5180925e-02  -9.7731624e-03
   3.8800000e+01   4.3920352e-02  -4.0576580e-03
   3.8900000e+01   7.1713044e-02   3.6195182e-02
   3.9000000e+01   8.6164178e-02   7.7963925e-02
   3.9100000e+01   6.9687274e-02   9.0901771e-02
   3.9200000e+01   2.1735975e-02   7.3102883e-02
   3.9300000e+01  -4.1045559e-02   5.2106556e-02
   3.9400000e+01  -9.4048880e-02   5.7825018e-02
   3.9500000e+01  -1.1677836e-01   9.1970820e-02
   3.9600000e+01  -1.0381396e-01   1.2454140e-01
   3.9700000e+01  -7.0104997e-02   1.2179068e-01
   3.9800000e+01  -4.3397514e-02   7.8037966e-02
   3.9900000e+01  -4.3435812e-02   2.0585825e-02
   4.0000000e+01  -6.3624787e-02  -1.4408380e-02
   4.0100000e+01  -7.5878860e-02  -9.6300874e-03
   4.0200000e+01  -5.9042407e-02   2.5787537e-02
   4.0300000e+01  -2.3411924e-02   6.8611339e-02
   4.0400000e+01  -3.0652926e-03   9.7425846e-02
   4.0500000e+01  -2.0847662e-02   1.0086400e-01
   4.0600000e+01  -6.2513412e-02   7.9335849e-02
   4.0700000e+01  -8.8621839e-02   4.3799928e-02
   4.0800000e+01  -7.2199105e-02   1.0044622e-02
   4.0900000e+01  -2.2780031e-02  -1.1768677e-02
   4.1000000e+01   2.6145421e-02  -2.4183143e-02
   4.1100000e+01   4.9472762e-02  -3.7081135e-02
   4.1200000e+01   4.8132383e-02  -5.3814051e-02
   4.1300000e+01   3.8598088e-02  -6.4830726e-02
   4.1400000e+01   3.2205425e-02  -5.8091300e-02
   4.1500000e+01   2.8149626e-02  -3.5424605e-02
   4.1600000e+01   2.2666208e-02  -1.5122525e-02
   4.1700000e+01   1.7552716e-02  -1.5958955e-02
   4.1800000e+01   1.6042269e-02  -3.9338028e-02
   4.1900000e+01   1.3530713e-02  -6.8557839e-02
   4.2000000e+01  -1.1390880e-03  -8.4994628e-02
   4.2100000e+01  -3.1370083e-02  -8.3569784e-02
   4.2200000e+01  -6.1537703e-02  -7.3184186e-02
   4.2300000e+01  -6.5833371e-02  -6.5115476e-02
   4.2400000e+01  -3.3935236e-02  -6.2929486e-02
   4.2500000e+01   1.1400516e-02  -6.2342943e-02
   4.2600000e+01   2.7688029e-02  -5.8095442e-02
   4.2700000e+01  -9.1289721e-03  -4.9615221e-02
   4.2800000e+01  -7.7125010e-02  -4.0521231e-02
   4.2900000e+01  -1.2294741e-01  -3.3654977e-02
   4.3000000e+01  -1.0994345e-01  -2.7778435e-02
   4.3100000e+01  -5.3876272e-02  -2.0499319e-02
   4.3200000e+01  -8.4215253e-03  -1.4417985e-02
   4.3300000e+01  -1.2965448e-02  -1.7350879e-02
   4.3400000e+01  -5.5134090e-02  -3.2576925e-02
   4.3500000e+01  -8.5362408e-02  -4.9111201e-02
   4.3600000e+01  -6.6528810e-02  -4.7355127e-02
   4.3700000e+01  -7.5257035e-03  -1.9947856e-02
   4.3800000e+01   4.9593605e-02   1.3995800e-02
   4.3900000e+01   7.0478720e-02   2.1935416e-02
   4.4000000e+01   5.5509065e-02  -1.0045106e-02
   4.4100000e+01   3.2115012e-02  -5.9507425e-02
   4.4200000e+01   2.7307002e-02  -8.6103944e-02
   4.4300000e+01   4.8082525e-02  -6.9401671e-02
   4.4400000e+01   8.1785823e-02  -2.7155843e-02
   4.4500000e+01   1.0855056e-01   4.2374107e-03
   4.4600000e+01   1.1361295e-01   5.1630598e-03
   4.4700000e+01   9.4760323e-02  -1.2532178e-02
   4.4800000e+01   6.4601431e-02  -2.3058520e-02
   4.4900000e+01   4.5195925e-02  -1.3659758e-02
   4.5000000e+01   5.3764718e-02   7.3756639e-03
   4.5100000e+01   8.7548042e-02   2.5271437e-02
   4.5200000e+01   1.2224096e-01   3.5495989e-02
   4.5300000e+01   1.2914728e-01   4.4623061e-02
   4.5400000e+01   9.7710941e-02   5.8440527e-02
   4.5500000e+01   4.3479236e-02   7.3658239e-02
   4.5600000e+01  -4.4368378e-03   8.1965674e-02
   4.5700000e+01  -2.3753812e-02   7.9512480e-02
   4.5800000e+01  -1.1454522e-02   7.0261675e-02
   4.5900000e+01   1.6520312e-02   6.0877998e-02
   4.6000000e+01   3.4654391e-02   5.4627365e-02
   4.6100000e+01   2.2744901e-02   5.1149012e-02
   4.6200000e+01  -1.8724266e-02   5.0720032e-02
   4.6300000e+01  -6.4640489e-02   5.6299706e-02
   4.6400000e+01  -8.2905648e-02   6.9806834e-02
   4.6500000e+01  -6.3907039e-02   8.6598715e-02
   4.6600000e+01  -3.2855859e-02   9.5503558e-02
   4.6700000e+01  -2.6770000e-02   8.6798739e-02
   4.6800000e+01  -5.5396893e-02   6.1691614e-02
   4.6900000e+01  -8.7957569e-02   3.3573407e-02
   4.7000000e+01  -8.3611359e-02   1.8255246e-02
   4.7100000e+01  -3.5518564e-02   2.1274858e-02
   4.7200000e+01   1.8857796e-02   3.3737869e-02
   4.7300000e+01   3.3333932e-02   4.0205623e-02
   4.7400000e+01  -2.1862709e-03   3.1246064e-02
   4.7500000e+01  -5.2773127e-02   1.0304727e-02
   4.7600000e+01  -7.1836380e-02  -9.1766381e-03
   4.7700000e+01  -4.1829636e-02  -1.2934041e-02
   4.7800000e+01   1.4876624e-02   4.5245120e-03
   4.7900000e+01   5.9325470e-02   3.4511756e-02
   4.8000000e+01   6.7734650e-02   5.6413072e-02
   4.8100000e+01   4.5072624e-02   4.9018048e-02
   4.8200000e+01   1.5162631e-02   6.1823950e-03
   4.8300000e+01   8.5228585e-04  -5.4939463e-02
   4.8400000e+01   9.8025264e-03  -1.0299965e-01
   4.8500000e+01   3.1996964e-02  -1.1461000e-01
   4.8600000e+01   4.6951699e-02  -9.0957060e-02
   4.8700000e+01   3.6614962e-02  -5.3430904e-02
   4.8800000e+01  -1.1219811e-03  -2.3593669e-02
   4.8900000e+01  -4.7123406e-02  -8.7678092e-03
   4.9000000e+01  -7.2386194e-02  -5.8886103e-03
   4.9100000e+01  -6.2044099e-02  -1.3183747e-02
   4.9200000e+01  -3.1332773e-02  -3.1646087e-02
   4.9300000e+01  -1.4107293e-02  -5.6119518e-02
   4.9400000e+01  -3.0893956e-02  -7.3332677e-02
   4.9500000e+01  -6.8743344e-02  -7.4730911e-02
   4.9600000e+01  -9.5786193e-02  -6.7789366e-02
   4.9700000e+01  -9.4632141e-02  -6.7203958e-02
   4.9800000e+01  -7.6293280e-02  -7.4398224e-02
   4.9900000e+01  -6.0389991e-02  -7.3317222e-02
   5.0000000e+01  -4.9516335e-02  -5.1694906e-02
   5.0100000e+01  -3.1590207e-02  -2.1845009e-02
   5.0200000e+01  -5.2899896e-03  -1.1698386e-02
   5.0300000e+01   8.7560327e-03  -3.3166990e-02
   5.0400000e+01  -9.4644903e-03  -6.5187994e-02
   5.0500000e+01  -4.9334562e-02  -7.3508249e-02
   5.0600000e+01  -7.2057727e-02  -4.6689588e-02
   5.0700000e+01  -4.7677513e-02  -9.1229155e-03
   5.0800000e+01   1.3592038e-02   2.8883926e-03
   5.0900000e+01   7.0520371e-02  -2.2576790e-02
   5.1000000e+01   8.9613681e-02  -6.0030185e-02
   5.1100000e+01   7.1914091e-02  -6.8848879e-02
   5.1200000e+01   4.3871314e-02  -3.0170730e-02
   5.1300000e+01   2.8573521e-02   3.5007805e-02
   5.1400000e+01   2.9188827e-02   8.3114076e-02
   5.1500000e+01   3.5667756e-02   8.5296759e-02
   5.1600000e+01   3.9494222e-02   5.0544780e-02
   5.1700000e+01   3.9222474e-02   1.3914696e-02
   5.1800000e+01   3.6464560e-02   3.4938502e-03
   5.1900000e+01   3.2387996e-02   1.9585121e-02
   5.2000000e+01   2.8537526e-02   4.3502824e-02
   5.2100000e+01   2.6818283e-02   6.0548206e-02
   5.2200000e+01   2.5848212e-02   7.0279994e-02
   5.2300000e+01   1.9375786e-02   7.7503414e-02
   5.2400000e+01   2.4128273e-03   8.1031682e-02
   5.2500000e+01  -1.9831851e-02   7.5533360e-02
   5.2600000e+01  -3.2120326e-02   6.1417351e-02
   5.2700000e+01  -2.2300377e-02   4.7567776e-02
   5.2800000e+01   4.6756795e-03   4.2905985e-02
   5.2900000e+01   2.8498629e-02   4.7424140e-02
   5.3000000e+01   3.2548123e-02   5.2654228e-02
   5.3100000e+01   2.1444200e-02   4.9565027e-02
   5.3200000e+01   1.6694998e-02   3.5230020e-02
   5.3300000e+01   3.2566482e-02   1.3666848e-02
   5.3400000e+01   5.7776485e-02  -7.7081213e-03
   5.3500000e+01   6.4885254e-02  -2.3130970e-02
   5.3600000e+01   3.9382456e-02  -3.2418870e-02
   5.3700000e+01  -2.6826740e-03  -4.0380645e-02
   5.3800000e+01  -2.8499541e-02  -5.0432419e-02
   5.3900000e+01  -1.9712835e-02  -5.7851969e-02
   5.4000000e+01   1.1371750e-02  -5.1487107e-02
   5.4100000e+01   3.5773277e-02  -2.5175439e-02
   5.4200000e+01   3.5179815e-02   1.1876789e-02
   5.4300000e+01   1.4703448e-02   3.8000285e-02
   5.4400000e+01  -7.9129884e-03   3.4848722e-02
   5.4500000e+01  -2.0848934e-02   2.5178147e-03
   5.4600000e+01  -2.4951674e-02  -3.9135176e-02
   5.4700000e+01  -2.6116594e-02  -6.3842821e-02
   5.4800000e+01  -2.6211590e-02  -5.6422820e-02
   5.4900000e+01  -2.3078244e-02  -2.1855951e-02
   5.5000000e+01  -1.6506368e-02   1.9995887e-02
   5.5100000e+01  -1.0286243e-02   4.9543333e-02
   5.5200000e+01  -7.4264042e-03   6.0191466e-02
   5.5300000e+01  -5.6546868e-03   5.8324694e-02
   5.5400000e+01  -2.3523384e-04   5.2601717e-02
   5.5500000e+01   8.4320504e-03   4.5327966e-02
   5.5600000e+01   1.1816268e-02   3.4569333e-02
   5.5700000e+01   1.2106429e-04   2.1212640e-02
   5.5800000e+01  -2.6379815e-02   9.6125977e-03
   5.5900000e+01  -5.2983249e-02   1.4284488e-03
   5.6000000e+01  -5.9641287e-02  -6.6785950e-03
   5.6100000e+01  -3.7541187e-02  -1.6721184e-02
   5.6200000e+01   1.5898281e-03  -2.3901436e-02
   5.6300000e+01   3.3575591e-02  -2.1693279e-02
   5.6400000e+01   4.1163414e-02  -1.1766917e-02
   5.6500000e+01   2.6464981e-02  -4.5930984e-03
   5.6600000e+01   4.9183542e-03  -8.5353405e-03
   5.6700000e+01  -1.0972987e-02  -2.1066153e-02
   5.6800000e+01  -1.9719398e-02  -3.2990762e-02
   5.6900000e+01  -2.4267394e-02  -3.9449636e-02
   5.7000000e+01  -2.2909947e-02  -4.3768954e-02
   5.7100000e+01  -1.1113318e-02  -5.0908832e-02
   5.7200000e+01   8.9690328e-03  -6.0088785e-02
   5.7300000e+01   2.5836191e-02  -6.5038476e-02
   5.7400000e+01   2.8311787e-02  -5.9985693e-02
   5.7500000e+01   1.6567865e-02  -4.4382581e-02
   5.7600000e+01   1.5887087e-03  -2.2923509e-02
   5.7700000e+01  -5.7341685e-03  -2.2319096e-03
   5.7800000e+01  -3.2532520e-03   1.2766647e-02
   5.7900000e+01   4.2497018e-03   1.9934639e-02
   5.8000000e+01   1.2655414e-02   1.7669980e-02
   5.8100000e+01   2.1750820e-02   3.1228486e-03
   5.8200000e+01   3.1162573e-02  -2.3739487e-02
   5.8300000e+01   3.6044565e-02  -5.2520341e-02
   5.8400000e+01   3.0104294e-02  -6.3003642e-02
   5.8500000e+01   1.3551622e-02  -4.0699952e-02
   5.8600000e+01  -4.6964600e-03   5.4092941e-03
   5.8700000e+01  -1.5709462e-02   4.5133597e-02
   5.8800000e+01  -2.0741159e-02   5.2807843e-02
   5.8900000e+01  -2.9132022e-02   3.1322003e-02
   5.9000000e+01  -4.4943889e-02   7.5023394e-03
   5.9100000e+01  -5.9803827e-02   3.2685384e-03
   5.9200000e+01  -6.3279895e-02   1.4644868e-02
   5.9300000e+01  -5.8002438e-02   2.0574498e-02
   5.9400000e+01  -5.7290881e-02   8.6501710e-03
   5.9500000e+01  -6.5021538e-02  -1.1953926e-02
   5.9600000e+01  -6.4022901e-02  -2.1638959e-02
   5.9700000e+01  -3.2645084e-02  -9.8603781e-03
   5.9800000e+01   2.6295876e-02   1.6893425e-02
   5.9900000e+01   7.9253396e-02   4.1726066e-02
   6.0000000e+01   8.9469783e-02   4.9093351e-02
   6.0100000e+01   5.0333959e-02   3.4305120e-02
   6.0200000e+01  -9.9174799e-03   8.1306377e-03
   6.0300000e+01  -5.4301638e-02  -7.4049858e-03
   6.0400000e+01  -6.5221937e-02   5.5226474e-03
   6.0500000e+01  -5.0127092e-02   4.2929266e-02
   6.0600000e+01  -2.7659441e-02   7.7323745e-02
   6.0700000e+01  -1.2624034e-02   7.8994938e-02
   6.0800000e+01  -9.6293772e-03   4.3051910e-02
   6.0900000e+01  -1.2724273e-02  -4.6055682e-03
   6.1000000e+01  -8.8556835e-03  -2.9649140e-02
   6.1100000e+01   1.2189864e-02  -1.8571764e-02
   6.1200000e+01   4.4822376e-02   1.2760470e-02
   6.1300000e+01   6.5774809e-02   3.6668392e-02
   6.1400000e+01   5.2085698e-02   3.7746573e-02
   6.1500000e+01   5.3224133e-03   2.1524689e-02
   6.1600000e+01  -4.4206326e-02   4.1766751e-03
   6.1700000e+01  -6.1839619e-02  -3.1119285e-03
   6.1800000e+01  -3.8976812e-02  -9.9313317e-04
   6.1900000e+01   1.0716028e-03   2.6011713e-03
   6.2000000e+01   2.6621703e-02   1.3391086e-03
   6.2100000e+01   2.5325780e-02  -4.2922909e-03
   6.2200000e+01   9.7216381e-03  -8.4525553e-03
   6.2300000e+01   5.4483536e-05  -5.9047206e-03
   6.2400000e+01   5.4685265e-03   2.4102237e-03
   6.2500000e+01   2.0929785e-02   8.6875290e-03
   6.2600000e+01   3.7500941e-02   3.7112400e-03
   6.2700000e+01   5.1376364e-02  -1.5046812e-02
   6.2800000e+01   6.2790567e-02  -3.9204024e-02
   6.2900000e+01   6.9652899e-02  -5.3824943e-02
   6.3000000e+01   6.6434139e-02  -4.8500345e-02
   6.3100000e+01   5.0948115e-02  -2.6666505e-02
   6.3200000e+01   3.0161549e-02  -4.4175491e-03
   6.3300000e+01   1.5709938e-02   1.7751230e-03
   6.3400000e+01   1.2528964e-02  -1.1416510e-02
   6.3500000e+01   1.4441917e-02  -3.1684629e-02
   6.3600000e+01   1.3331200e-02  -4.2313080e-02
   6.3700000e+01   1.0597501e-02  -3.6685172e-02
   6.3800000e+01   1.4888087e-02  -2.2466997e-02
   6.3900000e+01   2.7627065e-02  -1.2511887e-02
   6.4000000e+01   3.5868116e-02  -1.2831920e-02
   6.4100000e+01   2.4681285e-02  -1.9635593e-02
   6.4200000e+01  -4.2314261e-03  -2.6297297e-02
   6.4300000e+01  -3.1241146e-02  -3.0462993e-02
   6.4400000e+01  -3.8154137e-02  -3.3254695e-02
   6.4500000e+01  -2.6056331e-02  -3.3495822e-02
   6.4600000e+01  -1.1540724e-02  -2.6188820e-02
   6.4700000e+01  -7.8087014e-03  -8.5891604e-03
   6.4800000e+01  -1.3786852e-02   1.3370369e-02
   6.4900000e+01  -2.1207983e-02   2.7655157e-02
   6.5000000e+01  -2.6223753e-02   2.7415847e-02
   6.5100000e+01  -2.9636353e-02   1.9798013e-02
   6.5200000e+01  -2.9120618e-02   2.1511145e-02
   6.5300000e+01  -1.9098997e-02   4.3010330e-02
   6.5400000e+01  -1.3911532e-03   7.5667543e-02
   6.5500000e+01   9.5694711e-03   9.5531251e-02
   6.5600000e+01  -3.4148189e-05   8.2609248e-02
   6.5700000e+01  -2.3642914e-02   3.9492860e-02
   6.5800000e+01  -3.3918542e-02  -7.6626167e-03
   6.5900000e+01  -8.4274686e-03  -2.7855428e-02
   6.6000000e+01   4.3981870e-02  -8.6871883e-03
   6.6100000e+01   8.6633919e-02   3.4193967e-02
   6.6200000e+01   8.7645476e-02   6.8492297e-02
   6.6300000e+01   4.8686879e-02   6.8097852e-02
   6.6400000e+01   1.1090013e-03   3.0434438e-02
   6.6500000e+01  -2.3891578e-02  -2.3356737e-02
   6.6600000e+01  -1.9043969e-02  -6.4447834e-02
   6.6700000e+01   1.6072963e-03  -7.6390523e-02
   6.6800000e+01   2.1062033e-02  -6.4415896e-02
   6.6900000e+01   3.0256703e-02  -4.7483532e-02
   6.7000000e+01   2.4929791e-02  -4.0501928e-02
   6.7100000e+01   1.9121514e-03  -4.2348099e-02
   6.7200000e+01  -3.4928964e-02  -3.9893312e-02
   6.7300000e+01  -6.8380803e-02  -2.3528026e-02
   6.7400000e+01  -7.6735164e-02   7.8452634e-04
   6.7500000e+01  -5.4717848e-02   1.4611011e-02
   6.7600000e+01  -2.3401946e-02   3.3672234e-03
   6.7700000e+01  -1.3312360e-02  -2.8060001e-02
   6.7800000e+01  -3.4833935e-02  -5.4895351e-02
   6.7900000e+01  -6.7290180e-02  -5.0161505e-02
   6.8000000e+01  -7.9829154e-02  -7.6891534e-03
   6.8100000e+01  -6.2681783e-02   4.9384488e-02
   6.8200000e+01  -3.5901596e-02   8.4436742e-02
   6.8300000e+01  -2.7349338e-02   7.5964127e-02
   6.8400000e+01  -4.4205699e-02   3.4132333e-02
   6.8500000e+01  -6.7098333e-02  -9.6045381e-03
   6.8600000e+01  -7.0321722e-02  -2.9310430e-02
   6.8700000e+01  -4.5607490e-02  -2.2433385e-02
   6.8800000e+01  -6.9857023e-03  -4.7049245e-03
   6.8900000e+01   2.3951218e-02   7.9502029e-03
   6.9000000e+01   3.5162074e-02   1.0786868e-02
   6.9100000e+01   2.8915560e-02   7.6848748e-03
   6.9200000e+01   1.4916556e-02   3.4773840e-03
   6.9300000e+01   2.2960367e-03   5.4917029e-04
   6.9400000e+01  -3.0955086e-03  -1.0872469e-03
   6.9500000e+01   1.2643840e-03  -4.3650526e-03
   6.9600000e+01   1.2979331e-02  -1.4135315e-02
   6.9700000e+01   2.3838277e-02  -3.0779323e-02
   6.9800000e+01   2.4965208e-02  -4.4311119e-02
   6.9900000e+01   1.6101442e-02  -4.0248913e-02
   7.0000000e+01   8.2360208e-03  -1.5948546e-02
   7.0100000e+01   1.2917056e-02   1.1118017e-02
   7.0200000e+01   2.7779026e-02   1.7296694e-02
   7.0300000e+01   3.6165832e-02  -2.9900999e-03
   7.0400000e+01   2.4635743e-02  -3.0172453e-02
   7.0500000e+01  -4.8247937e-04  -3.9284069e-02
   7.0600000e+01  -1.8140715e-02  -2.4510548e-02
   7.0700000e+01  -1.4844769e-02  -7.1907828e-04
   7.0800000e+01   2.1239149e-03   1.7722648e-02
   7.0900000e+01   1.6055843e-02   3.3378974e-02
   7.1000000e+01   2.1096457e-02   5.7269032e-02
   7.1100000e+01   2.5151871e-02   8.7302486e-02
   7.1200000e+01   3.3598603e-02   1.0248514e-01
   7.1300000e+01   3.8412695e-02   8.3309923e-02
   7.1400000e+01   2.9210372e-02   3.6815860e-02
   7.1500000e+01   1.1176627e-02  -3.3490214e-03
   7.1600000e+01   3.8377644e-03  -5.9193847e-03
   7.1700000e+01   1.9697768e-02   2.7736295e-02
   7.1800000e+01   4.8790284e-02   6.3442270e-02
   7.1900000e+01   6.8125171e-02   6.5936405e-02
   7.2000000e+01   6.4458889e-02   3.1933947e-02
   7.2100000e+01   4.4823132e-02  -7.5311125e-03
   7.2200000e+01   2.6423520e-02  -1.6646897e-02
   7.2300000e+01   2.0225726e-02   1.3428762e-02
   7.2400000e+01   2.4310012e-02   5.9555546e-02
   7.2500000e+01   2.8911365e-02   8.8493813e-02
   7.2600000e+01   2.5595334e-02   8.1799395e-02
   7.2700000e+01   1.3896873e-02   4.3857560e-02
   7.2800000e+01   1.4838609e-03  -5.8348740e-03
   7.2900000e+01  -3.5715366e-03  -4.4191704e-02
   7.3000000e+01  -2.7491253e-03  -5.4554420e-02
   7.3100000e+01  -7.3979168e-03  -3.6303186e-02
   7.3200000e+01  -2.5304965e-02  -9.0369621e-03
   7.3300000e+01  -4.7447888e-02  -1.0965180e-03
   7.3400000e+01  -5.3202719e-02  -2.5291479e-02
   7.3500000e+01  -3.1603243e-02  -6.4682567e-02
   7.3600000e+01   5.4618071e-03  -8.7615313e-02
   7.3700000e+01   3.4419846e-02  -7.9522673e-02
   7.3800000e+01   4.2035425e-02  -5.6395234e-02
   7.3900000e+01   3.2222404e-02  -4.4009431e-02
   7.4000000e+01   1.3520732e-02  -4.7986223e-02
   7.4100000e+01  -1.1166643e-02  -5.0681228e-02
   7.4200000e+01  -3.7736326e-02  -3.6610519e-02
   7.4300000e+01  -5.1033920e-02  -1.2640688e-02
   7.4400000e+01  -3.3924165e-02   1.8278415e-03
   7.4500000e+01   1.0017347e-02  -6.7250888e-04
   7.4600000e+01   5.0260786e-02  -9.6472930e-03
   7.4700000e+01   5.4298201e-02  -1.5452906e-02
   7.4800000e+01   1.9697407e-02  -2.5247662e-02
   7.4900000e+01  -2.2848425e-02  -5.2169911e-02
   7.5000000e+01  -3.9541643e-02  -9.0393498e-02
   7.5100000e+01  -2.4044904e-02  -1.1057415e-01
   7.5200000e+01   1.5658080e-03  -8.7971624e-02
   7.5300000e+01   1.1252426e-02  -3.4189108e-02
   7.5400000e+01  -2.7065997e-03   6.8520227e-03
   7.5500000e+01  -2.7773019e-02   9.7168794e-04
   7.5600000e+01  -4.5131546e-02  -3.9279355e-02
   7.5700000e+01  -4.5404018e-02  -6.5818365e-02
   7.5800000e+01  -3.5748993e-02  -4.6360060e-02
   7.5900000e+01  -3.3801201e-02  -4.7201440e-04
   7.6000000e+01  -5.0853605e-02   2.1618328e-02
   7.6100000e+01  -7.7530423e-02  -4.3156501e-03
   7.6200000e+01  -8.8477793e-02  -4.8004495e-02
   7.6300000e+01  -6.5808677e-02  -5.7170923e-02
   7.6400000e+01  -1.8243742e-02  -1.4524859e-02
   7.6500000e+01   2.5566144e-02   4.4191843e-02
   7.6600000e+01   4.2293475e-02   6.8889014e-02
   7.6700000e+01   2.9961439e-02   4.5550453e-02
   7.6800000e+01   1.3797058e-03   5.4276523e-03
   7.6900000e+01  -2.9896266e-02  -1.0172617e-02
   7.7000000e+01  -5.2769857e-02   1.2609619e-02
   7.7100000e+01  -5.5429816e-02   5.5511307e-02
   7.7200000e+01  -3.1483472e-02   9.0571694e-02
   7.7300000e+01   7.2796448e-03   1.0079341e-01
   7.7400000e+01   3.2759841e-02   8.4142425e-02
   7.7500000e+01   2.4637942e-02   4.9455812e-02
   7.7600000e+01  -6.8573501e-03   1.4813743e-02
   7.7700000e+01  -2.8023198e-02   4.0267998e-03
   7.7800000e+01  -1.4894254e-02   3.2462447e-02
   7.7900000e+01   2.2124413e-02   8.8985742e-02
   7.8000000e+01   4.8681922e-02   1.3483502e-01
   7.8100000e+01   4.0826427e-02   1.2959352e-01
   7.8200000e+01   8.0784201e-03   6.6168189e-02
   7.8300000e+01  -1.6459074e-02  -1.7744042e-02
   7.8400000e+01  -7.5479153e-03  -6.5841254e-02
   7.8500000e+01   2.9204631e-02  -4.6569027e-02
   7.8600000e+01   6.2679559e-02   2.3081247e-02
   7.8700000e+01   6.3935107e-02   9.2333795e-02
   7.8800000e+01   3.1728336e-02   1.1562352e-01
   7.8900000e+01  -6.2418528e-03   8.3674838e-02
   7.9000000e+01  -1.7729466e-02   2.5039419e-02
   7.9100000e+01   5.2803744e-03  -1.8473902e-02
   7.9200000e+01   3.9481405e-02  -2.1758377e-02
   7.9300000e+01   5.1676976e-02   8.5748921e-03
   7.9400000e+01   2.8721078e-02   4.1952323e-02
   7.9500000e+01  -1.2142854e-02   4.7600197e-02
   7.9600000e+01  -4.1044674e-02   1.7647383e-02
   7.9700000e+01  -4.2429491e-02  -2.7390208e-02
   7.9800000e+01  -2.5025962e-02  -5.5374151e-02
   7.9900000e+01  -7.5659813e-03  -4.7766298e-02
   8.0000000e+01   2.3039666e-03  -1.2582992e-02
