   1.0221618e+02   2.8602761e+01   2.5212700e+03
   1.0221737e+02   2.8456737e+01   2.0976200e+03
   0.0000000e+00   7.3489363e-01   7.3489363e-01
   1.0000000e-01   7.4715658e-01   7.1129408e-01
   2.0000000e-01   7.9027529e-01   6.4094759e-01
   3.0000000e-01   8.7095480e-01   5.2277325e-01
   4.0000000e-01   9.5285357e-01   3.7769594e-01
   5.0000000e-01   9.9518724e-01   2.2061603e-01
   6.0000000e-01   9.9401985e-01   5.1733418e-02
   7.0000000e-01   9.8077503e-01  -1.3003290e-01
   8.0000000e-01   9.8410939e-01  -3.1482923e-01
   9.0000000e-01   1.0000000e+00  -4.8466812e-01
   1.0000000e+00   9.9792723e-01  -6.2323237e-01
   1.1000000e+00   9.4887252e-01  -7.2134077e-01
   1.2000000e+00   8.4544815e-01  -7.7759819e-01
   1.3000000e+00   7.0210204e-01  -7.9766176e-01
   1.4000000e+00   5.4259413e-01  -7.9139407e-01
   1.5000000e+00   3.8537367e-01  -7.6846289e-01
   1.6000000e+00   2.3445788e-01  -7.3828450e-01
   1.7000000e+00   8.1366332e-02  -7.1547027e-01
   1.8000000e+00  -8.2690255e-02  -7.1990295e-01
   1.9000000e+00  -2.5459542e-01  -7.6273258e-01
   2.0000000e+00  -4.1740990e-01  -8.3037782e-01
   2.1000000e+00  -5.4802578e-01  -8.8975696e-01
   2.2000000e+00  -6.2653910e-01  -9.1641406e-01
   2.3000000e+00  -6.4387607e-01  -9.1532089e-01
   2.4000000e+00  -6.0802371e-01  -9.0680671e-01
   2.5000000e+00  -5.4414074e-01  -8.9165314e-01
   2.6000000e+00  -4.8249252e-01  -8.3914837e-01
   2.7000000e+00  -4.4089900e-01  -7.1734463e-01
   2.8000000e+00  -4.1882274e-01  -5.3226051e-01
   2.9000000e+00  -4.0808356e-01  -3.2889004e-01
   3.0000000e+00  -4.0392014e-01  -1.5180016e-01
   3.1000000e+00  -4.0212648e-01  -1.1046606e-02
   3.2000000e+00  -3.9244470e-01   1.1034976e-01
   3.3000000e+00  -3.6655907e-01   2.2392942e-01
   3.4000000e+00  -3.3398570e-01   3.2183768e-01
   3.5000000e+00  -3.1857657e-01   3.9416041e-01
   3.6000000e+00  -3.3046017e-01   4.4743632e-01
   3.7000000e+00  -3.4734181e-01   4.9704814e-01
   3.8000000e+00  -3.3543106e-01   5.4646932e-01
   3.9000000e+00  -2.8971432e-01   5.8522932e-01
   4.0000000e+00  -2.4284213e-01   6.0948262e-01
   4.1000000e+00  -2.2817284e-01   6.3560111e-01
   4.2000000e+00  -2.4130766e-01   6.8571038e-01
   4.3000000e+00  -2.4736009e-01   7.6192371e-01
   4.4000000e+00  -2.2351749e-01   8.4077887e-01
   4.5000000e+00  -1.8407884e-01   8.9274854e-01
   4.6000000e+00  -1.6102990e-01   9.0195241e-01
   4.7000000e+00  -1.6880405e-01   8.6692410e-01
   4.8000000e+00  -1.9495386e-01   7.9142504e-01
   4.9000000e+00  -2.1987023e-01   6.8345865e-01
   5.0000000e+00  -2.3515950e-01   5.6111673e-01
   5.1000000e+00  -2.4122896e-01   4.4823067e-01
   5.2000000e+00  -2.3543186e-01   3.5608600e-01
   5.3000000e+00  -2.0948242e-01   2.7112387e-01
   5.4000000e+00  -1.5672079e-01   1.6754269e-01
   5.5000000e+00  -7.7239783e-02   3.5886690e-02
   5.6000000e+00   2.3900469e-02  -1.0198646e-01
   5.7000000e+00   1.3966021e-01  -2.0886327e-01
   5.8000000e+00   2.6098062e-01  -2.6453290e-01
   5.9000000e+00   3.7618970e-01  -2.8344783e-01
   6.0000000e+00   4.7266205e-01  -3.0165212e-01
   6.1000000e+00   5.3986783e-01  -3.4664148e-01
   6.2000000e+00   5.7263246e-01  -4.1812019e-01
   6.3000000e+00   5.7435726e-01  -4.9388135e-01
   6.4000000e+00   5.5738293e-01  -5.4953192e-01
   6.5000000e+00   5.3657600e-01  -5.7116313e-01
   6.6000000e+00   5.1903485e-01  -5.5466859e-01
   6.7000000e+00   5.0029693e-01  -5.0297780e-01
   6.8000000e+00   4.7252526e-01  -4.2913526e-01
   6.9000000e+00   4.3600504e-01  -3.5599367e-01
   7.0000000e+00   4.0044067e-01  -3.0197757e-01
   7.1000000e+00   3.7463176e-01  -2.6401968e-01
   7.2000000e+00   3.5666179e-01  -2.2132152e-01
   7.3000000e+00   3.3480214e-01  -1.6111859e-01
   7.4000000e+00   2.9652656e-01  -9.5808133e-02
   7.5000000e+00   2.3653399e-01  -4.7327449e-02
   7.6000000e+00   1.5945613e-01  -1.7615647e-02
   7.7000000e+00   7.8497905e-02   1.4519559e-02
   7.8000000e+00   1.0687927e-02   6.3783678e-02
   7.9000000e+00  -3.1640144e-02   1.1530748e-01
   8.0000000e+00  -4.9468710e-02   1.4029309e-01
   8.1000000e+00  -5.8327613e-02   1.3035578e-01
   8.2000000e+00  -7.8778546e-02   1.0521037e-01
   8.3000000e+00  -1.2221847e-01   8.5338711e-02
   8.4000000e+00  -1.8274309e-01   6.8556107e-02
   8.5000000e+00  -2.4121983e-01   4.1415464e-02
   8.6000000e+00  -2.7863396e-01   6.3734829e-03
   8.7000000e+00  -2.8913074e-01  -1.5320870e-02
   8.8000000e+00  -2.8283163e-01  -9.4695265e-03
   8.9000000e+00  -2.7549447e-01   1.2068301e-02
   9.0000000e+00  -2.7335160e-01   2.4234405e-02
   9.1000000e+00  -2.6766505e-01   1.5406710e-02
   9.2000000e+00  -2.4574848e-01  -5.4330630e-03
   9.3000000e+00  -2.0798101e-01  -2.4770085e-02
   9.4000000e+00  -1.7205417e-01  -3.8630728e-02
   9.5000000e+00  -1.5830294e-01  -4.8845486e-02
   9.6000000e+00  -1.7115056e-01  -5.3399505e-02
   9.7000000e+00  -1.9643260e-01  -4.7025157e-02
   9.8000000e+00  -2.1604067e-01  -2.8094750e-02
   9.9000000e+00  -2.2213384e-01   1.2165471e-03
   1.0000000e+01  -2.1674351e-01   3.9506318e-02
   1.0100000e+01  -2.0289904e-01   8.2818541e-02
   1.0200000e+01  -1.8251339e-01   1.1590489e-01
   1.0300000e+01  -1.6256041e-01   1.1749931e-01
   1.0400000e+01  -1.5558109e-01   8.4165178e-02
   1.0500000e+01  -1.6731804e-01   4.5051244e-02
   1.0600000e+01  -1.8503945e-01   3.9880489e-02
   1.0700000e+01  -1.8437344e-01   7.6059056e-02
   1.0800000e+01  -1.5096360e-01   1.1439798e-01
   1.0900000e+01  -9.3388644e-02   1.0631830e-01
   1.1000000e+01  -3.2998823e-02   4.4917229e-02
   1.1100000e+01   1.6410304e-02  -2.6865440e-02
   1.1200000e+01   5.6015484e-02  -5.9249449e-02
   1.1300000e+01   9.2037103e-02  -4.0859771e-02
   1.1400000e+01   1.2505250e-01   1.4921136e-04
   1.1500000e+01   1.5174238e-01   3.1401692e-02
   1.1600000e+01   1.7279057e-01   4.3739000e-02
   1.1700000e+01   1.9349273e-01   4.6197693e-02
   1.1800000e+01   2.1639739e-01   4.5942707e-02
   1.1900000e+01   2.3721306e-01   4.1288364e-02
   1.2000000e+01   2.4963990e-01   3.0830728e-02
   1.2100000e+01   2.5195020e-01   2.0454976e-02
   1.2200000e+01   2.4710118e-01   1.7698665e-02
   1.2300000e+01   2.3849582e-01   2.2457101e-02
   1.2400000e+01   2.2851309e-01   2.6648469e-02
   1.2500000e+01   2.2008956e-01   2.2500336e-02
   1.2600000e+01   2.1523770e-01   9.6547863e-03
   1.2700000e+01   2.0933613e-01  -4.6639939e-03
   1.2800000e+01   1.8909023e-01  -1.0026722e-02
   1.2900000e+01   1.4092886e-01   2.2148374e-03
   1.3000000e+01   6.4848906e-02   3.4210028e-02
   1.3100000e+01  -1.9527820e-02   7.7841291e-02
   1.3200000e+01  -8.2487687e-02   1.1553718e-01
   1.3300000e+01  -1.0343256e-01   1.2892470e-01
   1.3400000e+01  -8.5045949e-02   1.1179635e-01
   1.3500000e+01  -5.1087659e-02   7.6568131e-02
   1.3600000e+01  -2.8918019e-02   4.5317653e-02
   1.3700000e+01  -2.9985251e-02   3.0015460e-02
   1.3800000e+01  -4.3859404e-02   2.0264577e-02
   1.3900000e+01  -5.0727444e-02  -6.2115268e-03
   1.4000000e+01  -4.1322494e-02  -5.7321140e-02
   1.4100000e+01  -2.6504482e-02  -1.1140269e-01
   1.4200000e+01  -2.8294198e-02  -1.3218641e-01
   1.4300000e+01  -6.0931806e-02  -1.0170168e-01
   1.4400000e+01  -1.1824356e-01  -3.8236895e-02
   1.4500000e+01  -1.7659033e-01   1.8369288e-02
   1.4600000e+01  -2.0998195e-01   3.7762550e-02
   1.4700000e+01  -2.0656368e-01   1.6534392e-02
   1.4800000e+01  -1.7596768e-01  -2.8309760e-02
   1.4900000e+01  -1.4231514e-01  -7.5487739e-02
   1.5000000e+01  -1.2661998e-01  -1.0918266e-01
   1.5100000e+01  -1.3154411e-01  -1.2157539e-01
   1.5200000e+01  -1.4171331e-01  -1.1403773e-01
   1.5300000e+01  -1.3929526e-01  -9.5923507e-02
   1.5400000e+01  -1.1896078e-01  -7.7277478e-02
   1.5500000e+01  -8.7475850e-02  -6.1069514e-02
   1.5600000e+01  -5.1674471e-02  -4.5232194e-02
   1.5700000e+01  -1.1878619e-02  -3.2538665e-02
   1.5800000e+01   3.1536397e-02  -3.3156954e-02
   1.5900000e+01   7.0096858e-02  -5.2827739e-02
   1.6000000e+01   9.1799708e-02  -8.1060864e-02
   1.6100000e+01   9.4268127e-02  -9.7559592e-02
   1.6200000e+01   8.9273436e-02  -9.2305222e-02
   1.6300000e+01   9.1916071e-02  -7.5013678e-02
   1.6400000e+01   1.0744229e-01  -6.1393691e-02
   1.6500000e+01   1.3060771e-01  -5.2938718e-02
   1.6600000e+01   1.5528947e-01  -3.5337968e-02
   1.6700000e+01   1.8025496e-01   2.8342242e-03
   1.6800000e+01   2.0531959e-01   5.3913455e-02
   1.6900000e+01   2.2626047e-01   9.5566113e-02
   1.7000000e+01   2.3659921e-01   1.0919062e-01
   1.7100000e+01   2.3255962e-01   9.2454127e-02
   1.7200000e+01   2.1320445e-01   5.6642065e-02
   1.7300000e+01   1.7684778e-01   1.6077152e-02
   1.7400000e+01   1.2226037e-01  -1.9430172e-02
   1.7500000e+01   5.6347385e-02  -4.5533366e-02
   1.7600000e+01  -2.1338038e-03  -6.0420594e-02
   1.7700000e+01  -3.2411046e-02  -6.1795496e-02
   1.7800000e+01  -2.9141294e-02  -4.6820162e-02
   1.7900000e+01  -9.7588685e-03  -1.6001119e-02
   1.8000000e+01  -1.8458645e-03   2.2622027e-02
   1.8100000e+01  -2.0903593e-02   5.5187225e-02
   1.8200000e+01  -5.9197295e-02   7.0581550e-02
   1.8300000e+01  -9.5089899e-02   6.8362447e-02
   1.8400000e+01  -1.1211576e-01   5.8121059e-02
   1.8500000e+01  -1.0978348e-01   5.1443842e-02
   1.8600000e+01  -9.9475663e-02   5.4379157e-02
   1.8700000e+01  -9.3560181e-02   6.5102673e-02
   1.8800000e+01  -9.8077208e-02   7.5516835e-02
   1.8900000e+01  -1.1126636e-01   7.5609817e-02
   1.9000000e+01  -1.2513766e-01   6.1119775e-02
   1.9100000e+01  -1.2964711e-01   4.0327112e-02
   1.9200000e+01  -1.2020192e-01   3.0720311e-02
   1.9300000e+01  -1.0399607e-01   4.3847386e-02
   1.9400000e+01  -9.7229526e-02   7.2340619e-02
   1.9500000e+01  -1.1235428e-01   9.5020577e-02
   1.9600000e+01  -1.4585394e-01   9.6576208e-02
   1.9700000e+01  -1.7825235e-01   8.0468675e-02
   1.9800000e+01  -1.8668523e-01   6.1625937e-02
   1.9900000e+01  -1.5966375e-01   4.9612941e-02
   2.0000000e+01  -1.0416272e-01   4.1999810e-02
   2.0100000e+01  -4.2367968e-02   3.2049473e-02
   2.0200000e+01  -8.8569941e-05   1.8046602e-02
   2.0300000e+01   8.8324276e-03   4.2924260e-03
   2.0400000e+01  -6.7635342e-03  -3.3861295e-03
   2.0500000e+01  -2.0411106e-02  -1.5680605e-03
   2.0600000e+01  -9.5929304e-03   7.7669538e-03
   2.0700000e+01   2.3324337e-02   1.5335709e-02
   2.0800000e+01   5.2573093e-02   8.7286037e-03
   2.0900000e+01   5.4491625e-02  -1.6401648e-02
   2.1000000e+01   3.2246849e-02  -4.9281389e-02
   2.1100000e+01   1.3445094e-02  -7.2502743e-02
   2.1200000e+01   2.2622662e-02  -7.9346595e-02
   2.1300000e+01   5.7817720e-02  -7.9669728e-02
   2.1400000e+01   9.5169346e-02  -8.6429225e-02
   2.1500000e+01   1.1407400e-01  -9.9104561e-02
   2.1600000e+01   1.1447236e-01  -1.0412502e-01
   2.1700000e+01   1.1016296e-01  -9.0827416e-02
   2.1800000e+01   1.1043976e-01  -6.3218761e-02
   2.1900000e+01   1.1265959e-01  -3.5095056e-02
   2.2000000e+01   1.1121367e-01  -1.6512134e-02
   2.2100000e+01   1.0782720e-01  -7.2041395e-03
   2.2200000e+01   1.0915823e-01  -1.8448047e-03
   2.2300000e+01   1.1606588e-01   9.5290125e-04
   2.2400000e+01   1.1975002e-01  -3.9112258e-03
   2.2500000e+01   1.1054304e-01  -2.1399790e-02
   2.2600000e+01   8.9090376e-02  -4.7048279e-02
   2.2700000e+01   6.7058300e-02  -6.5693571e-02
   2.2800000e+01   5.6842535e-02  -6.2980851e-02
   2.2900000e+01   6.1070775e-02  -4.0433522e-02
   2.3000000e+01   7.1170798e-02  -1.6967732e-02
   2.3100000e+01   7.4506829e-02  -1.1340283e-02
   2.3200000e+01   6.3194157e-02  -2.2383340e-02
   2.3300000e+01   3.8811004e-02  -2.9877057e-02
   2.3400000e+01   1.1232604e-02  -1.6977953e-02
   2.3500000e+01  -7.5274586e-03   1.0679822e-02
   2.3600000e+01  -1.1625913e-02   3.1240331e-02
   2.3700000e+01  -6.6796711e-03   3.0557721e-02
   2.3800000e+01  -6.8834508e-03   1.5715520e-02
   2.3900000e+01  -2.4228768e-02   3.8350953e-03
   2.4000000e+01  -5.7988792e-02   1.8251219e-03
   2.4100000e+01  -9.4547112e-02   1.7019114e-03
   2.4200000e+01  -1.1894002e-01  -5.0657745e-03
   2.4300000e+01  -1.2727205e-01  -1.3940965e-02
   2.4400000e+01  -1.2720325e-01  -1.1410776e-02
   2.4500000e+01  -1.2636573e-01   8.9949237e-03
   2.4600000e+01  -1.2259459e-01   3.8147477e-02
   2.4700000e+01  -1.0795835e-01   5.9310558e-02
   2.4800000e+01  -8.1615581e-02   6.2703863e-02
   2.4900000e+01  -5.5055392e-02   5.1656336e-02
   2.5000000e+01  -4.2323175e-02   3.7028221e-02
   2.5100000e+01  -4.6421132e-02   2.8247417e-02
   2.5200000e+01  -5.7601107e-02   2.8656077e-02
   2.5300000e+01  -6.4462935e-02   3.5318419e-02
   2.5400000e+01  -6.4200707e-02   4.0619513e-02
   2.5500000e+01  -6.1640307e-02   3.5880837e-02
   2.5600000e+01  -6.1106754e-02   1.7621892e-02
   2.5700000e+01  -6.1388367e-02  -7.5816866e-03
   2.5800000e+01  -5.7200249e-02  -2.5726538e-02
   2.5900000e+01  -4.3215448e-02  -2.5231077e-02
   2.6000000e+01  -1.7765141e-02  -5.5005111e-03
   2.6100000e+01   1.3663902e-02   2.3592821e-02
   2.6200000e+01   3.7539738e-02   4.9540041e-02
   2.6300000e+01   3.8972425e-02   6.3821949e-02
   2.6400000e+01   1.4468176e-02   6.2771685e-02
   2.6500000e+01  -2.0993725e-02   4.6377884e-02
   2.6600000e+01  -4.2799573e-02   1.9705254e-02
   2.6700000e+01  -3.5808956e-02  -5.4602272e-03
   2.6800000e+01  -5.7665601e-03  -1.5191111e-02
   2.6900000e+01   2.7383924e-02  -4.2693298e-03
   2.7000000e+01   4.5526005e-02   1.6510033e-02
   2.7100000e+01   4.1600235e-02   2.6536178e-02
   2.7200000e+01   1.7912526e-02   1.2733483e-02
   2.7300000e+01  -1.7239853e-02  -1.6971022e-02
   2.7400000e+01  -4.8740784e-02  -3.8175490e-02
   2.7500000e+01  -5.6428170e-02  -3.1093956e-02
   2.7600000e+01  -2.6707093e-02  -3.0672110e-04
   2.7700000e+01   3.3752279e-02   2.6001232e-02
   2.7800000e+01   9.8723326e-02   1.9125974e-02
   2.7900000e+01   1.4075248e-01  -2.4431635e-02
   2.8000000e+01   1.4988657e-01  -7.8745891e-02
   2.8100000e+01   1.3495092e-01  -1.1036309e-01
   2.8200000e+01   1.1034860e-01  -1.0532148e-01
   2.8300000e+01   8.6422736e-02  -7.5684137e-02
   2.8400000e+01   7.1631391e-02  -4.2402933e-02
   2.8500000e+01   7.5458793e-02  -1.6073051e-02
   2.8600000e+01   1.0048822e-01   4.0887886e-03
   2.8700000e+01   1.3166068e-01   1.7303054e-02
   2.8800000e+01   1.4168117e-01   1.5449771e-02
   2.8900000e+01   1.1467997e-01  -6.0614507e-03
   2.9000000e+01   6.4684110e-02  -3.5495758e-02
   2.9100000e+01   2.5706425e-02  -4.9609971e-02
   2.9200000e+01   2.0354996e-02  -3.4376445e-02
   2.9300000e+01   3.9142960e-02   5.8508944e-04
   2.9400000e+01   5.1993512e-02   3.0215594e-02
   2.9500000e+01   3.8520520e-02   3.6373616e-02
   2.9600000e+01   5.0038129e-03   2.1514346e-02
   2.9700000e+01  -2.6663092e-02   2.0624495e-03
   2.9800000e+01  -4.2280805e-02  -8.4684298e-03
   2.9900000e+01  -4.6132489e-02  -8.6354497e-03
   3.0000000e+01  -5.2225203e-02  -4.0857748e-03
   3.0100000e+01  -6.8951080e-02   2.3683526e-03
   3.0200000e+01  -9.2106381e-02   1.3319067e-02
   3.0300000e+01  -1.0972069e-01   3.0074516e-02
   3.0400000e+01  -1.1264403e-01   4.6098053e-02
   3.0500000e+01  -1.0281993e-01   5.0100172e-02
   3.0600000e+01  -9.3046658e-02   3.7296974e-02
   3.0700000e+01  -9.6943916e-02   1.6929594e-02
   3.0800000e+01  -1.1638839e-01   6.2668563e-03
   3.0900000e+01  -1.3862866e-01   1.5129898e-02
   3.1000000e+01  -1.4735423e-01   3.6034189e-02
   3.1100000e+01  -1.3671284e-01   5.0394260e-02
   3.1200000e+01  -1.1341538e-01   4.4985901e-02
   3.1300000e+01  -8.6525875e-02   2.2671398e-02
   3.1400000e+01  -5.9277369e-02  -1.8129217e-03
   3.1500000e+01  -3.2322108e-02  -1.4882550e-02
   3.1600000e+01  -1.0378387e-02  -1.2929062e-02
   3.1700000e+01   2.7650172e-04  -9.0319586e-04
   3.1800000e+01   8.3125228e-04   1.4674733e-02
   3.1900000e+01   9.0052712e-04   3.0407213e-02
   3.2000000e+01   7.3539313e-03   4.5147030e-02
   3.2100000e+01   1.5704954e-02   5.5904649e-02
   3.2200000e+01   1.7405684e-02   5.5351263e-02
   3.2300000e+01   1.4498101e-02   3.4904744e-02
   3.2400000e+01   2.0969644e-02  -6.9381710e-03
   3.2500000e+01   4.6437747e-02  -5.7964963e-02
   3.2600000e+01   8.1732134e-02  -9.6481799e-02
   3.2700000e+01   1.0518027e-01  -1.0693103e-01
   3.2800000e+01   1.0329532e-01  -9.3546319e-02
   3.2900000e+01   8.2536004e-02  -7.6457294e-02
   3.3000000e+01   6.0624902e-02  -7.1537231e-02
   3.3100000e+01   4.9670906e-02  -7.4702144e-02
   3.3200000e+01   4.9363644e-02  -6.8749720e-02
   3.3300000e+01   5.3023460e-02  -4.5667294e-02
   3.3400000e+01   5.5187993e-02  -1.8411613e-02
   3.3500000e+01   5.2979782e-02  -7.5884986e-03
   3.3600000e+01   4.5037520e-02  -1.7935947e-02
   3.3700000e+01   3.3397045e-02  -3.1795444e-02
   3.3800000e+01   2.5153107e-02  -2.7223135e-02
   3.3900000e+01   2.7428183e-02  -7.4164120e-04
   3.4000000e+01   3.8085566e-02   2.9287079e-02
   3.4100000e+01   4.3582524e-02   4.0966564e-02
   3.4200000e+01   3.0081578e-02   2.9687568e-02
   3.4300000e+01  -1.5096293e-03   1.2174890e-02
   3.4400000e+01  -3.2942063e-02   1.1511858e-02
   3.4500000e+01  -4.3416639e-02   3.7011644e-02
   3.4600000e+01  -2.8285364e-02   7.5957668e-02
   3.4700000e+01  -3.1124774e-03   1.0420929e-01
   3.4800000e+01   1.1040133e-02   1.0687963e-01
   3.4900000e+01   6.3807905e-03   9.0588980e-02
   3.5000000e+01  -6.9984499e-03   7.5372924e-02
   3.5100000e+01  -1.3694949e-02   7.3872451e-02
   3.5200000e+01  -8.4404883e-03   7.8894948e-02
   3.5300000e+01   1.1728043e-03   7.2002842e-02
   3.5400000e+01   5.1930887e-03   4.3580019e-02
   3.5500000e+01   1.5754223e-03   3.5529585e-03
   3.5600000e+01  -4.8270928e-03  -2.6727002e-02
   3.5700000e+01  -1.0926981e-02  -3.1794178e-02
   3.5800000e+01  -1.9331119e-02  -1.2982871e-02
   3.5900000e+01  -3.2515246e-02   1.3325320e-02
   3.6000000e+01  -4.5772299e-02   2.5990652e-02
   3.6100000e+01  -4.9554980e-02   1.1231870e-02
   3.6200000e+01  -3.9592566e-02  -2.8886153e-02
   3.6300000e+01  -2.2483707e-02  -7.6418803e-02
   3.6400000e+01  -9.6247361e-03  -1.0768789e-01
   3.6500000e+01  -6.9215021e-03  -1.0790888e-01
   3.6600000e+01  -1.2535210e-02  -7.9813933e-02
   3.6700000e+01  -2.3520482e-02  -4.0516274e-02
   3.6800000e+01  -4.0215969e-02  -1.0546804e-02
   3.6900000e+01  -6.1353118e-02  -3.2587721e-03
   3.7000000e+01  -7.7550122e-02  -1.9594680e-02
   3.7100000e+01  -7.5302736e-02  -4.9179035e-02
   3.7200000e+01  -5.0316184e-02  -7.6998401e-02
   3.7300000e+01  -1.5078494e-02  -9.2255409e-02
   3.7400000e+01   9.9613517e-03  -9.2745032e-02
   3.7500000e+01   1.3809207e-02  -8.0992032e-02
   3.7600000e+01   3.0396117e-03  -5.7702233e-02
   3.7700000e+01  -7.1300761e-03  -2.2027927e-02
   3.7800000e+01  -8.3360467e-03   2.1098317e-02
   3.7900000e+01  -4.7246052e-03   5.7644724e-02
   3.8000000e+01  -4.0160138e-03   7.2824576e-02
   3.8100000e+01  -5.1043555e-03   6.3425837e-02
   3.8200000e+01   3.1063488e-03   4.0174730e-02
   3.8300000e+01   2.9171378e-02   1.8154071e-02
   3.8400000e+01   6.6080021e-02   6.9222158e-03
   3.8500000e+01   9.3278984e-02   9.0272070e-03
   3.8600000e+01   9.4187434e-02   2.2704176e-02
   3.8700000e+01   7.2135433e-02   4.1758169e-02
   3.8800000e+01   4.7669957e-02   5.5231384e-02
   3.8900000e+01   3.9375886e-02   5.3464725e-02
   3.9000000e+01   4.7877613e-02   3.7169186e-02
   3.9100000e+01   5.8629260e-02   1.7815621e-02
   3.9200000e+01   5.8524432e-02   6.4588972e-03
   3.9300000e+01   4.7938711e-02   3.5419015e-03
   3.9400000e+01   3.7183581e-02   1.7642463e-03
   3.9500000e+01   3.3683502e-02  -3.0022041e-03
   3.9600000e+01   3.4073617e-02  -7.8553967e-03
   3.9700000e+01   2.8288349e-02  -9.9313429e-03
   3.9800000e+01   1.0671836e-02  -1.1969509e-02
   3.9900000e+01  -1.2638137e-02  -1.6592603e-02
   4.0000000e+01  -2.7389227e-02  -1.7941035e-02
   4.0100000e+01  -2.3973379e-02  -6.2394232e-03
   4.0200000e+01  -8.3222202e-03   1.6567771e-02
   4.0300000e+01   6.5950203e-04   3.1406644e-02
   4.0400000e+01  -1.2546465e-02   2.0017443e-02
   4.0500000e+01  -4.4269153e-02  -1.0979355e-02
   4.0600000e+01  -7.2862900e-02  -3.0907668e-02
   4.0700000e+01  -7.7637246e-02  -1.5943681e-02
   4.0800000e+01  -5.7754043e-02   2.2639026e-02
   4.0900000e+01  -3.2696151e-02   4.7413816e-02
   4.1000000e+01  -2.4473096e-02   3.4104754e-02
   4.1100000e+01  -3.9292972e-02  -1.9773744e-03
   4.1200000e+01  -6.4816750e-02  -2.1915585e-02
   4.1300000e+01  -8.2442898e-02  -3.0732132e-03
   4.1400000e+01  -8.1380475e-02   4.0525801e-02
   4.1500000e+01  -6.3467354e-02   7.5384858e-02
   4.1600000e+01  -3.8270232e-02   8.0141163e-02
   4.1700000e+01  -1.4998174e-02   5.9305789e-02
   4.1800000e+01   2.5537448e-03   3.2447325e-02
   4.1900000e+01   1.5555655e-02   1.5972502e-02
   4.2000000e+01   2.5593037e-02   1.3518999e-02
   4.2100000e+01   3.0579013e-02   1.7306513e-02
   4.2200000e+01   2.5990881e-02   1.6010910e-02
   4.2300000e+01   1.1411143e-02   4.4668975e-03
   4.2400000e+01  -4.4475251e-03  -1.1361379e-02
   4.2500000e+01  -7.6669937e-03  -2.0081743e-02
   4.2600000e+01   9.1611452e-03  -1.7229883e-02
   4.2700000e+01   3.8131253e-02  -1.0578286e-02
   4.2800000e+01   5.9967176e-02  -1.1217390e-02
   4.2900000e+01   5.8728403e-02  -2.1004691e-02
   4.3000000e+01   3.4560219e-02  -3.2269061e-02
   4.3100000e+01   3.3708416e-03  -3.9659980e-02
   4.3200000e+01  -1.5711155e-02  -4.7834769e-02
   4.3300000e+01  -1.4059453e-02  -6.4472483e-02
   4.3400000e+01   2.1512991e-03  -8.7832441e-02
   4.3500000e+01   1.8872567e-02  -1.0511508e-01
   4.3600000e+01   2.5603011e-02  -1.0388623e-01
   4.3700000e+01   2.2349285e-02  -8.3194179e-02
   4.3800000e+01   1.7378735e-02  -5.2888511e-02
   4.3900000e+01   1.8169795e-02  -2.4125906e-02
   4.4000000e+01   2.3458836e-02  -2.3603226e-03
   4.4100000e+01   2.3849357e-02   1.1488770e-02
   4.4200000e+01   1.1185301e-02   1.6138609e-02
   4.4300000e+01  -1.1843284e-02   8.6604465e-03
   4.4400000e+01  -3.1918413e-02  -1.1479026e-02
   4.4500000e+01  -3.6371500e-02  -3.8010830e-02
   4.4600000e+01  -2.5261067e-02  -5.8770132e-02
   4.4700000e+01  -1.1866776e-02  -6.2139473e-02
   4.4800000e+01  -9.9962139e-03  -4.3631009e-02
   4.4900000e+01  -2.0109218e-02  -7.5173968e-03
   4.5000000e+01  -2.8465082e-02   3.6017899e-02
   4.5100000e+01  -2.0905547e-02   7.4091036e-02
   4.5200000e+01   2.3045697e-03   9.3432256e-02
   4.5300000e+01   2.5893770e-02   8.4963311e-02
   4.5400000e+01   3.4124921e-02   5.1462563e-02
   4.5500000e+01   2.5496690e-02   1.1319279e-02
   4.5600000e+01   1.2612177e-02  -1.0220040e-02
   4.5700000e+01   8.2969398e-03   3.5170329e-04
   4.5800000e+01   1.3483503e-02   3.2485310e-02
   4.5900000e+01   1.9256723e-02   5.9534851e-02
   4.6000000e+01   1.8983319e-02   6.1498964e-02
   4.6100000e+01   1.5769377e-02   4.0670027e-02
   4.6200000e+01   1.7207196e-02   1.5192413e-02
   4.6300000e+01   2.4703790e-02  -5.1331857e-04
   4.6400000e+01   3.0657226e-02  -6.1441306e-03
   4.6500000e+01   2.7059591e-02  -7.6063724e-03
   4.6600000e+01   1.5453198e-02  -4.7706385e-03
   4.6700000e+01   6.2895537e-03   7.3961940e-03
   4.6800000e+01   7.7756572e-03   2.6490519e-02
   4.6900000e+01   1.6546947e-02   3.8093936e-02
   4.7000000e+01   2.0772472e-02   2.8781207e-02
   4.7100000e+01   1.2205060e-02   2.8558263e-03
   4.7200000e+01  -6.4268853e-03  -1.8292041e-02
   4.7300000e+01  -2.6232010e-02  -1.5994594e-02
   4.7400000e+01  -4.1817970e-02   7.3688101e-03
   4.7500000e+01  -5.3444691e-02   3.0947356e-02
   4.7600000e+01  -6.0572225e-02   3.5697371e-02
   4.7700000e+01  -5.8067839e-02   2.1433776e-02
   4.7800000e+01  -4.2611841e-02   4.9657374e-03
   4.7900000e+01  -2.1447856e-02   3.4510752e-03
   4.8000000e+01  -9.7362089e-03   1.9851709e-02
   4.8100000e+01  -1.5967940e-02   4.2373266e-02
   4.8200000e+01  -3.1251996e-02   5.5390377e-02
   4.8300000e+01  -3.6328288e-02   5.0725702e-02
   4.8400000e+01  -2.0709011e-02   3.1228585e-02
   4.8500000e+01   5.9948290e-03   6.8622006e-03
   4.8600000e+01   2.2889910e-02  -1.2064123e-02
   4.8700000e+01   1.7979101e-02  -2.0712749e-02
   4.8800000e+01  -6.1863714e-04  -2.2228243e-02
   4.8900000e+01  -1.3013871e-02  -2.4949162e-02
   4.9000000e+01  -6.2341971e-03  -3.4928520e-02
   4.9100000e+01   1.5224265e-02  -4.9503463e-02
   4.9200000e+01   3.5689207e-02  -5.8756078e-02
   4.9300000e+01   4.2924248e-02  -5.4553322e-02
   4.9400000e+01   3.6162059e-02  -3.8436387e-02
   4.9500000e+01   2.2355985e-02  -2.0591834e-02
   4.9600000e+01   8.4360588e-03  -1.1722902e-02
   4.9700000e+01  -1.3594785e-03  -1.6003814e-02
   4.9800000e+01  -3.6801884e-03  -2.9851200e-02
   4.9900000e+01   3.3571827e-03  -4.4761090e-02
   5.0000000e+01   1.5899897e-02  -5.1396258e-02
   5.0100000e+01   2.3554931e-02  -4.4415893e-02
   5.0200000e+01   1.7029622e-02  -2.6654759e-02
   5.0300000e+01  -2.2042495e-03  -8.5793329e-03
   5.0400000e+01  -2.1762178e-02  -1.2968417e-03
   5.0500000e+01  -2.9540304e-02  -8.2048329e-03
   5.0600000e+01  -2.4623837e-02  -2.2804145e-02
   5.0700000e+01  -1.6179227e-02  -3.4293866e-02
   5.0800000e+01  -1.2551060e-02  -3.5330499e-02
   5.0900000e+01  -1.3691218e-02  -2.5671045e-02
   5.1000000e+01  -1.4691983e-02  -1.0293260e-02
   5.1100000e+01  -1.3971502e-02   5.1078776e-03
   5.1200000e+01  -1.4812944e-02   1.7422904e-02
   5.1300000e+01  -1.9056316e-02   2.6100183e-02
   5.1400000e+01  -2.2739157e-02   3.0968017e-02
   5.1500000e+01  -2.0421589e-02   3.1582093e-02
   5.1600000e+01  -1.2102690e-02   2.9560628e-02
   5.1700000e+01  -2.2722565e-03   2.9769726e-02
   5.1800000e+01   8.0805931e-03   3.5798473e-02
   5.1900000e+01   2.4063218e-02   4.3557200e-02
   5.2000000e+01   4.7584587e-02   4.2991172e-02
   5.2100000e+01   6.7407207e-02   2.9532200e-02
   5.2200000e+01   6.4727642e-02   1.2030273e-02
   5.2300000e+01   3.2493619e-02   4.5596585e-03
   5.2400000e+01  -1.2903981e-02   9.5407518e-03
   5.2500000e+01  -4.3285210e-02   1.3565966e-02
   5.2600000e+01  -4.2996994e-02   3.3617803e-03
   5.2700000e+01  -2.0378762e-02  -1.6991089e-02
   5.2800000e+01   3.8358856e-03  -2.9755265e-02
   5.2900000e+01   1.5658304e-02  -2.4208930e-02
   5.3000000e+01   1.4429913e-02  -8.5349164e-03
   5.3100000e+01   5.7212432e-03   1.4196028e-03
   5.3200000e+01  -5.3363935e-03   1.4671595e-03
   5.3300000e+01  -1.2916168e-02   2.4201944e-03
   5.3400000e+01  -9.2632620e-03   1.4748237e-02
   5.3500000e+01   8.8121419e-03   3.4376091e-02
   5.3600000e+01   3.2150645e-02   4.5773378e-02
   5.3700000e+01   4.3034035e-02   3.7077645e-02
   5.3800000e+01   3.0687370e-02   1.0700606e-02
   5.3900000e+01   2.6011777e-03  -1.8750297e-02
   5.4000000e+01  -2.1832677e-02  -3.4612243e-02
   5.4100000e+01  -2.9493808e-02  -2.8553978e-02
   5.4200000e+01  -2.4271598e-02  -6.3325764e-03
   5.4300000e+01  -1.9651993e-02   1.4774016e-02
   5.4400000e+01  -2.2594706e-02   1.8275357e-02
   5.4500000e+01  -2.6684982e-02   3.2597888e-03
   5.4600000e+01  -2.0812369e-02  -1.2878332e-02
   5.4700000e+01  -2.3467751e-03  -1.0359347e-02
   5.4800000e+01   1.9620478e-02   1.1921974e-02
   5.4900000e+01   3.3064282e-02   3.2883228e-02
   5.5000000e+01   3.3461485e-02   2.9326162e-02
   5.5100000e+01   2.6004779e-02  -5.2134148e-04
   5.5200000e+01   1.9710432e-02  -3.4916361e-02
   5.5300000e+01   2.0286113e-02  -4.9478616e-02
   5.5400000e+01   2.6783310e-02  -3.8108492e-02
   5.5500000e+01   3.2439323e-02  -1.3583700e-02
   5.5600000e+01   2.8713631e-02   8.2689090e-03
   5.5700000e+01   1.1531581e-02   2.1066505e-02
   5.5800000e+01  -1.3665843e-02   2.6206292e-02
   5.5900000e+01  -3.3522692e-02   2.4859391e-02
   5.6000000e+01  -3.6208733e-02   1.6071270e-02
   5.6100000e+01  -2.1195204e-02   1.7393726e-03
   5.6200000e+01   6.6598144e-04  -1.0825435e-02
   5.6300000e+01   1.7469274e-02  -1.4062083e-02
   5.6400000e+01   2.5951590e-02  -7.5286176e-03
   5.6500000e+01   3.0192502e-02   1.2822385e-03
   5.6600000e+01   3.2572535e-02   3.9390296e-03
   5.6700000e+01   2.9868513e-02  -1.4216845e-03
   5.6800000e+01   1.9727008e-02  -9.4994171e-03
   5.6900000e+01   7.4383900e-03  -1.3946049e-02
   5.7000000e+01   1.4337227e-03  -1.3254405e-02
   5.7100000e+01   1.9115996e-03  -1.0610128e-02
   5.7200000e+01  -1.2980300e-03  -9.1595539e-03
   5.7300000e+01  -1.6348136e-02  -8.9871472e-03
   5.7400000e+01  -3.7660612e-02  -8.8887216e-03
   5.7500000e+01  -5.1347696e-02  -9.2254760e-03
   5.7600000e+01  -5.2055164e-02  -1.1019910e-02
   5.7700000e+01  -4.9118688e-02  -1.2585216e-02
   5.7800000e+01  -5.2948534e-02  -9.4742586e-03
   5.7900000e+01  -5.9006783e-02   6.1979559e-04
   5.8000000e+01  -5.1211460e-02   1.3735802e-02
   5.8100000e+01  -2.2313756e-02   2.1956797e-02
   5.8200000e+01   1.3061270e-02   1.9968435e-02
   5.8300000e+01   2.8997944e-02   8.6918110e-03
   5.8400000e+01   1.1921661e-02  -6.8594697e-03
   5.8500000e+01  -2.6668159e-02  -2.1456806e-02
   5.8600000e+01  -5.9644332e-02  -3.1108241e-02
   5.8700000e+01  -6.5858457e-02  -3.2988894e-02
   5.8800000e+01  -4.5279789e-02  -2.6327626e-02
   5.8900000e+01  -1.6619312e-02  -1.3224322e-02
   5.9000000e+01  -5.5728925e-04   2.9407656e-03
   5.9100000e+01  -2.6238153e-03   1.9819339e-02
   5.9200000e+01  -1.0487101e-02   3.5125941e-02
   5.9300000e+01  -8.1096514e-03   4.3434130e-02
   5.9400000e+01   7.5039105e-03   3.7417335e-02
   5.9500000e+01   2.4696154e-02   1.5952990e-02
   5.9600000e+01   3.1801078e-02  -9.4968336e-03
   5.9700000e+01   3.0213590e-02  -2.1011203e-02
   5.9800000e+01   3.0378038e-02  -1.0452934e-02
   5.9900000e+01   3.6810208e-02   1.0625429e-02
   6.0000000e+01   4.1766386e-02   2.0030006e-02
   6.0100000e+01   3.5305184e-02   5.7788084e-03
   6.0200000e+01   1.8366923e-02  -2.1889920e-02
   6.0300000e+01   2.5929069e-03  -3.9489398e-02
   6.0400000e+01  -1.8983453e-03  -3.1301993e-02
   6.0500000e+01   4.3603450e-03  -2.5310181e-03
   6.0600000e+01   1.3169793e-02   2.6298081e-02
   6.0700000e+01   1.7571788e-02   3.6812476e-02
   6.0800000e+01   1.6125349e-02   2.6236226e-02
   6.0900000e+01   1.0691398e-02   6.7193622e-03
   6.1000000e+01   3.4734661e-03  -6.5382872e-03
   6.1100000e+01  -3.0559481e-03  -7.0287498e-03
   6.1200000e+01  -5.5422414e-03   7.0071492e-04
   6.1300000e+01  -1.5239177e-03   7.8703978e-03
   6.1400000e+01   7.2475233e-03   9.5114473e-03
   6.1500000e+01   1.3826660e-02   6.5326343e-03
   6.1600000e+01   1.0287189e-02   2.0248418e-03
   6.1700000e+01  -4.4810993e-03  -2.4806720e-03
   6.1800000e+01  -2.0026456e-02  -6.8907924e-03
   6.1900000e+01  -1.9672712e-02  -1.0160616e-02
   6.2000000e+01   5.0944739e-03  -9.3890894e-03
   6.2100000e+01   4.3396055e-02  -1.5751189e-03
   6.2200000e+01   7.0048856e-02   1.3632626e-02
   6.2300000e+01   6.5547219e-02   3.2057474e-02
   6.2400000e+01   3.3112968e-02   4.5177472e-02
   6.2500000e+01  -3.8331997e-03   4.3560095e-02
   6.2600000e+01  -2.1216156e-02   2.3409453e-02
   6.2700000e+01  -1.1996824e-02  -7.7596548e-03
   6.2800000e+01   1.2881205e-02  -3.2571924e-02
   6.2900000e+01   3.7325042e-02  -3.4308320e-02
   6.3000000e+01   5.2348713e-02  -9.7814702e-03
   6.3100000e+01   5.8037753e-02   2.6207677e-02
   6.3200000e+01   5.7405474e-02   4.9666427e-02
   6.3300000e+01   5.0614453e-02   4.3390818e-02
   6.3400000e+01   3.5363879e-02   8.3985969e-03
   6.3500000e+01   1.2422497e-02  -3.6870185e-02
   6.3600000e+01  -1.0065577e-02  -6.8225519e-02
   6.3700000e+01  -1.9861924e-02  -7.0356768e-02
   6.3800000e+01  -1.1109171e-02  -4.5691959e-02
   6.3900000e+01   7.2574225e-03  -1.2421526e-02
   6.4000000e+01   1.5597525e-02   7.4344602e-03
   6.4100000e+01  -3.7172345e-04   2.8021444e-03
   6.4200000e+01  -3.5517906e-02  -1.9033130e-02
   6.4300000e+01  -6.7662507e-02  -3.8624660e-02
   6.4400000e+01  -7.5559558e-02  -4.0111706e-02
   6.4500000e+01  -5.6184842e-02  -2.3744528e-02
   6.4600000e+01  -2.5883283e-02  -4.3716299e-03
   6.4700000e+01  -5.8282711e-03   2.4774318e-03
   6.4800000e+01  -6.2249583e-03  -6.1738485e-03
   6.4900000e+01  -2.2433459e-02  -2.0065732e-02
   6.5000000e+01  -4.3150984e-02  -2.6705404e-02
   6.5100000e+01  -6.0163176e-02  -2.2277436e-02
   6.5200000e+01  -7.0607096e-02  -1.2474068e-02
   6.5300000e+01  -7.2911389e-02  -4.5090838e-03
   6.5400000e+01  -6.4734076e-02   3.5740251e-04
   6.5500000e+01  -4.7079132e-02   6.9413557e-03
   6.5600000e+01  -2.8361348e-02   2.0306047e-02
   6.5700000e+01  -1.9617164e-02   4.0102698e-02
   6.5800000e+01  -2.3129995e-02   5.9435539e-02
   6.5900000e+01  -2.8236434e-02   6.8530912e-02
   6.6000000e+01  -2.2381704e-02   6.0968846e-02
   6.6100000e+01  -6.3071369e-03   3.8969641e-02
   6.6200000e+01   5.5128320e-03   1.3603437e-02
   6.6300000e+01   1.0887694e-03  -2.0106276e-03
   6.6400000e+01  -1.5729206e-02  -2.5176629e-03
   6.6500000e+01  -3.0988592e-02   5.4618517e-03
   6.6600000e+01  -3.6936343e-02   9.8607672e-03
   6.6700000e+01  -3.7511683e-02   5.1549840e-03
   6.6800000e+01  -3.7907437e-02  -2.1934108e-03
   6.6900000e+01  -3.4892876e-02  -1.1021068e-03
   6.7000000e+01  -2.1630782e-02   1.1273800e-02
   6.7100000e+01   9.6913695e-04   2.5194342e-02
   6.7200000e+01   2.2889447e-02   2.7784819e-02
   6.7300000e+01   3.4988423e-02   1.6138305e-02
   6.7400000e+01   3.6538408e-02  -6.6945608e-04
   6.7500000e+01   3.2212344e-02  -1.2784522e-02
   6.7600000e+01   2.5552743e-02  -2.0258873e-02
   6.7700000e+01   1.7928398e-02  -2.9785127e-02
   6.7800000e+01   1.1318369e-02  -4.1560337e-02
   6.7900000e+01   8.6464769e-03  -4.3993772e-02
   6.8000000e+01   1.1986299e-02  -2.5448824e-02
   6.8100000e+01   2.2714702e-02   9.4815515e-03
   6.8200000e+01   4.1901425e-02   3.9363731e-02
   6.8300000e+01   6.6381967e-02   4.3939748e-02
   6.8400000e+01   8.4541360e-02   2.2128112e-02
   6.8500000e+01   8.2185033e-02  -8.3330489e-03
   6.8600000e+01   5.7867515e-02  -2.7266874e-02
   6.8700000e+01   3.0326413e-02  -2.6892879e-02
   6.8800000e+01   2.4251703e-02  -1.3428976e-02
   6.8900000e+01   4.5683950e-02   1.0631631e-03
   6.9000000e+01   7.4108111e-02   7.4549620e-03
   6.9100000e+01   8.2028801e-02   4.4735390e-03
   6.9200000e+01   6.2081790e-02  -1.2250673e-03
   6.9300000e+01   3.3255938e-02  -8.9970640e-04
   6.9400000e+01   2.0984950e-02   7.2069956e-03
   6.9500000e+01   3.2867255e-02   1.4649665e-02
   6.9600000e+01   5.3491099e-02   1.1403499e-02
   6.9700000e+01   6.0463575e-02  -1.8632145e-03
   6.9800000e+01   4.4378818e-02  -1.3384833e-02
   6.9900000e+01   1.5318060e-02  -1.4122622e-02
   7.0000000e+01  -7.2370328e-03  -9.0769940e-03
   7.0100000e+01  -1.0707907e-02  -1.0821831e-02
   7.0200000e+01   1.4522332e-03  -2.2687360e-02
   7.0300000e+01   1.4043637e-02  -3.3369830e-02
   7.0400000e+01   1.3166529e-02  -3.0524648e-02
   7.0500000e+01  -3.2131072e-03  -1.6246405e-02
   7.0600000e+01  -2.5653132e-02  -4.9586161e-03
   7.0700000e+01  -4.3121767e-02  -6.8759933e-03
   7.0800000e+01  -5.2537519e-02  -1.7538693e-02
   7.0900000e+01  -5.9049708e-02  -2.4423797e-02
   7.1000000e+01  -6.7576241e-02  -2.0275929e-02
   7.1100000e+01  -7.5002026e-02  -7.7203467e-03
   7.1200000e+01  -7.1997407e-02   6.1639124e-03
   7.1300000e+01  -5.3628879e-02   1.5456675e-02
   7.1400000e+01  -2.8063301e-02   1.6323147e-02
   7.1500000e+01  -1.2933068e-02   7.6024672e-03
   7.1600000e+01  -2.0450460e-02  -6.3140198e-03
   7.1700000e+01  -4.4697323e-02  -1.5520942e-02
   7.1800000e+01  -6.4656473e-02  -1.1770843e-02
   7.1900000e+01  -6.2319085e-02   3.0890761e-03
   7.2000000e+01  -3.9533996e-02   1.7442090e-02
   7.2100000e+01  -1.6639778e-02   1.9987531e-02
   7.2200000e+01  -1.2890662e-02   9.6752066e-03
   7.2300000e+01  -2.7230997e-02  -3.8116645e-03
   7.2400000e+01  -3.8776713e-02  -8.3497386e-03
   7.2500000e+01  -2.7324633e-02   1.3727092e-03
   7.2600000e+01   6.0347789e-03   2.0254974e-02
   7.2700000e+01   3.8738797e-02   3.6374389e-02
   7.2800000e+01   4.7292469e-02   3.9172105e-02
   7.2900000e+01   2.8107582e-02   2.6958840e-02
   7.3000000e+01  -1.5559428e-03   8.0690848e-03
   7.3100000e+01  -2.1806751e-02  -5.7602441e-03
   7.3200000e+01  -2.7346106e-02  -8.2201899e-03
   7.3300000e+01  -2.6436768e-02  -1.4712781e-03
   7.3400000e+01  -2.5872615e-02   8.5794353e-03
   7.3500000e+01  -2.1736080e-02   1.8414817e-02
   7.3600000e+01  -7.3978054e-03   2.7221771e-02
   7.3700000e+01   1.2063156e-02   3.2052063e-02
   7.3800000e+01   1.9192923e-02   2.5910485e-02
   7.3900000e+01   1.6409856e-03   4.2520043e-03
   7.4000000e+01  -3.0851025e-02  -2.5643460e-02
   7.4100000e+01  -5.1059569e-02  -4.4840913e-02
   7.4200000e+01  -3.8883465e-02  -3.7203676e-02
   7.4300000e+01  -1.4621941e-03  -6.0734931e-03
   7.4400000e+01   3.2489364e-02   2.5595464e-02
   7.4500000e+01   3.9020074e-02   3.5348303e-02
   7.4600000e+01   1.9840836e-02   2.2224174e-02
   7.4700000e+01  -1.8626452e-03   5.7707002e-03
   7.4800000e+01  -4.6406341e-03   3.7266325e-03
   7.4900000e+01   1.2368444e-02   1.3379257e-02
   7.5000000e+01   3.1218606e-02   1.7012534e-02
   7.5100000e+01   3.2915396e-02   3.4156887e-03
   7.5200000e+01   1.3773094e-02  -1.9966292e-02
   7.5300000e+01  -1.2273176e-02  -3.5934403e-02
   7.5400000e+01  -2.4795386e-02  -3.4114473e-02
   7.5500000e+01  -1.1916117e-02  -1.6871686e-02
   7.5600000e+01   2.0911287e-02   6.8113033e-03
   7.5700000e+01   5.4043064e-02   2.7823698e-02
   7.5800000e+01   6.7275734e-02   3.8127468e-02
   7.5900000e+01   5.4876569e-02   3.2148409e-02
   7.6000000e+01   3.0036205e-02   1.1890062e-02
   7.6100000e+01   1.3958855e-02  -1.0765981e-02
   7.6200000e+01   1.8304543e-02  -2.1254357e-02
   7.6300000e+01   3.6545193e-02  -1.3875928e-02
   7.6400000e+01   5.1519056e-02   4.1763169e-03
   7.6500000e+01   5.0777550e-02   1.9781752e-02
   7.6600000e+01   3.4960770e-02   2.3368017e-02
   7.6700000e+01   1.3726060e-02   1.2507305e-02
   7.6800000e+01  -3.0871895e-03  -9.2926757e-03
   7.6900000e+01  -9.5554343e-03  -3.3598212e-02
   7.7000000e+01  -2.9290152e-03  -4.8556339e-02
   7.7100000e+01   1.5621383e-02  -4.5205707e-02
   7.7200000e+01   3.7632787e-02  -2.6247127e-02
   7.7300000e+01   4.8389211e-02  -7.1745192e-03
   7.7400000e+01   3.6839596e-02  -4.5122902e-03
   7.7500000e+01   6.7665910e-03  -2.0567392e-02
   7.7600000e+01  -2.3841833e-02  -4.0627094e-02
   7.7700000e+01  -3.7360705e-02  -4.6839061e-02
   7.7800000e+01  -3.1407337e-02  -3.5114218e-02
   7.7900000e+01  -1.9066983e-02  -1.7787290e-02
   7.8000000e+01  -1.5013979e-02  -9.9118332e-03
   7.8100000e+01  -2.2455459e-02  -1.4114875e-02
   7.8200000e+01  -3.3122271e-02  -1.9428885e-02
   7.8300000e+01  -3.7650610e-02  -1.3981368e-02
   7.8400000e+01  -3.4262942e-02   2.5634085e-03
   7.8500000e+01  -2.8115908e-02   1.9168804e-02
   7.8600000e+01  -2.4228072e-02   2.4799271e-02
   7.8700000e+01  -2.2103084e-02   1.9020678e-02
   7.8800000e+01  -1.7121319e-02   1.1888163e-02
   7.8900000e+01  -6.9407509e-03   1.3790577e-02
   7.9000000e+01   3.9274018e-03   2.4683308e-02
   7.9100000e+01   7.2604061e-03   3.2642408e-02
   7.9200000e+01   1.0944107e-04   2.4296383e-02
   7.9300000e+01  -1.0191429e-02  -7.2804757e-04
   7.9400000e+01  -1.2462976e-02  -2.4988092e-02
   7.9500000e+01  -3.8968784e-03  -2.5632580e-02
   7.9600000e+01   6.4432525e-03   4.4669080e-03
   7.9700000e+01   8.2958959e-03   4.6757417e-02
   7.9800000e+01   2.4239525e-03   6.9946755e-02
   7.9900000e+01  -1.6079681e-03   5.5214511e-02
   8.0000000e+01   6.8712811e-04   1.1100985e-02
