   1.0221618e+02   2.8602761e+01   2.5212700e+03
   1.0221654e+02   2.8310862e+01   2.0640100e+03
   0.0000000e+00  -3.8063056e-01  -3.8063056e-01
   1.0000000e-01  -3.3827271e-01  -4.0979377e-01
   2.0000000e-01  -2.9474498e-01  -4.1240219e-01
   3.0000000e-01  -2.4790149e-01  -3.8524125e-01
   4.0000000e-01  -1.8056134e-01  -3.3666331e-01
   5.0000000e-01  -7.6225226e-02  -2.7949895e-01
   6.0000000e-01   6.0852023e-02  -2.2307262e-01
   7.0000000e-01   2.0134466e-01  -1.7037950e-01
   8.0000000e-01   3.0992602e-01  -1.2074329e-01
   9.0000000e-01   3.7258727e-01  -7.4198330e-02
   1.0000000e+00   4.0769514e-01  -3.4432057e-02
   1.1000000e+00   4.5120546e-01  -9.9923326e-03
   1.2000000e+00   5.3013011e-01  -1.3936314e-02
   1.3000000e+00   6.4623389e-01  -5.9805663e-02
   1.4000000e+00   7.7858525e-01  -1.5215466e-01
   1.5000000e+00   8.9689027e-01  -2.7619753e-01
   1.6000000e+00   9.7480462e-01  -3.9730812e-01
   1.7000000e+00   1.0000000e+00  -4.7685359e-01
   1.8000000e+00   9.8024234e-01  -4.9623318e-01
   1.9000000e+00   9.3943602e-01  -4.7021883e-01
   2.0000000e+00   8.9890068e-01  -4.3695788e-01
   2.1000000e+00   8.5486462e-01  -4.3100417e-01
   2.2000000e+00   7.7624348e-01  -4.5955441e-01
   2.3000000e+00   6.3350674e-01  -4.9884247e-01
   2.4000000e+00   4.3541894e-01  -5.1232606e-01
   2.5000000e+00   2.3384008e-01  -4.7769816e-01
   2.6000000e+00   8.4479887e-02  -4.0398381e-01
   2.7000000e+00  -6.2929275e-04  -3.2529291e-01
   2.8000000e+00  -5.9692078e-02  -2.7348175e-01
   2.9000000e+00  -1.3883669e-01  -2.5026862e-01
   3.0000000e+00  -2.4563174e-01  -2.2392946e-01
   3.1000000e+00  -3.4691597e-01  -1.5656455e-01
   3.2000000e+00  -4.0935689e-01  -3.9022725e-02
   3.3000000e+00  -4.3497098e-01   9.8761131e-02
   3.4000000e+00  -4.5382631e-01   2.1191629e-01
   3.5000000e+00  -4.8752308e-01   2.7708739e-01
   3.6000000e+00  -5.2797784e-01   3.0947043e-01
   3.7000000e+00  -5.5305401e-01   3.4854396e-01
   3.8000000e+00  -5.5581915e-01   4.2705694e-01
   3.9000000e+00  -5.5174219e-01   5.4728344e-01
   4.0000000e+00  -5.5819858e-01   6.7893318e-01
   4.1000000e+00  -5.7293850e-01   7.7748937e-01
   4.2000000e+00  -5.7574607e-01   8.1066791e-01
   4.3000000e+00  -5.4884819e-01   7.7707052e-01
   4.4000000e+00  -4.9285096e-01   7.0553605e-01
   4.5000000e+00  -4.2394216e-01   6.3546668e-01
   4.6000000e+00  -3.5920811e-01   5.9153184e-01
   4.7000000e+00  -3.0625135e-01   5.7077923e-01
   4.8000000e+00  -2.6503233e-01   5.5108653e-01
   4.9000000e+00  -2.3608748e-01   5.1286018e-01
   5.0000000e+00  -2.2371744e-01   4.5474176e-01
   5.1000000e+00  -2.2941624e-01   3.8964225e-01
   5.2000000e+00  -2.4287173e-01   3.2641152e-01
   5.3000000e+00  -2.4298462e-01   2.5724120e-01
   5.4000000e+00  -2.1247931e-01   1.6524253e-01
   5.5000000e+00  -1.5434919e-01   4.4703703e-02
   5.6000000e+00  -9.3396403e-02  -8.8203723e-02
   5.7000000e+00  -5.8756973e-02  -2.0670070e-01
   5.8000000e+00  -6.1204962e-02  -2.9512806e-01
   5.9000000e+00  -8.3809946e-02  -3.5872342e-01
   6.0000000e+00  -9.2652911e-02  -4.1324049e-01
   6.1000000e+00  -5.8933220e-02  -4.6816697e-01
   6.2000000e+00   2.2316854e-02  -5.2183071e-01
   6.3000000e+00   1.2781243e-01  -5.7041025e-01
   6.4000000e+00   2.1861996e-01  -6.1648207e-01
   6.5000000e+00   2.6347892e-01  -6.6520090e-01
   6.6000000e+00   2.5912994e-01  -7.1299545e-01
   6.7000000e+00   2.3356078e-01  -7.4370601e-01
   6.8000000e+00   2.2822758e-01  -7.3850653e-01
   6.9000000e+00   2.7021683e-01  -6.8974895e-01
   7.0000000e+00   3.5312048e-01  -6.0483117e-01
   7.1000000e+00   4.3975318e-01  -4.9840515e-01
   7.2000000e+00   4.8545907e-01  -3.8364494e-01
   7.3000000e+00   4.6749107e-01  -2.7095831e-01
   7.4000000e+00   4.0112804e-01  -1.7072348e-01
   7.5000000e+00   3.2994190e-01  -9.2126031e-02
   7.6000000e+00   2.9449622e-01  -3.7611105e-02
   7.7000000e+00   3.0152037e-01   2.8355109e-04
   7.8000000e+00   3.1892049e-01   3.5476377e-02
   7.9000000e+00   3.0294930e-01   8.0696480e-02
   8.0000000e+00   2.3556656e-01   1.3996548e-01
   8.1000000e+00   1.3933998e-01   2.0463031e-01
   8.2000000e+00   5.7303822e-02   2.5758459e-01
   8.3000000e+00   1.7648342e-02   2.8802034e-01
   8.4000000e+00   1.5122639e-02   3.0689515e-01
   8.5000000e+00   2.1491672e-02   3.4366214e-01
   8.6000000e+00   9.5642840e-03   4.1829521e-01
   8.7000000e+00  -3.1185049e-02   5.1284743e-01
   8.8000000e+00  -9.3373308e-02   5.7632686e-01
   8.9000000e+00  -1.5702644e-01   5.6488484e-01
   9.0000000e+00  -1.9718550e-01   4.7903668e-01
   9.1000000e+00  -1.9690483e-01   3.6140483e-01
   9.2000000e+00  -1.6193332e-01   2.6212884e-01
   9.3000000e+00  -1.2112997e-01   2.1000203e-01
   9.4000000e+00  -1.0379794e-01   2.0939045e-01
   9.5000000e+00  -1.1181848e-01   2.4727665e-01
   9.6000000e+00  -1.1737219e-01   2.9313465e-01
   9.7000000e+00  -9.2787756e-02   3.0299953e-01
   9.8000000e+00  -4.1943387e-02   2.4579166e-01
   9.9000000e+00   1.6155198e-03   1.3594917e-01
   1.0000000e+01   8.5204653e-03   3.0994550e-02
   1.0100000e+01  -1.6367564e-02  -1.6709637e-02
   1.0200000e+01  -3.7611337e-02  -8.2660876e-03
   1.0300000e+01  -2.1196021e-02   6.5746391e-03
   1.0400000e+01   3.4985395e-02  -1.7866870e-02
   1.0500000e+01   9.6640994e-02  -8.1781228e-02
   1.0600000e+01   1.1764889e-01  -1.5150129e-01
   1.0700000e+01   7.7328589e-02  -2.0145617e-01
   1.0800000e+01   3.0443769e-03  -2.3424117e-01
   1.0900000e+01  -4.4818897e-02  -2.6344529e-01
   1.1000000e+01  -2.0941687e-02  -2.9177482e-01
   1.1100000e+01   6.3199203e-02  -3.1381489e-01
   1.1200000e+01   1.4619683e-01  -3.3134969e-01
   1.1300000e+01   1.6996637e-01  -3.5213832e-01
   1.1400000e+01   1.2816687e-01  -3.7243530e-01
   1.1500000e+01   6.2882077e-02  -3.7284713e-01
   1.1600000e+01   1.8373578e-02  -3.4079663e-01
   1.1700000e+01   3.1733528e-03  -2.9246499e-01
   1.1800000e+01  -5.8979695e-03  -2.6121474e-01
   1.1900000e+01  -3.3636971e-02  -2.6069540e-01
   1.2000000e+01  -8.6034188e-02  -2.6577159e-01
   1.2100000e+01  -1.5145061e-01  -2.3563884e-01
   1.2200000e+01  -2.0926317e-01  -1.5396050e-01
   1.2300000e+01  -2.3575377e-01  -4.2970105e-02
   1.2400000e+01  -2.1344039e-01   5.8572104e-02
   1.2500000e+01  -1.4721361e-01   1.2524259e-01
   1.2600000e+01  -7.2525752e-02   1.5550168e-01
   1.2700000e+01  -3.8669454e-02   1.6445163e-01
   1.2800000e+01  -7.3832125e-02   1.7380210e-01
   1.2900000e+01  -1.6113873e-01   2.0261500e-01
   1.3000000e+01  -2.4832493e-01   2.5510136e-01
   1.3100000e+01  -2.8401375e-01   3.1320208e-01
   1.3200000e+01  -2.5127165e-01   3.4793952e-01
   1.3300000e+01  -1.7390743e-01   3.4448859e-01
   1.3400000e+01  -9.4803435e-02   3.1445845e-01
   1.3500000e+01  -4.5970594e-02   2.8001373e-01
   1.3600000e+01  -3.2071407e-02   2.4895841e-01
   1.3700000e+01  -3.5123124e-02   2.1151450e-01
   1.3800000e+01  -3.1877891e-02   1.6066356e-01
   1.3900000e+01  -9.5215870e-03   1.0724511e-01
   1.4000000e+01   2.8949283e-02   6.9845758e-02
   1.4100000e+01   6.9521325e-02   5.3955471e-02
   1.4200000e+01   9.7311750e-02   4.7160302e-02
   1.4300000e+01   1.0610240e-01   3.3495781e-02
   1.4400000e+01   1.0106722e-01   6.4738625e-03
   1.4500000e+01   9.1674261e-02  -3.2344806e-02
   1.4600000e+01   8.0606581e-02  -8.0019108e-02
   1.4700000e+01   6.1488107e-02  -1.3149726e-01
   1.4800000e+01   3.1213738e-02  -1.7539198e-01
   1.4900000e+01   4.3001912e-03  -1.9798228e-01
   1.5000000e+01   8.4006444e-03  -1.9426767e-01
   1.5100000e+01   5.7876887e-02  -1.7261534e-01
   1.5200000e+01   1.3071120e-01  -1.4722956e-01
   1.5300000e+01   1.7822075e-01  -1.2819068e-01
   1.5400000e+01   1.6527903e-01  -1.1912622e-01
   1.5500000e+01   1.0317185e-01  -1.1953680e-01
   1.5600000e+01   4.0282325e-02  -1.2414827e-01
   1.5700000e+01   1.8341151e-02  -1.2153521e-01
   1.5800000e+01   3.7824989e-02  -1.0024000e-01
   1.5900000e+01   6.4742751e-02  -6.0501578e-02
   1.6000000e+01   6.6250015e-02  -1.8238457e-02
   1.6100000e+01   3.5940100e-02   5.7649479e-03
   1.6200000e+01  -1.1328437e-02   1.2742053e-03
   1.6300000e+01  -5.8515866e-02  -2.6314738e-02
   1.6400000e+01  -9.3778241e-02  -6.2927460e-02
   1.6500000e+01  -1.0474535e-01  -9.4554768e-02
   1.6600000e+01  -7.8751397e-02  -1.1120824e-01
   1.6700000e+01  -1.6835500e-02  -1.0871470e-01
   1.6800000e+01   5.5937677e-02  -9.0451986e-02
   1.6900000e+01   1.0349400e-01  -6.5037559e-02
   1.7000000e+01   1.0814828e-01  -3.8712506e-02
   1.7100000e+01   8.6998000e-02  -1.0821891e-02
   1.7200000e+01   7.6380826e-02   1.9849589e-02
   1.7300000e+01   9.7888841e-02   4.4959570e-02
   1.7400000e+01   1.3822192e-01   4.8797816e-02
   1.7500000e+01   1.6148167e-01   2.5707926e-02
   1.7600000e+01   1.4182154e-01  -5.8970805e-03
   1.7700000e+01   8.6526473e-02  -1.2825120e-02
   1.7800000e+01   2.9550822e-02   2.4677247e-02
   1.7900000e+01   2.6120660e-03   9.2704449e-02
   1.8000000e+01   1.0262303e-02   1.5250074e-01
   1.8100000e+01   2.9837505e-02   1.7105422e-01
   1.8200000e+01   3.3171243e-02   1.4607362e-01
   1.8300000e+01   8.5990933e-03   1.0521982e-01
   1.8400000e+01  -3.4015508e-02   8.3404563e-02
   1.8500000e+01  -7.4049600e-02   9.8087688e-02
   1.8600000e+01  -9.4364923e-02   1.3964780e-01
   1.8700000e+01  -9.0534746e-02   1.8041431e-01
   1.8800000e+01  -7.3422682e-02   1.9441691e-01
   1.8900000e+01  -6.3748207e-02   1.7475897e-01
   1.9000000e+01  -7.7848804e-02   1.3659541e-01
   1.9100000e+01  -1.1261445e-01   1.0257924e-01
   1.9200000e+01  -1.4470372e-01   8.2309690e-02
   1.9300000e+01  -1.4919410e-01   6.5236980e-02
   1.9400000e+01  -1.2179416e-01   3.5199709e-02
   1.9500000e+01  -8.2106315e-02  -8.1438009e-03
   1.9600000e+01  -5.4323025e-02  -4.4718008e-02
   1.9700000e+01  -4.5283327e-02  -5.1992587e-02
   1.9800000e+01  -4.0882290e-02  -2.6150563e-02
   1.9900000e+01  -2.1310103e-02   1.4811496e-02
   2.0000000e+01   2.1339588e-02   4.5187329e-02
   2.0100000e+01   7.6911132e-02   4.5546243e-02
   2.0200000e+01   1.2325046e-01   7.5655200e-03
   2.0300000e+01   1.3801715e-01  -6.3458044e-02
   2.0400000e+01   1.1059357e-01  -1.4395245e-01
   2.0500000e+01   4.9503650e-02  -1.9587721e-01
   2.0600000e+01  -1.9906992e-02  -1.8863934e-01
   2.0700000e+01  -6.9319764e-02  -1.2547648e-01
   2.0800000e+01  -8.5460452e-02  -4.5875199e-02
   2.0900000e+01  -7.8464027e-02   4.5485750e-03
   2.1000000e+01  -7.2103777e-02   9.7762315e-03
   2.1100000e+01  -8.2528787e-02  -9.8965339e-03
   2.1200000e+01  -1.0368433e-01  -2.3577407e-02
   2.1300000e+01  -1.1298712e-01  -1.8327984e-02
   2.1400000e+01  -9.2181216e-02  -3.6846366e-03
   2.1500000e+01  -4.3390537e-02   4.6147497e-03
   2.1600000e+01   1.4353085e-02  -1.9277775e-04
   2.1700000e+01   6.2174074e-02  -1.3959455e-02
   2.1800000e+01   9.3246678e-02  -2.7801809e-02
   2.1900000e+01   1.1009571e-01  -3.4740175e-02
   2.2000000e+01   1.1619946e-01  -3.5219950e-02
   2.2100000e+01   1.1435058e-01  -3.8805346e-02
   2.2200000e+01   1.1059033e-01  -5.6084266e-02
   2.2300000e+01   1.1293467e-01  -8.4235670e-02
   2.2400000e+01   1.2255132e-01  -1.0340780e-01
   2.2500000e+01   1.2851596e-01  -9.3977586e-02
   2.2600000e+01   1.1544612e-01  -5.8235971e-02
   2.2700000e+01   7.7903258e-02  -1.9912501e-02
   2.2800000e+01   2.6808676e-02  -6.5565362e-04
   2.2900000e+01  -1.8423934e-02  -1.9021855e-03
   2.3000000e+01  -4.4136928e-02  -1.2000587e-02
   2.3100000e+01  -5.0617895e-02  -2.3789915e-02
   2.3200000e+01  -4.8692679e-02  -3.7287211e-02
   2.3300000e+01  -4.9104459e-02  -4.9215241e-02
   2.3400000e+01  -5.4579300e-02  -5.1870427e-02
   2.3500000e+01  -6.1933799e-02  -4.5523376e-02
   2.3600000e+01  -7.1391430e-02  -4.1878358e-02
   2.3700000e+01  -9.1030357e-02  -4.7048689e-02
   2.3800000e+01  -1.2831302e-01  -4.7052607e-02
   2.3900000e+01  -1.7690702e-01  -2.1405527e-02
   2.4000000e+01  -2.1587807e-01   2.8683139e-02
   2.4100000e+01  -2.2532063e-01   7.5423341e-02
   2.4200000e+01  -2.0192655e-01   9.1814343e-02
   2.4300000e+01  -1.5751438e-01   7.7474598e-02
   2.4400000e+01  -1.0509384e-01   5.3288243e-02
   2.4500000e+01  -5.1367587e-02   3.7952986e-02
   2.4600000e+01  -2.0305663e-03   3.7758635e-02
   2.4700000e+01   3.3940123e-02   5.2846686e-02
   2.4800000e+01   5.2021532e-02   7.8160585e-02
   2.4900000e+01   6.1125468e-02   9.5261419e-02
   2.5000000e+01   7.6253037e-02   7.8732769e-02
   2.5100000e+01   9.9075955e-02   2.5298472e-02
   2.5200000e+01   1.1160909e-01  -2.8193428e-02
   2.5300000e+01   9.5848994e-02  -3.2184304e-02
   2.5400000e+01   5.8957716e-02   2.3800883e-02
   2.5500000e+01   3.2539227e-02   9.5042286e-02
   2.5600000e+01   4.2927157e-02   1.2426691e-01
   2.5700000e+01   8.4141648e-02   9.5652182e-02
   2.5800000e+01   1.2384243e-01   4.0714124e-02
   2.5900000e+01   1.3589094e-01  -2.2092696e-03
   2.6000000e+01   1.2378998e-01  -2.0997086e-02
   2.6100000e+01   1.1088227e-01  -2.3096055e-02
   2.6200000e+01   1.1132137e-01  -1.3740671e-02
   2.6300000e+01   1.1603012e-01   5.1887089e-03
   2.6400000e+01   1.0782703e-01   2.1629777e-02
   2.6500000e+01   8.4843374e-02   1.6910068e-02
   2.6600000e+01   6.3261695e-02  -1.0704048e-02
   2.6700000e+01   5.7466179e-02  -3.6509883e-02
   2.6800000e+01   6.3135550e-02  -3.3773094e-02
   2.6900000e+01   6.3131534e-02  -4.5352838e-03
   2.7000000e+01   4.6909296e-02   2.2695205e-02
   2.7100000e+01   1.9773644e-02   2.5728294e-02
   2.7200000e+01  -5.7013486e-03   1.0611819e-02
   2.7300000e+01  -2.2156291e-02  -2.1672112e-03
   2.7400000e+01  -3.0289089e-02  -5.1774710e-03
   2.7500000e+01  -3.4343211e-02  -9.0510470e-03
   2.7600000e+01  -3.8550380e-02  -2.2242989e-02
   2.7700000e+01  -4.4867185e-02  -3.5917110e-02
   2.7800000e+01  -4.9130568e-02  -3.4978489e-02
   2.7900000e+01  -4.0856995e-02  -2.0422577e-02
   2.8000000e+01  -1.3640711e-02  -1.2946260e-02
   2.8100000e+01   2.1605701e-02  -3.0636791e-02
   2.8200000e+01   3.9364190e-02  -6.5482704e-02
   2.8300000e+01   2.2101792e-02  -8.6944913e-02
   2.8400000e+01  -2.0117271e-02  -7.1749968e-02
   2.8500000e+01  -5.7865820e-02  -2.9060568e-02
   2.8600000e+01  -7.2503716e-02   7.3093424e-03
   2.8700000e+01  -7.4880160e-02   1.3306405e-02
   2.8800000e+01  -9.0408076e-02  -9.9104003e-04
   2.8900000e+01  -1.2661888e-01  -4.5484756e-03
   2.9000000e+01  -1.6006046e-01   1.7734935e-02
   2.9100000e+01  -1.5862608e-01   4.5881310e-02
   2.9200000e+01  -1.1653468e-01   4.5914429e-02
   2.9300000e+01  -6.4707774e-02   8.6101300e-03
   2.9400000e+01  -4.4175929e-02  -3.6354162e-02
   2.9500000e+01  -6.7968672e-02  -4.5962402e-02
   2.9600000e+01  -1.0893830e-01  -2.6100471e-03
   2.9700000e+01  -1.2545115e-01   7.1037085e-02
   2.9800000e+01  -9.9955141e-02   1.3116230e-01
   2.9900000e+01  -5.3771375e-02   1.4498080e-01
   3.0000000e+01  -2.5402726e-02   1.0989277e-01
   3.0100000e+01  -3.4337825e-02   5.0502613e-02
   3.0200000e+01  -6.4323166e-02   9.0314368e-04
   3.0300000e+01  -7.9962349e-02  -1.5888240e-02
   3.0400000e+01  -5.9169281e-02  -1.2766921e-03
   3.0500000e+01  -1.0734859e-02   2.0595556e-02
   3.0600000e+01   3.7750387e-02   2.1086410e-02
   3.0700000e+01   6.7053344e-02  -9.2310368e-03
   3.0800000e+01   8.0111464e-02  -5.0959443e-02
   3.0900000e+01   9.0195501e-02  -7.1088781e-02
   3.1000000e+01   1.0045274e-01  -5.1401872e-02
   3.1100000e+01   1.0112464e-01  -4.7413873e-03
   3.1200000e+01   8.7774622e-02   3.5326078e-02
   3.1300000e+01   7.5669440e-02   4.0980187e-02
   3.1400000e+01   8.8117019e-02   9.1130901e-03
   3.1500000e+01   1.2909887e-01  -4.0695390e-02
   3.1600000e+01   1.7288152e-01  -8.2949400e-02
   3.1700000e+01   1.8591166e-01  -1.0228111e-01
   3.1800000e+01   1.5888527e-01  -9.9009172e-02
   3.1900000e+01   1.1451674e-01  -8.4621041e-02
   3.2000000e+01   8.3600699e-02  -7.2703663e-02
   3.2100000e+01   7.5903569e-02  -7.0611967e-02
   3.2200000e+01   7.5335375e-02  -7.5425385e-02
   3.2300000e+01   6.1104588e-02  -7.6172663e-02
   3.2400000e+01   3.0885956e-02  -6.2074476e-02
   3.2500000e+01   3.3107050e-03  -3.2756689e-02
   3.2600000e+01  -8.5199253e-04  -2.4797179e-03
   3.2700000e+01   1.9867021e-02   8.4876039e-03
   3.2800000e+01   4.3361040e-02  -7.9894835e-03
   3.2900000e+01   4.1378243e-02  -3.6505753e-02
   3.3000000e+01   4.3969056e-03  -4.8901736e-02
   3.3100000e+01  -4.8212457e-02  -3.1535645e-02
   3.3200000e+01  -8.3857052e-02  -1.5989429e-03
   3.3300000e+01  -8.5935290e-02   8.3981772e-03
   3.3400000e+01  -6.9227970e-02  -1.5166079e-02
   3.3500000e+01  -6.4926365e-02  -5.0734230e-02
   3.3600000e+01  -8.8595377e-02  -6.1871332e-02
   3.3700000e+01  -1.2343466e-01  -3.2221633e-02
   3.3800000e+01  -1.3713181e-01   2.1795025e-02
   3.3900000e+01  -1.1586342e-01   6.9965043e-02
   3.4000000e+01  -8.0305387e-02   9.4073755e-02
   3.4100000e+01  -6.6583667e-02   9.5047173e-02
   3.4200000e+01  -9.0967178e-02   8.3203781e-02
   3.4300000e+01  -1.3315973e-01   6.9656426e-02
   3.4400000e+01  -1.5390092e-01   6.5384703e-02
   3.4500000e+01  -1.2936817e-01   7.8693184e-02
   3.4600000e+01  -7.0452338e-02   1.0664618e-01
   3.4700000e+01  -1.1012440e-02   1.3187801e-01
   3.4800000e+01   2.1732444e-02   1.3555408e-01
   3.4900000e+01   2.6756402e-02   1.1703980e-01
   3.5000000e+01   2.2751335e-02   9.7827161e-02
   3.5100000e+01   2.5737300e-02   1.0147346e-01
   3.5200000e+01   3.5203352e-02   1.2827209e-01
   3.5300000e+01   4.1472135e-02   1.5152720e-01
   3.5400000e+01   4.2316342e-02   1.4107433e-01
   3.5500000e+01   4.7309882e-02   9.1550726e-02
   3.5600000e+01   6.4962493e-02   2.7795659e-02
   3.5700000e+01   8.9831186e-02  -1.7226209e-02
   3.5800000e+01   1.0672805e-01  -2.9725408e-02
   3.5900000e+01   1.0715303e-01  -2.2213996e-02
   3.6000000e+01   9.7716827e-02  -1.7447953e-02
   3.6100000e+01   9.1057788e-02  -2.8774792e-02
   3.6200000e+01   9.1531274e-02  -5.5298828e-02
   3.6300000e+01   9.2333973e-02  -8.9883363e-02
   3.6400000e+01   8.4324292e-02  -1.2494009e-01
   3.6500000e+01   6.3633294e-02  -1.5004996e-01
   3.6600000e+01   3.1448149e-02  -1.5137934e-01
   3.6700000e+01  -7.8713698e-03  -1.2174146e-01
   3.6800000e+01  -4.5117831e-02  -7.2935350e-02
   3.6900000e+01  -6.6951895e-02  -3.3445806e-02
   3.7000000e+01  -6.5662527e-02  -2.8730880e-02
   3.7100000e+01  -5.0357466e-02  -6.1358126e-02
   3.7200000e+01  -4.3668655e-02  -1.0916180e-01
   3.7300000e+01  -6.1792287e-02  -1.4129467e-01
   3.7400000e+01  -9.6862185e-02  -1.3725901e-01
   3.7500000e+01  -1.2156692e-01  -9.6717336e-02
   3.7600000e+01  -1.1316027e-01  -3.8392242e-02
   3.7700000e+01  -7.3792796e-02   9.4610961e-03
   3.7800000e+01  -2.8780651e-02   2.4760184e-02
   3.7900000e+01  -6.3320284e-03   6.6459729e-03
   3.8000000e+01  -1.6955473e-02  -2.2623532e-02
   3.8100000e+01  -4.7180588e-02  -3.4866911e-02
   3.8200000e+01  -6.9585466e-02  -1.9734942e-02
   3.8300000e+01  -6.1495227e-02   7.5704327e-03
   3.8400000e+01  -2.0705781e-02   2.3265448e-02
   3.8500000e+01   3.2543653e-02   1.9558819e-02
   3.8600000e+01   7.0174592e-02   1.0962458e-02
   3.8700000e+01   7.7078749e-02   1.5948674e-02
   3.8800000e+01   6.0914811e-02   3.4546621e-02
   3.8900000e+01   4.2924315e-02   4.6991581e-02
   3.9000000e+01   3.9574326e-02   3.5284740e-02
   3.9100000e+01   5.2116529e-02   4.0814702e-03
   3.9200000e+01   7.0640516e-02  -2.2054111e-02
   3.9300000e+01   8.4456454e-02  -2.2000313e-02
   3.9400000e+01   8.8096349e-02   3.0879969e-03
   3.9500000e+01   8.1055080e-02   3.4084635e-02
   3.9600000e+01   6.5986858e-02   5.3529997e-02
   3.9700000e+01   4.7810766e-02   5.8040766e-02
   3.9800000e+01   3.1887901e-02   5.3702732e-02
   3.9900000e+01   2.0585950e-02   4.6033653e-02
   4.0000000e+01   1.1561134e-02   3.8258939e-02
   4.0100000e+01   8.2429746e-04   3.4953495e-02
   4.0200000e+01  -1.1688314e-02   3.9149002e-02
   4.0300000e+01  -2.0315240e-02   4.3801303e-02
   4.0400000e+01  -1.9074552e-02   3.3268712e-02
   4.0500000e+01  -9.8623986e-03   1.4543351e-03
   4.0600000e+01  -4.1392627e-03  -3.1868185e-02
   4.0700000e+01  -1.3635210e-02  -3.1449124e-02
   4.0800000e+01  -3.7541223e-02   1.8860242e-02
   4.0900000e+01  -6.0113348e-02   9.1760853e-02
   4.1000000e+01  -6.3739930e-02   1.3261235e-01
   4.1100000e+01  -4.5618690e-02   1.0569137e-01
   4.1200000e+01  -2.0819819e-02   2.7057581e-02
   4.1300000e+01  -8.6115221e-03  -4.7980471e-02
   4.1400000e+01  -1.6454365e-02  -7.0483794e-02
   4.1500000e+01  -3.6445115e-02  -3.4236837e-02
   4.1600000e+01  -5.3924528e-02   2.6352075e-02
   4.1700000e+01  -5.7659816e-02   6.8064674e-02
   4.1800000e+01  -4.5230041e-02   6.9223170e-02
   4.1900000e+01  -2.4319790e-02   3.7268623e-02
   4.2000000e+01  -9.4040794e-03  -3.9872548e-03
   4.2100000e+01  -1.1236558e-02  -3.2492865e-02
   4.2200000e+01  -2.4338219e-02  -3.9700483e-02
   4.2300000e+01  -2.6592351e-02  -3.1656253e-02
   4.2400000e+01   2.7571096e-03  -2.0583678e-02
   4.2500000e+01   6.1382167e-02  -1.3497567e-02
   4.2600000e+01   1.2107693e-01  -7.7904926e-03
   4.2700000e+01   1.4825684e-01   1.8999161e-03
   4.2800000e+01   1.2831188e-01   1.3473132e-02
   4.2900000e+01   7.3116450e-02   1.5965979e-02
   4.3000000e+01   1.0398261e-02  -1.4604134e-03
   4.3100000e+01  -3.2348515e-02  -4.0411118e-02
   4.3200000e+01  -4.0429915e-02  -9.1766849e-02
   4.3300000e+01  -1.9152139e-02  -1.3875439e-01
   4.3400000e+01   8.1682031e-03  -1.6032829e-01
   4.3500000e+01   1.6055689e-02  -1.3885312e-01
   4.3600000e+01  -1.3832984e-03  -7.4837988e-02
   4.3700000e+01  -2.4038369e-02   3.5757068e-03
   4.3800000e+01  -2.5947458e-02   5.3858421e-02
   4.3900000e+01  -4.2570626e-03   5.0916092e-02
   4.4000000e+01   1.4424885e-02   7.5948767e-03
   4.4100000e+01  -5.8789824e-04  -3.8949568e-02
   4.4200000e+01  -5.2374415e-02  -6.0900020e-02
   4.4300000e+01  -1.1076285e-01  -5.7681854e-02
   4.4400000e+01  -1.3756689e-01  -4.3711791e-02
   4.4500000e+01  -1.1771544e-01  -2.7421665e-02
   4.4600000e+01  -6.9087708e-02  -7.4958059e-03
   4.4700000e+01  -2.5860626e-02   1.5685983e-02
   4.4800000e+01  -1.1843246e-02   3.4524010e-02
   4.4900000e+01  -2.5111389e-02   4.2411781e-02
   4.5000000e+01  -4.4124846e-02   4.1762897e-02
   4.5100000e+01  -4.8193119e-02   3.9794641e-02
   4.5200000e+01  -3.3886496e-02   3.9344947e-02
   4.5300000e+01  -1.3742389e-02   3.8193756e-02
   4.5400000e+01  -1.5758300e-03   3.5912177e-02
   4.5500000e+01  -1.3167816e-03   3.6192107e-02
   4.5600000e+01  -8.7522200e-03   4.1193370e-02
   4.5700000e+01  -1.8140116e-02   4.7420188e-02
   4.5800000e+01  -2.2519948e-02   4.9443566e-02
   4.5900000e+01  -1.1307041e-02   4.4911417e-02
   4.6000000e+01   2.2730121e-02   3.3368120e-02
   4.6100000e+01   6.9188193e-02   1.3703183e-02
   4.6200000e+01   9.8287411e-02  -1.0957688e-02
   4.6300000e+01   8.3130936e-02  -2.5840825e-02
   4.6400000e+01   2.7785641e-02  -1.0446167e-02
   4.6500000e+01  -2.9958716e-02   3.9658735e-02
   4.6600000e+01  -4.8184817e-02   9.7482271e-02
   4.6700000e+01  -1.5289271e-02   1.1960025e-01
   4.6800000e+01   4.2944187e-02   8.4067125e-02
   4.6900000e+01   8.7182372e-02   1.3662672e-02
   4.7000000e+01   9.4788429e-02  -4.3080380e-02
   4.7100000e+01   7.1911534e-02  -5.6643408e-02
   4.7200000e+01   4.3377069e-02  -4.1264640e-02
   4.7300000e+01   3.2976669e-02  -3.4044939e-02
   4.7400000e+01   4.8416113e-02  -5.1783601e-02
   4.7500000e+01   7.8344951e-02  -7.2564105e-02
   4.7600000e+01   1.0155810e-01  -6.1480495e-02
   4.7700000e+01   1.0218742e-01  -1.1935290e-02
   4.7800000e+01   8.0641766e-02   4.2233410e-02
   4.7900000e+01   5.2250800e-02   5.7005632e-02
   4.8000000e+01   3.4702024e-02   1.9867921e-02
   4.8100000e+01   3.4497503e-02  -3.8769662e-02
   4.8200000e+01   4.3371373e-02  -7.4423231e-02
   4.8300000e+01   4.7026874e-02  -6.7686952e-02
   4.8400000e+01   3.8301462e-02  -3.5898774e-02
   4.8500000e+01   2.3608119e-02  -9.8341600e-03
   4.8600000e+01   1.7352841e-02  -3.3786302e-03
   4.8700000e+01   2.8689323e-02  -7.5114312e-03
   4.8800000e+01   5.1031671e-02  -9.4446722e-03
   4.8900000e+01   6.3367962e-02  -9.4241798e-03
   4.9000000e+01   4.4607428e-02  -1.4551163e-02
   4.9100000e+01  -7.9458191e-03  -2.1216278e-02
   4.9200000e+01  -7.0997299e-02  -1.3591731e-02
   4.9300000e+01  -1.0860562e-01   1.6067933e-02
   4.9400000e+01  -9.9878253e-02   5.0845625e-02
   4.9500000e+01  -5.8460245e-02   6.0771176e-02
   4.9600000e+01  -2.3953041e-02   3.3047178e-02
   4.9700000e+01  -2.9607601e-02  -1.3024747e-02
   4.9800000e+01  -7.4501241e-02  -4.3933886e-02
   4.9900000e+01  -1.2580964e-01  -4.3139636e-02
   5.0000000e+01  -1.4822152e-01  -2.2734140e-02
   5.0100000e+01  -1.3234753e-01  -6.5331482e-03
   5.0200000e+01  -9.7723607e-02  -5.8813122e-03
   5.0300000e+01  -7.2203706e-02  -1.2893521e-02
   5.0400000e+01  -6.9551678e-02  -1.3613672e-02
   5.0500000e+01  -8.3394341e-02  -3.5967939e-03
   5.0600000e+01  -9.7526974e-02   9.7479757e-03
   5.0700000e+01  -9.9882587e-02   1.6912146e-02
   5.0800000e+01  -8.9017131e-02   1.5320063e-02
   5.0900000e+01  -7.1364090e-02   8.8696793e-03
   5.1000000e+01  -5.4655207e-02   1.6341514e-03
   5.1100000e+01  -4.3328522e-02  -4.8823374e-03
   5.1200000e+01  -3.7570545e-02  -8.3841797e-03
   5.1300000e+01  -3.4072477e-02  -3.5081185e-03
   5.1400000e+01  -2.7127551e-02   1.3084780e-02
   5.1500000e+01  -1.1339796e-02   3.5192370e-02
   5.1600000e+01   1.3443250e-02   4.8383615e-02
   5.1700000e+01   3.9037229e-02   4.2341424e-02
   5.1800000e+01   5.3338929e-02   2.1965386e-02
   5.1900000e+01   5.0979375e-02   4.0147146e-03
   5.2000000e+01   4.0009420e-02   1.5035743e-03
   5.2100000e+01   3.6078590e-02   1.1870570e-02
   5.2200000e+01   4.8584562e-02   2.0909274e-02
   5.2300000e+01   7.2577873e-02   1.7806982e-02
   5.2400000e+01   9.3828172e-02   6.0144051e-03
   5.2500000e+01   1.0033974e-01  -2.2343268e-04
   5.2600000e+01   8.9212168e-02   9.9406171e-03
   5.2700000e+01   6.6162210e-02   3.2161641e-02
   5.2800000e+01   4.2314039e-02   4.8740661e-02
   5.2900000e+01   3.0142990e-02   4.3596913e-02
   5.3000000e+01   3.6478921e-02   1.7205632e-02
   5.3100000e+01   5.5342136e-02  -1.3203329e-02
   5.3200000e+01   6.9811528e-02  -2.9099588e-02
   5.3300000e+01   6.5824601e-02  -2.6208079e-02
   5.3400000e+01   4.5553556e-02  -1.4573325e-02
   5.3500000e+01   2.4782035e-02  -5.4500143e-03
   5.3600000e+01   1.5893419e-02  -1.6803804e-03
   5.3700000e+01   1.5766202e-02  -9.8268933e-04
   5.3800000e+01   1.2486457e-02  -3.4375719e-03
   5.3900000e+01   1.7790057e-03  -1.0846923e-02
   5.4000000e+01  -7.5743132e-03  -2.0498951e-02
   5.4100000e+01  -5.5284359e-03  -2.5742989e-02
   5.4200000e+01   5.8675041e-03  -2.4884155e-02
   5.4300000e+01   1.4598258e-02  -2.4887181e-02
   5.4400000e+01   1.3304006e-02  -3.1895080e-02
   5.4500000e+01   7.9083146e-03  -4.0677257e-02
   5.4600000e+01   9.8196695e-03  -3.9636385e-02
   5.4700000e+01   2.1589878e-02  -2.7208593e-02
   5.4800000e+01   3.3012630e-02  -1.7295969e-02
   5.4900000e+01   3.1367509e-02  -2.3164713e-02
   5.5000000e+01   1.3787852e-02  -3.7848920e-02
   5.5100000e+01  -1.0378162e-02  -3.6744189e-02
   5.5200000e+01  -2.7218089e-02  -3.0693944e-03
   5.5300000e+01  -2.7758195e-02   5.0635796e-02
   5.5400000e+01  -1.3236501e-02   8.8885069e-02
   5.5500000e+01   5.3773575e-03   8.2348052e-02
   5.5600000e+01   1.3814553e-02   3.2281034e-02
   5.5700000e+01   4.7576574e-03  -3.0997291e-02
   5.5800000e+01  -1.5760887e-02  -7.2149676e-02
   5.5900000e+01  -3.3656017e-02  -7.5460879e-02
   5.6000000e+01  -4.0380220e-02  -5.0399986e-02
   5.6100000e+01  -4.0228823e-02  -1.6835432e-02
   5.6200000e+01  -4.2552576e-02   1.3379340e-02
   5.6300000e+01  -4.8689116e-02   4.0144829e-02
   5.6400000e+01  -5.0656400e-02   6.2909384e-02
   5.6500000e+01  -4.3072869e-02   7.0057527e-02
   5.6600000e+01  -3.1602874e-02   4.6305557e-02
   5.6700000e+01  -2.5955185e-02  -7.6140076e-03
   5.6800000e+01  -2.7143954e-02  -6.6541714e-02
   5.6900000e+01  -2.6925489e-02  -9.7492857e-02
   5.7000000e+01  -2.0136849e-02  -8.6802173e-02
   5.7100000e+01  -1.2294124e-02  -5.0071813e-02
   5.7200000e+01  -1.1481934e-02  -1.5321513e-02
   5.7300000e+01  -1.6027726e-02   1.9897994e-03
   5.7400000e+01  -1.5857507e-02   7.2700936e-03
   5.7500000e+01  -6.3882271e-03   1.3926918e-02
   5.7600000e+01   4.2414857e-03   2.6188788e-02
   5.7700000e+01   5.4538830e-03   3.5048713e-02
   5.7800000e+01  -1.0711037e-03   2.8912649e-02
   5.7900000e+01  -2.5700905e-03   7.1638850e-03
   5.8000000e+01   7.4875188e-03  -1.5736641e-02
   5.8100000e+01   1.7546107e-02  -1.9391657e-02
   5.8200000e+01   8.5548165e-03   6.5352444e-03
   5.8300000e+01  -2.2709697e-02   5.1817398e-02
   5.8400000e+01  -5.4371703e-02   9.0277188e-02
   5.8500000e+01  -5.7518210e-02   9.7520883e-02
   5.8600000e+01  -2.4978262e-02   6.8125404e-02
   5.8700000e+01   1.9019558e-02   1.8679516e-02
   5.8800000e+01   3.9597889e-02  -2.4276249e-02
   5.8900000e+01   2.2669804e-02  -4.0220542e-02
   5.9000000e+01  -1.3464950e-02  -2.3529074e-02
   5.9100000e+01  -3.6591897e-02   1.6598365e-02
   5.9200000e+01  -2.9762189e-02   6.1274082e-02
   5.9300000e+01  -3.3243083e-03   8.9967728e-02
   5.9400000e+01   1.8767397e-02   9.0683190e-02
   5.9500000e+01   2.1925779e-02   6.7183779e-02
   5.9600000e+01   1.1087836e-02   3.5463637e-02
   5.9700000e+01   1.8351669e-03   9.6795330e-03
   5.9800000e+01   4.4919043e-03  -9.3396799e-03
   5.9900000e+01   1.6473254e-02  -2.9519771e-02
   6.0000000e+01   2.7340066e-02  -5.1064153e-02
   6.0100000e+01   2.9439077e-02  -5.8911499e-02
   6.0200000e+01   2.4391571e-02  -3.7491475e-02
   6.0300000e+01   2.1099999e-02   6.1942131e-03
   6.0400000e+01   2.7944763e-02   4.0043275e-02
   6.0500000e+01   4.5527869e-02   3.3941281e-02
   6.0600000e+01   6.5293791e-02  -9.5964413e-03
   6.0700000e+01   7.4949894e-02  -5.5456445e-02
   6.0800000e+01   6.6974616e-02  -6.8733870e-02
   6.0900000e+01   4.4666640e-02  -4.5884640e-02
   6.1000000e+01   2.1669253e-02  -1.2381788e-02
   6.1100000e+01   1.4184688e-02   6.3808816e-03
   6.1200000e+01   2.9218579e-02   6.3710492e-03
   6.1300000e+01   5.6425197e-02  -1.4492351e-03
   6.1400000e+01   7.1887622e-02  -9.8512585e-03
   6.1500000e+01   5.4947494e-02  -2.0699591e-02
   6.1600000e+01   6.7084260e-03  -3.4601064e-02
   6.1700000e+01  -4.6696885e-02  -4.4480615e-02
   6.1800000e+01  -7.2117725e-02  -4.4114679e-02
   6.1900000e+01  -5.5038219e-02  -3.8668824e-02
   6.2000000e+01  -1.0663880e-02  -4.0099279e-02
   6.2100000e+01   2.9052684e-02  -5.1365173e-02
   6.2200000e+01   4.0278783e-02  -5.9880236e-02
   6.2300000e+01   2.2741059e-02  -4.9961048e-02
   6.2400000e+01  -4.9344647e-03  -2.0644177e-02
   6.2500000e+01  -2.2719516e-02   1.1044169e-02
   6.2600000e+01  -2.3729907e-02   2.4426564e-02
   6.2700000e+01  -1.5701983e-02   1.2135778e-02
   6.2800000e+01  -1.1333262e-02  -1.5180903e-02
   6.2900000e+01  -1.7341610e-02  -3.7691568e-02
   6.3000000e+01  -3.0881024e-02  -3.9817663e-02
   6.3100000e+01  -4.4192057e-02  -1.9479096e-02
   6.3200000e+01  -5.1499119e-02   1.1037919e-02
   6.3300000e+01  -5.2138547e-02   3.2941971e-02
   6.3400000e+01  -4.9302564e-02   3.3649457e-02
   6.3500000e+01  -4.7564270e-02   1.5813134e-02
   6.3600000e+01  -5.0803291e-02  -5.2322254e-03
   6.3700000e+01  -5.9624995e-02  -1.4325822e-02
   6.3800000e+01  -6.9105885e-02  -8.2461980e-03
   6.3900000e+01  -7.0851208e-02   4.3964727e-03
   6.4000000e+01  -6.0664597e-02   1.3923469e-02
   6.4100000e+01  -4.5278936e-02   1.9147312e-02
   6.4200000e+01  -3.9081080e-02   2.6067263e-02
   6.4300000e+01  -5.0944023e-02   3.8115936e-02
   6.4400000e+01  -7.3361836e-02   4.9208474e-02
   6.4500000e+01  -8.6148724e-02   4.7876045e-02
   6.4600000e+01  -7.2989675e-02   2.9468593e-02
   6.4700000e+01  -3.5913767e-02   4.4055130e-03
   6.4800000e+01   5.3371518e-03  -7.6140751e-03
   6.4900000e+01   2.7882919e-02   5.2937917e-03
   6.5000000e+01   2.1962703e-02   3.4468180e-02
   6.5100000e+01  -2.2709424e-03   5.6697872e-02
   6.5200000e+01  -2.0524006e-02   5.5399283e-02
   6.5300000e+01  -9.5366803e-03   3.6194907e-02
   6.5400000e+01   3.5480929e-02   2.0208691e-02
   6.5500000e+01   9.2646058e-02   2.1944018e-02
   6.5600000e+01   1.2519884e-01   3.5524250e-02
   6.5700000e+01   1.1008938e-01   4.3302071e-02
   6.5800000e+01   6.0541485e-02   3.5768055e-02
   6.5900000e+01   1.8209844e-02   2.0540928e-02
   6.6000000e+01   1.7533075e-02   1.2305038e-02
   6.6100000e+01   5.5517808e-02   1.6488916e-02
   6.6200000e+01   9.7535609e-02   2.4026806e-02
   6.6300000e+01   1.1223699e-01   2.1118573e-02
   6.6400000e+01   9.8169027e-02   3.2887385e-03
   6.6500000e+01   7.6793240e-02  -1.9436460e-02
   6.6600000e+01   6.5549338e-02  -3.0732504e-02
   6.6700000e+01   6.3141917e-02  -2.2829421e-02
   6.6800000e+01   5.8656336e-02  -5.2505650e-03
   6.6900000e+01   4.6936346e-02   1.6261522e-03
   6.7000000e+01   3.1018261e-02  -1.5352208e-02
   6.7100000e+01   1.4197447e-02  -4.8117510e-02
   6.7200000e+01  -3.1909829e-03  -7.2142801e-02
   6.7300000e+01  -1.8363732e-02  -6.7936470e-02
   6.7400000e+01  -2.3264244e-02  -3.9752517e-02
   6.7500000e+01  -1.2329186e-02  -1.2743403e-02
   6.7600000e+01   7.2120762e-03  -1.0279336e-02
   6.7700000e+01   1.6792253e-02  -3.3059679e-02
   6.7800000e+01   1.7926557e-03  -5.9754492e-02
   6.7900000e+01  -3.3244704e-02  -6.7090310e-02
   6.8000000e+01  -6.5095163e-02  -4.8971563e-02
   6.8100000e+01  -6.9470588e-02  -1.8077456e-02
   6.8200000e+01  -4.1102492e-02   7.3401417e-03
   6.8300000e+01   1.5411026e-03   1.6465527e-02
   6.8400000e+01   3.1452548e-02   9.2938823e-03
   6.8500000e+01   3.4358233e-02  -6.9858259e-03
   6.8600000e+01   1.6582251e-02  -2.2613051e-02
   6.8700000e+01  -5.8476329e-03  -2.9587893e-02
   6.8800000e+01  -2.2626873e-02  -2.5914241e-02
   6.8900000e+01  -3.2385700e-02  -1.6282885e-02
   6.9000000e+01  -3.4549985e-02  -6.4652748e-03
   6.9100000e+01  -2.5547157e-02   3.3005738e-03
   6.9200000e+01  -6.8043438e-03   1.7100590e-02
   6.9300000e+01   8.2572092e-03   3.4771662e-02
   6.9400000e+01   3.6888113e-03   4.7397435e-02
   6.9500000e+01  -1.9524307e-02   4.4353772e-02
   6.9600000e+01  -3.8500125e-02   2.4252350e-02
   6.9700000e+01  -2.9349477e-02  -3.2592199e-03
   6.9800000e+01   6.2317043e-03  -2.5799708e-02
   6.9900000e+01   3.9093423e-02  -3.5589903e-02
   7.0000000e+01   3.9551826e-02  -2.9531449e-02
   7.0100000e+01   4.7641918e-03  -8.1336261e-03
   7.0200000e+01  -4.1287584e-02   2.0965890e-02
   7.0300000e+01  -7.1477579e-02   4.1433437e-02
   7.0400000e+01  -7.5673049e-02   3.7987110e-02
   7.0500000e+01  -6.0562480e-02   1.1893868e-02
   7.0600000e+01  -3.8327744e-02  -1.5923256e-02
   7.0700000e+01  -2.0309106e-02  -2.1988100e-02
   7.0800000e+01  -1.6254274e-02  -2.0790313e-03
   7.0900000e+01  -2.9594935e-02   2.5083481e-02
   7.1000000e+01  -5.0301236e-02   3.6269944e-02
   7.1100000e+01  -5.9214709e-02   2.5049779e-02
   7.1200000e+01  -4.6874793e-02   5.1790203e-03
   7.1300000e+01  -2.7063154e-02  -4.6755584e-03
   7.1400000e+01  -2.5038449e-02   2.5475780e-03
   7.1500000e+01  -4.9510840e-02   1.9847290e-02
   7.1600000e+01  -8.0043757e-02   3.6199455e-02
   7.1700000e+01  -8.6065406e-02   4.5969585e-02
   7.1800000e+01  -5.7140731e-02   4.9244484e-02
   7.1900000e+01  -1.1769068e-02   4.6913075e-02
   7.2000000e+01   2.2053952e-02   3.8789416e-02
   7.2100000e+01   3.0708484e-02   2.6417382e-02
   7.2200000e+01   2.0067808e-02   1.5155202e-02
   7.2300000e+01   3.8315030e-03   1.1646625e-02
   7.2400000e+01  -7.5927425e-03   1.8944643e-02
   7.2500000e+01  -9.2482489e-03   3.3617058e-02
   7.2600000e+01  -4.5086806e-04   4.6476447e-02
   7.2700000e+01   1.4830468e-02   4.6639173e-02
   7.2800000e+01   2.9706117e-02   2.8150932e-02
   7.2900000e+01   4.0504609e-02  -4.2906715e-03
   7.3000000e+01   5.0084717e-02  -3.6700155e-02
   7.3100000e+01   6.1579967e-02  -5.5790528e-02
   7.3200000e+01   6.9695998e-02  -5.8951154e-02
   7.3300000e+01   6.3545483e-02  -5.3525457e-02
   7.3400000e+01   4.1014807e-02  -4.6703139e-02
   7.3500000e+01   1.6789531e-02  -3.8960960e-02
   7.3600000e+01   1.0808722e-02  -2.8619852e-02
   7.3700000e+01   2.7999592e-02  -1.9263216e-02
   7.3800000e+01   5.2496070e-02  -1.7788457e-02
   7.3900000e+01   6.3260276e-02  -2.4768550e-02
   7.4000000e+01   5.3843512e-02  -3.0843584e-02
   7.4100000e+01   3.6519744e-02  -2.5713810e-02
   7.4200000e+01   2.9807403e-02  -9.7228055e-03
   7.4300000e+01   4.3279132e-02   5.5584115e-03
   7.4400000e+01   7.0879045e-02   8.0201124e-03
   7.4500000e+01   9.4389973e-02  -4.8984957e-03
   7.4600000e+01   9.4391647e-02  -2.5636935e-02
   7.4700000e+01   6.4036544e-02  -4.3107277e-02
   7.4800000e+01   1.6433926e-02  -4.9143935e-02
   7.4900000e+01  -2.3095418e-02  -4.1561908e-02
   7.5000000e+01  -3.6161621e-02  -2.4878879e-02
   7.5100000e+01  -2.4918844e-02  -8.9131171e-03
   7.5200000e+01  -7.2834268e-03  -3.7813065e-03
   7.5300000e+01   9.2086302e-05  -1.2562769e-02
   7.5400000e+01  -6.5271614e-03  -2.7441930e-02
   7.5500000e+01  -2.0397808e-02  -3.4398762e-02
   7.5600000e+01  -3.3600784e-02  -2.4160059e-02
   7.5700000e+01  -4.2331618e-02  -4.9881193e-04
   7.5800000e+01  -4.6042828e-02   2.1446221e-02
   7.5900000e+01  -4.5019480e-02   2.5824224e-02
   7.6000000e+01  -3.9365054e-02   7.8471516e-03
   7.6100000e+01  -2.9274034e-02  -2.1433959e-02
   7.6200000e+01  -1.6614202e-02  -4.1058570e-02
   7.6300000e+01  -7.0464387e-03  -3.4518922e-02
   7.6400000e+01  -8.5248227e-03  -3.6472217e-03
   7.6500000e+01  -2.3427742e-02   3.0275272e-02
   7.6600000e+01  -4.1020568e-02   4.2951319e-02
   7.6700000e+01  -4.2378472e-02   2.8570970e-02
   7.6800000e+01  -1.8472816e-02   4.8534091e-03
   7.6900000e+01   1.6639052e-02  -5.0949402e-03
   7.7000000e+01   3.5979333e-02   5.1136413e-03
   7.7100000e+01   2.6602769e-02   2.3283988e-02
   7.7200000e+01   4.1755356e-03   3.6255571e-02
   7.7300000e+01  -3.2356835e-03   4.2751285e-02
   7.7400000e+01   1.4613209e-02   4.6747288e-02
   7.7500000e+01   3.9917046e-02   4.5391169e-02
   7.7600000e+01   4.7309741e-02   3.2028505e-02
   7.7700000e+01   3.0293714e-02   1.0125335e-02
   7.7800000e+01   4.6552641e-03  -4.7457587e-03
   7.7900000e+01  -1.0599233e-02  -1.2913972e-03
   7.8000000e+01  -1.0492411e-02   1.4162116e-02
   7.8100000e+01  -3.8186415e-03   2.6251610e-02
   7.8200000e+01  -2.3288997e-03   2.9477011e-02
   7.8300000e+01  -1.2146141e-02   3.1508247e-02
   7.8400000e+01  -2.9958699e-02   3.7797271e-02
   7.8500000e+01  -4.2827566e-02   4.1099358e-02
   7.8600000e+01  -3.6139003e-02   3.1543222e-02
   7.8700000e+01  -9.7545745e-03   1.2448046e-02
   7.8800000e+01   1.4105323e-02  -1.5132381e-03
   7.8900000e+01   8.2693933e-03  -2.0451617e-03
   7.9000000e+01  -2.8377994e-02   3.3143371e-03
   7.9100000e+01  -6.2369592e-02   2.4496203e-03
   7.9200000e+01  -5.6236244e-02  -5.1882959e-03
   7.9300000e+01  -8.1125940e-03  -8.7014866e-03
   7.9400000e+01   4.4392755e-02  -2.9071175e-04
   7.9500000e+01   6.0997992e-02   1.5573862e-02
   7.9600000e+01   3.5361662e-02   2.8177845e-02
   7.9700000e+01  -5.0937391e-03   3.1191094e-02
   7.9800000e+01  -2.8500996e-02   2.5051964e-02
   7.9900000e+01  -2.2823045e-02   1.2683375e-02
   8.0000000e+01   2.3636005e-03  -2.9743677e-03
