   1.0221618e+02   2.8602761e+01   2.5212700e+03
   1.0218815e+02   2.8402464e+01   1.6779000e+03
   0.0000000e+00   1.6538867e-01   1.6538867e-01
   1.0000000e-01   3.0443829e-01   5.2280735e-02
   2.0000000e-01   4.2891510e-01  -4.7456675e-03
   3.0000000e-01   5.2517448e-01  -1.4552857e-02
   4.0000000e-01   6.1116924e-01  -1.3881468e-02
   5.0000000e-01   7.0712415e-01  -3.2442996e-02
   6.0000000e-01   8.0914809e-01  -7.4031997e-02
   7.0000000e-01   8.9442612e-01  -1.2702054e-01
   8.0000000e-01   9.4695644e-01  -1.8166603e-01
   9.0000000e-01   9.7217999e-01  -2.3392677e-01
   1.0000000e+00   9.8686268e-01  -2.8341426e-01
   1.1000000e+00   9.9913012e-01  -3.3856232e-01
   1.2000000e+00   1.0000000e+00  -4.1850328e-01
   1.3000000e+00   9.7208936e-01  -5.3393102e-01
   1.4000000e+00   9.0504278e-01  -6.6078435e-01
   1.5000000e+00   8.0406014e-01  -7.4603568e-01
   1.6000000e+00   6.8539670e-01  -7.5496789e-01
   1.7000000e+00   5.6376386e-01  -7.1246040e-01
   1.8000000e+00   4.4390013e-01  -6.8540644e-01
   1.9000000e+00   3.2452530e-01  -7.1807499e-01
   2.0000000e+00   2.0843368e-01  -7.8994472e-01
   2.1000000e+00   1.0377773e-01  -8.4140360e-01
   2.2000000e+00   1.2746733e-02  -8.3503883e-01
   2.3000000e+00  -7.6846200e-02  -7.8454141e-01
   2.4000000e+00  -1.8159777e-01  -7.2822673e-01
   2.5000000e+00  -3.0232773e-01  -6.8738605e-01
   2.6000000e+00  -4.1835146e-01  -6.5539673e-01
   2.7000000e+00  -5.0524577e-01  -6.1693737e-01
   2.8000000e+00  -5.5598755e-01  -5.6392412e-01
   2.9000000e+00  -5.8174183e-01  -4.9107748e-01
   3.0000000e+00  -5.9503344e-01  -3.8709757e-01
   3.1000000e+00  -5.9798872e-01  -2.4148841e-01
   3.2000000e+00  -5.8665875e-01  -6.2030038e-02
   3.3000000e+00  -5.5974882e-01   1.1973185e-01
   3.4000000e+00  -5.1927119e-01   2.6589043e-01
   3.5000000e+00  -4.6806520e-01   3.5824166e-01
   3.6000000e+00  -4.1391105e-01   4.0936988e-01
   3.7000000e+00  -3.7429355e-01   4.4989053e-01
   3.8000000e+00  -3.6736076e-01   5.0443160e-01
   3.9000000e+00  -3.9192844e-01   5.7598895e-01
   4.0000000e+00  -4.2014451e-01   6.4786549e-01
   4.1000000e+00  -4.1790873e-01   6.9823471e-01
   4.2000000e+00  -3.7619435e-01   7.1649604e-01
   4.3000000e+00  -3.2070818e-01   7.1188517e-01
   4.4000000e+00  -2.8888803e-01   7.0773642e-01
   4.5000000e+00  -2.9714707e-01   7.2158184e-01
   4.6000000e+00  -3.2930371e-01   7.4477673e-01
   4.7000000e+00  -3.5361859e-01   7.4354090e-01
   4.8000000e+00  -3.4915694e-01   6.8814334e-01
   4.9000000e+00  -3.1806907e-01   5.8535527e-01
   5.0000000e+00  -2.7711562e-01   4.7792889e-01
   5.1000000e+00  -2.4000068e-01   4.0613646e-01
   5.2000000e+00  -2.0717089e-01   3.6985402e-01
   5.3000000e+00  -1.7070972e-01   3.3198636e-01
   5.4000000e+00  -1.2745192e-01   2.5848232e-01
   5.5000000e+00  -8.5564126e-02   1.5047440e-01
   5.6000000e+00  -5.6562527e-02   3.7066863e-02
   5.7000000e+00  -4.0991847e-02  -5.6464397e-02
   5.8000000e+00  -2.4681128e-02  -1.2799759e-01
   5.9000000e+00   8.0214796e-03  -1.9051702e-01
   6.0000000e+00   5.7201606e-02  -2.5356362e-01
   6.1000000e+00   1.0536367e-01  -3.1536093e-01
   6.2000000e+00   1.3332001e-01  -3.6829483e-01
   6.3000000e+00   1.3777912e-01  -4.0704658e-01
   6.4000000e+00   1.3421926e-01  -4.3137699e-01
   6.5000000e+00   1.4519247e-01  -4.4365471e-01
   6.6000000e+00   1.8633482e-01  -4.4501074e-01
   6.7000000e+00   2.5893306e-01  -4.3373878e-01
   6.8000000e+00   3.4941975e-01  -4.0709159e-01
   6.9000000e+00   4.3489919e-01  -3.6406855e-01
   7.0000000e+00   4.9539114e-01  -3.0629387e-01
   7.1000000e+00   5.2788802e-01  -2.3813055e-01
   7.2000000e+00   5.4950089e-01  -1.6854605e-01
   7.3000000e+00   5.8213405e-01  -1.1138853e-01
   7.4000000e+00   6.2982563e-01  -7.7913656e-02
   7.5000000e+00   6.7138904e-01  -6.5724760e-02
   7.6000000e+00   6.7830373e-01  -5.8918874e-02
   7.7000000e+00   6.4170625e-01  -4.3777304e-02
   7.8000000e+00   5.8134532e-01  -2.1472902e-02
   7.9000000e+00   5.2700447e-01   6.3515621e-04
   8.0000000e+00   4.9132832e-01   2.6956396e-02
   8.1000000e+00   4.6178558e-01   7.0564521e-02
   8.2000000e+00   4.1866058e-01   1.2709865e-01
   8.3000000e+00   3.5777052e-01   1.6365444e-01
   8.4000000e+00   2.9245569e-01   1.4920140e-01
   8.5000000e+00   2.3440976e-01   9.5626160e-02
   8.6000000e+00   1.7807422e-01   5.4104263e-02
   8.7000000e+00   1.0821400e-01   6.3045037e-02
   8.8000000e+00   2.0760559e-02   1.0772748e-01
   8.9000000e+00  -7.0241500e-02   1.3970305e-01
   9.0000000e+00  -1.4958557e-01   1.2905190e-01
   9.1000000e+00  -2.2135650e-01   8.5294403e-02
   9.2000000e+00  -3.0698463e-01   3.1211725e-02
   9.3000000e+00  -4.2125187e-01  -2.3694480e-02
   9.4000000e+00  -5.5237600e-01  -7.4036956e-02
   9.5000000e+00  -6.6738752e-01  -9.9182263e-02
   9.6000000e+00  -7.3622162e-01  -7.6333619e-02
   9.7000000e+00  -7.5032998e-01  -1.5552499e-02
   9.8000000e+00  -7.2156581e-01   3.5601101e-02
   9.9000000e+00  -6.6898412e-01   3.4211848e-02
   1.0000000e+01  -6.0920478e-01  -1.7111164e-02
   1.0100000e+01  -5.5494051e-01  -7.8645174e-02
   1.0200000e+01  -5.1419261e-01  -1.1521386e-01
   1.0300000e+01  -4.8552283e-01  -1.1873259e-01
   1.0400000e+01  -4.5646405e-01  -9.6961114e-02
   1.0500000e+01  -4.1322631e-01  -6.1293965e-02
   1.0600000e+01  -3.5532673e-01  -3.2321306e-02
   1.0700000e+01  -2.9756741e-01  -3.7802263e-02
   1.0800000e+01  -2.5299075e-01  -8.4107903e-02
   1.0900000e+01  -2.1444266e-01  -1.3476454e-01
   1.1000000e+01  -1.5830487e-01  -1.3941167e-01
   1.1100000e+01  -6.9699972e-02  -9.1398730e-02
   1.1200000e+01   3.8753502e-02  -4.1154144e-02
   1.1300000e+01   1.3762072e-01  -3.9526523e-02
   1.1400000e+01   2.0989220e-01  -7.7007120e-02
   1.1500000e+01   2.6565243e-01  -9.5315122e-02
   1.1600000e+01   3.2582229e-01  -5.7404167e-02
   1.1700000e+01   3.9416177e-01   1.0945215e-02
   1.1800000e+01   4.4898796e-01   5.5753948e-02
   1.1900000e+01   4.6286997e-01   5.8215955e-02
   1.2000000e+01   4.2891471e-01   5.0797190e-02
   1.2100000e+01   3.6812633e-01   7.4487376e-02
   1.2200000e+01   3.1326928e-01   1.3279615e-01
   1.2300000e+01   2.8540129e-01   1.9103411e-01
   1.2400000e+01   2.8167783e-01   2.1272659e-01
   1.2500000e+01   2.8098303e-01   1.9121990e-01
   1.2600000e+01   2.6091340e-01   1.5033195e-01
   1.2700000e+01   2.1359137e-01   1.2186906e-01
   1.2800000e+01   1.4974520e-01   1.2375012e-01
   1.2900000e+01   8.8997017e-02   1.5376346e-01
   1.3000000e+01   4.4873840e-02   1.9608962e-01
   1.3100000e+01   1.7332990e-02   2.2926638e-01
   1.3200000e+01  -1.7685466e-03   2.3199646e-01
   1.3300000e+01  -1.7771784e-02   1.9339193e-01
   1.3400000e+01  -2.9257413e-02   1.2720635e-01
   1.3500000e+01  -3.4239423e-02   7.1705769e-02
   1.3600000e+01  -3.6910828e-02   6.0843620e-02
   1.3700000e+01  -4.4628654e-02   8.7781032e-02
   1.3800000e+01  -5.7837206e-02   1.0479059e-01
   1.3900000e+01  -6.6434500e-02   7.0630544e-02
   1.4000000e+01  -6.0128899e-02  -2.7835581e-03
   1.4100000e+01  -4.3251790e-02  -6.0294815e-02
   1.4200000e+01  -3.6549378e-02  -6.2558419e-02
   1.4300000e+01  -6.0382986e-02  -2.8199956e-02
   1.4400000e+01  -1.1356692e-01  -1.3209880e-02
   1.4500000e+01  -1.6873486e-01  -5.3727503e-02
   1.4600000e+01  -1.9139577e-01  -1.3339997e-01
   1.4700000e+01  -1.6835140e-01  -2.0144984e-01
   1.4800000e+01  -1.2093533e-01  -2.1577580e-01
   1.4900000e+01  -8.9078922e-02  -1.7298209e-01
   1.5000000e+01  -9.6917405e-02  -1.0850613e-01
   1.5100000e+01  -1.2982354e-01  -7.0957843e-02
   1.5200000e+01  -1.4643091e-01  -8.6712238e-02
   1.5300000e+01  -1.1740808e-01  -1.3981038e-01
   1.5400000e+01  -5.3968918e-02  -1.8677430e-01
   1.5500000e+01   3.6599269e-03  -1.9583359e-01
   1.5600000e+01   2.6668912e-02  -1.7236733e-01
   1.5700000e+01   2.4460427e-02  -1.4555487e-01
   1.5800000e+01   3.0482664e-02  -1.3480509e-01
   1.5900000e+01   6.5333927e-02  -1.3439666e-01
   1.6000000e+01   1.1820882e-01  -1.2759202e-01
   1.6100000e+01   1.6273736e-01  -1.0702980e-01
   1.6200000e+01   1.8366052e-01  -7.9467842e-02
   1.6300000e+01   1.8429586e-01  -5.7486917e-02
   1.6400000e+01   1.7361546e-01  -4.9988052e-02
   1.6500000e+01   1.5507957e-01  -5.4337163e-02
   1.6600000e+01   1.2992845e-01  -5.2287982e-02
   1.6700000e+01   1.0439934e-01  -2.0357997e-02
   1.6800000e+01   8.6831687e-02   4.4208537e-02
   1.6900000e+01   7.8375478e-02   1.0789072e-01
   1.7000000e+01   7.1770037e-02   1.2389973e-01
   1.7100000e+01   6.0879843e-02   7.9665140e-02
   1.7200000e+01   4.7452767e-02   1.6590217e-02
   1.7300000e+01   3.5033349e-02  -6.7223098e-03
   1.7400000e+01   1.8615860e-02   2.8455143e-02
   1.7500000e+01  -1.3940664e-02   8.5929549e-02
   1.7600000e+01  -6.7591652e-02   1.1582646e-01
   1.7700000e+01  -1.2934039e-01   1.0315578e-01
   1.7800000e+01  -1.7450809e-01   7.2641153e-02
   1.7900000e+01  -1.8424335e-01   5.4139934e-02
   1.8000000e+01  -1.5756954e-01   5.4001940e-02
   1.8100000e+01  -1.0993383e-01   6.0067125e-02
   1.8200000e+01  -6.3736408e-02   6.3793185e-02
   1.8300000e+01  -3.8172826e-02   6.8711365e-02
   1.8400000e+01  -4.0206089e-02   7.9292354e-02
   1.8500000e+01  -5.8996346e-02   8.9961213e-02
   1.8600000e+01  -7.0772251e-02   9.0126128e-02
   1.8700000e+01  -5.6219928e-02   7.8374962e-02
   1.8800000e+01  -1.8101803e-02   6.7202702e-02
   1.8900000e+01   1.8268983e-02   7.0643182e-02
   1.9000000e+01   2.4314631e-02   8.6820424e-02
   1.9100000e+01  -9.3588408e-03   9.4713521e-02
   1.9200000e+01  -6.5925832e-02   7.1754669e-02
   1.9300000e+01  -1.1420919e-01   1.7654053e-02
   1.9400000e+01  -1.2888785e-01  -3.9167581e-02
   1.9500000e+01  -1.0577023e-01  -6.1720085e-02
   1.9600000e+01  -6.3053065e-02  -3.4513574e-02
   1.9700000e+01  -2.6747831e-02   2.3865782e-02
   1.9800000e+01  -1.0005803e-02   7.6331952e-02
   1.9900000e+01  -4.6426829e-03   9.5016569e-02
   2.0000000e+01   5.8325228e-03   7.6945325e-02
   2.0100000e+01   2.5856615e-02   3.9404659e-02
   2.0200000e+01   4.4367994e-02   5.0062664e-03
   2.0300000e+01   5.1858324e-02  -1.1691234e-02
   2.0400000e+01   5.4241965e-02  -1.2140386e-02
   2.0500000e+01   6.4008972e-02  -1.4272065e-02
   2.0600000e+01   8.1305127e-02  -4.0797943e-02
   2.0700000e+01   9.2851069e-02  -9.8227730e-02
   2.0800000e+01   9.1475646e-02  -1.6466471e-01
   2.0900000e+01   8.8193856e-02  -2.0361260e-01
   2.1000000e+01   9.7533722e-02  -1.9503168e-01
   2.1100000e+01   1.1481122e-01  -1.5201719e-01
   2.1200000e+01   1.1762283e-01  -1.0465684e-01
   2.1300000e+01   9.2233832e-02  -7.0359504e-02
   2.1400000e+01   5.1595126e-02  -4.4900010e-02
   2.1500000e+01   2.2108584e-02  -2.0312991e-02
   2.1600000e+01   1.6491875e-02  -1.7751816e-03
   2.1700000e+01   2.5703701e-02  -7.5291363e-04
   2.1800000e+01   3.5118281e-02  -1.6471990e-02
   2.1900000e+01   3.9425141e-02  -3.2733352e-02
   2.2000000e+01   3.8136386e-02  -3.3723627e-02
   2.2100000e+01   2.4809514e-02  -1.7148738e-02
   2.2200000e+01  -8.2083207e-03   9.1386022e-03
   2.2300000e+01  -5.3497627e-02   3.6334459e-02
   2.2400000e+01  -8.6606305e-02   5.6137822e-02
   2.2500000e+01  -8.8432891e-02   5.9629571e-02
   2.2600000e+01  -6.7626140e-02   4.4455579e-02
   2.2700000e+01  -5.3234664e-02   2.3341650e-02
   2.2800000e+01  -6.2492831e-02   1.6966863e-02
   2.2900000e+01  -8.0890970e-02   3.3429697e-02
   2.3000000e+01  -7.9186000e-02   5.8462135e-02
   2.3100000e+01  -4.8074644e-02   6.9975733e-02
   2.3200000e+01  -9.7205742e-03   5.9650245e-02
   2.3300000e+01   6.9368407e-03   3.6650576e-02
   2.3400000e+01  -2.7740385e-03   1.3965108e-02
   2.3500000e+01  -1.7711441e-02  -1.5916188e-03
   2.3600000e+01  -1.8180587e-02  -6.4687539e-03
   2.3700000e+01  -8.1528759e-03   3.0282870e-03
   2.3800000e+01  -7.6395292e-03   2.4962575e-02
   2.3900000e+01  -2.7196751e-02   4.6804843e-02
   2.4000000e+01  -5.5403214e-02   5.3550068e-02
   2.4100000e+01  -7.1695122e-02   4.1297396e-02
   2.4200000e+01  -6.7412677e-02   1.8844840e-02
   2.4300000e+01  -5.1967953e-02  -3.2777618e-03
   2.4400000e+01  -4.0723117e-02  -1.9524817e-02
   2.4500000e+01  -4.0061604e-02  -2.4505701e-02
   2.4600000e+01  -4.3940903e-02  -1.0164654e-02
   2.4700000e+01  -4.1726847e-02   2.3915291e-02
   2.4800000e+01  -2.7419917e-02   5.9904918e-02
   2.4900000e+01  -2.6648254e-03   7.1209285e-02
   2.5000000e+01   2.6424066e-02   4.7496831e-02
   2.5100000e+01   5.3920993e-02   6.4186964e-03
   2.5200000e+01   7.6139226e-02  -2.4273073e-02
   2.5300000e+01   9.0790644e-02  -3.4697863e-02
   2.5400000e+01   9.6445129e-02  -3.8826352e-02
   2.5500000e+01   9.4862711e-02  -5.3376150e-02
   2.5600000e+01   9.3605140e-02  -7.6312703e-02
   2.5700000e+01   1.0271829e-01  -8.9424205e-02
   2.5800000e+01   1.2430109e-01  -7.9152254e-02
   2.5900000e+01   1.4426859e-01  -5.0237197e-02
   2.6000000e+01   1.3813631e-01  -1.8801733e-02
   2.6100000e+01   9.0189473e-02   3.5154922e-03
   2.6200000e+01   9.9412385e-03   1.5349680e-02
   2.6300000e+01  -7.0064828e-02   1.7941125e-02
   2.6400000e+01  -1.1415008e-01   7.6947560e-03
   2.6500000e+01  -1.0516683e-01  -1.9222500e-02
   2.6600000e+01  -5.3436643e-02  -5.5634974e-02
   2.6700000e+01   1.0029544e-02  -8.1785791e-02
   2.6800000e+01   5.1041479e-02  -8.0077795e-02
   2.6900000e+01   5.2268581e-02  -5.2373985e-02
   2.7000000e+01   2.3772269e-02  -1.9498667e-02
   2.7100000e+01  -6.9021660e-03  -6.2501456e-04
   2.7200000e+01  -2.0365419e-02   5.7567049e-03
   2.7300000e+01  -2.2707789e-02   1.7046677e-02
   2.7400000e+01  -3.4476471e-02   4.2536514e-02
   2.7500000e+01  -6.2397013e-02   6.8520036e-02
   2.7600000e+01  -8.7370330e-02   7.1368649e-02
   2.7700000e+01  -8.4169613e-02   4.4305759e-02
   2.7800000e+01  -4.9503909e-02   6.7897849e-03
   2.7900000e+01  -5.4775124e-03  -1.4335578e-02
   2.8000000e+01   2.3092883e-02  -1.0569194e-02
   2.8100000e+01   2.9207138e-02   2.5626042e-03
   2.8200000e+01   2.2558794e-02   2.3972543e-03
   2.8300000e+01   1.6444099e-02  -2.0968474e-02
   2.8400000e+01   2.0285533e-02  -5.8129266e-02
   2.8500000e+01   3.8262742e-02  -8.6997273e-02
   2.8600000e+01   6.5315237e-02  -8.5218858e-02
   2.8700000e+01   8.4120005e-02  -4.3842660e-02
   2.8800000e+01   7.5156464e-02   2.3166165e-02
   2.8900000e+01   3.6516451e-02   8.3160089e-02
   2.9000000e+01  -8.7802702e-03   1.0557828e-01
   2.9100000e+01  -3.1352199e-02   8.4452671e-02
   2.9200000e+01  -2.3392398e-02   4.1431957e-02
   2.9300000e+01  -6.3272392e-03   5.8890438e-03
   2.9400000e+01  -9.7381755e-03  -7.8946086e-03
   2.9500000e+01  -4.3466366e-02  -5.3349945e-03
   2.9600000e+01  -9.0148856e-02   1.7109200e-03
   2.9700000e+01  -1.2280127e-01   8.3156125e-03
   2.9800000e+01  -1.2810841e-01   1.7179703e-02
   2.9900000e+01  -1.1403745e-01   3.0687744e-02
   3.0000000e+01  -9.8249289e-02   4.5863798e-02
   3.0100000e+01  -9.1606920e-02   5.6780304e-02
   3.0200000e+01  -9.2425179e-02   5.9455860e-02
   3.0300000e+01  -9.3399060e-02   5.3217650e-02
   3.0400000e+01  -9.0394636e-02   3.8683755e-02
   3.0500000e+01  -8.3685770e-02   1.7201254e-02
   3.0600000e+01  -7.3750770e-02  -6.0952436e-03
   3.0700000e+01  -5.9803912e-02  -2.0355022e-02
   3.0800000e+01  -4.2864488e-02  -1.4621285e-02
   3.0900000e+01  -2.6849520e-02   1.1062004e-02
   3.1000000e+01  -1.3687550e-02   4.0906469e-02
   3.1100000e+01   1.5920051e-03   5.3702651e-02
   3.1200000e+01   2.7357374e-02   4.0713249e-02
   3.1300000e+01   6.5000736e-02   1.3108244e-02
   3.1400000e+01   1.0305727e-01  -9.0712428e-03
   3.1500000e+01   1.2374794e-01  -1.4410565e-02
   3.1600000e+01   1.1701690e-01  -6.2558247e-03
   3.1700000e+01   8.9686056e-02   5.6414807e-03
   3.1800000e+01   6.2137121e-02   1.5287897e-02
   3.1900000e+01   5.5096286e-02   2.1418739e-02
   3.2000000e+01   7.5561107e-02   2.2114219e-02
   3.2100000e+01   1.1131303e-01   1.2974528e-02
   3.2200000e+01   1.3880789e-01  -7.8926717e-03
   3.2300000e+01   1.4025674e-01  -3.4524009e-02
   3.2400000e+01   1.1710531e-01  -5.4804499e-02
   3.2500000e+01   8.8155789e-02  -5.9091350e-02
   3.2600000e+01   7.3611404e-02  -4.8163304e-02
   3.2700000e+01   7.9193905e-02  -3.2662818e-02
   3.2800000e+01   9.3181691e-02  -2.3858603e-02
   3.2900000e+01   9.6257790e-02  -2.4641285e-02
   3.3000000e+01   7.4893217e-02  -3.0301699e-02
   3.3100000e+01   3.0557989e-02  -3.7871073e-02
   3.3200000e+01  -1.8839648e-02  -5.1809588e-02
   3.3300000e+01  -4.8087329e-02  -7.7380424e-02
   3.3400000e+01  -4.2740154e-02  -1.0910068e-01
   3.3500000e+01  -1.3058483e-02  -1.3008480e-01
   3.3600000e+01   1.2781229e-02  -1.2608110e-01
   3.3700000e+01   1.4488422e-02  -9.9409576e-02
   3.3800000e+01  -1.3541452e-03  -6.6892606e-02
   3.3900000e+01  -1.1662036e-02  -4.4176754e-02
   3.4000000e+01  -5.5291953e-03  -3.3435322e-02
   3.4100000e+01   3.2731616e-03  -2.5317423e-02
   3.4200000e+01  -5.1423916e-03  -9.6969859e-03
   3.4300000e+01  -3.1657913e-02   1.6089928e-02
   3.4400000e+01  -5.8165205e-02   4.5832678e-02
   3.4500000e+01  -7.0049844e-02   6.8162072e-02
   3.4600000e+01  -6.9976309e-02   7.4241408e-02
   3.4700000e+01  -6.7337055e-02   6.6779763e-02
   3.4800000e+01  -6.2899330e-02   6.1700203e-02
   3.4900000e+01  -5.2238908e-02   7.5690044e-02
   3.5000000e+01  -4.0605846e-02   1.0836031e-01
   3.5100000e+01  -4.3062872e-02   1.3892586e-01
   3.5200000e+01  -6.5380958e-02   1.4450220e-01
   3.5300000e+01  -9.1622558e-02   1.2161652e-01
   3.5400000e+01  -9.8622095e-02   8.7217496e-02
   3.5500000e+01  -8.2302702e-02   5.9627835e-02
   3.5600000e+01  -6.4005423e-02   4.3071039e-02
   3.5700000e+01  -6.8721307e-02   3.1754079e-02
   3.5800000e+01  -9.9471034e-02   2.2954476e-02
   3.5900000e+01  -1.3381142e-01   1.9539403e-02
   3.6000000e+01  -1.4282822e-01   2.0673962e-02
   3.6100000e+01  -1.1330088e-01   1.6985935e-02
   3.6200000e+01  -5.6702292e-02  -9.7649963e-04
   3.6300000e+01  -1.6805166e-03  -3.1808901e-02
   3.6400000e+01   2.4678333e-02  -6.4248298e-02
   3.6500000e+01   1.6109954e-02  -8.8491096e-02
   3.6600000e+01  -7.5417209e-03  -1.0355805e-01
   3.6700000e+01  -1.6711848e-02  -1.1290538e-01
   3.6800000e+01   1.8278356e-03  -1.1557888e-01
   3.6900000e+01   3.4306573e-02  -1.0473021e-01
   3.7000000e+01   5.5985393e-02  -7.5768656e-02
   3.7100000e+01   5.6146463e-02  -3.5296013e-02
   3.7200000e+01   4.4898714e-02  -7.0097876e-04
   3.7300000e+01   3.7653765e-02   1.1168621e-02
   3.7400000e+01   3.9303589e-02  -2.2797480e-03
   3.7500000e+01   4.6053377e-02  -2.5015747e-02
   3.7600000e+01   5.6379009e-02  -3.2451534e-02
   3.7700000e+01   7.1652121e-02  -9.4678784e-03
   3.7800000e+01   8.6088296e-02   3.7045363e-02
   3.7900000e+01   8.5305498e-02   8.1050419e-02
   3.8000000e+01   6.2082716e-02   9.4452182e-02
   3.8100000e+01   3.0498054e-02   6.7052645e-02
   3.8200000e+01   1.6032275e-02   1.5381393e-02
   3.8300000e+01   2.8841154e-02  -2.7058624e-02
   3.8400000e+01   5.1967699e-02  -3.2950073e-02
   3.8500000e+01   6.0612665e-02  -1.3142097e-03
   3.8600000e+01   5.0152955e-02   4.1746366e-02
   3.8700000e+01   3.8853400e-02   6.3403378e-02
   3.8800000e+01   4.2660085e-02   4.8675876e-02
   3.8900000e+01   5.4614608e-02   8.3196027e-03
   3.9000000e+01   5.5153823e-02  -3.4392875e-02
   3.9100000e+01   3.9563020e-02  -6.2125603e-02
   3.9200000e+01   2.6292592e-02  -6.9585381e-02
   3.9300000e+01   3.3959692e-02  -5.7450249e-02
   3.9400000e+01   5.5350245e-02  -2.8307309e-02
   3.9500000e+01   6.2031820e-02   8.7725090e-03
   3.9600000e+01   3.5883303e-02   3.5651180e-02
   3.9700000e+01  -9.6466603e-03   3.5947447e-02
   3.9800000e+01  -4.3665964e-02   1.1540451e-02
   3.9900000e+01  -5.0085302e-02  -1.5707901e-02
   4.0000000e+01  -4.0399879e-02  -2.3311705e-02
   4.0100000e+01  -3.4682511e-02  -9.4456040e-03
   4.0200000e+01  -3.6308451e-02   7.0003365e-03
   4.0300000e+01  -3.0564635e-02   7.1798926e-03
   4.0400000e+01  -6.4879611e-03  -8.8836003e-03
   4.0500000e+01   2.5401065e-02  -2.3648008e-02
   4.0600000e+01   3.9741798e-02  -1.9300666e-02
   4.0700000e+01   1.9713256e-02   6.6520297e-03
   4.0800000e+01  -2.6309628e-02   3.8990755e-02
   4.0900000e+01  -6.9217974e-02   5.4836942e-02
   4.1000000e+01  -7.9964182e-02   3.9179270e-02
   4.1100000e+01  -5.0760818e-02  -2.7831840e-03
   4.1200000e+01  -1.7551139e-03  -4.5585776e-02
   4.1300000e+01   3.2714098e-02  -5.9390289e-02
   4.1400000e+01   3.0419528e-02  -3.2319856e-02
   4.1500000e+01   6.2801392e-05   1.9404576e-02
   4.1600000e+01  -2.5713400e-02   6.3947554e-02
   4.1700000e+01  -2.0405166e-02   7.8794530e-02
   4.1800000e+01   1.0028345e-02   6.5964911e-02
   4.1900000e+01   3.1715212e-02   4.4952962e-02
   4.2000000e+01   1.5948817e-02   3.2242767e-02
   4.2100000e+01  -3.1995615e-02   2.7894996e-02
   4.2200000e+01  -7.7951683e-02   2.0913100e-02
   4.2300000e+01  -9.1977311e-02   5.5473856e-03
   4.2400000e+01  -7.4625867e-02  -9.9173894e-03
   4.2500000e+01  -5.1106690e-02  -1.1455887e-02
   4.2600000e+01  -4.3534803e-02   4.7516035e-03
   4.2700000e+01  -5.1804873e-02   2.6601171e-02
   4.2800000e+01  -5.9272756e-02   3.6747437e-02
   4.2900000e+01  -5.2003125e-02   2.7532730e-02
   4.3000000e+01  -3.1056535e-02   4.6343389e-03
   4.3100000e+01  -9.8481633e-03  -2.1514174e-02
   4.3200000e+01  -2.9353723e-03  -4.4172750e-02
   4.3300000e+01  -1.5380690e-02  -6.0166320e-02
   4.3400000e+01  -3.8267330e-02  -6.5940145e-02
   4.3500000e+01  -5.3342982e-02  -5.8217819e-02
   4.3600000e+01  -4.5764405e-02  -3.8712267e-02
   4.3700000e+01  -1.6455935e-02  -1.5490058e-02
   4.3800000e+01   1.7336077e-02   1.7697588e-03
   4.3900000e+01   3.5590058e-02   7.5145133e-03
   4.4000000e+01   3.1608122e-02   1.9166710e-03
   4.4100000e+01   1.6149792e-02  -1.1179625e-02
   4.4200000e+01   6.8510458e-03  -2.7011024e-02
   4.4300000e+01   1.3743125e-02  -4.1931958e-02
   4.4400000e+01   3.3466904e-02  -5.3800893e-02
   4.4500000e+01   5.5125083e-02  -5.9768232e-02
   4.4600000e+01   7.0380655e-02  -5.4004404e-02
   4.4700000e+01   7.8175251e-02  -3.0854332e-02
   4.4800000e+01   8.0935167e-02   6.7762797e-03
   4.4900000e+01   7.8176818e-02   4.3755646e-02
   4.5000000e+01   6.6227219e-02   6.1977911e-02
   4.5100000e+01   4.5188056e-02   5.5197062e-02
   4.5200000e+01   2.3724021e-02   3.2842944e-02
   4.5300000e+01   1.2688287e-02   8.5244425e-03
   4.5400000e+01   1.2625026e-02  -1.1975329e-02
   4.5500000e+01   1.0996465e-02  -2.8999350e-02
   4.5600000e+01  -4.3359994e-03  -3.9178316e-02
   4.5700000e+01  -2.9664507e-02  -3.3932813e-02
   4.5800000e+01  -4.7293317e-02  -9.8337903e-03
   4.5900000e+01  -4.3798690e-02   2.3109893e-02
   4.6000000e+01  -2.3421796e-02   4.6748307e-02
   4.6100000e+01  -1.9491278e-03   4.8208494e-02
   4.6200000e+01   8.9831431e-03   2.8257265e-02
   4.6300000e+01   8.0943975e-03  -3.9924753e-04
   4.6400000e+01  -1.2609570e-03  -2.0980031e-02
   4.6500000e+01  -1.5413424e-02  -2.2298795e-02
   4.6600000e+01  -2.7653262e-02  -6.2837577e-03
   4.6700000e+01  -2.8614560e-02   1.3228446e-02
   4.6800000e+01  -1.6056052e-02   2.2762652e-02
   4.6900000e+01  -1.7927256e-03   2.1493468e-02
   4.7000000e+01  -1.5953241e-03   1.8353597e-02
   4.7100000e+01  -1.6266223e-02   1.6409341e-02
   4.7200000e+01  -2.7584522e-02   6.1070113e-03
   4.7300000e+01  -1.6639110e-02  -2.0133051e-02
   4.7400000e+01   1.5712594e-02  -4.9536703e-02
   4.7500000e+01   4.8814544e-02  -5.4214582e-02
   4.7600000e+01   6.0478434e-02  -1.9380262e-02
   4.7700000e+01   4.3468346e-02   3.7200356e-02
   4.7800000e+01   8.1784082e-03   7.8627316e-02
   4.7900000e+01  -2.4531320e-02   8.1515963e-02
   4.8000000e+01  -3.4158621e-02   5.3611360e-02
   4.8100000e+01  -1.3615310e-02   2.1426935e-02
   4.8200000e+01   2.1666397e-02   5.0457755e-03
   4.8300000e+01   4.1544946e-02   5.3196267e-03
   4.8400000e+01   2.7145756e-02   1.0696356e-02
   4.8500000e+01  -7.9462032e-03   1.1928396e-02
   4.8600000e+01  -2.7401019e-02   9.9663328e-03
   4.8700000e+01  -7.7657871e-03   1.1720900e-02
   4.8800000e+01   3.6711881e-02   1.9466879e-02
   4.8900000e+01   6.7956575e-02   2.5266563e-02
   4.9000000e+01   6.2188400e-02   1.7506966e-02
   4.9100000e+01   3.1351645e-02  -6.0016947e-03
   4.9200000e+01   6.8555216e-03  -3.2863977e-02
   4.9300000e+01   6.1864904e-03  -4.6374279e-02
   4.9400000e+01   1.8540601e-02  -4.1334942e-02
   4.9500000e+01   2.1427648e-02  -2.8301711e-02
   4.9600000e+01   6.9385176e-03  -2.1932247e-02
   4.9700000e+01  -1.0593983e-02  -2.6857900e-02
   4.9800000e+01  -1.1599363e-02  -3.6048242e-02
   4.9900000e+01   6.4245609e-03  -4.1387485e-02
   5.0000000e+01   2.4627567e-02  -4.3132537e-02
   5.0100000e+01   2.0825804e-02  -4.8064755e-02
   5.0200000e+01  -8.3222268e-03  -5.9609751e-02
   5.0300000e+01  -4.3136461e-02  -7.1471889e-02
   5.0400000e+01  -5.8676078e-02  -7.2073443e-02
   5.0500000e+01  -4.6535985e-02  -5.5958010e-02
   5.0600000e+01  -1.9934625e-02  -3.1002177e-02
   5.0700000e+01   3.6023804e-04  -1.3345656e-02
   5.0800000e+01   3.1786417e-03  -1.3326997e-02
   5.0900000e+01  -8.3907485e-03  -2.5404782e-02
   5.1000000e+01  -2.4817060e-02  -3.2633860e-02
   5.1100000e+01  -3.9250732e-02  -2.2160812e-02
   5.1200000e+01  -4.9906917e-02   3.6279761e-03
   5.1300000e+01  -5.6879131e-02   3.1371046e-02
   5.1400000e+01  -5.8614749e-02   5.0647437e-02
   5.1500000e+01  -5.1391429e-02   6.1693600e-02
   5.1600000e+01  -3.2369838e-02   6.9854016e-02
   5.1700000e+01  -4.5298269e-03   7.6167598e-02
   5.1800000e+01   2.0836851e-02   7.6701959e-02
   5.1900000e+01   2.8563882e-02   6.9969011e-02
   5.2000000e+01   9.9510999e-03   6.0750792e-02
   5.2100000e+01  -2.9072845e-02   5.4770108e-02
   5.2200000e+01  -7.0009207e-02   5.2309817e-02
   5.2300000e+01  -9.3422485e-02   5.0192139e-02
   5.2400000e+01  -9.0949244e-02   4.8764036e-02
   5.2500000e+01  -6.8700346e-02   5.2484810e-02
   5.2600000e+01  -4.0782986e-02   6.1616752e-02
   5.2700000e+01  -1.8921005e-02   6.6435719e-02
   5.2800000e+01  -5.7814139e-03   5.4485314e-02
   5.2900000e+01   3.8257936e-03   2.5116499e-02
   5.3000000e+01   1.5510147e-02  -5.9296791e-03
   5.3100000e+01   2.8330500e-02  -2.0100217e-02
   5.3200000e+01   3.5198460e-02  -1.5105156e-02
   5.3300000e+01   3.0867363e-02  -8.1980948e-03
   5.3400000e+01   1.9384883e-02  -1.7922654e-02
   5.3500000e+01   1.2419876e-02  -4.2885936e-02
   5.3600000e+01   1.9329675e-02  -6.1511985e-02
   5.3700000e+01   3.8895394e-02  -5.4702573e-02
   5.3800000e+01   6.0488123e-02  -2.7164284e-02
   5.3900000e+01   7.2214735e-02  -3.4021450e-03
   5.4000000e+01   6.8341976e-02  -2.3499369e-03
   5.4100000e+01   5.2469375e-02  -1.8614303e-02
   5.4200000e+01   3.7160564e-02  -3.0539462e-02
   5.4300000e+01   3.8548198e-02  -2.5139486e-02
   5.4400000e+01   6.3959446e-02  -1.2114632e-02
   5.4500000e+01   9.9950144e-02  -1.2379044e-02
   5.4600000e+01   1.1622083e-01  -3.4095014e-02
   5.4700000e+01   8.9598104e-02  -6.1391652e-02
   5.4800000e+01   2.7885886e-02  -6.7392865e-02
   5.4900000e+01  -3.2972930e-02  -3.9403006e-02
   5.5000000e+01  -5.8851916e-02   7.4073000e-03
   5.5100000e+01  -4.4756117e-02   4.1194345e-02
   5.5200000e+01  -1.3328371e-02   4.0182570e-02
   5.5300000e+01   8.6742524e-03   1.0747323e-02
   5.5400000e+01   8.7906338e-03  -1.9802661e-02
   5.5500000e+01  -1.0534955e-02  -2.8257509e-02
   5.5600000e+01  -3.8304996e-02  -1.3838389e-02
   5.5700000e+01  -5.7792743e-02   6.5732795e-03
   5.5800000e+01  -5.1834714e-02   1.8074896e-02
   5.5900000e+01  -1.7045311e-02   1.9972688e-02
   5.6000000e+01   2.5587495e-02   1.9641817e-02
   5.6100000e+01   4.2494944e-02   1.9164143e-02
   5.6200000e+01   1.6874306e-02   1.2713019e-02
   5.6300000e+01  -3.4060076e-02  -2.6001776e-03
   5.6400000e+01  -7.3726890e-02  -1.7621742e-02
   5.6500000e+01  -7.7400572e-02  -1.7784069e-02
   5.6600000e+01  -4.8138516e-02  -3.0476428e-04
   5.6700000e+01  -6.5461186e-03   1.7918412e-02
   5.6800000e+01   2.7763825e-02   1.3840231e-02
   5.6900000e+01   4.3999990e-02  -1.7981411e-02
   5.7000000e+01   3.8862451e-02  -5.6259619e-02
   5.7100000e+01   1.7128473e-02  -7.0592261e-02
   5.7200000e+01  -6.6667126e-03  -5.0212151e-02
   5.7300000e+01  -1.5713548e-02  -1.4931601e-02
   5.7400000e+01  -6.2356109e-03   3.5877193e-03
   5.7500000e+01   6.8211412e-03  -8.5960965e-03
   5.7600000e+01   4.5279290e-03  -3.7233844e-02
   5.7700000e+01  -1.5007036e-02  -5.7302120e-02
   5.7800000e+01  -3.3702082e-02  -5.7381136e-02
   5.7900000e+01  -3.2642268e-02  -4.5281754e-02
   5.8000000e+01  -1.1338640e-02  -3.3242472e-02
   5.8100000e+01   1.3583878e-02  -2.3779413e-02
   5.8200000e+01   2.5690701e-02  -1.2143188e-02
   5.8300000e+01   2.1311546e-02   2.2851305e-03
   5.8400000e+01   7.1921546e-03   1.3770905e-02
   5.8500000e+01  -8.1973841e-03   2.0169376e-02
   5.8600000e+01  -1.8709696e-02   2.9291646e-02
   5.8700000e+01  -2.0365339e-02   4.9731478e-02
   5.8800000e+01  -1.2601714e-02   7.6046286e-02
   5.8900000e+01  -3.5263174e-05   8.8906854e-02
   5.9000000e+01   1.0183534e-02   7.4446406e-02
   5.9100000e+01   1.4027397e-02   4.2149735e-02
   5.9200000e+01   1.2193758e-02   1.8509388e-02
   5.9300000e+01   6.0572986e-03   1.9939610e-02
   5.9400000e+01  -4.9994202e-03   3.4178950e-02
   5.9500000e+01  -1.9931574e-02   3.3235311e-02
   5.9600000e+01  -3.1273986e-02   6.2828494e-03
   5.9700000e+01  -2.7504533e-02  -2.4232076e-02
   5.9800000e+01  -2.0257270e-03  -2.4399896e-02
   5.9900000e+01   3.9935258e-02   1.2949407e-02
   6.0000000e+01   8.2686695e-02   5.6787761e-02
   6.0100000e+01   1.0790445e-01   6.8575973e-02
   6.0200000e+01   1.0368668e-01   4.2107499e-02
   6.0300000e+01   7.0811086e-02   7.3751699e-03
   6.0400000e+01   2.2961782e-02  -5.4309594e-03
   6.0500000e+01  -2.0837867e-02   1.2765474e-03
   6.0600000e+01  -4.7486349e-02   1.3385786e-03
   6.0700000e+01  -5.5533154e-02  -1.7590545e-02
   6.0800000e+01  -5.0944615e-02  -3.5584686e-02
   6.0900000e+01  -3.9726702e-02  -2.4081840e-02
   6.1000000e+01  -2.6708668e-02   1.8013480e-02
   6.1100000e+01  -1.8986183e-02   5.9911348e-02
   6.1200000e+01  -2.4236237e-02   7.0673234e-02
   6.1300000e+01  -4.2105518e-02   4.9235869e-02
   6.1400000e+01  -6.0278002e-02   2.0528986e-02
   6.1500000e+01  -6.4249236e-02   6.8955070e-03
   6.1600000e+01  -5.1983270e-02   8.3386579e-03
   6.1700000e+01  -3.5974783e-02   8.4326188e-03
   6.1800000e+01  -2.9484716e-02  -6.9014862e-03
   6.1900000e+01  -3.2993398e-02  -3.7672368e-02
   6.2000000e+01  -3.5943967e-02  -7.0538510e-02
   6.2100000e+01  -2.9699456e-02  -8.6233020e-02
   6.2200000e+01  -1.5753586e-02  -7.0031304e-02
   6.2300000e+01  -2.0203990e-03  -2.3758239e-02
   6.2400000e+01   5.1648971e-03   2.8416365e-02
   6.2500000e+01   4.2605328e-03   5.1098629e-02
   6.2600000e+01  -2.4204796e-03   2.3679680e-02
   6.2700000e+01  -8.9994223e-03  -3.9261885e-02
   6.2800000e+01  -6.9412336e-03  -9.4647322e-02
   6.2900000e+01   8.7618382e-03  -1.0323774e-01
   6.3000000e+01   3.1443707e-02  -6.0806837e-02
   6.3100000e+01   4.4155555e-02  -2.9791693e-04
   6.3200000e+01   3.4794247e-02   3.6855101e-02
   6.3300000e+01   1.1232403e-02   3.3937007e-02
   6.3400000e+01  -2.5393765e-03   7.5201023e-03
   6.3500000e+01   1.0589045e-02  -1.3120069e-02
   6.3600000e+01   4.1975232e-02  -1.3065246e-02
   6.3700000e+01   6.4281584e-02   3.0685992e-04
   6.3800000e+01   5.8265585e-02   1.1698380e-02
   6.3900000e+01   3.0425152e-02   1.5284839e-02
   6.4000000e+01   3.0548009e-03   1.6741154e-02
   6.4100000e+01  -9.9347063e-03   2.1751999e-02
   6.4200000e+01  -1.3145848e-02   2.7296724e-02
   6.4300000e+01  -1.6778649e-02   2.5309420e-02
   6.4400000e+01  -2.0073683e-02   1.1977077e-02
   6.4500000e+01  -1.2688598e-02  -8.9184709e-03
   6.4600000e+01   9.3494991e-03  -3.0184868e-02
   6.4700000e+01   3.5294922e-02  -4.5511250e-02
   6.4800000e+01   5.0245293e-02  -4.9877295e-02
   6.4900000e+01   5.0931362e-02  -4.0050987e-02
   6.5000000e+01   4.6747699e-02  -1.8376016e-02
   6.5100000e+01   4.5613543e-02   4.7799460e-03
   6.5200000e+01   4.3475455e-02   1.6111973e-02
   6.5300000e+01   3.0747507e-02   9.4139599e-03
   6.5400000e+01   6.9960911e-03  -9.3290293e-03
   6.5500000e+01  -1.4905197e-02  -2.7022702e-02
   6.5600000e+01  -2.0511855e-02  -3.3229597e-02
   6.5700000e+01  -7.9438930e-03  -2.5719972e-02
   6.5800000e+01   1.0720946e-02  -9.2029994e-03
   6.5900000e+01   2.0827422e-02   8.9968975e-03
   6.6000000e+01   1.6810166e-02   2.2696743e-02
   6.6100000e+01   4.1532772e-03   2.9334381e-02
   6.6200000e+01  -7.4235815e-03   3.0865615e-02
   6.6300000e+01  -1.2030246e-02   3.2000263e-02
   6.6400000e+01  -1.0829097e-02   3.6183903e-02
   6.6500000e+01  -9.1888412e-03   4.2203679e-02
   6.6600000e+01  -1.0852100e-02   4.4300511e-02
   6.6700000e+01  -1.4409133e-02   3.6258971e-02
   6.6800000e+01  -1.5572487e-02   1.7406995e-02
   6.6900000e+01  -1.2931158e-02  -3.5900105e-03
   6.7000000e+01  -1.0530888e-02  -1.2002609e-02
   6.7100000e+01  -1.3716830e-02   1.7193816e-03
   6.7200000e+01  -2.2529119e-02   3.0631515e-02
   6.7300000e+01  -3.0133909e-02   5.2370220e-02
   6.7400000e+01  -2.8380640e-02   4.5928073e-02
   6.7500000e+01  -1.5290272e-02   1.0555076e-02
   6.7600000e+01   2.0800314e-03  -3.2091994e-02
   6.7700000e+01   1.1773741e-02  -5.6012334e-02
   6.7800000e+01   5.7246012e-03  -5.2008624e-02
   6.7900000e+01  -1.2440907e-02  -3.2222993e-02
   6.8000000e+01  -2.7571151e-02  -1.6220716e-02
   6.8100000e+01  -2.4089045e-02  -1.4213867e-02
   6.8200000e+01  -7.2809918e-04  -2.2120929e-02
   6.8300000e+01   2.5511805e-02  -2.8841587e-02
   6.8400000e+01   3.2961852e-02  -2.6038991e-02
   6.8500000e+01   1.4993454e-02  -1.2764502e-02
   6.8600000e+01  -1.3947263e-02   5.6352792e-03
   6.8700000e+01  -3.2089191e-02   2.1361572e-02
   6.8800000e+01  -2.8812648e-02   2.8210899e-02
   6.8900000e+01  -9.3291898e-03   2.4147634e-02
   6.9000000e+01   1.5150660e-02   1.1535531e-02
   6.9100000e+01   3.6591224e-02  -4.1818658e-03
   6.9200000e+01   4.9080883e-02  -1.5843538e-02
   6.9300000e+01   4.5302469e-02  -1.6382368e-02
   6.9400000e+01   2.1923371e-02  -2.9428836e-03
   6.9500000e+01  -1.0499025e-02   1.8021334e-02
   6.9600000e+01  -2.9915333e-02   3.0856578e-02
   6.9700000e+01  -2.2501657e-02   2.0331160e-02
   6.9800000e+01  -4.1464413e-04  -1.4937525e-02
   6.9900000e+01   6.0721902e-03  -5.8052067e-02
   7.0000000e+01  -2.0812367e-02  -8.4637009e-02
   7.0100000e+01  -6.4411382e-02  -8.0202821e-02
   7.0200000e+01  -8.6527052e-02  -4.9045263e-02
   7.0300000e+01  -6.4450752e-02  -9.0324028e-03
   7.0400000e+01  -1.4345364e-02   2.0274323e-02
   7.0500000e+01   2.2850876e-02   2.6770077e-02
   7.0600000e+01   1.7873660e-02   1.0146510e-02
   7.0700000e+01  -2.3626264e-02  -1.7404692e-02
   7.0800000e+01  -6.9357246e-02  -3.6686236e-02
   7.0900000e+01  -8.7380651e-02  -3.4766499e-02
   7.1000000e+01  -6.7339695e-02  -1.6901174e-02
   7.1100000e+01  -2.3590770e-02  -2.4678166e-03
   7.1200000e+01   1.6535525e-02  -4.5187581e-03
   7.1300000e+01   3.0689860e-02  -1.3864987e-02
   7.1400000e+01   1.6517947e-02  -7.8767455e-03
   7.1500000e+01  -6.4939726e-03   2.3400662e-02
   7.1600000e+01  -1.3224846e-02   6.3349486e-02
   7.1700000e+01   3.8726609e-03   8.3751208e-02
   7.1800000e+01   2.7068986e-02   7.1808682e-02
   7.1900000e+01   3.1596720e-02   3.9916743e-02
   7.2000000e+01   1.2128682e-02   1.1310217e-02
   7.2100000e+01  -1.1691208e-02   1.1362710e-03
   7.2200000e+01  -1.7041932e-02   1.0974074e-02
   7.2300000e+01  -1.3752351e-03   3.4095029e-02
   7.2400000e+01   1.9494728e-02   6.0007844e-02
   7.2500000e+01   3.3515060e-02   7.6993739e-02
   7.2600000e+01   4.4761012e-02   7.8137770e-02
   7.2700000e+01   6.0924982e-02   6.7781559e-02
   7.2800000e+01   7.5526815e-02   5.8401916e-02
   7.2900000e+01   7.2159567e-02   5.8289635e-02
   7.3000000e+01   4.7566500e-02   6.4032121e-02
   7.3100000e+01   2.2298997e-02   6.6360950e-02
   7.3200000e+01   2.0988878e-02   5.9978640e-02
   7.3300000e+01   4.3319232e-02   4.4663037e-02
   7.3400000e+01   6.1145611e-02   2.0963191e-02
   7.3500000e+01   4.7504800e-02  -7.5226814e-03
   7.3600000e+01   5.9164035e-03  -2.7654795e-02
   7.3700000e+01  -3.1749410e-02  -2.2572747e-02
   7.3800000e+01  -3.5594255e-02   7.5930817e-03
   7.3900000e+01  -4.8642356e-03   3.4666615e-02
   7.4000000e+01   3.2375304e-02   2.3452876e-02
   7.4100000e+01   4.3367423e-02  -3.0911861e-02
   7.4200000e+01   1.6626746e-02  -9.1996328e-02
   7.4300000e+01  -2.9373440e-02  -1.1526927e-01
   7.4400000e+01  -5.9970594e-02  -9.1764308e-02
   7.4500000e+01  -5.1359252e-02  -5.4213224e-02
   7.4600000e+01  -1.1428168e-02  -4.0215429e-02
   7.4700000e+01   2.4295543e-02  -5.5155503e-02
   7.4800000e+01   2.2041067e-02  -7.3962899e-02
   7.4900000e+01  -1.9659671e-02  -7.3464812e-02
   7.5000000e+01  -6.7373053e-02  -5.5418989e-02
   7.5100000e+01  -8.1897902e-02  -3.8415385e-02
   7.5200000e+01  -5.1779500e-02  -3.5401456e-02
   7.5300000e+01  -7.3553825e-04  -4.4204159e-02
   7.5400000e+01   3.4398638e-02  -5.5345786e-02
   7.5500000e+01   3.2448989e-02  -6.0979914e-02
   7.5600000e+01   4.0037272e-04  -5.5533004e-02
   7.5700000e+01  -3.5134112e-02  -3.5638763e-02
   7.5800000e+01  -4.7568076e-02  -6.0977607e-03
   7.5900000e+01  -2.8142999e-02   1.6966050e-02
   7.6000000e+01   8.6528635e-03   1.7159052e-02
   7.6100000e+01   3.6674652e-02  -4.4115624e-03
   7.6200000e+01   3.9423896e-02  -2.6394762e-02
   7.6300000e+01   2.3187493e-02  -2.6932422e-02
   7.6400000e+01   9.3932250e-03  -5.6141922e-03
   7.6500000e+01   1.3737380e-02   1.7280884e-02
   7.6600000e+01   3.2968260e-02   2.2847801e-02
   7.6700000e+01   5.0679688e-02   1.1179210e-02
   7.6800000e+01   5.3012432e-02  -3.3204898e-03
   7.6900000e+01   3.7937830e-02  -9.1770151e-03
   7.7000000e+01   1.2787529e-02  -6.6878840e-03
   7.7100000e+01  -1.2978394e-02  -2.9639048e-03
   7.7200000e+01  -3.2158445e-02  -4.4966820e-03
   7.7300000e+01  -4.0112207e-02  -1.5021799e-02
   7.7400000e+01  -3.3676260e-02  -3.4201361e-02
   7.7500000e+01  -1.1810701e-02  -5.3647486e-02
   7.7600000e+01   2.0413819e-02  -5.7683785e-02
   7.7700000e+01   4.7985158e-02  -3.5297232e-02
   7.7800000e+01   5.1013298e-02   6.1596725e-03
   7.7900000e+01   2.1543660e-02   4.2662955e-02
   7.8000000e+01  -2.2383715e-02   5.2544449e-02
   7.8100000e+01  -4.6561156e-02   3.4407193e-02
   7.8200000e+01  -3.3011941e-02   6.3495561e-03
   7.8300000e+01  -2.3709728e-03  -1.0531267e-02
   7.8400000e+01   3.6714759e-03  -7.0838339e-03
   7.8500000e+01  -3.3418567e-02   1.1572619e-02
   7.8600000e+01  -8.5970078e-02   3.3440273e-02
   7.8700000e+01  -1.0575483e-01   4.8965442e-02
   7.8800000e+01  -7.1369326e-02   5.7533004e-02
   7.8900000e+01  -6.9548575e-03   6.7645437e-02
   7.9000000e+01   4.3726778e-02   8.8025251e-02
   7.9100000e+01   5.5895577e-02   1.1452450e-01
   7.9200000e+01   3.6939305e-02   1.2705418e-01
   7.9300000e+01   1.0161657e-02   1.0577994e-01
   7.9400000e+01  -6.9641110e-03   5.4724686e-02
   7.9500000e+01  -1.0897615e-02   6.4740883e-03
   7.9600000e+01  -7.2326744e-03  -3.8048499e-03
   7.9700000e+01  -2.6889706e-03   2.6781712e-02
   7.9800000e+01  -1.3649477e-04   6.2518235e-02
   7.9900000e+01   1.4905477e-03   6.3148268e-02
   8.0000000e+01   3.7343240e-03   2.5786871e-02
