   1.0221618e+02   2.8602761e+01   2.5212700e+03
   1.0216854e+02   2.8419847e+01   1.6695700e+03
   0.0000000e+00   2.9095168e-01   2.9095168e-01
   1.0000000e-01   4.3618387e-01   1.6308383e-01
   2.0000000e-01   5.6611565e-01   7.0086260e-02
   3.0000000e-01   6.5250224e-01   5.3993976e-03
   4.0000000e-01   6.9249485e-01  -5.5318180e-02
   5.0000000e-01   7.1492072e-01  -1.3369168e-01
   6.0000000e-01   7.6010981e-01  -2.2756921e-01
   7.0000000e-01   8.4429281e-01  -3.1087013e-01
   8.0000000e-01   9.4069096e-01  -3.5996922e-01
   9.0000000e-01   1.0000000e+00  -3.8157865e-01
   1.0000000e+00   9.9514985e-01  -4.0896792e-01
   1.1000000e+00   9.4753046e-01  -4.6627782e-01
   1.2000000e+00   9.0711012e-01  -5.4044825e-01
   1.3000000e+00   9.0418339e-01  -5.9581794e-01
   1.4000000e+00   9.1929034e-01  -6.1718058e-01
   1.5000000e+00   9.0028822e-01  -6.3091008e-01
   1.6000000e+00   8.0978022e-01  -6.7716409e-01
   1.7000000e+00   6.5784091e-01  -7.6349895e-01
   1.8000000e+00   4.9072968e-01  -8.5283170e-01
   1.9000000e+00   3.4896418e-01  -8.9914178e-01
   2.0000000e+00   2.3594790e-01  -8.8988544e-01
   2.1000000e+00   1.2551239e-01  -8.4879393e-01
   2.2000000e+00  -2.7628413e-03  -8.0090506e-01
   2.3000000e+00  -1.3824575e-01  -7.4504700e-01
   2.4000000e+00  -2.4937168e-01  -6.6686240e-01
   2.5000000e+00  -3.1676974e-01  -5.7354641e-01
   2.6000000e+00  -3.5361374e-01  -5.0236419e-01
   2.7000000e+00  -3.9268588e-01  -4.8483877e-01
   2.8000000e+00  -4.5561031e-01  -5.0395453e-01
   2.9000000e+00  -5.3638905e-01  -4.9694223e-01
   3.0000000e+00  -6.1211066e-01  -4.0922304e-01
   3.1000000e+00  -6.6361427e-01  -2.4655450e-01
   3.2000000e+00  -6.8357001e-01  -7.0083417e-02
   3.3000000e+00  -6.7136992e-01   6.1389594e-02
   3.4000000e+00  -6.3135802e-01   1.4182913e-01
   3.5000000e+00  -5.7994315e-01   2.1128442e-01
   3.6000000e+00  -5.4552987e-01   3.0541969e-01
   3.7000000e+00  -5.4799465e-01   4.1830532e-01
   3.8000000e+00  -5.7381542e-01   5.1415036e-01
   3.9000000e+00  -5.7963603e-01   5.6778167e-01
   4.0000000e+00  -5.3101621e-01   5.8800294e-01
   4.1000000e+00  -4.3954007e-01   6.0436864e-01
   4.2000000e+00  -3.5556126e-01   6.3795767e-01
   4.3000000e+00  -3.2009186e-01   6.8601963e-01
   4.4000000e+00  -3.2644225e-01   7.2885362e-01
   4.5000000e+00  -3.3274288e-01   7.4681194e-01
   4.6000000e+00  -3.0919743e-01   7.3375720e-01
   4.7000000e+00  -2.6598089e-01   7.0056064e-01
   4.8000000e+00  -2.3329904e-01   6.6663185e-01
   4.9000000e+00  -2.2185757e-01   6.4305841e-01
   5.0000000e+00  -2.1171470e-01   6.2080590e-01
   5.1000000e+00  -1.7958091e-01   5.7835787e-01
   5.2000000e+00  -1.2823267e-01   5.0469620e-01
   5.3000000e+00  -8.2586976e-02   4.1313338e-01
   5.4000000e+00  -6.0029659e-02   3.2831148e-01
   5.5000000e+00  -5.2287072e-02   2.6019084e-01
   5.6000000e+00  -3.7815093e-02   1.9614545e-01
   5.7000000e+00  -4.7118081e-03   1.2039671e-01
   5.8000000e+00   4.4658515e-02   3.5742844e-02
   5.9000000e+00   1.0677500e-01  -3.8975442e-02
   6.0000000e+00   1.8252747e-01  -8.9748593e-02
   6.1000000e+00   2.6442007e-01  -1.1904109e-01
   6.2000000e+00   3.2699224e-01  -1.3750828e-01
   6.3000000e+00   3.4401008e-01  -1.5294038e-01
   6.4000000e+00   3.1988877e-01  -1.7196467e-01
   6.5000000e+00   2.9637199e-01  -2.0518004e-01
   6.6000000e+00   3.1899522e-01  -2.5945542e-01
   6.7000000e+00   3.9628108e-01  -3.2388922e-01
   6.8000000e+00   4.9605454e-01  -3.7217086e-01
   6.9000000e+00   5.8049209e-01  -3.8522046e-01
   7.0000000e+00   6.3760083e-01  -3.6863732e-01
   7.1000000e+00   6.7667055e-01  -3.4301351e-01
   7.2000000e+00   7.0305976e-01  -3.1944213e-01
   7.3000000e+00   7.0938075e-01  -2.9120408e-01
   7.4000000e+00   6.9066972e-01  -2.5031948e-01
   7.5000000e+00   6.5606822e-01  -2.0501113e-01
   7.6000000e+00   6.1817167e-01  -1.7416983e-01
   7.7000000e+00   5.7710053e-01  -1.6548091e-01
   7.8000000e+00   5.2441827e-01  -1.6449522e-01
   7.9000000e+00   4.6069268e-01  -1.4864486e-01
   8.0000000e+00   3.9810880e-01  -1.1169619e-01
   8.1000000e+00   3.4135714e-01  -7.2874930e-02
   8.2000000e+00   2.7456442e-01  -6.0114872e-02
   8.3000000e+00   1.7691402e-01  -8.1696369e-02
   8.4000000e+00   4.9552614e-02  -1.1286582e-01
   8.5000000e+00  -8.1871102e-02  -1.1312815e-01
   8.6000000e+00  -1.9388669e-01  -6.2558909e-02
   8.7000000e+00  -2.8780643e-01   1.5540183e-02
   8.8000000e+00  -3.8123340e-01   7.0114028e-02
   8.9000000e+00  -4.8214450e-01   6.5395514e-02
   9.0000000e+00  -5.7887185e-01   1.2179923e-02
   9.1000000e+00  -6.5460488e-01  -4.2692187e-02
   9.2000000e+00  -7.0332827e-01  -5.8304098e-02
   9.3000000e+00  -7.2760739e-01  -3.2799363e-02
   9.4000000e+00  -7.2735468e-01   1.4927474e-03
   9.5000000e+00  -6.9979116e-01   1.1504186e-02
   9.6000000e+00  -6.5069476e-01  -9.1658562e-03
   9.7000000e+00  -5.9751721e-01  -4.1986134e-02
   9.8000000e+00  -5.5516582e-01  -6.5825519e-02
   9.9000000e+00  -5.2064604e-01  -7.4149642e-02
   1.0000000e+01  -4.7712287e-01  -7.3265112e-02
   1.0100000e+01  -4.1415744e-01  -7.0683751e-02
   1.0200000e+01  -3.4005858e-01  -6.9523955e-02
   1.0300000e+01  -2.7163433e-01  -7.1549569e-02
   1.0400000e+01  -2.1419435e-01  -7.8961215e-02
   1.0500000e+01  -1.5606826e-01  -9.0171523e-02
   1.0600000e+01  -8.4083392e-02  -9.7641341e-02
   1.0700000e+01  -1.9270853e-03  -9.5089364e-02
   1.0800000e+01   6.9454690e-02  -8.6408007e-02
   1.0900000e+01   1.1022618e-01  -8.2186219e-02
   1.1000000e+01   1.2037076e-01  -8.4887633e-02
   1.1100000e+01   1.2086654e-01  -8.1763039e-02
   1.1200000e+01   1.3620592e-01  -5.8477507e-02
   1.1300000e+01   1.7320645e-01  -1.9787703e-02
   1.1400000e+01   2.1413816e-01   9.8895751e-03
   1.1500000e+01   2.3122644e-01   1.2448380e-02
   1.1600000e+01   2.1211241e-01   1.5024957e-03
   1.1700000e+01   1.7455206e-01   1.4686201e-02
   1.1800000e+01   1.5492383e-01   7.4169777e-02
   1.1900000e+01   1.7745454e-01   1.5506306e-01
   1.2000000e+01   2.3073233e-01   1.9994981e-01
   1.2100000e+01   2.7452149e-01   1.7265430e-01
   1.2200000e+01   2.7338950e-01   1.0009373e-01
   1.2300000e+01   2.2812891e-01   5.6375572e-02
   1.2400000e+01   1.7615513e-01   9.8149665e-02
   1.2500000e+01   1.5903785e-01   2.1114267e-01
   1.2600000e+01   1.8531551e-01   3.2074905e-01
   1.2700000e+01   2.2258157e-01   3.5825981e-01
   1.2800000e+01   2.2752627e-01   3.1991171e-01
   1.2900000e+01   1.8696921e-01   2.6384236e-01
   1.3000000e+01   1.3040038e-01   2.5121240e-01
   1.3100000e+01   1.0073517e-01   2.8957524e-01
   1.3200000e+01   1.1199382e-01   3.2988539e-01
   1.3300000e+01   1.3664385e-01   3.1546116e-01
   1.3400000e+01   1.3412202e-01   2.3551730e-01
   1.3500000e+01   8.9131599e-02   1.3626983e-01
   1.3600000e+01   2.1810610e-02   8.2044078e-02
   1.3700000e+01  -3.3839210e-02   1.0080961e-01
   1.3800000e+01  -5.5770078e-02   1.6066797e-01
   1.3900000e+01  -4.2637373e-02   1.9778191e-01
   1.4000000e+01  -9.5228621e-03   1.7161869e-01
   1.4100000e+01   1.8793920e-02   9.7365546e-02
   1.4200000e+01   1.9366987e-02   2.5185669e-02
   1.4300000e+01  -9.9982671e-03  -1.2123278e-02
   1.4400000e+01  -4.1281570e-02  -2.8704299e-02
   1.4500000e+01  -3.6936061e-02  -6.2160924e-02
   1.4600000e+01   1.0846937e-02  -1.2482618e-01
   1.4700000e+01   6.4943629e-02  -1.8555872e-01
   1.4800000e+01   7.5805234e-02  -2.0308945e-01
   1.4900000e+01   3.0848158e-02  -1.7351983e-01
   1.5000000e+01  -3.2475989e-02  -1.3868114e-01
   1.5100000e+01  -6.3013409e-02  -1.4541827e-01
   1.5200000e+01  -4.1535531e-02  -1.9881067e-01
   1.5300000e+01   7.7118681e-03  -2.5783603e-01
   1.5400000e+01   4.0942604e-02  -2.7709939e-01
   1.5500000e+01   2.5327038e-02  -2.5160077e-01
   1.5600000e+01  -4.3815919e-02  -2.1943632e-01
   1.5700000e+01  -1.3946802e-01  -2.2012208e-01
   1.5800000e+01  -2.1298929e-01  -2.5154225e-01
   1.5900000e+01  -2.2224753e-01  -2.7132903e-01
   1.6000000e+01  -1.6620954e-01  -2.4321796e-01
   1.6100000e+01  -9.3564144e-02  -1.7936940e-01
   1.6200000e+01  -6.6357832e-02  -1.3036380e-01
   1.6300000e+01  -1.0582996e-01  -1.3092410e-01
   1.6400000e+01  -1.7351029e-01  -1.6157510e-01
   1.6500000e+01  -2.0837878e-01  -1.7125540e-01
   1.6600000e+01  -1.8268248e-01  -1.3557798e-01
   1.6700000e+01  -1.2121461e-01  -8.2290600e-02
   1.6800000e+01  -7.0401148e-02  -5.4505445e-02
   1.6900000e+01  -5.4493707e-02  -5.8101029e-02
   1.7000000e+01  -6.1172050e-02  -5.8271495e-02
   1.7100000e+01  -6.1074718e-02  -2.7573025e-02
   1.7200000e+01  -3.4048445e-02   1.6868148e-02
   1.7300000e+01   2.0091756e-02   3.4214589e-02
   1.7400000e+01   8.4831130e-02   1.1713611e-02
   1.7500000e+01   1.3388904e-01  -1.7895301e-02
   1.7600000e+01   1.4123401e-01  -1.3899103e-02
   1.7700000e+01   9.8079506e-02   2.7598252e-02
   1.7800000e+01   2.7609299e-02   7.4900286e-02
   1.7900000e+01  -2.2793291e-02   1.0151483e-01
   1.8000000e+01  -1.6403115e-02   1.1355132e-01
   1.8100000e+01   3.8526361e-02   1.3336093e-01
   1.8200000e+01   9.1696683e-02   1.6612305e-01
   1.8300000e+01   9.3912317e-02   1.9329084e-01
   1.8400000e+01   3.9664303e-02   1.9701605e-01
   1.8500000e+01  -3.3398691e-02   1.7957487e-01
   1.8600000e+01  -8.4480314e-02   1.5333113e-01
   1.8700000e+01  -1.0398824e-01   1.2013635e-01
   1.8800000e+01  -1.0864448e-01   7.3227599e-02
   1.8900000e+01  -1.1187201e-01   2.0557184e-02
   1.9000000e+01  -1.0882722e-01  -6.2681884e-03
   1.9100000e+01  -9.0424963e-02   2.1024533e-02
   1.9200000e+01  -6.2717592e-02   9.0761249e-02
   1.9300000e+01  -4.4876483e-02   1.5089106e-01
   1.9400000e+01  -4.8920426e-02   1.5316548e-01
   1.9500000e+01  -6.5853430e-02   9.8492893e-02
   1.9600000e+01  -7.2688775e-02   3.5542051e-02
   1.9700000e+01  -5.1401171e-02   1.3833679e-02
   1.9800000e+01  -2.0943631e-03   3.9605288e-02
   1.9900000e+01   5.7989575e-02   7.6459655e-02
   2.0000000e+01   1.0588478e-01   8.4085175e-02
   2.0100000e+01   1.2627298e-01   5.2894264e-02
   2.0200000e+01   1.1964441e-01   4.9603049e-03
   2.0300000e+01   1.0175170e-01  -2.9637498e-02
   2.0400000e+01   9.5119820e-02  -3.3193525e-02
   2.0500000e+01   1.1648145e-01  -5.2671887e-03
   2.0600000e+01   1.6554626e-01   3.9024049e-02
   2.0700000e+01   2.2178972e-01   7.0788321e-02
   2.0800000e+01   2.5484671e-01   5.8047920e-02
   2.0900000e+01   2.4550780e-01  -9.4012618e-03
   2.1000000e+01   2.0176989e-01  -1.0070193e-01
   2.1100000e+01   1.5343425e-01  -1.5923605e-01
   2.1200000e+01   1.2734432e-01  -1.4968032e-01
   2.1300000e+01   1.2604105e-01  -9.2253265e-02
   2.1400000e+01   1.2965986e-01  -4.4058601e-02
   2.1500000e+01   1.1588381e-01  -4.3090399e-02
   2.1600000e+01   7.6190382e-02  -7.4298232e-02
   2.1700000e+01   1.7218198e-02  -9.3400557e-02
   2.1800000e+01  -4.4876330e-02  -7.8522049e-02
   2.1900000e+01  -8.8948420e-02  -5.0797923e-02
   2.2000000e+01  -9.7340104e-02  -4.5665867e-02
   2.2100000e+01  -7.2061144e-02  -7.3524959e-02
   2.2200000e+01  -4.3415118e-02  -1.1332308e-01
   2.2300000e+01  -5.1001609e-02  -1.3758144e-01
   2.2400000e+01  -1.0545613e-01  -1.3427052e-01
   2.2500000e+01  -1.7008722e-01  -1.0610270e-01
   2.2600000e+01  -1.8935519e-01  -6.0621550e-02
   2.2700000e+01  -1.4111134e-01  -8.8203289e-03
   2.2800000e+01  -5.9541494e-02   3.2232890e-02
   2.2900000e+01  -4.8348162e-03   4.7412141e-02
   2.3000000e+01  -1.1626246e-02   3.9334504e-02
   2.3100000e+01  -6.6561410e-02   3.1593790e-02
   2.3200000e+01  -1.2877664e-01   4.9414896e-02
   2.3300000e+01  -1.6352698e-01   9.4335308e-02
   2.3400000e+01  -1.5720380e-01   1.3880808e-01
   2.3500000e+01  -1.1290070e-01   1.4742486e-01
   2.3600000e+01  -4.4465472e-02   1.0609927e-01
   2.3700000e+01   2.4856778e-02   3.4755099e-02
   2.3800000e+01   6.9306075e-02  -2.5262922e-02
   2.3900000e+01   7.6698978e-02  -3.8072391e-02
   2.4000000e+01   5.8994712e-02   4.7351439e-03
   2.4100000e+01   4.2022078e-02   8.0106569e-02
   2.4200000e+01   4.1181224e-02   1.4787224e-01
   2.4300000e+01   4.7560165e-02   1.7342218e-01
   2.4400000e+01   3.9207713e-02   1.4599241e-01
   2.4500000e+01   5.7881453e-03   8.3471651e-02
   2.4600000e+01  -3.8870384e-02   2.0939640e-02
   2.4700000e+01  -6.8974334e-02  -1.1973298e-02
   2.4800000e+01  -7.1645137e-02  -1.1119389e-02
   2.4900000e+01  -6.0296345e-02   1.1584509e-03
   2.5000000e+01  -6.3068392e-02  -1.8173202e-03
   2.5100000e+01  -9.6020319e-02  -2.3787084e-02
   2.5200000e+01  -1.4564442e-01  -4.0682404e-02
   2.5300000e+01  -1.7792412e-01  -2.5973465e-02
   2.5400000e+01  -1.6691840e-01   1.8836450e-02
   2.5500000e+01  -1.1695889e-01   6.2502305e-02
   2.5600000e+01  -5.8196697e-02   7.5267740e-02
   2.5700000e+01  -2.0717926e-02   5.9615007e-02
   2.5800000e+01  -1.1935750e-02   4.5507573e-02
   2.5900000e+01  -1.6108210e-02   5.3847664e-02
   2.6000000e+01  -1.1999131e-02   6.8433481e-02
   2.6100000e+01   1.0193730e-02   4.9676140e-02
   2.6200000e+01   4.5986300e-02  -2.0788732e-02
   2.6300000e+01   8.5574747e-02  -1.1020932e-01
   2.6400000e+01   1.2328097e-01  -1.5417876e-01
   2.6500000e+01   1.5885050e-01  -1.1309975e-01
   2.6600000e+01   1.9105737e-01  -1.4720615e-02
   2.6700000e+01   2.1195491e-01   6.0835014e-02
   2.6800000e+01   2.1032739e-01   4.6656200e-02
   2.6900000e+01   1.8309507e-01  -5.1584386e-02
   2.7000000e+01   1.4208039e-01  -1.5942599e-01
   2.7100000e+01   1.0583696e-01  -2.0064688e-01
   2.7200000e+01   8.3706545e-02  -1.6492866e-01
   2.7300000e+01   7.0783353e-02  -1.1047058e-01
   2.7400000e+01   5.9684467e-02  -1.0083212e-01
   2.7500000e+01   5.2277806e-02  -1.4219167e-01
   2.7600000e+01   5.4094998e-02  -1.8376757e-01
   2.7700000e+01   5.9596081e-02  -1.7484590e-01
   2.7800000e+01   5.2329270e-02  -1.1458192e-01
   2.7900000e+01   2.4680048e-02  -4.6273637e-02
   2.8000000e+01  -8.1953566e-03  -1.1381103e-02
   2.8100000e+01  -2.2706510e-02  -1.5611254e-02
   2.8200000e+01  -1.5574366e-02  -3.5621936e-02
   2.8300000e+01  -1.1108392e-02  -4.8024936e-02
   2.8400000e+01  -3.5048798e-02  -4.6534496e-02
   2.8500000e+01  -8.4061655e-02  -3.6156908e-02
   2.8600000e+01  -1.2625320e-01  -2.0124354e-02
   2.8700000e+01  -1.3225036e-01   2.8697751e-03
   2.8800000e+01  -1.0305608e-01   3.0965039e-02
   2.8900000e+01  -6.7755345e-02   5.4003475e-02
   2.9000000e+01  -5.7899217e-02   6.0252158e-02
   2.9100000e+01  -8.5121843e-02   4.9591395e-02
   2.9200000e+01  -1.3782355e-01   3.7800119e-02
   2.9300000e+01  -1.9213122e-01   4.3116958e-02
   2.9400000e+01  -2.2549247e-01   6.5940692e-02
   2.9500000e+01  -2.2692257e-01   8.4923916e-02
   2.9600000e+01  -2.0142638e-01   7.8892073e-02
   2.9700000e+01  -1.6518149e-01   5.3253159e-02
   2.9800000e+01  -1.3265158e-01   3.7912955e-02
   2.9900000e+01  -1.0675796e-01   5.2832857e-02
   3.0000000e+01  -8.3125487e-02   7.9135752e-02
   3.0100000e+01  -6.2905189e-02   7.5005887e-02
   3.0200000e+01  -5.5275795e-02   2.5573008e-02
   3.0300000e+01  -6.2513583e-02  -2.9892443e-02
   3.0400000e+01  -6.6623734e-02  -3.1572545e-02
   3.0500000e+01  -4.0620685e-02   3.7310465e-02
   3.0600000e+01   2.2492352e-02   1.2687626e-01
   3.0700000e+01   9.7860751e-02   1.6599409e-01
   3.0800000e+01   1.5339253e-01   1.2959745e-01
   3.0900000e+01   1.8462182e-01   5.7812927e-02
   3.1000000e+01   2.1608072e-01   1.1959378e-02
   3.1100000e+01   2.6428740e-01   1.8847013e-02
   3.1200000e+01   3.0775388e-01   5.8106408e-02
   3.1300000e+01   3.0549272e-01   9.3322677e-02
   3.1400000e+01   2.4692412e-01   1.0547448e-01
   3.1500000e+01   1.7377634e-01   9.8844834e-02
   3.1600000e+01   1.4347445e-01   8.7204788e-02
   3.1700000e+01   1.7160212e-01   8.2112898e-02
   3.1800000e+01   2.1690094e-01   8.9109765e-02
   3.1900000e+01   2.2494950e-01   1.0435885e-01
   3.2000000e+01   1.8225823e-01   1.1220733e-01
   3.2100000e+01   1.2439031e-01   9.3714467e-02
   3.2200000e+01   9.4407107e-02   4.5410318e-02
   3.2300000e+01   9.8789216e-02  -1.1295833e-02
   3.2400000e+01   1.0475974e-01  -4.6194081e-02
   3.2500000e+01   7.7381093e-02  -4.9473105e-02
   3.2600000e+01   1.7536317e-02  -4.2145611e-02
   3.2700000e+01  -3.5349237e-02  -5.3375397e-02
   3.2800000e+01  -3.8674245e-02  -8.8169573e-02
   3.2900000e+01   1.0605832e-02  -1.2213815e-01
   3.3000000e+01   6.4954614e-02  -1.3038992e-01
   3.3100000e+01   6.1536988e-02  -1.1785117e-01
   3.3200000e+01  -2.2643239e-02  -1.1521858e-01
   3.3300000e+01  -1.4479349e-01  -1.4374682e-01
   3.3400000e+01  -2.2683155e-01  -1.8886117e-01
   3.3500000e+01  -2.1833347e-01  -2.1373992e-01
   3.3600000e+01  -1.3628323e-01  -1.9829182e-01
   3.3700000e+01  -4.7425983e-02  -1.5908444e-01
   3.3800000e+01  -1.2689011e-02  -1.2763265e-01
   3.3900000e+01  -4.4947237e-02  -1.1342812e-01
   3.4000000e+01  -1.1240791e-01  -9.6086912e-02
   3.4100000e+01  -1.7431647e-01  -5.5445827e-02
   3.4200000e+01  -2.1065059e-01  -1.4091965e-03
   3.4300000e+01  -2.2313563e-01   3.5420384e-02
   3.4400000e+01  -2.1861023e-01   4.3013223e-02
   3.4500000e+01  -2.0026766e-01   4.8335051e-02
   3.4600000e+01  -1.7506949e-01   8.9173743e-02
   3.4700000e+01  -1.6041310e-01   1.6533599e-01
   3.4800000e+01  -1.7257013e-01   2.2610518e-01
   3.4900000e+01  -2.0570672e-01   2.1479658e-01
   3.5000000e+01  -2.2934083e-01   1.2825133e-01
   3.5100000e+01  -2.1480437e-01   2.8843736e-02
   3.5200000e+01  -1.6495964e-01  -7.3559717e-03
   3.5300000e+01  -1.1284857e-01   4.1989630e-02
   3.5400000e+01  -8.9133075e-02   1.2692220e-01
   3.5500000e+01  -9.4137700e-02   1.7200724e-01
   3.5600000e+01  -1.0295161e-01   1.4250425e-01
   3.5700000e+01  -9.2489895e-02   6.8426555e-02
   3.5800000e+01  -5.8866461e-02   8.7419551e-03
   3.5900000e+01  -1.3074350e-02  -5.1634374e-03
   3.6000000e+01   3.0363509e-02   7.4085318e-03
   3.6100000e+01   5.8357150e-02   3.6822112e-03
   3.6200000e+01   6.2269388e-02  -3.7447793e-02
   3.6300000e+01   4.5374133e-02  -9.7648607e-02
   3.6400000e+01   2.6211847e-02  -1.4159423e-01
   3.6500000e+01   2.6368956e-02  -1.5120709e-01
   3.6600000e+01   5.0179047e-02  -1.3607867e-01
   3.6700000e+01   7.8599886e-02  -1.1547660e-01
   3.6800000e+01   8.6943979e-02  -9.8676988e-02
   3.6900000e+01   6.9892330e-02  -8.5900466e-02
   3.7000000e+01   4.8488067e-02  -8.0719453e-02
   3.7100000e+01   5.1582647e-02  -8.9395513e-02
   3.7200000e+01   8.8739718e-02  -1.0467283e-01
   3.7300000e+01   1.3975281e-01  -1.0045664e-01
   3.7400000e+01   1.7152336e-01  -5.5677836e-02
   3.7500000e+01   1.6794767e-01   1.4725393e-02
   3.7600000e+01   1.4431999e-01   6.2949507e-02
   3.7700000e+01   1.3090706e-01   5.2217900e-02
   3.7800000e+01   1.4223457e-01  -3.0270451e-03
   3.7900000e+01   1.6566822e-01  -4.7619579e-02
   3.8000000e+01   1.8169652e-01  -3.9124453e-02
   3.8100000e+01   1.9033080e-01   1.2342205e-02
   3.8200000e+01   2.1010328e-01   5.9201376e-02
   3.8300000e+01   2.5083622e-01   6.6614287e-02
   3.8400000e+01   2.9559913e-01   4.2678654e-02
   3.8500000e+01   3.1600593e-01   2.1255333e-02
   3.8600000e+01   3.0203661e-01   2.3249645e-02
   3.8700000e+01   2.6907394e-01   3.9344487e-02
   3.8800000e+01   2.3488891e-01   4.6116311e-02
   3.8900000e+01   1.9789800e-01   3.1118405e-02
   3.9000000e+01   1.4480754e-01   6.7446273e-04
   3.9100000e+01   7.6205037e-02  -3.0456460e-02
   3.9200000e+01   1.4943278e-02  -5.0793460e-02
   3.9300000e+01  -1.5815398e-02  -5.4849676e-02
   3.9400000e+01  -1.9419796e-02  -4.1036196e-02
   3.9500000e+01  -2.5040268e-02  -1.1982975e-02
   3.9600000e+01  -5.8930281e-02   2.3236601e-02
   3.9700000e+01  -1.1847967e-01   5.0520481e-02
   3.9800000e+01  -1.7557988e-01   5.7718653e-02
   3.9900000e+01  -2.0384065e-01   4.2627705e-02
   4.0000000e+01  -2.0112432e-01   1.5157604e-02
   4.0100000e+01  -1.8683142e-01  -9.4967751e-03
   4.0200000e+01  -1.8022903e-01  -2.2435838e-02
   4.0300000e+01  -1.8338664e-01  -2.7306033e-02
   4.0400000e+01  -1.8461120e-01  -3.3933753e-02
   4.0500000e+01  -1.7560112e-01  -4.4365964e-02
   4.0600000e+01  -1.6162811e-01  -4.6483473e-02
   4.0700000e+01  -1.5330901e-01  -2.4372321e-02
   4.0800000e+01  -1.5086952e-01   2.4009463e-02
   4.0900000e+01  -1.4159938e-01   8.1183213e-02
   4.1000000e+01  -1.1557561e-01   1.2331793e-01
   4.1100000e+01  -8.1265803e-02   1.3820265e-01
   4.1200000e+01  -6.0797277e-02   1.3026161e-01
   4.1300000e+01  -6.8467946e-02   1.1171085e-01
   4.1400000e+01  -9.6317415e-02   9.3635907e-02
   4.1500000e+01  -1.2180332e-01   8.5289349e-02
   4.1600000e+01  -1.2691380e-01   9.4903527e-02
   4.1700000e+01  -1.0833890e-01   1.2372996e-01
   4.1800000e+01  -7.3685681e-02   1.5907812e-01
   4.1900000e+01  -3.4721988e-02   1.7992515e-01
   4.2000000e+01  -4.8029530e-03   1.7529758e-01
   4.2100000e+01   4.6246347e-03   1.5622158e-01
   4.2200000e+01  -7.7487194e-03   1.4417531e-01
   4.2300000e+01  -2.8649414e-02   1.4543326e-01
   4.2400000e+01  -3.9427582e-02   1.4098821e-01
   4.2500000e+01  -3.3134024e-02   1.0739299e-01
   4.2600000e+01  -2.1580676e-02   4.6952132e-02
   4.2700000e+01  -2.3581354e-02  -9.7523680e-03
   4.2800000e+01  -4.5736977e-02  -3.6370774e-02
   4.2900000e+01  -7.4742394e-02  -4.2267307e-02
   4.3000000e+01  -8.7982086e-02  -6.3702110e-02
   4.3100000e+01  -7.1881944e-02  -1.2168984e-01
   4.3200000e+01  -3.2063009e-02  -1.9540410e-01
   4.3300000e+01   1.1636784e-02  -2.4365476e-01
   4.3400000e+01   3.9077336e-02  -2.4916009e-01
   4.3500000e+01   4.1048083e-02  -2.3267539e-01
   4.3600000e+01   2.1711874e-02  -2.2273933e-01
   4.3700000e+01  -5.2644068e-03  -2.2289196e-01
   4.3800000e+01  -2.2784111e-02  -2.1859892e-01
   4.3900000e+01  -1.8639717e-02  -2.1021488e-01
   4.4000000e+01   4.8984218e-03  -2.2123314e-01
   4.4100000e+01   2.9225973e-02  -2.6437400e-01
   4.4200000e+01   3.4120887e-02  -3.0901069e-01
   4.4300000e+01   2.0016608e-02  -2.9954659e-01
   4.4400000e+01   1.2534033e-02  -2.1311805e-01
   4.4500000e+01   3.7398413e-02  -9.2479147e-02
   4.4600000e+01   8.9539028e-02  -1.3092590e-02
   4.4700000e+01   1.3354612e-01  -1.5313592e-02
   4.4800000e+01   1.3936999e-01  -6.8931152e-02
   4.4900000e+01   1.1378488e-01  -1.0128923e-01
   4.5000000e+01   9.0908304e-02  -5.8610912e-02
   4.5100000e+01   9.4041073e-02   5.2725716e-02
   4.5200000e+01   1.1514044e-01   1.7258591e-01
   4.5300000e+01   1.3380407e-01   2.3129176e-01
   4.5400000e+01   1.4693278e-01   2.0072819e-01
   4.5500000e+01   1.6900789e-01   1.1798747e-01
   4.5600000e+01   2.0405073e-01   6.0245938e-02
   4.5700000e+01   2.2863392e-01   8.3129553e-02
   4.5800000e+01   2.1142089e-01   1.7178712e-01
   4.5900000e+01   1.4801353e-01   2.5298912e-01
   4.6000000e+01   7.0196032e-02   2.6246892e-01
   4.6100000e+01   1.8977527e-02   2.0322387e-01
   4.6200000e+01   1.1761935e-02   1.3582605e-01
   4.6300000e+01   3.6618494e-02   1.1273106e-01
   4.6400000e+01   7.2080684e-02   1.2769462e-01
   4.6500000e+01   1.0399757e-01   1.3125289e-01
   4.6600000e+01   1.2244144e-01   8.8758427e-02
   4.6700000e+01   1.1258734e-01   1.5328710e-02
   4.6800000e+01   6.2061538e-02  -4.4422769e-02
   4.6900000e+01  -1.8025213e-02  -6.1479624e-02
   4.7000000e+01  -8.7107396e-02  -4.2992406e-02
   4.7100000e+01  -1.0287360e-01  -1.5604667e-02
   4.7200000e+01  -6.1953497e-02   8.6654633e-04
   4.7300000e+01  -1.0419694e-02   2.2730196e-03
   4.7400000e+01  -6.5549289e-03  -6.6974567e-03
   4.7500000e+01  -6.8195276e-02  -1.7969114e-02
   4.7600000e+01  -1.5607073e-01  -1.9913686e-02
   4.7700000e+01  -2.0964279e-01  -2.2895149e-03
   4.7800000e+01  -1.9953761e-01   3.1023739e-02
   4.7900000e+01  -1.4655460e-01   5.7839295e-02
   4.8000000e+01  -9.4293843e-02   5.6358275e-02
   4.8100000e+01  -6.8658882e-02   3.2778025e-02
   4.8200000e+01  -6.4773133e-02   2.4066618e-02
   4.8300000e+01  -6.7392456e-02   6.3116927e-02
   4.8400000e+01  -7.5200047e-02   1.3809945e-01
   4.8500000e+01  -9.9493233e-02   1.9282519e-01
   4.8600000e+01  -1.4008181e-01   1.7545853e-01
   4.8700000e+01  -1.6933933e-01   8.9239138e-02
   4.8800000e+01  -1.4904380e-01  -7.0232854e-03
   4.8900000e+01  -6.9405238e-02  -5.0096490e-02
   4.9000000e+01   2.8812362e-02  -2.5397393e-02
   4.9100000e+01   7.8182678e-02   2.4934704e-02
   4.9200000e+01   4.0034002e-02   3.9091725e-02
   4.9300000e+01  -5.8801472e-02  -1.8465790e-02
   4.9400000e+01  -1.4613020e-01  -1.3431761e-01
   4.9500000e+01  -1.6593101e-01  -2.5433377e-01
   4.9600000e+01  -1.2311331e-01  -3.1509957e-01
   4.9700000e+01  -6.8954168e-02  -2.8423691e-01
   4.9800000e+01  -4.5572010e-02  -1.8619530e-01
   4.9900000e+01  -4.9130623e-02  -8.9060025e-02
   5.0000000e+01  -4.7307180e-02  -5.4281491e-02
   5.0100000e+01  -2.4576752e-02  -8.9675062e-02
   5.0200000e+01  -4.3201681e-04  -1.5025854e-01
   5.0300000e+01  -2.0546123e-03  -1.8523905e-01
   5.0400000e+01  -2.8374107e-02  -1.8083432e-01
   5.0500000e+01  -5.0365732e-02  -1.5673685e-01
   5.0600000e+01  -4.6036409e-02  -1.3047192e-01
   5.0700000e+01  -2.6141655e-02  -9.8467490e-02
   5.0800000e+01  -1.8677618e-02  -5.3621262e-02
   5.0900000e+01  -3.0215819e-02  -8.1195232e-03
   5.1000000e+01  -3.0553470e-02   1.4504450e-02
   5.1100000e+01   1.8169707e-02   9.1826043e-03
   5.1200000e+01   1.1680538e-01   5.6895456e-04
   5.1300000e+01   2.1776731e-01   1.8945172e-02
   5.1400000e+01   2.6318996e-01   6.8931402e-02
   5.1500000e+01   2.3699700e-01   1.2616451e-01
   5.1600000e+01   1.7823591e-01   1.6133162e-01
   5.1700000e+01   1.4169755e-01   1.6215085e-01
   5.1800000e+01   1.4733167e-01   1.3495707e-01
   5.1900000e+01   1.7113561e-01   9.5137421e-02
   5.2000000e+01   1.8212999e-01   6.1131965e-02
   5.2100000e+01   1.7734434e-01   5.0511061e-02
   5.2200000e+01   1.7310105e-01   6.9906595e-02
   5.2300000e+01   1.6916742e-01   1.0461987e-01
   5.2400000e+01   1.3860489e-01   1.2429300e-01
   5.2500000e+01   6.2381285e-02   1.0683156e-01
   5.2600000e+01  -3.3557222e-02   5.8985579e-02
   5.2700000e+01  -8.9969437e-02   1.0833475e-02
   5.2800000e+01  -6.8962085e-02  -1.1879206e-02
   5.2900000e+01   6.4421382e-03  -9.3277813e-03
   5.3000000e+01   7.0178135e-02  -1.7292296e-03
   5.3100000e+01   6.9235501e-02  -4.7484898e-03
   5.3200000e+01   3.6177872e-03  -1.4077564e-02
   5.3300000e+01  -8.1074342e-02  -1.4554927e-02
   5.3400000e+01  -1.3381511e-01  -6.3886772e-04
   5.3500000e+01  -1.3491498e-01   1.6767395e-02
   5.3600000e+01  -1.0410845e-01   2.4534155e-02
   5.3700000e+01  -7.8261634e-02   2.4155497e-02
   5.3800000e+01  -7.7613453e-02   2.9554737e-02
   5.3900000e+01  -8.8753440e-02   4.7885271e-02
   5.4000000e+01  -8.0501333e-02   6.7669752e-02
   5.4100000e+01  -3.7949586e-02   7.1087316e-02
   5.4200000e+01   2.0781656e-02   5.7109035e-02
   5.4300000e+01   6.2953050e-02   4.6435173e-02
   5.4400000e+01   7.2708995e-02   5.9621203e-02
   5.4500000e+01   6.0054910e-02   9.3222401e-02
   5.4600000e+01   4.2242714e-02   1.2309980e-01
   5.4700000e+01   2.6027973e-02   1.3155864e-01
   5.4800000e+01   1.1204956e-02   1.2518837e-01
   5.4900000e+01   1.2912329e-03   1.2136694e-01
   5.5000000e+01  -1.4489162e-03   1.2071572e-01
   5.5100000e+01  -1.0164033e-02   1.0111187e-01
   5.5200000e+01  -4.9230036e-02   4.2655737e-02
   5.5300000e+01  -1.2670903e-01  -4.5211092e-02
   5.5400000e+01  -2.1482381e-01  -1.2620022e-01
   5.5500000e+01  -2.6694455e-01  -1.6636862e-01
   5.5600000e+01  -2.5743503e-01  -1.5837071e-01
   5.5700000e+01  -2.0310502e-01  -1.1936719e-01
   5.5800000e+01  -1.4592927e-01  -7.3129614e-02
   5.5900000e+01  -1.1772434e-01  -3.9234011e-02
   5.6000000e+01  -1.2041364e-01  -3.3801323e-02
   5.6100000e+01  -1.3320159e-01  -6.6970858e-02
   5.6200000e+01  -1.3282828e-01  -1.3012934e-01
   5.6300000e+01  -1.0908538e-01  -1.8889825e-01
   5.6400000e+01  -6.8063071e-02  -2.0107321e-01
   5.6500000e+01  -2.4626596e-02  -1.5210475e-01
   5.6600000e+01   9.5337014e-03  -7.4718271e-02
   5.6700000e+01   3.3237897e-02  -2.7804218e-02
   5.6800000e+01   5.2855710e-02  -4.8039613e-02
   5.6900000e+01   7.3550026e-02  -1.1663195e-01
   5.7000000e+01   9.5134910e-02  -1.7265503e-01
   5.7100000e+01   1.1566918e-01  -1.6326521e-01
   5.7200000e+01   1.3500290e-01  -8.7764897e-02
   5.7300000e+01   1.5208185e-01   2.9268742e-03
   5.7400000e+01   1.6127860e-01   5.0824976e-02
   5.7500000e+01   1.5570667e-01   3.9181586e-02
   5.7600000e+01   1.3420179e-01   5.4176808e-04
   5.7700000e+01   1.0155643e-01  -2.0999133e-02
   5.7800000e+01   6.1850663e-02  -1.3812593e-02
   5.7900000e+01   1.7246027e-02  -4.4346617e-03
   5.8000000e+01  -2.2678210e-02  -2.2232944e-02
   5.8100000e+01  -3.5689614e-02  -6.3698621e-02
   5.8200000e+01  -1.9292101e-03  -9.3987381e-02
   5.8300000e+01   7.0153392e-02  -8.0582889e-02
   5.8400000e+01   1.3745863e-01  -2.2821850e-02
   5.8500000e+01   1.5096855e-01   4.7706166e-02
   5.8600000e+01   9.6950331e-02   8.9963959e-02
   5.8700000e+01   1.1544657e-02   7.9884058e-02
   5.8800000e+01  -4.5166129e-02   2.6830614e-02
   5.8900000e+01  -3.1629740e-02  -2.8261464e-02
   5.9000000e+01   5.0276922e-02  -3.8509230e-02
   5.9100000e+01   1.6022706e-01   1.0554573e-02
   5.9200000e+01   2.4289789e-01   8.2893645e-02
   5.9300000e+01   2.5491666e-01   1.1982590e-01
   5.9400000e+01   1.8750287e-01   9.4700914e-02
   5.9500000e+01   7.6469945e-02   4.0221952e-02
   5.9600000e+01  -1.3310122e-02   1.7302997e-02
   5.9700000e+01  -3.0416904e-02   5.5809735e-02
   5.9800000e+01   2.0522249e-02   1.2714763e-01
   5.9900000e+01   7.6819387e-02   1.7305513e-01
   6.0000000e+01   6.8248376e-02   1.5773996e-01
   6.0100000e+01  -2.0010043e-02   9.4258400e-02
   6.0200000e+01  -1.3168476e-01   2.8660844e-02
   6.0300000e+01  -1.8878004e-01   3.4119125e-03
   6.0400000e+01  -1.5972850e-01   3.0260614e-02
   6.0500000e+01  -8.2303131e-02   8.7316591e-02
   6.0600000e+01  -2.4488819e-02   1.3700340e-01
   6.0700000e+01  -2.5880686e-02   1.5066577e-01
   6.0800000e+01  -7.2488505e-02   1.2314689e-01
   6.0900000e+01  -1.1795052e-01   6.9061489e-02
   6.1000000e+01  -1.2374188e-01   8.0607780e-03
   6.1100000e+01  -8.5602780e-02  -4.5872906e-02
   6.1200000e+01  -3.2701961e-02  -8.5169800e-02
   6.1300000e+01  -4.2364749e-03  -1.0674622e-01
   6.1400000e+01  -1.8805065e-02  -1.1363813e-01
   6.1500000e+01  -5.8426114e-02  -1.1477637e-01
   6.1600000e+01  -8.3012051e-02  -1.1623601e-01
   6.1700000e+01  -6.5701730e-02  -1.1135142e-01
   6.1800000e+01  -1.5970097e-02  -8.4798767e-02
   6.1900000e+01   3.2363825e-02  -3.0928979e-02
   6.2000000e+01   5.3002612e-02   3.3708816e-02
   6.2100000e+01   4.3508745e-02   8.0497428e-02
   6.2200000e+01   1.4347877e-02   9.2507708e-02
   6.2300000e+01  -2.6710328e-02   7.6710924e-02
   6.2400000e+01  -7.3657654e-02   5.3700001e-02
   6.2500000e+01  -1.1410682e-01   3.9676069e-02
   6.2600000e+01  -1.3420645e-01   4.0166503e-02
   6.2700000e+01  -1.3262745e-01   5.5635613e-02
   6.2800000e+01  -1.2101703e-01   8.4142039e-02
   6.2900000e+01  -1.0748233e-01   1.1548233e-01
   6.3000000e+01  -8.7606554e-02   1.2986493e-01
   6.3100000e+01  -5.8185246e-02   1.1311372e-01
   6.3200000e+01  -3.3211571e-02   7.6878385e-02
   6.3300000e+01  -3.4268908e-02   5.6578897e-02
   6.3400000e+01  -6.3202726e-02   7.8209183e-02
   6.3500000e+01  -9.3192463e-02   1.2322674e-01
   6.3600000e+01  -9.3057682e-02   1.3360887e-01
   6.3700000e+01  -5.7360757e-02   6.3126441e-02
   6.3800000e+01  -8.7039204e-03  -7.1412508e-02
   6.3900000e+01   2.6520981e-02  -1.9434850e-01
   6.4000000e+01   4.0050701e-02  -2.3420924e-01
   6.4100000e+01   4.2239851e-02  -1.8718819e-01
   6.4200000e+01   4.7364534e-02  -1.1874053e-01
   6.4300000e+01   5.9445300e-02  -1.0191042e-01
   6.4400000e+01   6.8241524e-02  -1.5266552e-01
   6.4500000e+01   5.8444197e-02  -2.2148562e-01
   6.4600000e+01   2.7586634e-02  -2.4290149e-01
   6.4700000e+01  -3.4523534e-03  -1.9305447e-01
   6.4800000e+01  -3.7929336e-03  -1.0617294e-01
   6.4900000e+01   3.7435766e-02  -4.2393356e-02
   6.5000000e+01   9.5982649e-02  -3.8120368e-02
   6.5100000e+01   1.3257901e-01  -7.8730671e-02
   6.5200000e+01   1.2854943e-01  -1.1376107e-01
   6.5300000e+01   9.8660094e-02  -1.0220232e-01
   6.5400000e+01   7.1215296e-02  -4.9734324e-02
   6.5500000e+01   6.2756817e-02  -2.4429046e-03
   6.5600000e+01   7.3077040e-02   5.8973234e-04
   6.5700000e+01   9.4620380e-02  -3.0157816e-02
   6.5800000e+01   1.1678003e-01  -4.4114195e-02
   6.5900000e+01   1.2429607e-01  -6.5786332e-03
   6.6000000e+01   1.0392921e-01   5.8848827e-02
   6.6100000e+01   5.9164859e-02   9.2545039e-02
   6.6200000e+01   1.3517569e-02   6.6268664e-02
   6.6300000e+01  -7.1185493e-03   2.0626489e-02
   6.6400000e+01   4.6567549e-03   2.5329241e-02
   6.6500000e+01   3.6208808e-02   1.0093381e-01
   6.6600000e+01   7.0254213e-02   1.8837235e-01
   6.6700000e+01   9.5754337e-02   2.0383868e-01
   6.6800000e+01   1.0502261e-01   1.2305496e-01
   6.6900000e+01   9.0197029e-02   5.7506754e-03
   6.7000000e+01   5.1235064e-02  -6.3829906e-02
   6.7100000e+01   5.7087988e-03  -5.5047531e-02
   6.7200000e+01  -1.8715454e-02  -7.6552901e-03
   6.7300000e+01  -9.0330265e-03   2.1054951e-02
   6.7400000e+01   1.5801311e-02   1.4253477e-02
   6.7500000e+01   1.7704602e-02  -7.8488289e-04
   6.7600000e+01  -2.4706421e-02   4.4772216e-03
   6.7700000e+01  -9.0855548e-02   2.5836591e-02
   6.7800000e+01  -1.3097648e-01   3.5637542e-02
   6.7900000e+01  -1.0926697e-01   1.5816671e-02
   6.8000000e+01  -3.9111649e-02  -2.6025108e-02
   6.8100000e+01   2.3334399e-02  -6.9987758e-02
   6.8200000e+01   2.3844636e-02  -1.0379951e-01
   6.8300000e+01  -4.4960991e-02  -1.2539531e-01
   6.8400000e+01  -1.3649078e-01  -1.3087636e-01
   6.8500000e+01  -1.8574683e-01  -1.0840539e-01
   6.8600000e+01  -1.5777981e-01  -4.9078933e-02
   6.8700000e+01  -7.1517156e-02   3.5719902e-02
   6.8800000e+01   1.7249516e-02   1.1019799e-01
   6.8900000e+01   5.8812376e-02   1.3252293e-01
   6.9000000e+01   4.4515763e-02   8.5430378e-02
   6.9100000e+01   6.0218033e-03  -4.3478303e-03
   6.9200000e+01  -1.9295086e-02  -7.7200101e-02
   6.9300000e+01  -2.3562252e-02  -7.9971228e-02
   6.9400000e+01  -2.8453654e-02  -6.1043233e-03
   6.9500000e+01  -4.9773944e-02   9.6875233e-02
   6.9600000e+01  -6.7240186e-02   1.6260650e-01
   6.9700000e+01  -3.9499366e-02   1.5774432e-01
   6.9800000e+01   4.4528047e-02   1.0748771e-01
   6.9900000e+01   1.3385910e-01   7.2011894e-02
   7.0000000e+01   1.4788738e-01   9.2907496e-02
   7.0100000e+01   5.2259400e-02   1.5629111e-01
   7.0200000e+01  -9.5506365e-02   2.0637505e-01
   7.0300000e+01  -1.8413960e-01   1.9796614e-01
   7.0400000e+01  -1.4386713e-01   1.3837803e-01
   7.0500000e+01  -1.1051442e-02   7.7324021e-02
   7.0600000e+01   1.0207332e-01   5.4684828e-02
   7.0700000e+01   1.0675521e-01   6.0569862e-02
   7.0800000e+01   1.2340879e-02   5.0387551e-02
   7.0900000e+01  -9.2918479e-02  -1.5600406e-03
   7.1000000e+01  -1.3009894e-01  -6.9258262e-02
   7.1100000e+01  -9.6294780e-02  -9.9927083e-02
   7.1200000e+01  -4.9071609e-02  -7.0437102e-02
   7.1300000e+01  -3.7409341e-02  -1.4897745e-02
   7.1400000e+01  -5.7828406e-02   5.7354625e-03
   7.1500000e+01  -7.5158448e-02  -3.8840184e-02
   7.1600000e+01  -7.1564967e-02  -1.2016646e-01
   7.1700000e+01  -6.3076705e-02  -1.7783786e-01
   7.1800000e+01  -7.0344283e-02  -1.7398003e-01
   7.1900000e+01  -8.6174018e-02  -1.2411462e-01
   7.2000000e+01  -8.1322581e-02  -7.7489768e-02
   7.2100000e+01  -4.0162007e-02  -6.8415074e-02
   7.2200000e+01   1.7774157e-02  -8.7284458e-02
   7.2300000e+01   5.6044765e-02  -9.8899974e-02
   7.2400000e+01   5.8371580e-02  -8.5821155e-02
   7.2500000e+01   4.3108453e-02  -6.7571568e-02
   7.2600000e+01   4.0140637e-02  -7.3811548e-02
   7.2700000e+01   5.6784752e-02  -1.0268881e-01
   7.2800000e+01   7.0419463e-02  -1.1404082e-01
   7.2900000e+01   5.5775066e-02  -6.8344904e-02
   7.3000000e+01   1.6886471e-02   2.9699063e-02
   7.3100000e+01  -1.1942529e-02   1.2990380e-01
   7.3200000e+01   9.1509511e-04   1.7905266e-01
   7.3300000e+01   5.1386104e-02   1.6394183e-01
   7.3400000e+01   1.0183344e-01   1.1519668e-01
   7.3500000e+01   1.1707725e-01   7.4165469e-02
   7.3600000e+01   9.7054565e-02   5.8595322e-02
   7.3700000e+01   7.2597667e-02   5.6924992e-02
   7.3800000e+01   7.0705303e-02   4.9194418e-02
   7.3900000e+01   8.7851304e-02   2.9396683e-02
   7.4000000e+01   9.8677754e-02   8.4545790e-03
   7.4100000e+01   8.6616449e-02  -8.8472447e-04
   7.4200000e+01   6.0184475e-02   8.3245913e-04
   7.4300000e+01   3.9071951e-02   1.5159811e-04
   7.4400000e+01   3.0684520e-02  -1.4726317e-02
   7.4500000e+01   2.5740738e-02  -4.0732787e-02
   7.4600000e+01   1.4270415e-02  -6.2069711e-02
   7.4700000e+01  -1.4141513e-03  -6.6222115e-02
   7.4800000e+01  -1.1711967e-02  -5.7789917e-02
   7.4900000e+01  -1.1653690e-02  -5.5043751e-02
   7.5000000e+01  -2.6748203e-03  -7.1052324e-02
   7.5100000e+01   1.3392970e-02  -9.8223043e-02
   7.5200000e+01   3.3245685e-02  -1.1378908e-01
   7.5300000e+01   4.4037252e-02  -1.0275667e-01
   7.5400000e+01   2.6922232e-02  -7.4665381e-02
   7.5500000e+01  -2.0721112e-02  -5.4573960e-02
   7.5600000e+01  -6.8696388e-02  -5.5999232e-02
   7.5700000e+01  -7.2562092e-02  -6.5199579e-02
   7.5800000e+01  -1.8734459e-02  -5.5662547e-02
   7.5900000e+01   5.1115464e-02  -1.7898790e-02
   7.6000000e+01   7.0340012e-02   2.8954342e-02
   7.6100000e+01   9.1637836e-03   5.7165843e-02
   7.6200000e+01  -9.2328925e-02   5.9053266e-02
   7.6300000e+01  -1.5456473e-01   5.1875978e-02
   7.6400000e+01  -1.2501388e-01   5.5690382e-02
   7.6500000e+01  -2.0752702e-02   7.2020176e-02
   7.6600000e+01   8.7699645e-02   8.6254728e-02
   7.6700000e+01   1.3269709e-01   8.4948888e-02
   7.6800000e+01   9.6838335e-02   6.4185730e-02
   7.6900000e+01   1.6297190e-02   2.4770816e-02
   7.7000000e+01  -5.5095365e-02  -2.8173934e-02
   7.7100000e+01  -8.6141570e-02  -7.4844376e-02
   7.7200000e+01  -8.0954050e-02  -8.1001193e-02
   7.7300000e+01  -6.1748349e-02  -2.6714456e-02
   7.7400000e+01  -4.5989402e-02   5.9748337e-02
   7.7500000e+01  -3.9730753e-02   1.0994971e-01
   7.7600000e+01  -4.4335339e-02   7.3720264e-02
   7.7700000e+01  -5.9068079e-02  -2.7361760e-02
   7.7800000e+01  -7.4789697e-02  -1.1378514e-01
   7.7900000e+01  -7.3360190e-02  -1.2179383e-01
   7.8000000e+01  -4.2888399e-02  -6.1132096e-02
   7.8100000e+01   5.1659125e-03   2.8249248e-03
   7.8200000e+01   3.9883250e-02   1.8731150e-02
   7.8300000e+01   3.6355340e-02  -6.0704701e-03
   7.8400000e+01  -2.3916163e-03  -2.6903506e-02
   7.8500000e+01  -4.8049147e-02  -1.4372910e-02
   7.8600000e+01  -6.8281823e-02   2.2685952e-02
   7.8700000e+01  -4.5734289e-02   5.9762448e-02
   7.8800000e+01   1.5421199e-02   8.7076581e-02
   7.8900000e+01   9.1404294e-02   1.1086493e-01
   7.9000000e+01   1.4666602e-01   1.3275439e-01
   7.9100000e+01   1.5074929e-01   1.4135540e-01
   7.9200000e+01   9.8981983e-02   1.2854601e-01
   7.9300000e+01   1.9019311e-02   1.0583974e-01
   7.9400000e+01  -4.7663963e-02   9.4555087e-02
   7.9500000e+01  -7.4987439e-02   9.9613429e-02
   7.9600000e+01  -6.5725408e-02   1.0192081e-01
   7.9700000e+01  -4.0745111e-02   8.2356491e-02
   7.9800000e+01  -2.0091978e-02   4.7584985e-02
   7.9900000e+01  -1.2618098e-02   2.2067459e-02
   8.0000000e+01  -1.5000682e-02   1.5061868e-02
