   1.0221618e+02   2.8602761e+01   2.5212700e+03
   1.0223411e+02   2.8448388e+01   2.1791500e+03
   0.0000000e+00   8.6080207e-01   8.6080207e-01
   1.0000000e-01   9.5795553e-01   7.3463742e-01
   2.0000000e-01   1.0000000e+00   6.0396327e-01
   3.0000000e-01   9.8809420e-01   4.7460439e-01
   4.0000000e-01   9.5565025e-01   3.4227153e-01
   5.0000000e-01   9.3794221e-01   2.0695108e-01
   6.0000000e-01   9.3834719e-01   7.2293676e-02
   7.0000000e-01   9.3034005e-01  -6.3536555e-02
   8.0000000e-01   8.9281463e-01  -2.0603183e-01
   9.0000000e-01   8.3618634e-01  -3.5133644e-01
   1.0000000e+00   7.8798105e-01  -4.8259878e-01
   1.1000000e+00   7.5573009e-01  -5.8521001e-01
   1.2000000e+00   7.1207860e-01  -6.6234316e-01
   1.3000000e+00   6.2035700e-01  -7.2898055e-01
   1.4000000e+00   4.7208484e-01  -7.9165237e-01
   1.5000000e+00   2.9599562e-01  -8.4185670e-01
   1.6000000e+00   1.3163014e-01  -8.7240001e-01
   1.7000000e+00  -2.2550655e-03  -8.9261193e-01
   1.8000000e+00  -1.1372398e-01  -9.1848175e-01
   1.9000000e+00  -2.1836225e-01  -9.4940758e-01
   2.0000000e+00  -3.1949589e-01  -9.6474517e-01
   2.1000000e+00  -4.0709816e-01  -9.4807259e-01
   2.2000000e+00  -4.7099430e-01  -9.0790325e-01
   2.3000000e+00  -5.1080376e-01  -8.6568753e-01
   2.4000000e+00  -5.3341051e-01  -8.2526077e-01
   2.5000000e+00  -5.4454179e-01  -7.6416205e-01
   2.6000000e+00  -5.4532459e-01  -6.5946630e-01
   2.7000000e+00  -5.3555414e-01  -5.1564824e-01
   2.8000000e+00  -5.1700824e-01  -3.6039966e-01
   2.9000000e+00  -4.9284674e-01  -2.1719924e-01
   3.0000000e+00  -4.6659164e-01  -9.1144511e-02
   3.1000000e+00  -4.4377986e-01   1.9079328e-02
   3.2000000e+00  -4.3167470e-01   1.0832966e-01
   3.3000000e+00  -4.3146384e-01   1.7397465e-01
   3.4000000e+00  -4.2914155e-01   2.3222354e-01
   3.5000000e+00  -4.0049859e-01   3.1178663e-01
   3.6000000e+00  -3.3413327e-01   4.2497442e-01
   3.7000000e+00  -2.5195787e-01   5.4987975e-01
   3.8000000e+00  -2.0026961e-01   6.4719387e-01
   3.9000000e+00  -2.1158327e-01   6.9497134e-01
   4.0000000e+00  -2.7192829e-01   7.0583881e-01
   4.1000000e+00  -3.2855356e-01   7.1273083e-01
   4.2000000e+00  -3.3349520e-01   7.4011657e-01
   4.3000000e+00  -2.8139634e-01   7.8534432e-01
   4.4000000e+00  -2.0705857e-01   8.2148407e-01
   4.5000000e+00  -1.5064303e-01   8.1764995e-01
   4.6000000e+00  -1.2781577e-01   7.6262484e-01
   4.7000000e+00  -1.2892845e-01   6.7380148e-01
   4.8000000e+00  -1.3715142e-01   5.8279145e-01
   4.9000000e+00  -1.4127450e-01   5.1029346e-01
   5.0000000e+00  -1.3450320e-01   4.5438364e-01
   5.1000000e+00  -1.0975701e-01   4.0094093e-01
   5.2000000e+00  -6.1638282e-02   3.3958015e-01
   5.3000000e+00   7.7941375e-03   2.6639996e-01
   5.4000000e+00   8.7849915e-02   1.7743639e-01
   5.5000000e+00   1.6446187e-01   6.9721112e-02
   5.6000000e+00   2.2697877e-01  -4.8766360e-02
   5.7000000e+00   2.7236365e-01  -1.5778275e-01
   5.8000000e+00   3.0589960e-01  -2.4054607e-01
   5.9000000e+00   3.3798604e-01  -2.9942233e-01
   6.0000000e+00   3.7734144e-01  -3.5072874e-01
   6.1000000e+00   4.2464513e-01  -4.0357582e-01
   6.2000000e+00   4.7217422e-01  -4.4841274e-01
   6.3000000e+00   5.0961083e-01  -4.6890961e-01
   6.4000000e+00   5.2972700e-01  -4.6254729e-01
   6.5000000e+00   5.2922091e-01  -4.4635024e-01
   6.6000000e+00   5.0735472e-01  -4.4225849e-01
   6.7000000e+00   4.6690000e-01  -4.5744326e-01
   6.8000000e+00   4.1543685e-01  -4.7731695e-01
   6.9000000e+00   3.6148478e-01  -4.7616087e-01
   7.0000000e+00   3.0715627e-01  -4.3669232e-01
   7.1000000e+00   2.4721685e-01  -3.6392436e-01
   7.2000000e+00   1.7895205e-01  -2.8221252e-01
   7.3000000e+00   1.1203441e-01  -2.1673073e-01
   7.4000000e+00   6.3546212e-02  -1.7449229e-01
   7.5000000e+00   3.9819932e-02  -1.4191163e-01
   7.6000000e+00   2.5255392e-02  -1.0063016e-01
   7.7000000e+00  -6.1085844e-03  -4.5205515e-02
   7.8000000e+00  -6.5533191e-02   1.4412247e-02
   7.9000000e+00  -1.3685392e-01   6.4908332e-02
   8.0000000e+00  -1.8973423e-01   1.0049626e-01
   8.1000000e+00  -2.0559023e-01   1.2227728e-01
   8.2000000e+00  -1.9151719e-01   1.3215571e-01
   8.3000000e+00  -1.7185445e-01   1.3228039e-01
   8.4000000e+00  -1.6817228e-01   1.2886939e-01
   8.5000000e+00  -1.8492038e-01   1.2976376e-01
   8.6000000e+00  -2.0891582e-01   1.3432778e-01
   8.7000000e+00  -2.1980549e-01   1.2976085e-01
   8.8000000e+00  -2.0379529e-01   1.0418219e-01
   8.9000000e+00  -1.6257082e-01   6.4243522e-02
   9.0000000e+00  -1.1178333e-01   3.4069300e-02
   9.1000000e+00  -7.0262614e-02   3.2397783e-02
   9.2000000e+00  -4.9001107e-02   5.2800415e-02
   9.3000000e+00  -4.8849818e-02   7.0108108e-02
   9.4000000e+00  -6.5688823e-02   6.5065402e-02
   9.5000000e+00  -9.3615348e-02   3.9113832e-02
   9.6000000e+00  -1.2216261e-01   7.1049949e-03
   9.7000000e+00  -1.3576979e-01  -1.6890434e-02
   9.8000000e+00  -1.2388253e-01  -2.3953711e-02
   9.9000000e+00  -9.4530305e-02  -8.8361005e-03
   1.0000000e+01  -7.3460750e-02   2.5708462e-02
   1.0100000e+01  -8.3285897e-02   6.3229421e-02
   1.0200000e+01  -1.2107891e-01   8.1445077e-02
   1.0300000e+01  -1.5838584e-01   7.2027728e-02
   1.0400000e+01  -1.6519646e-01   5.0045086e-02
   1.0500000e+01  -1.3446807e-01   3.9482859e-02
   1.0600000e+01  -8.4997313e-02   5.0579392e-02
   1.0700000e+01  -4.3962707e-02   7.4441434e-02
   1.0800000e+01  -2.7626854e-02   9.7394977e-02
   1.0900000e+01  -3.3960882e-02   1.1404236e-01
   1.1000000e+01  -4.7181437e-02   1.2444728e-01
   1.1100000e+01  -4.8544550e-02   1.2450827e-01
   1.1200000e+01  -2.8676680e-02   1.0593476e-01
   1.1300000e+01   5.2866218e-03   6.6563933e-02
   1.1400000e+01   3.5704950e-02   1.7178157e-02
   1.1500000e+01   5.1569260e-02  -2.4347625e-02
   1.1600000e+01   6.0255747e-02  -4.5659156e-02
   1.1700000e+01   7.9428402e-02  -4.6620261e-02
   1.1800000e+01   1.1682668e-01  -3.4615789e-02
   1.1900000e+01   1.6163727e-01  -1.5221619e-02
   1.2000000e+01   1.9758384e-01   1.0059041e-02
   1.2100000e+01   2.2002215e-01   3.5876603e-02
   1.2200000e+01   2.3438933e-01   4.6801868e-02
   1.2300000e+01   2.3956493e-01   2.7251306e-02
   1.2400000e+01   2.2203054e-01  -1.7338508e-02
   1.2500000e+01   1.7312714e-01  -5.4225761e-02
   1.2600000e+01   1.0858013e-01  -4.8861127e-02
   1.2700000e+01   6.1914992e-02  -1.2236648e-03
   1.2800000e+01   5.4350448e-02   4.8698348e-02
   1.2900000e+01   7.4365083e-02   5.8128621e-02
   1.3000000e+01   9.0103332e-02   2.3407141e-02
   1.3100000e+01   7.9280317e-02  -1.8993956e-02
   1.3200000e+01   4.3275819e-02  -3.1285944e-02
   1.3300000e+01  -4.3354412e-03  -8.5383661e-03
   1.3400000e+01  -5.3262526e-02   2.4745038e-02
   1.3500000e+01  -9.6482070e-02   4.2489616e-02
   1.3600000e+01  -1.2315706e-01   3.5349252e-02
   1.3700000e+01  -1.2374786e-01   8.0671489e-03
   1.3800000e+01  -1.0463071e-01  -2.8895049e-02
   1.3900000e+01  -8.9101580e-02  -6.2028284e-02
   1.4000000e+01  -9.6269250e-02  -7.8491307e-02
   1.4100000e+01  -1.2093498e-01  -7.6768005e-02
   1.4200000e+01  -1.4037105e-01  -7.2613451e-02
   1.4300000e+01  -1.4069302e-01  -8.6167851e-02
   1.4400000e+01  -1.3022758e-01  -1.1872635e-01
   1.4500000e+01  -1.2450630e-01  -1.4585902e-01
   1.4600000e+01  -1.2426931e-01  -1.3930203e-01
   1.4700000e+01  -1.1549380e-01  -9.6955093e-02
   1.4800000e+01  -9.0595564e-02  -4.8362307e-02
   1.4900000e+01  -6.2999177e-02  -2.8408487e-02
   1.5000000e+01  -5.6337335e-02  -4.6396621e-02
   1.5100000e+01  -7.9883108e-02  -8.1790467e-02
   1.5200000e+01  -1.1598592e-01  -1.0755865e-01
   1.5300000e+01  -1.3115374e-01  -1.1300136e-01
   1.5400000e+01  -1.0042018e-01  -1.0326546e-01
   1.5500000e+01  -2.6165181e-02  -8.3387801e-02
   1.5600000e+01   6.1080746e-02  -5.1383634e-02
   1.5700000e+01   1.2055848e-01  -8.1178841e-03
   1.5800000e+01   1.2737050e-01   3.3614972e-02
   1.5900000e+01   8.9288965e-02   5.7077383e-02
   1.6000000e+01   4.0917001e-02   5.7829431e-02
   1.6100000e+01   1.8465065e-02   4.6858620e-02
   1.6200000e+01   3.5151448e-02   3.7135576e-02
   1.6300000e+01   7.6847836e-02   3.2407987e-02
   1.6400000e+01   1.1858968e-01   3.1761957e-02
   1.6500000e+01   1.4416602e-01   3.9376527e-02
   1.6600000e+01   1.5224620e-01   6.1867711e-02
   1.6700000e+01   1.4970600e-01   9.5518234e-02
   1.6800000e+01   1.4436657e-01   1.2258228e-01
   1.6900000e+01   1.4316234e-01   1.2494533e-01
   1.7000000e+01   1.5011469e-01   1.0058524e-01
   1.7100000e+01   1.5998014e-01   6.4971310e-02
   1.7200000e+01   1.5570932e-01   3.7739024e-02
   1.7300000e+01   1.1998968e-01   2.8800175e-02
   1.7400000e+01   5.4683322e-02   3.3614020e-02
   1.7500000e+01  -1.3021413e-02   3.7560335e-02
   1.7600000e+01  -4.9086047e-02   2.6890595e-02
   1.7700000e+01  -4.0091961e-02   2.2353868e-03
   1.7800000e+01  -2.5060694e-03  -1.6302464e-02
   1.7900000e+01   3.4180901e-02  -3.5703380e-03
   1.8000000e+01   5.1110651e-02   4.3916264e-02
   1.8100000e+01   4.7786007e-02   9.6201676e-02
   1.8200000e+01   3.2353605e-02   1.1198744e-01
   1.8300000e+01   1.0605214e-02   7.7766795e-02
   1.8400000e+01  -1.4835217e-02   2.3796520e-02
   1.8500000e+01  -3.9500687e-02  -2.9510217e-03
   1.8600000e+01  -5.6237467e-02   1.6084432e-02
   1.8700000e+01  -6.0386421e-02   5.2744506e-02
   1.8800000e+01  -5.4409571e-02   5.8990313e-02
   1.8900000e+01  -4.6347237e-02   1.2989447e-02
   1.9000000e+01  -4.3325045e-02  -5.8718018e-02
   1.9100000e+01  -4.6016811e-02  -1.0255588e-01
   1.9200000e+01  -4.9098118e-02  -8.2988384e-02
   1.9300000e+01  -4.7485033e-02  -1.2106439e-02
   1.9400000e+01  -4.2401299e-02   6.0289955e-02
   1.9500000e+01  -4.0754154e-02   8.5629481e-02
   1.9600000e+01  -4.8232217e-02   5.0962672e-02
   1.9700000e+01  -6.4026444e-02  -1.7265802e-02
   1.9800000e+01  -8.3039987e-02  -7.7704993e-02
   1.9900000e+01  -1.0133440e-01  -1.0316307e-01
   2.0000000e+01  -1.1629992e-01  -9.3393916e-02
   2.0100000e+01  -1.2194762e-01  -6.8314328e-02
   2.0200000e+01  -1.0953155e-01  -5.1079452e-02
   2.0300000e+01  -7.8220147e-02  -5.2322062e-02
   2.0400000e+01  -4.4423667e-02  -6.4623986e-02
   2.0500000e+01  -3.4149433e-02  -7.1730003e-02
   2.0600000e+01  -6.0334072e-02  -6.5928261e-02
   2.0700000e+01  -1.0727439e-01  -5.6129229e-02
   2.0800000e+01  -1.4090290e-01  -5.5671313e-02
   2.0900000e+01  -1.3740323e-01  -6.2878388e-02
   2.1000000e+01  -1.0239621e-01  -6.0289956e-02
   2.1100000e+01  -6.2121021e-02  -3.7657198e-02
   2.1200000e+01  -3.7127130e-02  -1.0881746e-02
   2.1300000e+01  -2.6148681e-02  -9.0037501e-03
   2.1400000e+01  -1.4794357e-02  -4.0229108e-02
   2.1500000e+01   4.1494521e-03  -7.7412536e-02
   2.1600000e+01   2.3255977e-02  -8.2520173e-02
   2.1700000e+01   3.3089482e-02  -4.2998900e-02
   2.1800000e+01   3.7564998e-02   1.9696999e-02
   2.1900000e+01   5.1904392e-02   7.3508363e-02
   2.2000000e+01   8.4891455e-02   1.0000306e-01
   2.2100000e+01   1.2660338e-01   9.6822537e-02
   2.2200000e+01   1.5640556e-01   6.8562716e-02
   2.2300000e+01   1.6237479e-01   2.5281045e-02
   2.2400000e+01   1.5134744e-01  -1.3848686e-02
   2.2500000e+01   1.4104148e-01  -2.7658084e-02
   2.2600000e+01   1.4478040e-01  -1.0002052e-02
   2.2700000e+01   1.6304885e-01   2.3942888e-02
   2.2800000e+01   1.8509357e-01   5.2622556e-02
   2.2900000e+01   1.9535501e-01   6.7446776e-02
   2.3000000e+01   1.8111085e-01   7.4209991e-02
   2.3100000e+01   1.4016055e-01   7.8505878e-02
   2.3200000e+01   8.4188020e-02   7.6798750e-02
   2.3300000e+01   3.2390973e-02   6.3862550e-02
   2.3400000e+01  -1.7095336e-03   4.3363244e-02
   2.3500000e+01  -1.8545538e-02   2.5350428e-02
   2.3600000e+01  -2.8283514e-02   1.4564391e-02
   2.3700000e+01  -3.9935590e-02   6.8914848e-03
   2.3800000e+01  -5.5096500e-02  -6.2355446e-04
   2.3900000e+01  -6.9558834e-02  -8.4483508e-04
   2.4000000e+01  -7.7708157e-02   1.6531828e-02
   2.4100000e+01  -7.6257152e-02   4.8329431e-02
   2.4200000e+01  -6.8080220e-02   7.2822602e-02
   2.4300000e+01  -6.3961734e-02   6.6667707e-02
   2.4400000e+01  -7.6458045e-02   2.8766398e-02
   2.4500000e+01  -1.0715855e-01  -1.4414322e-02
   2.4600000e+01  -1.4000819e-01  -3.0048348e-02
   2.4700000e+01  -1.5099929e-01  -7.8261348e-03
   2.4800000e+01  -1.2735565e-01   3.0270243e-02
   2.4900000e+01  -7.8235814e-02   4.8084403e-02
   2.5000000e+01  -2.7907231e-02   2.5390503e-02
   2.5100000e+01   8.9087862e-04  -2.4981395e-02
   2.5200000e+01   1.8636616e-04  -6.6639254e-02
   2.5300000e+01  -2.0258216e-02  -6.8805052e-02
   2.5400000e+01  -4.0550603e-02  -3.2593395e-02
   2.5500000e+01  -4.4922160e-02   8.2179572e-03
   2.5600000e+01  -3.2802910e-02   1.5397399e-02
   2.5700000e+01  -1.5670076e-02  -1.9790859e-02
   2.5800000e+01  -1.8757360e-03  -6.9014154e-02
   2.5900000e+01   1.1761773e-02  -9.4191313e-02
   2.6000000e+01   2.8638369e-02  -8.2477336e-02
   2.6100000e+01   3.6342460e-02  -5.3430575e-02
   2.6200000e+01   1.3559428e-02  -3.3800167e-02
   2.6300000e+01  -4.0396663e-02  -3.0461569e-02
   2.6400000e+01  -9.0210708e-02  -3.0423567e-02
   2.6500000e+01  -9.1621993e-02  -2.2695642e-02
   2.6600000e+01  -3.7577640e-02  -1.2928457e-02
   2.6700000e+01   2.9779337e-02  -1.4592217e-02
   2.6800000e+01   5.9073919e-02  -2.9979330e-02
   2.6900000e+01   3.8800979e-02  -4.4328489e-02
   2.7000000e+01   2.3839493e-03  -3.9336358e-02
   2.7100000e+01  -1.1757950e-02  -1.1515676e-02
   2.7200000e+01   3.1628777e-03   2.2519779e-02
   2.7300000e+01   2.6118774e-02   3.8749211e-02
   2.7400000e+01   3.8804784e-02   2.5808345e-02
   2.7500000e+01   4.3196588e-02  -4.7524444e-03
   2.7600000e+01   5.0184967e-02  -2.8053443e-02
   2.7700000e+01   5.9692257e-02  -2.8010874e-02
   2.7800000e+01   5.8209517e-02  -1.1398748e-02
   2.7900000e+01   3.5509119e-02   4.9539671e-04
   2.8000000e+01   9.7353146e-04  -5.7842933e-03
   2.8100000e+01  -1.8243985e-02  -2.2976190e-02
   2.8200000e+01   2.4332539e-03  -3.2329061e-02
   2.8300000e+01   6.1981218e-02  -2.3176252e-02
   2.8400000e+01   1.2826372e-01  -1.7411679e-03
   2.8500000e+01   1.5900306e-01   1.7239332e-02
   2.8600000e+01   1.3569205e-01   2.4026622e-02
   2.8700000e+01   8.0691934e-02   1.9194203e-02
   2.8800000e+01   3.8334727e-02   9.5873482e-03
   2.8900000e+01   3.5085401e-02   1.8242522e-03
   2.9000000e+01   5.7705076e-02  -1.7098763e-03
   2.9100000e+01   7.1605149e-02  -3.0749629e-03
   2.9200000e+01   5.8429069e-02  -4.7642359e-03
   2.9300000e+01   3.1215256e-02  -3.9060420e-03
   2.9400000e+01   1.2978250e-02   8.0210006e-03
   2.9500000e+01   7.8531255e-03   3.5565024e-02
   2.9600000e+01   2.5547652e-04   6.8395494e-02
   2.9700000e+01  -2.0032386e-02   8.4791972e-02
   2.9800000e+01  -4.1761478e-02   7.1478489e-02
   2.9900000e+01  -4.6460501e-02   3.9692137e-02
   3.0000000e+01  -3.3543719e-02   1.6517836e-02
   3.0100000e+01  -2.2784503e-02   1.7629260e-02
   3.0200000e+01  -3.1058413e-02   3.1619206e-02
   3.0300000e+01  -5.3835386e-02   3.4964448e-02
   3.0400000e+01  -7.4426532e-02   2.0699493e-02
   3.0500000e+01  -8.6741430e-02   6.5956684e-03
   3.0600000e+01  -1.0041078e-01   1.2672783e-02
   3.0700000e+01  -1.2205572e-01   3.4982150e-02
   3.0800000e+01  -1.3899248e-01   4.7669423e-02
   3.0900000e+01  -1.2902576e-01   3.1921817e-02
   3.1000000e+01  -8.6622883e-02  -1.5403204e-03
   3.1100000e+01  -3.4628295e-02  -2.2604637e-02
   3.1200000e+01  -6.8299004e-03  -1.3450633e-02
   3.1300000e+01  -1.8747106e-02   1.3228335e-02
   3.1400000e+01  -5.5028531e-02   2.8548181e-02
   3.1500000e+01  -8.3325026e-02   1.7332150e-02
   3.1600000e+01  -7.9895668e-02  -8.5846070e-03
   3.1700000e+01  -4.5285818e-02  -2.5218171e-02
   3.1800000e+01  -4.2369223e-04  -2.0472768e-02
   3.1900000e+01   3.0301321e-02  -2.0595075e-03
   3.2000000e+01   3.4805483e-02   1.4560237e-02
   3.2100000e+01   1.7675056e-02   2.0780649e-02
   3.2200000e+01  -6.7656125e-03   1.6973197e-02
   3.2300000e+01  -2.4603232e-02   5.5380893e-03
   3.2400000e+01  -2.8265580e-02  -1.2435111e-02
   3.2500000e+01  -1.7533737e-02  -3.3523966e-02
   3.2600000e+01   1.1483573e-03  -4.9881000e-02
   3.2700000e+01   1.6680027e-02  -5.4741255e-02
   3.2800000e+01   1.9137462e-02  -4.9661872e-02
   3.2900000e+01   7.9186663e-03  -4.4057876e-02
   3.3000000e+01  -5.4853487e-03  -4.7010099e-02
   3.3100000e+01  -5.3209421e-03  -5.9993607e-02
   3.3200000e+01   1.5665056e-02  -7.6208016e-02
   3.3300000e+01   5.0312091e-02  -8.4405000e-02
   3.3400000e+01   8.2762558e-02  -7.4243632e-02
   3.3500000e+01   9.9125345e-02  -4.3803736e-02
   3.3600000e+01   9.4108531e-02  -6.7839926e-03
   3.3700000e+01   7.1676643e-02   1.0912094e-02
   3.3800000e+01   4.2856679e-02  -8.5474156e-03
   3.3900000e+01   2.1873894e-02  -5.1935691e-02
   3.4000000e+01   1.9716998e-02  -7.6780299e-02
   3.4100000e+01   3.7472770e-02  -4.6706931e-02
   3.4200000e+01   6.4981906e-02   2.9530633e-02
   3.4300000e+01   8.6825560e-02   9.8565226e-02
   3.4400000e+01   9.1026083e-02   1.0962381e-01
   3.4500000e+01   7.4665034e-02   6.3931889e-02
   3.4600000e+01   4.4943151e-02   1.4170344e-02
   3.4700000e+01   1.6556779e-02   1.2541884e-02
   3.4800000e+01   4.8143664e-03   6.1304713e-02
   3.4900000e+01   1.5301894e-02   1.1662215e-01
   3.5000000e+01   3.7176512e-02   1.3756855e-01
   3.5100000e+01   4.8900725e-02   1.2423039e-01
   3.5200000e+01   3.4985943e-02   1.0590963e-01
   3.5300000e+01  -6.8529953e-04   9.9864913e-02
   3.5400000e+01  -3.8236786e-02   9.2034273e-02
   3.5500000e+01  -5.8537484e-02   6.0064642e-02
   3.5600000e+01  -5.6635055e-02   6.9972710e-03
   3.5700000e+01  -4.0810180e-02  -3.6317110e-02
   3.5800000e+01  -2.2791327e-02  -4.2401455e-02
   3.5900000e+01  -1.1396665e-02  -1.5622140e-02
   3.6000000e+01  -1.2444858e-02   1.2217988e-02
   3.6100000e+01  -2.7817878e-02   1.1445382e-02
   3.6200000e+01  -5.0763485e-02  -2.1949665e-02
   3.6300000e+01  -6.5613077e-02  -6.7793418e-02
   3.6400000e+01  -5.9141120e-02  -1.0068392e-01
   3.6500000e+01  -3.5315929e-02  -1.0759629e-01
   3.6600000e+01  -1.5561170e-02  -9.3343560e-02
   3.6700000e+01  -1.9500613e-02  -7.4652712e-02
   3.6800000e+01  -4.4344278e-02  -6.8373171e-02
   3.6900000e+01  -6.5887105e-02  -8.0173841e-02
   3.7000000e+01  -6.1843469e-02  -1.0062066e-01
   3.7100000e+01  -3.3619732e-02  -1.1255334e-01
   3.7200000e+01  -4.4290838e-03  -1.0512644e-01
   3.7300000e+01   2.6874571e-03  -8.2629162e-02
   3.7400000e+01  -1.6053252e-02  -5.9537993e-02
   3.7500000e+01  -4.5083301e-02  -4.6149288e-02
   3.7600000e+01  -6.3537037e-02  -3.8960915e-02
   3.7700000e+01  -5.8709162e-02  -2.5730477e-02
   3.7800000e+01  -3.1383655e-02  -2.1521210e-04
   3.7900000e+01   5.3913931e-03   2.8809742e-02
   3.8000000e+01   3.2526931e-02   4.4329360e-02
   3.8100000e+01   3.6497820e-02   3.7648921e-02
   3.8200000e+01   2.0916982e-02   1.8329570e-02
   3.8300000e+01   5.9825217e-03   7.2130939e-03
   3.8400000e+01   1.0975129e-02   1.8649674e-02
   3.8500000e+01   3.4097727e-02   4.8109704e-02
   3.8600000e+01   5.2150494e-02   7.5619993e-02
   3.8700000e+01   4.4394902e-02   8.0810147e-02
   3.8800000e+01   1.6897948e-02   5.6576149e-02
   3.8900000e+01  -8.3856444e-04   1.2348394e-02
   3.9000000e+01   1.3662358e-02  -3.2045942e-02
   3.9100000e+01   5.0564831e-02  -5.5845643e-02
   3.9200000e+01   7.6547780e-02  -4.6358596e-02
   3.9300000e+01   6.9460654e-02  -6.3654014e-03
   3.9400000e+01   4.1199472e-02   4.3617892e-02
   3.9500000e+01   2.4057964e-02   7.4213679e-02
   3.9600000e+01   3.6197218e-02   6.6710143e-02
   3.9700000e+01   6.3480666e-02   2.9528476e-02
   3.9800000e+01   7.4975229e-02  -6.0138606e-03
   3.9900000e+01   5.3501171e-02  -1.1763419e-02
   4.0000000e+01   1.0612828e-02   1.2223290e-02
   4.0100000e+01  -2.4945969e-02   3.9826115e-02
   4.0200000e+01  -3.1325666e-02   4.7680071e-02
   4.0300000e+01  -9.8392580e-03   4.0099737e-02
   4.0400000e+01   1.6643985e-02   4.1945722e-02
   4.0500000e+01   2.0596199e-02   6.6892889e-02
   4.0600000e+01  -9.0691360e-03   9.7588089e-02
   4.0700000e+01  -5.6728368e-02   1.0168791e-01
   4.0800000e+01  -9.0602779e-02   6.6919082e-02
   4.0900000e+01  -8.7940971e-02   1.6373594e-02
   4.1000000e+01  -5.3652137e-02  -1.2587867e-02
   4.1100000e+01  -1.5322259e-02  -2.7183301e-03
   4.1200000e+01   1.7590920e-04   3.0565558e-02
   4.1300000e+01  -1.3804234e-02   5.7380380e-02
   4.1400000e+01  -4.3729845e-02   5.9897674e-02
   4.1500000e+01  -7.0262179e-02   4.2114456e-02
   4.1600000e+01  -8.0806146e-02   2.0150209e-02
   4.1700000e+01  -7.2007401e-02   7.8883434e-03
   4.1800000e+01  -4.6718305e-02   9.4737230e-03
   4.1900000e+01  -1.2190754e-02   1.8689837e-02
   4.2000000e+01   2.0478679e-02   2.2591377e-02
   4.2100000e+01   3.9650359e-02   1.0112446e-02
   4.2200000e+01   3.9622480e-02  -1.7102152e-02
   4.2300000e+01   2.5310240e-02  -4.2402736e-02
   4.2400000e+01   9.8395852e-03  -4.7528233e-02
   4.2500000e+01   5.2467246e-03  -3.1182207e-02
   4.2600000e+01   1.3015775e-02  -1.2210692e-02
   4.2700000e+01   2.2963801e-02  -1.1687584e-02
   4.2800000e+01   2.2956876e-02  -3.2746504e-02
   4.2900000e+01   1.1601974e-02  -5.9819121e-02
   4.3000000e+01   1.1788682e-03  -7.5660611e-02
   4.3100000e+01   5.9831641e-03  -7.5425477e-02
   4.3200000e+01   2.6453891e-02  -6.5381943e-02
   4.3300000e+01   4.6016053e-02  -5.4280534e-02
   4.3400000e+01   4.6030645e-02  -4.8879406e-02
   4.3500000e+01   2.4795115e-02  -5.2255166e-02
   4.3600000e+01   3.8819120e-04  -5.9747494e-02
   4.3700000e+01  -7.0031238e-03  -5.8898172e-02
   4.3800000e+01   4.4898798e-03  -4.2188817e-02
   4.3900000e+01   1.6918811e-02  -2.2288318e-02
   4.4000000e+01   1.1724700e-02  -2.6108308e-02
   4.4100000e+01  -1.0977108e-02  -6.4904367e-02
   4.4200000e+01  -3.3396194e-02  -1.1255681e-01
   4.4300000e+01  -3.8995391e-02  -1.2344684e-01
   4.4400000e+01  -2.7880934e-02  -7.7043407e-02
   4.4500000e+01  -1.3066841e-02  -1.2958753e-03
   4.4600000e+01  -4.5051994e-03   5.2255500e-02
   4.4700000e+01   4.9327816e-05   5.5256343e-02
   4.4800000e+01   8.7801130e-03   2.2761675e-02
   4.4900000e+01   2.3667503e-02  -8.8562836e-03
   4.5000000e+01   3.6438902e-02  -1.7375146e-02
   4.5100000e+01   3.5674666e-02  -7.9634587e-03
   4.5200000e+01   1.7062170e-02   1.2604833e-03
   4.5300000e+01  -1.2064979e-02  -1.1718120e-04
   4.5400000e+01  -3.6966654e-02  -7.8815315e-03
   4.5500000e+01  -4.5771050e-02  -1.1305892e-02
   4.5600000e+01  -3.8589748e-02  -4.8929459e-03
   4.5700000e+01  -2.6898009e-02   6.8109913e-03
   4.5800000e+01  -2.1424257e-02   1.3979098e-02
   4.5900000e+01  -1.9685961e-02   1.0879347e-02
   4.6000000e+01  -8.3581194e-03   1.5128021e-03
   4.6100000e+01   1.9292237e-02  -3.6366514e-03
   4.6200000e+01   5.0299685e-02   3.1402099e-03
   4.6300000e+01   6.0924268e-02   1.9964182e-02
   4.6400000e+01   4.0228233e-02   3.6852637e-02
   4.6500000e+01   2.3600143e-03   4.3737505e-02
   4.6600000e+01  -2.6011987e-02   3.8371623e-02
   4.6700000e+01  -2.8385990e-02   2.8301085e-02
   4.6800000e+01  -7.8589698e-03   2.5064595e-02
   4.6900000e+01   2.0835994e-02   3.3952755e-02
   4.7000000e+01   4.2165581e-02   4.7694917e-02
   4.7100000e+01   4.4114873e-02   5.2087949e-02
   4.7200000e+01   2.1749553e-02   4.1222664e-02
   4.7300000e+01  -1.5566227e-02   2.7164402e-02
   4.7400000e+01  -4.3672307e-02   3.0529928e-02
   4.7500000e+01  -4.0389512e-02   5.8307043e-02
   4.7600000e+01  -8.0584733e-03   9.2603754e-02
   4.7700000e+01   2.4395538e-02   1.0531781e-01
   4.7800000e+01   2.7465644e-02   8.5277141e-02
   4.7900000e+01  -5.9528795e-04   4.9108589e-02
   4.8000000e+01  -3.4001814e-02   2.4377753e-02
   4.8100000e+01  -4.6842503e-02   2.3670889e-02
   4.8200000e+01  -3.5824342e-02   3.6283031e-02
   4.8300000e+01  -1.5396945e-02   4.2777696e-02
   4.8400000e+01   2.7059085e-03   3.3973839e-02
   4.8500000e+01   1.7843915e-02   1.5802090e-02
   4.8600000e+01   3.0292714e-02   8.9333897e-05
   4.8700000e+01   3.2488195e-02  -5.6425601e-03
   4.8800000e+01   1.7498409e-02  -7.9144002e-04
   4.8900000e+01  -6.4406821e-03   1.0699924e-02
   4.9000000e+01  -1.7687476e-02   2.2184789e-02
   4.9100000e+01  -1.3728039e-03   2.5531957e-02
   4.9200000e+01   3.4243249e-02   1.4788456e-02
   4.9300000e+01   6.4037485e-02  -8.6639398e-03
   4.9400000e+01   6.7878234e-02  -3.5049074e-02
   4.9500000e+01   4.5409470e-02  -5.2406076e-02
   4.9600000e+01   1.1998970e-02  -5.5600247e-02
   4.9700000e+01  -1.5503131e-02  -4.9840793e-02
   4.9800000e+01  -2.8404039e-02  -4.5385877e-02
   4.9900000e+01  -2.6400421e-02  -4.8710730e-02
   5.0000000e+01  -1.3880922e-02  -5.8304207e-02
   5.0100000e+01   2.2056266e-03  -6.7783846e-02
   5.0200000e+01   1.3526439e-02  -7.1895582e-02
   5.0300000e+01   1.3993869e-02  -6.9774504e-02
   5.0400000e+01   5.2263975e-03  -6.4175701e-02
   5.0500000e+01  -2.6004768e-03  -5.8824420e-02
   5.0600000e+01   2.7079264e-04  -5.5515483e-02
   5.0700000e+01   1.0192215e-02  -5.1650809e-02
   5.0800000e+01   8.6910880e-03  -4.0499435e-02
   5.0900000e+01  -1.9534419e-02  -1.6866093e-02
   5.1000000e+01  -6.4725623e-02   1.4533219e-02
   5.1100000e+01  -9.3658189e-02   3.7273645e-02
   5.1200000e+01  -8.0463565e-02   3.4302871e-02
   5.1300000e+01  -3.6080790e-02   4.5354544e-03
   5.1400000e+01  -3.7671069e-04  -3.1902278e-02
   5.1500000e+01  -9.8818259e-04  -4.7850468e-02
   5.1600000e+01  -2.4113330e-02  -3.0800241e-02
   5.1700000e+01  -3.1900757e-02   8.2104186e-03
   5.1800000e+01  -7.0085642e-03   4.5197246e-02
   5.1900000e+01   2.7800590e-02   6.0711320e-02
   5.2000000e+01   3.7224602e-02   4.8786572e-02
   5.2100000e+01   1.3937231e-02   1.5558155e-02
   5.2200000e+01  -1.5903958e-02  -2.4415296e-02
   5.2300000e+01  -2.5852335e-02  -5.1378689e-02
   5.2400000e+01  -1.8630768e-02  -4.8543463e-02
   5.2500000e+01  -1.7127934e-02  -1.5528231e-02
   5.2600000e+01  -3.1112278e-02   2.5355313e-02
   5.2700000e+01  -4.2502247e-02   4.2264121e-02
   5.2800000e+01  -2.7392792e-02   1.9771480e-02
   5.2900000e+01   1.2308225e-02  -2.6233652e-02
   5.3000000e+01   4.6066091e-02  -6.1166516e-02
   5.3100000e+01   4.5045787e-02  -6.1376572e-02
   5.3200000e+01   1.2030169e-02  -3.2737911e-02
   5.3300000e+01  -2.1350377e-02  -1.6248383e-03
   5.3400000e+01  -2.5967801e-02   1.0519291e-02
   5.3500000e+01  -1.6299359e-03   3.6058083e-03
   5.3600000e+01   2.6746353e-02  -6.6777648e-03
   5.3700000e+01   3.5549825e-02  -6.7026647e-03
   5.3800000e+01   2.3092536e-02   3.6133320e-03
   5.3900000e+01   6.6560142e-03   1.4002103e-02
   5.4000000e+01   3.7798696e-03   1.5421974e-02
   5.4100000e+01   1.7800426e-02   8.8361311e-03
   5.4200000e+01   3.8093129e-02   4.9026181e-03
   5.4300000e+01   4.9887514e-02   1.5366409e-02
   5.4400000e+01   4.3687695e-02   4.2155577e-02
   5.4500000e+01   1.9830140e-02   7.2671150e-02
   5.4600000e+01  -1.1495526e-02   8.6907897e-02
   5.4700000e+01  -3.4710317e-02   7.2821457e-02
   5.4800000e+01  -3.7501556e-02   3.7627868e-02
   5.4900000e+01  -1.9181117e-02   4.3709995e-03
   5.5000000e+01   8.2748467e-03  -4.6058238e-03
   5.5100000e+01   2.8508533e-02   1.5784488e-02
   5.5200000e+01   3.1968253e-02   4.9823710e-02
   5.5300000e+01   2.1276863e-02   7.3011051e-02
   5.5400000e+01   7.8733054e-03   7.0440097e-02
   5.5500000e+01   3.6437910e-03   4.7310965e-02
   5.5600000e+01   1.2994953e-02   2.2779116e-02
   5.5700000e+01   2.9586126e-02   1.2180943e-02
   5.5800000e+01   4.0393701e-02   1.4441891e-02
   5.5900000e+01   3.5837359e-02   1.7461143e-02
   5.6000000e+01   1.8224416e-02   1.4690836e-02
   5.6100000e+01  -4.5197364e-04   1.2226648e-02
   5.6200000e+01  -1.0386767e-02   1.7072378e-02
   5.6300000e+01  -1.2547212e-02   2.2501625e-02
   5.6400000e+01  -1.3402342e-02   1.2303898e-02
   5.6500000e+01  -1.2381811e-02  -1.8788655e-02
   5.6600000e+01   4.3337027e-04  -5.4857057e-02
   5.6700000e+01   3.0543889e-02  -7.4097253e-02
   5.6800000e+01   6.5019049e-02  -7.1645071e-02
   5.6900000e+01   7.7736663e-02  -6.1176025e-02
   5.7000000e+01   5.2112442e-02  -5.4321370e-02
   5.7100000e+01  -1.7276336e-03  -4.6020620e-02
   5.7200000e+01  -5.3786494e-02  -2.4756207e-02
   5.7300000e+01  -7.8378317e-02   7.5949748e-03
   5.7400000e+01  -7.2227178e-02   3.3741033e-02
   5.7500000e+01  -5.1625764e-02   3.9220557e-02
   5.7600000e+01  -3.5201714e-02   2.7014726e-02
   5.7700000e+01  -2.9682571e-02   1.1653494e-02
   5.7800000e+01  -2.8908653e-02   3.1458116e-03
   5.7900000e+01  -2.3008778e-02   5.4170220e-04
   5.8000000e+01  -8.3691620e-03  -1.7692258e-03
   5.8100000e+01   8.6305294e-03  -7.2945349e-03
   5.8200000e+01   1.5999472e-02  -1.7105843e-02
   5.8300000e+01   5.9012003e-03  -3.0668645e-02
   5.8400000e+01  -1.7028868e-02  -4.3896478e-02
   5.8500000e+01  -3.6731650e-02  -4.9789599e-02
   5.8600000e+01  -3.7772879e-02  -4.5359196e-02
   5.8700000e+01  -1.8902421e-02  -3.6914507e-02
   5.8800000e+01   5.4650251e-03  -3.4341151e-02
   5.8900000e+01   1.8526376e-02  -3.9482335e-02
   5.9000000e+01   1.5705355e-02  -4.3649577e-02
   5.9100000e+01   5.3787029e-03  -3.8294137e-02
   5.9200000e+01  -3.0666701e-03  -2.5163802e-02
   5.9300000e+01  -7.9217937e-03  -1.3152537e-02
   5.9400000e+01  -1.1010070e-02  -7.5346787e-03
   5.9500000e+01  -9.9072397e-03  -6.9021829e-03
   5.9600000e+01  -4.8796508e-04  -1.0478250e-02
   5.9700000e+01   1.2748639e-02  -2.2602196e-02
   5.9800000e+01   1.5171289e-02  -4.5465723e-02
   5.9900000e+01  -4.0984893e-03  -6.9403065e-02
   6.0000000e+01  -3.7927229e-02  -7.5815529e-02
   6.0100000e+01  -6.4567985e-02  -5.2569092e-02
   6.0200000e+01  -6.6050241e-02  -5.9572960e-03
   6.0300000e+01  -4.1861395e-02   4.2901663e-02
   6.0400000e+01  -6.1923649e-03   7.2697371e-02
   6.0500000e+01   2.3427941e-02   7.4378328e-02
   6.0600000e+01   3.3776769e-02   5.4049511e-02
   6.0700000e+01   1.9485491e-02   2.7745192e-02
   6.0800000e+01  -1.1978108e-02   1.2115294e-02
   6.0900000e+01  -3.8170242e-02   1.4982231e-02
   6.1000000e+01  -3.3480989e-02   3.1189723e-02
   6.1100000e+01   7.5846891e-03   4.7725476e-02
   6.1200000e+01   5.8098949e-02   5.4393597e-02
   6.1300000e+01   7.6479090e-02   5.0271786e-02
   6.1400000e+01   4.3412393e-02   4.1041604e-02
   6.1500000e+01  -1.7134736e-02   3.2773009e-02
   6.1600000e+01  -5.5918806e-02   2.9742979e-02
   6.1700000e+01  -4.0371618e-02   3.5367903e-02
   6.1800000e+01   1.8625316e-02   5.0175529e-02
   6.1900000e+01   7.8900851e-02   6.7401937e-02
   6.2000000e+01   1.0385904e-01   7.4385100e-02
   6.2100000e+01   8.8482403e-02   6.2522830e-02
   6.2200000e+01   5.3861402e-02   3.5976893e-02
   6.2300000e+01   2.2318592e-02   8.2963405e-03
   6.2400000e+01   9.5110081e-04  -9.6704198e-03
   6.2500000e+01  -1.3488017e-02  -1.6535216e-02
   6.2600000e+01  -2.1154917e-02  -1.5559701e-02
   6.2700000e+01  -1.6801257e-02  -7.5577973e-03
   6.2800000e+01  -4.7534116e-04   7.4789718e-03
   6.2900000e+01   1.5698842e-02   2.2968130e-02
   6.3000000e+01   1.7313175e-02   2.5144994e-02
   6.3100000e+01   4.4029542e-03   3.8524666e-03
   6.3200000e+01  -6.1733955e-03  -3.5607477e-02
   6.3300000e+01   1.4027980e-03  -7.2499443e-02
   6.3400000e+01   2.2811164e-02  -8.3696265e-02
   6.3500000e+01   3.5888452e-02  -5.9333266e-02
   6.3600000e+01   2.3465932e-02  -1.0144406e-02
   6.3700000e+01  -7.6758999e-03   3.7548490e-02
   6.3800000e+01  -3.2363430e-02   5.6612606e-02
   6.3900000e+01  -3.1228908e-02   3.6182018e-02
   6.4000000e+01  -8.5738124e-03  -9.9927256e-03
   6.4100000e+01   1.3066409e-02  -5.2358818e-02
   6.4200000e+01   1.4645168e-02  -6.7507349e-02
   6.4300000e+01  -2.5864794e-03  -5.5550549e-02
   6.4400000e+01  -1.9390471e-02  -3.6459937e-02
   6.4500000e+01  -1.6392403e-02  -2.8289120e-02
   6.4600000e+01   8.2292165e-03  -2.9227126e-02
   6.4700000e+01   3.5880393e-02  -2.2328533e-02
   6.4800000e+01   4.2415865e-02   2.1349577e-03
   6.4900000e+01   1.8950426e-02   3.1142495e-02
   6.5000000e+01  -1.9795126e-02   3.8043468e-02
   6.5100000e+01  -4.8340374e-02   8.3303024e-03
   6.5200000e+01  -5.2872842e-02  -4.3529366e-02
   6.5300000e+01  -4.0980637e-02  -8.3202632e-02
   6.5400000e+01  -2.9640994e-02  -8.3541160e-02
   6.5500000e+01  -2.6667939e-02  -4.5451250e-02
   6.5600000e+01  -2.7185564e-02   4.5010810e-03
   6.5700000e+01  -2.6415678e-02   3.5601323e-02
   6.5800000e+01  -2.8886307e-02   3.4495699e-02
   6.5900000e+01  -4.0361027e-02   1.0622441e-02
   6.6000000e+01  -5.4408822e-02  -1.5143757e-02
   6.6100000e+01  -5.5186213e-02  -2.6630533e-02
   6.6200000e+01  -3.6673641e-02  -2.0908974e-02
   6.6300000e+01  -1.3919144e-02  -6.0064706e-03
   6.6400000e+01  -8.3920024e-03   6.8853894e-03
   6.6500000e+01  -2.1879386e-02   1.0125803e-02
   6.6600000e+01  -3.0889396e-02   2.6973602e-03
   6.6700000e+01  -1.2013208e-02  -9.8020770e-03
   6.6800000e+01   2.8158077e-02  -1.7811162e-02
   6.6900000e+01   5.3504398e-02  -1.3029953e-02
   6.7000000e+01   3.2725558e-02   5.8380874e-03
   6.7100000e+01  -2.6416348e-02   3.0983518e-02
   6.7200000e+01  -7.9259038e-02   4.9551013e-02
   6.7300000e+01  -8.2971714e-02   5.1579432e-02
   6.7400000e+01  -3.4949736e-02   3.6398863e-02
   6.7500000e+01   2.5856690e-02   1.3447794e-02
   6.7600000e+01   5.4732551e-02  -2.8834958e-03
   6.7700000e+01   3.8923859e-02  -1.9917384e-03
   6.7800000e+01   3.2168742e-03   1.5090470e-02
   6.7900000e+01  -1.7129431e-02   3.4826587e-02
   6.8000000e+01  -6.7071075e-03   4.0834450e-02
   6.8100000e+01   2.3428207e-02   2.8489303e-02
   6.8200000e+01   5.2518516e-02   1.0653501e-02
   6.8300000e+01   6.8820529e-02   5.8852087e-03
   6.8400000e+01   7.3307997e-02   1.8690879e-02
   6.8500000e+01   7.1127681e-02   3.3199110e-02
   6.8600000e+01   6.4892821e-02   2.9631562e-02
   6.8700000e+01   5.6853361e-02   7.0537305e-03
   6.8800000e+01   5.3329078e-02  -1.3642961e-02
   6.8900000e+01   6.1746487e-02  -1.1699539e-02
   6.9000000e+01   8.1254183e-02   1.0157536e-02
   6.9100000e+01   9.8699521e-02   2.7136092e-02
   6.9200000e+01   9.8373567e-02   1.7431923e-02
   6.9300000e+01   7.8149849e-02  -1.5960647e-02
   6.9400000e+01   5.4198994e-02  -4.8801623e-02
   6.9500000e+01   4.5873566e-02  -5.8616675e-02
   6.9600000e+01   5.4302274e-02  -4.2556251e-02
   6.9700000e+01   5.8365729e-02  -1.4900384e-02
   6.9800000e+01   3.5583431e-02   7.9347732e-03
   6.9900000e+01  -1.2105106e-02   1.7517620e-02
   7.0000000e+01  -5.5958609e-02   1.2671289e-02
   7.0100000e+01  -6.6847090e-02  -3.8833036e-03
   7.0200000e+01  -4.4674520e-02  -2.4558484e-02
   7.0300000e+01  -1.9799496e-02  -3.6615158e-02
   7.0400000e+01  -2.3594904e-02  -3.0359469e-02
   7.0500000e+01  -5.7759191e-02  -1.0795012e-02
   7.0600000e+01  -9.3893756e-02   2.8885661e-03
   7.0700000e+01  -1.0339411e-01  -4.6045893e-03
   7.0800000e+01  -8.5973917e-02  -2.5962145e-02
   7.0900000e+01  -6.7111531e-02  -3.4673075e-02
   7.1000000e+01  -6.8384534e-02  -1.1042322e-02
   7.1100000e+01  -8.3608239e-02   3.5252067e-02
   7.1200000e+01  -8.6518609e-02   7.0961434e-02
   7.1300000e+01  -6.0767069e-02   6.9027337e-02
   7.1400000e+01  -1.9066057e-02   3.2889447e-02
   7.1500000e+01   8.7584093e-03  -7.7777394e-03
   7.1600000e+01   4.9867244e-03  -2.3834061e-02
   7.1700000e+01  -2.0465004e-02  -9.4018771e-03
   7.1800000e+01  -4.2388673e-02   1.8636477e-02
   7.1900000e+01  -4.5003640e-02   3.9276161e-02
   7.2000000e+01  -3.3420324e-02   4.3670210e-02
   7.2100000e+01  -2.3341657e-02   3.5547143e-02
   7.2200000e+01  -2.3165316e-02   2.1132958e-02
   7.2300000e+01  -2.7147580e-02   3.1991611e-03
   7.2400000e+01  -2.3756712e-02  -1.5382784e-02
   7.2500000e+01  -8.1155614e-03  -2.7592395e-02
   7.2600000e+01   1.3604968e-02  -2.7103708e-02
   7.2700000e+01   2.9534111e-02  -1.7365104e-02
   7.2800000e+01   3.0237243e-02  -1.1518647e-02
   7.2900000e+01   1.3436221e-02  -1.9904840e-02
   7.3000000e+01  -1.5243641e-02  -3.8585892e-02
   7.3100000e+01  -4.3728081e-02  -5.2824001e-02
   7.3200000e+01  -5.7448563e-02  -5.1935784e-02
   7.3300000e+01  -4.6692887e-02  -3.8786677e-02
   7.3400000e+01  -1.4200670e-02  -2.4802550e-02
   7.3500000e+01   2.3846249e-02  -1.8613587e-02
   7.3600000e+01   4.6948668e-02  -2.1188503e-02
   7.3700000e+01   4.4084421e-02  -2.9318806e-02
   7.3800000e+01   2.1379331e-02  -3.9582468e-02
   7.3900000e+01  -2.5543941e-03  -4.8085223e-02
   7.4000000e+01  -9.5749529e-03  -4.9490732e-02
   7.4100000e+01   6.6827797e-03  -3.9496923e-02
   7.4200000e+01   3.8061743e-02  -1.8799637e-02
   7.4300000e+01   6.7385195e-02   6.2313616e-03
   7.4400000e+01   7.7679196e-02   2.7129481e-02
   7.4500000e+01   6.0871966e-02   3.7934528e-02
   7.4600000e+01   2.2882435e-02   3.7806654e-02
   7.4700000e+01  -1.7830385e-02   3.0924682e-02
   7.4800000e+01  -3.9426126e-02   2.3988072e-02
   7.4900000e+01  -2.9540897e-02   2.2190523e-02
   7.5000000e+01   6.7462203e-03   2.5865728e-02
   7.5100000e+01   5.0237446e-02   3.0437971e-02
   7.5200000e+01   7.9873573e-02   3.0267552e-02
   7.5300000e+01   8.4352068e-02   2.3983152e-02
   7.5400000e+01   6.5153897e-02   1.7219247e-02
   7.5500000e+01   3.1546490e-02   1.9285022e-02
   7.5600000e+01  -5.4316867e-03   3.4158846e-02
   7.5700000e+01  -3.4822006e-02   5.2883237e-02
   7.5800000e+01  -4.5421374e-02   5.7491085e-02
   7.5900000e+01  -2.9110741e-02   3.7787226e-02
   7.6000000e+01   1.1141391e-02   6.0780049e-03
   7.6100000e+01   5.6473120e-02  -9.0599258e-03
   7.6200000e+01   8.0096939e-02   1.0842439e-02
   7.6300000e+01   6.6474657e-02   5.3289146e-02
   7.6400000e+01   2.5823061e-02   8.3494650e-02
   7.6500000e+01  -1.1883815e-02   7.5668169e-02
   7.6600000e+01  -2.0672355e-02   3.4994011e-02
   7.6700000e+01   1.2946137e-03  -1.0359413e-02
   7.6800000e+01   3.3508815e-02  -3.4846053e-02
   7.6900000e+01   5.2685141e-02  -3.1765616e-02
   7.7000000e+01   4.9525182e-02  -1.0189074e-02
   7.7100000e+01   2.9196713e-02   1.5566340e-02
   7.7200000e+01   1.4099404e-03   3.2065227e-02
   7.7300000e+01  -2.6137247e-02   3.0087496e-02
   7.7400000e+01  -4.6707935e-02   9.6755519e-03
   7.7500000e+01  -5.2808349e-02  -1.7880226e-02
   7.7600000e+01  -3.9647898e-02  -3.7802790e-02
   7.7700000e+01  -1.0687896e-02  -4.4019749e-02
   7.7800000e+01   2.1679107e-02  -4.2498000e-02
   7.7900000e+01   4.2324805e-02  -4.2400563e-02
   7.8000000e+01   4.1843766e-02  -4.6695931e-02
   7.8100000e+01   2.1251401e-02  -5.2708989e-02
   7.8200000e+01  -9.4695554e-03  -5.8243003e-02
   7.8300000e+01  -3.6894308e-02  -6.2452098e-02
   7.8400000e+01  -4.9824034e-02  -6.1289411e-02
   7.8500000e+01  -4.2807761e-02  -4.7781059e-02
   7.8600000e+01  -1.8099218e-02  -2.0792934e-02
   7.8700000e+01   1.3214252e-02   8.4108688e-03
   7.8800000e+01   3.3315370e-02   2.2846440e-02
   7.8900000e+01   2.6337383e-02   1.4769420e-02
   7.9000000e+01  -9.1599448e-03  -7.1936033e-03
   7.9100000e+01  -5.4738637e-02  -2.6164262e-02
   7.9200000e+01  -8.2542630e-02  -3.0763366e-02
   7.9300000e+01  -7.6039489e-02  -2.0814294e-02
   7.9400000e+01  -4.2784893e-02  -2.9419696e-03
   7.9500000e+01  -6.6352724e-03   1.5579358e-02
   7.9600000e+01   1.2811380e-02   2.8922858e-02
   7.9700000e+01   1.3278979e-02   3.2956336e-02
   7.9800000e+01   5.0244565e-03   2.6718254e-02
   7.9900000e+01  -2.4655519e-03   1.3072919e-02
   8.0000000e+01  -7.5000515e-03  -3.7506231e-03
