   1.0221618e+02   2.8602761e+01   2.5212700e+03
   1.0221059e+02   2.8351289e+01   1.7524000e+03
   0.0000000e+00  -1.0362030e-01  -1.0362030e-01
   1.0000000e-01  -6.8787870e-02  -1.1003313e-01
   2.0000000e-01  -9.4089316e-03  -1.0345364e-01
   3.0000000e-01   5.2272562e-02  -1.0129959e-01
   4.0000000e-01   9.9007250e-02  -1.1016174e-01
   5.0000000e-01   1.3991040e-01  -1.2740980e-01
   6.0000000e-01   2.0468083e-01  -1.4630938e-01
   7.0000000e-01   3.1538021e-01  -1.5584683e-01
   8.0000000e-01   4.6470969e-01  -1.4359188e-01
   9.0000000e-01   6.2065568e-01  -1.0957929e-01
   1.0000000e+00   7.4921498e-01  -7.7815429e-02
   1.1000000e+00   8.3336211e-01  -8.4137540e-02
   1.2000000e+00   8.7736210e-01  -1.4459689e-01
   1.3000000e+00   9.0048296e-01  -2.3705854e-01
   1.4000000e+00   9.2555117e-01  -3.1921580e-01
   1.5000000e+00   9.6350147e-01  -3.6625981e-01
   1.6000000e+00   1.0000000e+00  -3.8989003e-01
   1.7000000e+00   9.9832314e-01  -4.2252415e-01
   1.8000000e+00   9.2465425e-01  -4.8696166e-01
   1.9000000e+00   7.7863899e-01  -5.8026911e-01
   2.0000000e+00   6.0074787e-01  -6.7922678e-01
   2.1000000e+00   4.4682491e-01  -7.5510158e-01
   2.2000000e+00   3.5042460e-01  -7.8686950e-01
   2.3000000e+00   3.0251222e-01  -7.7131865e-01
   2.4000000e+00   2.6063243e-01  -7.2761631e-01
   2.5000000e+00   1.7864159e-01  -6.8778158e-01
   2.6000000e+00   3.9228577e-02  -6.7125282e-01
   2.7000000e+00  -1.3006446e-01  -6.6196707e-01
   2.8000000e+00  -2.7262012e-01  -6.1507855e-01
   2.9000000e+00  -3.4597206e-01  -4.9703549e-01
   3.0000000e+00  -3.5898104e-01  -3.2442121e-01
   3.1000000e+00  -3.6521626e-01  -1.5856345e-01
   3.2000000e+00  -4.1423408e-01  -5.3827434e-02
   3.3000000e+00  -5.0790153e-01  -8.2486690e-03
   3.4000000e+00  -6.0424203e-01   3.3570140e-02
   3.5000000e+00  -6.5896288e-01   1.2896091e-01
   3.6000000e+00  -6.5871268e-01   2.8868510e-01
   3.7000000e+00  -6.2052490e-01   4.7277158e-01
   3.8000000e+00  -5.7320265e-01   6.2359772e-01
   3.9000000e+00  -5.4347796e-01   7.0231467e-01
   4.0000000e+00  -5.4676689e-01   7.0838831e-01
   4.1000000e+00  -5.7567097e-01   6.8088882e-01
   4.2000000e+00  -5.9819926e-01   6.7966641e-01
   4.3000000e+00  -5.8094129e-01   7.4594116e-01
   4.4000000e+00  -5.2188257e-01   8.6440950e-01
   4.5000000e+00  -4.5582973e-01   9.6460835e-01
   4.6000000e+00  -4.2232124e-01   9.7159617e-01
   4.7000000e+00  -4.3103747e-01   8.6548810e-01
   4.8000000e+00  -4.6122400e-01   6.9614989e-01
   4.9000000e+00  -4.8729559e-01   5.4200027e-01
   5.0000000e+00  -4.9478624e-01   4.5193771e-01
   5.1000000e+00  -4.7472091e-01   4.1647445e-01
   5.2000000e+00  -4.1905647e-01   3.8323215e-01
   5.3000000e+00  -3.3215179e-01   3.0001143e-01
   5.4000000e+00  -2.3881892e-01   1.5455905e-01
   5.5000000e+00  -1.6643759e-01  -1.7285351e-02
   5.6000000e+00  -1.1651043e-01  -1.6265915e-01
   5.7000000e+00  -6.3748641e-02  -2.5608844e-01
   5.8000000e+00   1.0560006e-02  -3.1574469e-01
   5.9000000e+00   9.0818578e-02  -3.7777212e-01
   6.0000000e+00   1.4232166e-01  -4.5990692e-01
   6.1000000e+00   1.5439920e-01  -5.5267177e-01
   6.2000000e+00   1.6039653e-01  -6.3753116e-01
   6.3000000e+00   2.0878284e-01  -7.0127649e-01
   6.4000000e+00   3.1499104e-01  -7.3350381e-01
   6.5000000e+00   4.4401023e-01  -7.2565046e-01
   6.6000000e+00   5.4009969e-01  -6.8374662e-01
   6.7000000e+00   5.7342025e-01  -6.3490910e-01
   6.8000000e+00   5.6104291e-01  -6.0621365e-01
   6.9000000e+00   5.4691723e-01  -5.9339296e-01
   7.0000000e+00   5.6138542e-01  -5.5914194e-01
   7.1000000e+00   5.9532420e-01  -4.6898258e-01
   7.2000000e+00   6.0939321e-01  -3.2652243e-01
   7.3000000e+00   5.6918986e-01  -1.7033047e-01
   7.4000000e+00   4.7574102e-01  -3.8680275e-02
   7.5000000e+00   3.6506661e-01   6.0353126e-02
   7.6000000e+00   2.7782853e-01   1.4821339e-01
   7.7000000e+00   2.2681847e-01   2.5046745e-01
   7.8000000e+00   1.9139792e-01   3.6927307e-01
   7.9000000e+00   1.4219764e-01   4.7479821e-01
   8.0000000e+00   7.1136426e-02   5.2533020e-01
   8.1000000e+00  -1.3992915e-03   5.0491422e-01
   8.2000000e+00  -4.6330124e-02   4.4595232e-01
   8.3000000e+00  -5.1014311e-02   4.0918672e-01
   8.4000000e+00  -2.6871155e-02   4.3327850e-01
   8.5000000e+00   2.1567446e-03   5.0170003e-01
   8.6000000e+00   1.4882420e-02   5.5991465e-01
   8.7000000e+00   1.2634069e-03   5.6306968e-01
   8.8000000e+00  -3.3133647e-02   5.0579079e-01
   8.9000000e+00  -6.4295207e-02   4.1303231e-01
   9.0000000e+00  -5.8062447e-02   3.1467345e-01
   9.1000000e+00   4.2135457e-03   2.3203852e-01
   9.2000000e+00   1.0093272e-01   1.7555731e-01
   9.3000000e+00   1.7749924e-01   1.3862237e-01
   9.4000000e+00   1.8935128e-01   9.2311199e-02
   9.5000000e+00   1.4191812e-01   1.4427637e-03
   9.6000000e+00   8.5192377e-02  -1.3978582e-01
   9.7000000e+00   6.7215849e-02  -2.8900315e-01
   9.8000000e+00   9.3949940e-02  -3.8381941e-01
   9.9000000e+00   1.3202816e-01  -3.9645838e-01
   1.0000000e+01   1.4289687e-01  -3.5927677e-01
   1.0100000e+01   1.1062073e-01  -3.3316710e-01
   1.0200000e+01   4.4142381e-02  -3.5166868e-01
   1.0300000e+01  -3.5710889e-02  -3.9668440e-01
   1.0400000e+01  -1.0905950e-01  -4.2354660e-01
   1.0500000e+01  -1.6623208e-01  -4.0330205e-01
   1.0600000e+01  -2.1344312e-01  -3.4324968e-01
   1.0700000e+01  -2.6885058e-01  -2.7754206e-01
   1.0800000e+01  -3.4638733e-01  -2.4340690e-01
   1.0900000e+01  -4.3928213e-01  -2.5712699e-01
   1.1000000e+01  -5.2010473e-01  -2.9870359e-01
   1.1100000e+01  -5.5936141e-01  -3.1812769e-01
   1.1200000e+01  -5.4693852e-01  -2.7009874e-01
   1.1300000e+01  -4.9955104e-01  -1.5583476e-01
   1.1400000e+01  -4.5015667e-01  -3.0544594e-02
   1.1500000e+01  -4.2679652e-01   3.9939295e-02
   1.1600000e+01  -4.3286943e-01   3.6670504e-02
   1.1700000e+01  -4.4179753e-01   2.4478510e-03
   1.1800000e+01  -4.1414733e-01  -6.0696816e-04
   1.1900000e+01  -3.2953530e-01   5.3673459e-02
   1.2000000e+01  -2.0831180e-01   1.4089350e-01
   1.2100000e+01  -1.0024127e-01   2.1780059e-01
   1.2200000e+01  -4.5032234e-02   2.5954329e-01
   1.2300000e+01  -3.8205302e-02   2.6696265e-01
   1.2400000e+01  -3.4169410e-02   2.4991223e-01
   1.2500000e+01   1.5068480e-02   2.1615657e-01
   1.2600000e+01   1.1989599e-01   1.7745181e-01
   1.2700000e+01   2.4600334e-01   1.5559352e-01
   1.2800000e+01   3.4327196e-01   1.7080867e-01
   1.2900000e+01   3.8335109e-01   2.2071259e-01
   1.3000000e+01   3.7603094e-01   2.7447818e-01
   1.3100000e+01   3.5639746e-01   2.9309970e-01
   1.3200000e+01   3.5707995e-01   2.5987111e-01
   1.3300000e+01   3.8592598e-01   1.9464445e-01
   1.3400000e+01   4.2186177e-01   1.3897745e-01
   1.3500000e+01   4.3043453e-01   1.2267995e-01
   1.3600000e+01   3.8960702e-01   1.3822892e-01
   1.3700000e+01   3.0797434e-01   1.4676625e-01
   1.3800000e+01   2.1966546e-01   1.1483215e-01
   1.3900000e+01   1.5768503e-01   4.9642288e-02
   1.4000000e+01   1.2782651e-01  -4.7762039e-03
   1.4100000e+01   1.0652297e-01  -1.1478122e-02
   1.4200000e+01   6.3767880e-02   2.0462709e-02
   1.4300000e+01  -1.0814525e-02   4.5996525e-02
   1.4400000e+01  -1.0064845e-01   3.2635116e-02
   1.4500000e+01  -1.7558221e-01  -8.2606664e-03
   1.4600000e+01  -2.1153457e-01  -4.1646787e-02
   1.4700000e+01  -2.0284898e-01  -5.1959992e-02
   1.4800000e+01  -1.6362623e-01  -5.6259608e-02
   1.4900000e+01  -1.2014771e-01  -7.6678393e-02
   1.5000000e+01  -9.7466506e-02  -1.1230624e-01
   1.5100000e+01  -1.0527226e-01  -1.4488001e-01
   1.5200000e+01  -1.3109705e-01  -1.6437708e-01
   1.5300000e+01  -1.4706052e-01  -1.7746101e-01
   1.5400000e+01  -1.2804453e-01  -1.9077739e-01
   1.5500000e+01  -7.0089873e-02  -1.9744267e-01
   1.5600000e+01   4.7514398e-03  -1.8856942e-01
   1.5700000e+01   6.3237765e-02  -1.7371585e-01
   1.5800000e+01   8.6445979e-02  -1.7789202e-01
   1.5900000e+01   8.5022345e-02  -2.1145808e-01
   1.6000000e+01   8.8001257e-02  -2.4743982e-01
   1.6100000e+01   1.1225561e-01  -2.3923935e-01
   1.6200000e+01   1.4171501e-01  -1.6765753e-01
   1.6300000e+01   1.4043376e-01  -6.8616255e-02
   1.6400000e+01   9.0143133e-02  -7.8123698e-03
   1.6500000e+01   1.4082412e-02  -2.3666650e-02
   1.6600000e+01  -4.0640676e-02  -9.4677192e-02
   1.6700000e+01  -4.6630689e-02  -1.6127219e-01
   1.6800000e+01  -2.0759222e-02  -1.7536239e-01
   1.6900000e+01  -4.1878013e-03  -1.2867085e-01
   1.7000000e+01  -2.0406087e-02  -4.3938977e-02
   1.7100000e+01  -5.5889911e-02   4.6609494e-02
   1.7200000e+01  -7.9891038e-02   1.1264794e-01
   1.7300000e+01  -7.6684707e-02   1.3275454e-01
   1.7400000e+01  -5.5346444e-02   1.0876649e-01
   1.7500000e+01  -3.3106302e-02   7.4544909e-02
   1.7600000e+01  -1.6973851e-02   7.6037139e-02
   1.7700000e+01  -3.0502860e-03   1.3009856e-01
   1.7800000e+01   1.2224889e-02   2.0320787e-01
   1.7900000e+01   2.6126163e-02   2.3766450e-01
   1.8000000e+01   3.4925927e-02   2.0256625e-01
   1.8100000e+01   4.1348051e-02   1.1989242e-01
   1.8200000e+01   5.3592623e-02   4.3264677e-02
   1.8300000e+01   7.5360900e-02   1.3937154e-02
   1.8400000e+01   9.6695996e-02   3.4237504e-02
   1.8500000e+01   9.7523928e-02   7.5150177e-02
   1.8600000e+01   6.5620648e-02   1.0410165e-01
   1.8700000e+01   1.3633835e-02   1.0850312e-01
   1.8800000e+01  -2.6184507e-02   1.0006205e-01
   1.8900000e+01  -3.1461317e-02   1.0060446e-01
   1.9000000e+01  -1.5598039e-02   1.2181204e-01
   1.9100000e+01  -1.8816197e-02   1.5390772e-01
   1.9200000e+01  -6.8073812e-02   1.7121755e-01
   1.9300000e+01  -1.4625325e-01   1.5082669e-01
   1.9400000e+01  -2.0424128e-01   9.1824443e-02
   1.9500000e+01  -2.0440945e-01   2.0868987e-02
   1.9600000e+01  -1.5225496e-01  -2.3738088e-02
   1.9700000e+01  -8.8570440e-02  -2.1947711e-02
   1.9800000e+01  -5.4621107e-02   8.3401974e-03
   1.9900000e+01  -6.2504931e-02   2.4608443e-02
   2.0000000e+01  -9.0224657e-02  -2.5832531e-04
   2.0100000e+01  -9.9584612e-02  -4.9769430e-02
   2.0200000e+01  -6.3992177e-02  -7.9846058e-02
   2.0300000e+01   1.0321842e-02  -6.4578439e-02
   2.0400000e+01   8.5945231e-02  -2.2097848e-02
   2.0500000e+01   1.2253590e-01   6.4480875e-03
   2.0600000e+01   1.1085010e-01  -2.9404108e-03
   2.0700000e+01   7.9967040e-02  -4.3359003e-02
   2.0800000e+01   6.8116411e-02  -9.5793592e-02
   2.0900000e+01   8.6441180e-02  -1.4680120e-01
   2.1000000e+01   1.1401068e-01  -1.8437235e-01
   2.1100000e+01   1.2668323e-01  -1.9132118e-01
   2.1200000e+01   1.2355865e-01  -1.5893646e-01
   2.1300000e+01   1.2096079e-01  -1.0554101e-01
   2.1400000e+01   1.2650194e-01  -6.6828871e-02
   2.1500000e+01   1.2902764e-01  -6.0713089e-02
   2.1600000e+01   1.1512351e-01  -6.9194560e-02
   2.1700000e+01   8.5946639e-02  -6.2147850e-02
   2.1800000e+01   5.0636865e-02  -3.3380275e-02
   2.1900000e+01   9.1385598e-03  -4.0021557e-03
   2.2000000e+01  -4.5920553e-02   6.5342940e-03
   2.2100000e+01  -1.0723148e-01   3.4666470e-04
   2.2200000e+01  -1.4356318e-01  -9.9246458e-03
   2.2300000e+01  -1.2511595e-01  -1.8569250e-02
   2.2400000e+01  -5.9894925e-02  -2.2895392e-02
   2.2500000e+01   2.9545579e-03  -1.1058920e-02
   2.2600000e+01   1.3154552e-02   2.8038040e-02
   2.2700000e+01  -3.5885059e-02   7.9290684e-02
   2.2800000e+01  -1.0246084e-01   1.0136185e-01
   2.2900000e+01  -1.3541153e-01   6.6175159e-02
   2.3000000e+01  -1.1745311e-01  -4.8826424e-03
   2.3100000e+01  -7.4266885e-02  -5.6119723e-02
   2.3200000e+01  -4.6677954e-02  -5.1724882e-02
   2.3300000e+01  -5.5357387e-02  -8.2741136e-03
   2.3400000e+01  -8.7904918e-02   2.8412490e-02
   2.3500000e+01  -1.1385632e-01   3.0798024e-02
   2.3600000e+01  -1.1031901e-01   9.1002881e-03
   2.3700000e+01  -7.7335797e-02  -8.9088580e-03
   2.3800000e+01  -3.4841741e-02  -6.5049504e-03
   2.3900000e+01  -7.4965872e-03   1.2813340e-02
   2.4000000e+01  -9.0937862e-03   3.3773927e-02
   2.4100000e+01  -3.5047690e-02   4.1350211e-02
   2.4200000e+01  -6.5589679e-02   3.0686850e-02
   2.4300000e+01  -7.7306081e-02   1.2561513e-02
   2.4400000e+01  -5.6818339e-02   6.9056502e-03
   2.4500000e+01  -8.7942949e-03   2.3905899e-02
   2.4600000e+01   4.6716537e-02   5.0574599e-02
   2.4700000e+01   8.6147235e-02   6.1034253e-02
   2.4800000e+01   9.6388940e-02   4.1842532e-02
   2.4900000e+01   8.2670288e-02   3.8390201e-03
   2.5000000e+01   6.5191866e-02  -3.0975204e-02
   2.5100000e+01   6.5044133e-02  -4.7920501e-02
   2.5200000e+01   8.7266167e-02  -4.2730960e-02
   2.5300000e+01   1.1413911e-01  -1.5740903e-02
   2.5400000e+01   1.1764017e-01   2.5394700e-02
   2.5500000e+01   8.4478881e-02   5.9228547e-02
   2.5600000e+01   3.2373932e-02   6.1295633e-02
   2.5700000e+01  -2.3909389e-04   3.0431695e-02
   2.5800000e+01   1.4564736e-02  -2.2079450e-03
   2.5900000e+01   6.9338272e-02  -1.7905754e-03
   2.6000000e+01   1.2621244e-01   3.1312005e-02
   2.6100000e+01   1.4760033e-01   5.8648621e-02
   2.6200000e+01   1.2487470e-01   4.3117134e-02
   2.6300000e+01   8.0781199e-02  -1.2441691e-02
   2.6400000e+01   4.6970169e-02  -6.7968180e-02
   2.6500000e+01   3.9247102e-02  -8.3402394e-02
   2.6600000e+01   5.0853253e-02  -5.1218613e-02
   2.6700000e+01   6.4258239e-02   1.7510120e-03
   2.6800000e+01   6.6195227e-02   3.7520124e-02
   2.6900000e+01   5.3021370e-02   3.4422989e-02
   2.7000000e+01   2.7579789e-02   1.5625418e-03
   2.7100000e+01  -3.2022881e-03  -2.8730602e-02
   2.7200000e+01  -2.7252759e-02  -2.7212723e-02
   2.7300000e+01  -3.0354198e-02   6.8135239e-03
   2.7400000e+01  -8.0460469e-03   4.4580840e-02
   2.7500000e+01   2.3653025e-02   5.3628067e-02
   2.7600000e+01   3.5235044e-02   2.4815713e-02
   2.7700000e+01   8.5990381e-03  -2.4715481e-02
   2.7800000e+01  -4.3393907e-02  -6.9680060e-02
   2.7900000e+01  -8.5840715e-02  -9.3009197e-02
   2.8000000e+01  -9.3293005e-02  -8.8628975e-02
   2.8100000e+01  -7.2078544e-02  -5.9369907e-02
   2.8200000e+01  -5.0869298e-02  -1.8254071e-02
   2.8300000e+01  -5.1422560e-02   1.3917163e-02
   2.8400000e+01  -7.0872235e-02   2.2333555e-02
   2.8500000e+01  -9.0583457e-02   1.2598937e-02
   2.8600000e+01  -9.7060940e-02   6.7677610e-03
   2.8700000e+01  -9.2050705e-02   2.0946129e-02
   2.8800000e+01  -8.5907547e-02   4.7839987e-02
   2.8900000e+01  -8.5905858e-02   6.3644674e-02
   2.9000000e+01  -9.1290974e-02   5.1372326e-02
   2.9100000e+01  -9.6117748e-02   1.6193909e-02
   2.9200000e+01  -9.4458934e-02  -1.9649414e-02
   2.9300000e+01  -8.3913836e-02  -3.3356782e-02
   2.9400000e+01  -6.6368144e-02  -1.5059400e-02
   2.9500000e+01  -4.6310894e-02   2.6880850e-02
   2.9600000e+01  -2.8040311e-02   6.8502734e-02
   2.9700000e+01  -1.3784790e-02   8.2780273e-02
   2.9800000e+01  -3.6755192e-03   6.0003012e-02
   2.9900000e+01   3.1810672e-03   2.0603502e-02
   3.0000000e+01   7.4040679e-03   2.3975876e-03
   3.0100000e+01   8.3032029e-03   2.6604291e-02
   3.0200000e+01   4.3961892e-03   7.4119208e-02
   3.0300000e+01  -3.5686810e-03   9.9547960e-02
   3.0400000e+01  -9.7520394e-03   7.2679121e-02
   3.0500000e+01  -5.5079908e-03   6.4236764e-03
   3.0600000e+01   1.2987580e-02  -5.6370133e-02
   3.0700000e+01   3.9075256e-02  -8.1717520e-02
   3.0800000e+01   5.8612664e-02  -6.9515231e-02
   3.0900000e+01   5.9100963e-02  -4.4749982e-02
   3.1000000e+01   3.7038371e-02  -3.0794149e-02
   3.1100000e+01   4.9207257e-04  -3.2898297e-02
   3.1200000e+01  -3.1233633e-02  -4.2129476e-02
   3.1300000e+01  -3.3062585e-02  -4.8745956e-02
   3.1400000e+01   1.0082029e-02  -5.0820035e-02
   3.1500000e+01   8.3774055e-02  -5.3882389e-02
   3.1600000e+01   1.4263594e-01  -6.5058248e-02
   3.1700000e+01   1.4028715e-01  -8.6264268e-02
   3.1800000e+01   7.0703364e-02  -1.1058061e-01
   3.1900000e+01  -1.9768792e-02  -1.2509692e-01
   3.2000000e+01  -6.7276839e-02  -1.1926683e-01
   3.2100000e+01  -4.2676161e-02  -9.2292222e-02
   3.2200000e+01   2.7017754e-02  -5.3378325e-02
   3.2300000e+01   8.4977152e-02  -1.5617873e-02
   3.2400000e+01   9.0334345e-02   1.0541539e-02
   3.2500000e+01   4.3033181e-02   2.0521306e-02
   3.2600000e+01  -2.5392664e-02   1.6457525e-02
   3.2700000e+01  -7.7381072e-02   6.5002207e-03
   3.2800000e+01  -8.8946253e-02   7.1415698e-04
   3.2900000e+01  -5.6842453e-02   3.7999441e-03
   3.3000000e+01   1.9716959e-03   1.0770492e-02
   3.3100000e+01   5.6865083e-02   1.1823975e-02
   3.3200000e+01   7.8634419e-02   3.4044596e-03
   3.3300000e+01   5.8676209e-02  -5.8730297e-03
   3.3400000e+01   1.6958575e-02  -1.6843916e-03
   3.3500000e+01  -1.2687768e-02   2.2917709e-02
   3.3600000e+01  -1.0574769e-02   6.0575991e-02
   3.3700000e+01   1.3312389e-02   9.4835783e-02
   3.3800000e+01   3.2231002e-02   1.1132493e-01
   3.3900000e+01   3.1017901e-02   1.0491051e-01
   3.4000000e+01   2.0235410e-02   7.9856906e-02
   3.4100000e+01   2.2183442e-02   4.7592882e-02
   3.4200000e+01   4.5590251e-02   2.5177653e-02
   3.4300000e+01   7.6641582e-02   3.0358144e-02
   3.4400000e+01   9.3842864e-02   6.9125519e-02
   3.4500000e+01   8.8199134e-02   1.2358157e-01
   3.4600000e+01   6.7887753e-02   1.5729452e-01
   3.4700000e+01   4.6973873e-02   1.4345088e-01
   3.4800000e+01   3.4067885e-02   9.3452259e-02
   3.4900000e+01   3.1547194e-02   5.2934045e-02
   3.5000000e+01   3.9818159e-02   6.0607798e-02
   3.5100000e+01   5.6076016e-02   1.0796509e-01
   3.5200000e+01   6.8386842e-02   1.4363818e-01
   3.5300000e+01   5.7356580e-02   1.2129551e-01
   3.5400000e+01   1.2087938e-02   4.2676393e-02
   3.5500000e+01  -5.2122548e-02  -4.6939990e-02
   3.5600000e+01  -9.7262368e-02  -1.0171508e-01
   3.5700000e+01  -9.3709840e-02  -1.1041847e-01
   3.5800000e+01  -5.3217745e-02  -9.3924226e-02
   3.5900000e+01  -2.6112832e-02  -7.8240922e-02
   3.6000000e+01  -5.6003448e-02  -7.4555696e-02
   3.6100000e+01  -1.3332840e-01  -7.9475455e-02
   3.6200000e+01  -1.9881403e-01  -8.5309708e-02
   3.6300000e+01  -1.9913213e-01  -8.7627714e-02
   3.6400000e+01  -1.3904764e-01  -8.7611770e-02
   3.6500000e+01  -7.5017292e-02  -9.1254165e-02
   3.6600000e+01  -5.7801223e-02  -1.0511308e-01
   3.6700000e+01  -8.5595837e-02  -1.2941414e-01
   3.6800000e+01  -1.1372968e-01  -1.5418245e-01
   3.6900000e+01  -1.0384494e-01  -1.6369657e-01
   3.7000000e+01  -5.8587096e-02  -1.4703574e-01
   3.7100000e+01  -1.2321393e-02  -1.0660209e-01
   3.7200000e+01   3.4645687e-03  -5.8147169e-02
   3.7300000e+01  -1.5961063e-02  -2.1613339e-02
   3.7400000e+01  -5.0575829e-02  -7.5375250e-03
   3.7500000e+01  -7.3093797e-02  -8.2079627e-03
   3.7600000e+01  -6.5907196e-02  -3.0785639e-03
   3.7700000e+01  -2.9433987e-02   2.1987260e-02
   3.7800000e+01   1.9598289e-02   5.8037411e-02
   3.7900000e+01   5.8467252e-02   7.8470911e-02
   3.8000000e+01   7.2040973e-02   6.5389770e-02
   3.8100000e+01   6.1280695e-02   3.0213393e-02
   3.8200000e+01   4.1202586e-02   4.4770326e-03
   3.8300000e+01   3.0178486e-02   9.4683635e-03
   3.8400000e+01   3.7655949e-02   3.7875056e-02
   3.8500000e+01   5.7564998e-02   6.5372948e-02
   3.8600000e+01   7.1866092e-02   7.4522896e-02
   3.8700000e+01   6.3895671e-02   6.3547663e-02
   3.8800000e+01   3.3961117e-02   3.8050379e-02
   3.8900000e+01   4.1596210e-03   5.3640748e-03
   3.9000000e+01   4.0309676e-03  -2.0876497e-02
   3.9100000e+01   4.4889434e-02  -2.1487379e-02
   3.9200000e+01   1.0516167e-01   1.1672678e-02
   3.9300000e+01   1.4390362e-01   6.0473374e-02
   3.9400000e+01   1.3425261e-01   9.0813677e-02
   3.9500000e+01   8.6668816e-02   8.3146219e-02
   3.9600000e+01   3.9038957e-02   5.0181212e-02
   3.9700000e+01   2.3107096e-02   2.1572564e-02
   3.9800000e+01   4.0101844e-02   1.3575991e-02
   3.9900000e+01   6.6487306e-02   1.7206258e-02
   4.0000000e+01   7.8034371e-02   1.4457470e-02
   4.0100000e+01   6.5616480e-02   7.2775212e-04
   4.0200000e+01   3.3367413e-02  -1.1376713e-02
   4.0300000e+01  -8.0481266e-03  -7.9663569e-03
   4.0400000e+01  -4.2559053e-02   1.0173199e-02
   4.0500000e+01  -5.1384472e-02   2.8621991e-02
   4.0600000e+01  -2.6314538e-02   3.4637875e-02
   4.0700000e+01   1.6578123e-02   2.9071219e-02
   4.0800000e+01   4.3224334e-02   2.2367095e-02
   4.0900000e+01   2.9138598e-02   2.1242546e-02
   4.1000000e+01  -1.7425712e-02   2.3136577e-02
   4.1100000e+01  -6.1527918e-02   2.3785582e-02
   4.1200000e+01  -7.1553932e-02   2.4320747e-02
   4.1300000e+01  -4.4078048e-02   2.5351547e-02
   4.1400000e+01  -2.5773195e-03   1.7296337e-02
   4.1500000e+01   2.4058598e-02  -1.3167678e-02
   4.1600000e+01   2.2025041e-02  -6.1771734e-02
   4.1700000e+01  -2.0161483e-03  -9.8503278e-02
   4.1800000e+01  -2.9606986e-02  -9.1718957e-02
   4.1900000e+01  -4.4232155e-02  -4.2937057e-02
   4.2000000e+01  -4.1655635e-02   9.3492950e-03
   4.2100000e+01  -3.1527448e-02   2.6116659e-02
   4.2200000e+01  -2.9045153e-02   5.4376594e-03
   4.2300000e+01  -4.1657554e-02  -2.0776395e-02
   4.2400000e+01  -6.1036903e-02  -2.4948647e-02
   4.2500000e+01  -6.8463918e-02  -1.1121898e-02
   4.2600000e+01  -5.1043635e-02  -2.2829779e-03
   4.2700000e+01  -1.5093564e-02  -8.5798025e-03
   4.2800000e+01   1.6697487e-02  -1.7461415e-02
   4.2900000e+01   2.3553902e-02  -1.5038590e-02
   4.3000000e+01   3.8701631e-03  -7.6547332e-03
   4.3100000e+01  -2.5111808e-02  -1.4463428e-02
   4.3200000e+01  -4.4058619e-02  -4.0747660e-02
   4.3300000e+01  -4.6766041e-02  -6.7080366e-02
   4.3400000e+01  -3.9408127e-02  -6.9894849e-02
   4.3500000e+01  -2.8879627e-02  -4.9765627e-02
   4.3600000e+01  -1.6421115e-02  -3.2987171e-02
   4.3700000e+01  -2.2537049e-03  -4.2499603e-02
   4.3800000e+01   9.4246847e-03  -6.9710097e-02
   4.3900000e+01   1.4843073e-02  -7.8768509e-02
   4.4000000e+01   1.7883644e-02  -4.0541666e-02
   4.4100000e+01   2.6528582e-02   3.6852227e-02
   4.4200000e+01   3.9712784e-02   1.0993823e-01
   4.4300000e+01   4.2886606e-02   1.3225452e-01
   4.4400000e+01   2.3669776e-02   8.9480136e-02
   4.4500000e+01  -7.5660072e-03   9.9078033e-03
   4.4600000e+01  -1.9775617e-02  -5.6290445e-02
   4.4700000e+01   8.8138633e-03  -7.2803629e-02
   4.4800000e+01   6.2412095e-02  -4.1444084e-02
   4.4900000e+01   9.5195794e-02   3.7470946e-03
   4.5000000e+01   7.2685661e-02   2.8235298e-02
   4.5100000e+01   6.2129965e-03   2.7076899e-02
   4.5200000e+01  -5.6430270e-02   2.4843426e-02
   4.5300000e+01  -7.5880491e-02   4.5132869e-02
   4.5400000e+01  -5.5879670e-02   8.1819742e-02
   4.5500000e+01  -3.3682092e-02   1.0390865e-01
   4.5600000e+01  -3.9278990e-02   8.8926023e-02
   4.5700000e+01  -6.6816131e-02   4.7039538e-02
   4.5800000e+01  -8.4436893e-02   9.1591615e-03
   4.5900000e+01  -6.7493465e-02  -5.3406449e-03
   4.6000000e+01  -2.0404169e-02  -3.5328920e-03
   4.6100000e+01   2.9928206e-02  -2.7947945e-03
   4.6200000e+01   5.6973831e-02  -7.7943523e-03
   4.6300000e+01   5.1687411e-02  -9.1122008e-03
   4.6400000e+01   2.4048792e-02  -1.0665844e-03
   4.6500000e+01  -6.2294830e-03   7.6244699e-03
   4.6600000e+01  -2.1638814e-02   4.7440464e-03
   4.6700000e+01  -1.6398048e-02  -7.6719984e-03
   4.6800000e+01   4.1867156e-04  -1.2301619e-02
   4.6900000e+01   1.1709789e-02   4.4607724e-03
   4.7000000e+01   6.7189189e-03   3.3911372e-02
   4.7100000e+01  -8.3193063e-03   4.8203758e-02
   4.7200000e+01  -1.4760403e-02   2.4921833e-02
   4.7300000e+01   5.1478996e-04  -2.9323235e-02
   4.7400000e+01   3.0737866e-02  -7.9759654e-02
   4.7500000e+01   5.4173181e-02  -9.0569892e-02
   4.7600000e+01   5.4606492e-02  -5.4913835e-02
   4.7700000e+01   3.6276148e-02  -4.4850195e-04
   4.7800000e+01   1.7628474e-02   3.4577337e-02
   4.7900000e+01   1.1972894e-02   3.2279506e-02
   4.8000000e+01   1.7375293e-02   6.1083786e-03
   4.8100000e+01   2.5356757e-02  -1.4365997e-02
   4.8200000e+01   3.4053373e-02  -8.3761871e-03
   4.8300000e+01   4.7242185e-02   2.1282928e-02
   4.8400000e+01   6.1699182e-02   5.1056558e-02
   4.8500000e+01   6.3276332e-02   5.2647826e-02
   4.8600000e+01   4.1381763e-02   1.3299374e-02
   4.8700000e+01   5.1553218e-03  -5.1066556e-02
   4.8800000e+01  -2.1437254e-02  -1.0148574e-01
   4.8900000e+01  -2.3325402e-02  -1.0209566e-01
   4.9000000e+01  -9.5780979e-03  -4.9693429e-02
   4.9100000e+01  -1.3526607e-03   1.9832812e-02
   4.9200000e+01  -6.7422485e-03   5.8704652e-02
   4.9300000e+01  -1.2862031e-02   4.7076757e-02
   4.9400000e+01  -3.9844192e-03   8.8092578e-03
   4.9500000e+01   1.7696855e-02  -1.3376944e-02
   4.9600000e+01   3.4509770e-02  -4.0701156e-04
   4.9700000e+01   3.4877864e-02   2.5074179e-02
   4.9800000e+01   2.6004217e-02   2.3567306e-02
   4.9900000e+01   2.1843661e-02  -1.9215036e-02
   5.0000000e+01   2.2857960e-02  -7.6863403e-02
   5.0100000e+01   1.4924688e-02  -1.0821240e-01
   5.0200000e+01  -1.0033336e-02  -9.5202520e-02
   5.0300000e+01  -3.8250878e-02  -5.3425681e-02
   5.0400000e+01  -4.5520705e-02  -1.0368879e-02
   5.0500000e+01  -2.4536175e-02   1.8422787e-02
   5.0600000e+01   4.5842419e-03   3.0422283e-02
   5.0700000e+01   1.4910805e-02   2.3670705e-02
   5.0800000e+01   1.6485338e-03  -4.3595122e-03
   5.0900000e+01  -1.4127988e-02  -4.3427654e-02
   5.1000000e+01  -1.1301046e-02  -6.5700878e-02
   5.1100000e+01   5.8999271e-03  -4.5271346e-02
   5.1200000e+01   1.1937963e-02   1.4300945e-02
   5.1300000e+01  -1.1543797e-02   7.5858546e-02
   5.1400000e+01  -5.4394641e-02   9.7064407e-02
   5.1500000e+01  -8.5928308e-02   6.6123315e-02
   5.1600000e+01  -8.2841537e-02   1.1243252e-02
   5.1700000e+01  -4.9523303e-02  -2.4431862e-02
   5.1800000e+01  -1.3574485e-02  -1.8764044e-02
   5.1900000e+01  -2.8482682e-03   1.4434030e-02
   5.2000000e+01  -2.4151242e-02   4.2435375e-02
   5.2100000e+01  -5.9866125e-02   4.4567539e-02
   5.2200000e+01  -8.3751640e-02   2.8421084e-02
   5.2300000e+01  -8.2334139e-02   1.8664316e-02
   5.2400000e+01  -6.4014072e-02   3.1718764e-02
   5.2500000e+01  -4.8765407e-02   6.0349410e-02
   5.2600000e+01  -4.9017974e-02   8.0101761e-02
   5.2700000e+01  -5.9870145e-02   6.9554156e-02
   5.2800000e+01  -6.5962963e-02   2.7393240e-02
   5.2900000e+01  -5.5442277e-02  -2.5191785e-02
   5.3000000e+01  -2.7450600e-02  -5.7564898e-02
   5.3100000e+01   9.5930137e-03  -5.0179257e-02
   5.3200000e+01   4.2463195e-02  -9.4746843e-03
   5.3300000e+01   5.7186410e-02   3.4700415e-02
   5.3400000e+01   4.5988920e-02   4.9795713e-02
   5.3500000e+01   1.6372072e-02   2.4617201e-02
   5.3600000e+01  -8.2313984e-03  -2.2924312e-02
   5.3700000e+01  -4.2072676e-03  -6.0801042e-02
   5.3800000e+01   3.0338102e-02  -6.7253678e-02
   5.3900000e+01   7.0251365e-02  -4.4380935e-02
   5.4000000e+01   8.4095084e-02  -1.2273806e-02
   5.4100000e+01   6.2664135e-02   8.2413592e-03
   5.4200000e+01   2.6881549e-02   9.6122041e-03
   5.4300000e+01   8.0060921e-03  -4.5819007e-04
   5.4400000e+01   2.1439954e-02  -7.8299047e-03
   5.4500000e+01   5.8378225e-02  -3.7119952e-03
   5.4600000e+01   9.7129261e-02   9.2361850e-03
   5.4700000e+01   1.1811559e-01   2.0456721e-02
   5.4800000e+01   1.1177613e-01   2.0992447e-02
   5.4900000e+01   8.1782252e-02   1.0526308e-02
   5.5000000e+01   4.5655601e-02  -3.2332258e-03
   5.5100000e+01   2.6595611e-02  -1.0268829e-02
   5.5200000e+01   3.5235701e-02  -3.4670226e-03
   5.5300000e+01   5.6905546e-02   1.8167242e-02
   5.5400000e+01   6.2193125e-02   4.6926798e-02
   5.5500000e+01   3.4967801e-02   6.7111811e-02
   5.5600000e+01  -1.0545586e-02   6.4183257e-02
   5.5700000e+01  -4.2580561e-02   3.8572462e-02
   5.5800000e+01  -4.1103069e-02   9.0107668e-03
   5.5900000e+01  -1.3765087e-02  -3.4211438e-03
   5.6000000e+01   1.4020935e-02   3.6817237e-03
   5.6100000e+01   2.0685099e-02   1.2479979e-02
   5.6200000e+01   1.6847841e-03   6.0049034e-03
   5.6300000e+01  -3.1449614e-02  -1.3446650e-02
   5.6400000e+01  -5.9711492e-02  -3.0721233e-02
   5.6500000e+01  -6.6839860e-02  -3.8231793e-02
   5.6600000e+01  -4.8742872e-02  -4.2187127e-02
   5.6700000e+01  -1.7905778e-02  -4.8787661e-02
   5.6800000e+01   2.8826843e-03  -5.3619692e-02
   5.6900000e+01  -3.5980374e-03  -5.0515415e-02
   5.7000000e+01  -3.4863298e-02  -4.4560314e-02
   5.7100000e+01  -6.9115724e-02  -4.6486085e-02
   5.7200000e+01  -8.1672516e-02  -5.4589770e-02
   5.7300000e+01  -6.4675289e-02  -5.1964512e-02
   5.7400000e+01  -3.3524926e-02  -2.7230682e-02
   5.7500000e+01  -1.4077980e-02   6.8625677e-03
   5.7600000e+01  -2.0753013e-02   2.2279747e-02
   5.7700000e+01  -4.3714181e-02   3.1897393e-03
   5.7800000e+01  -5.6434604e-02  -3.8412844e-02
   5.7900000e+01  -3.8469836e-02  -7.3352933e-02
   5.8000000e+01   4.9756821e-03  -7.8234605e-02
   5.8100000e+01   4.4262648e-02  -5.0197173e-02
   5.8200000e+01   4.8870749e-02  -6.4885986e-03
   5.8300000e+01   1.4818385e-02   2.7080144e-02
   5.8400000e+01  -2.9004370e-02   3.2521934e-02
   5.8500000e+01  -4.4099269e-02   1.2055540e-02
   5.8600000e+01  -1.6197301e-02  -1.4062958e-02
   5.8700000e+01   3.1405333e-02  -2.4940389e-02
   5.8800000e+01   5.8073617e-02  -1.6126630e-02
   5.8900000e+01   4.0912860e-02   4.8111559e-04
   5.9000000e+01  -7.3481744e-03   1.1769385e-02
   5.9100000e+01  -5.1641058e-02   1.5296507e-02
   5.9200000e+01  -6.3677371e-02   1.6713798e-02
   5.9300000e+01  -4.0723229e-02   2.0248944e-02
   5.9400000e+01  -2.3448269e-03   2.4818884e-02
   5.9500000e+01   2.6136787e-02   2.6988286e-02
   5.9600000e+01   2.8704760e-02   2.4032143e-02
   5.9700000e+01   5.5508443e-03   1.5134852e-02
   5.9800000e+01  -2.7295766e-02   3.5830652e-03
   5.9900000e+01  -4.5284001e-02  -1.9077442e-03
   6.0000000e+01  -3.0110891e-02   7.5556522e-03
   6.0100000e+01   1.4665065e-02   3.1370297e-02
   6.0200000e+01   6.1481777e-02   5.6830901e-02
   6.0300000e+01   7.7548184e-02   6.9293174e-02
   6.0400000e+01   5.1582338e-02   6.5141712e-02
   6.0500000e+01   4.0056117e-03   5.3640258e-02
   6.0600000e+01  -2.9807890e-02   4.7088838e-02
   6.0700000e+01  -2.7439390e-02   5.0769161e-02
   6.0800000e+01   6.1826401e-03   6.0602394e-02
   6.0900000e+01   4.6322040e-02   6.6650887e-02
   6.1000000e+01   6.6901834e-02   5.8986281e-02
   6.1100000e+01   5.6235588e-02   3.5343987e-02
   6.1200000e+01   2.4143084e-02   6.4955607e-03
   6.1300000e+01  -2.3791810e-03  -9.1915080e-03
   6.1400000e+01   3.1215066e-03  -2.0134060e-03
   6.1500000e+01   4.3582830e-02   1.7703249e-02
   6.1600000e+01   9.0396614e-02   2.8136991e-02
   6.1700000e+01   1.0332947e-01   1.7211666e-02
   6.1800000e+01   6.4477755e-02  -6.9048699e-03
   6.1900000e+01  -5.0691706e-03  -2.6541490e-02
   6.2000000e+01  -6.2285269e-02  -3.1399191e-02
   6.2100000e+01  -7.7068715e-02  -2.2649418e-02
   6.2200000e+01  -5.3541909e-02  -6.0510444e-03
   6.2300000e+01  -2.1145733e-02   1.1004720e-02
   6.2400000e+01  -6.1546251e-03   1.6234919e-02
   6.2500000e+01  -9.6272372e-03  -3.6782109e-03
   6.2600000e+01  -1.1024647e-02  -4.7822236e-02
   6.2700000e+01   6.3786160e-03  -9.2240536e-02
   6.2800000e+01   3.3752333e-02  -1.0538200e-01
   6.2900000e+01   4.2797004e-02  -7.7420457e-02
   6.3000000e+01   1.5592881e-02  -3.2182286e-02
   6.3100000e+01  -3.3745107e-02  -6.2303625e-03
   6.3200000e+01  -7.0914285e-02  -1.5139554e-02
   6.3300000e+01  -7.4428989e-02  -4.0717482e-02
   6.3400000e+01  -5.3017602e-02  -5.0601861e-02
   6.3500000e+01  -3.0268965e-02  -2.9777244e-02
   6.3600000e+01  -1.8367027e-02   5.5810856e-03
   6.3700000e+01  -1.2013404e-02   2.3276554e-02
   6.3800000e+01  -4.2840246e-03   4.9339789e-03
   6.3900000e+01   9.4540425e-04  -3.5787778e-02
   6.4000000e+01  -3.6453783e-03  -6.3310454e-02
   6.4100000e+01  -1.4394216e-02  -5.1188294e-02
   6.4200000e+01  -1.7141539e-02  -6.8657857e-03
   6.4300000e+01  -4.0147857e-03   3.3546899e-02
   6.4400000e+01   1.4058416e-02   3.6952969e-02
   6.4500000e+01   1.5755979e-02   2.0981858e-03
   6.4600000e+01  -8.4743788e-03  -4.0883393e-02
   6.4700000e+01  -4.3528101e-02  -5.7540798e-02
   6.4800000e+01  -6.0324824e-02  -3.6082464e-02
   6.4900000e+01  -4.0963364e-02   7.6131997e-03
   6.5000000e+01   4.9964641e-03   4.5280629e-02
   6.5100000e+01   4.7981824e-02   5.5490889e-02
   6.5200000e+01   6.2222955e-02   3.4734895e-02
   6.5300000e+01   4.4610447e-02  -1.9636607e-03
   6.5400000e+01   1.3927789e-02  -2.9938926e-02
   6.5500000e+01  -6.0152823e-03  -3.0676309e-02
   6.5600000e+01  -4.4279951e-03  -5.4079350e-03
   6.5700000e+01   9.7123825e-03   2.5910068e-02
   6.5800000e+01   1.5600034e-02   4.1847570e-02
   6.5900000e+01  -1.7629422e-03   3.7488976e-02
   6.6000000e+01  -3.6111106e-02   2.5496829e-02
   6.6100000e+01  -6.0826627e-02   2.0770255e-02
   6.6200000e+01  -5.0201836e-02   2.6735373e-02
   6.6300000e+01  -4.8022666e-03   3.6870571e-02
   6.6400000e+01   4.4775157e-02   4.5384598e-02
   6.6500000e+01   6.3281624e-02   5.1676572e-02
   6.6600000e+01   4.1956955e-02   5.4801641e-02
   6.6700000e+01   4.0116553e-03   4.9134132e-02
   6.6800000e+01  -1.9916745e-02   3.0051651e-02
   6.6900000e+01  -1.8936487e-02   2.7869269e-03
   6.7000000e+01  -4.7623653e-03  -1.8923881e-02
   6.7100000e+01   6.8439526e-03  -2.5282093e-02
   6.7200000e+01   1.1552955e-02  -1.9754905e-02
   6.7300000e+01   1.4317897e-02  -1.4004649e-02
   6.7400000e+01   1.8673208e-02  -1.4787391e-02
   6.7500000e+01   2.2937954e-02  -1.8490795e-02
   6.7600000e+01   2.4787947e-02  -1.8193680e-02
   6.7700000e+01   2.4485307e-02  -1.2549455e-02
   6.7800000e+01   2.2557897e-02  -5.9658349e-03
   6.7900000e+01   1.7741570e-02  -2.8097074e-03
   6.8000000e+01   9.5688870e-03  -4.4901402e-03
   6.8100000e+01   1.2114978e-03  -1.0336520e-02
   6.8200000e+01  -2.9062904e-03  -1.6748557e-02
   6.8300000e+01  -2.0521316e-03  -1.5639124e-02
   6.8400000e+01   1.8434959e-04  -1.2962212e-04
   6.8500000e+01   3.3767831e-04   2.3516803e-02
   6.8600000e+01  -1.3294399e-03   3.3576844e-02
   6.8700000e+01  -1.7130810e-03   1.1062002e-02
   6.8800000e+01   2.2695484e-03  -3.6237460e-02
   6.8900000e+01   1.1767647e-02  -7.2380259e-02
   6.9000000e+01   2.4406831e-02  -6.2259731e-02
   6.9100000e+01   3.3167126e-02  -4.4273115e-03
   6.9200000e+01   2.9439888e-02   6.5237688e-02
   6.9300000e+01   1.0949633e-02   1.0238980e-01
   6.9400000e+01  -1.3265647e-02   8.7532211e-02
   6.9500000e+01  -2.8798458e-02   3.5595545e-02
   6.9600000e+01  -2.8116892e-02  -2.0536187e-02
   6.9700000e+01  -1.5338571e-02  -5.3774179e-02
   6.9800000e+01   1.0632681e-03  -5.6227753e-02
   6.9900000e+01   1.6044954e-02  -3.8432315e-02
   7.0000000e+01   2.5525277e-02  -1.9847336e-02
   7.0100000e+01   2.0979548e-02  -1.6619357e-02
   7.0200000e+01  -3.9703793e-03  -3.1344323e-02
   7.0300000e+01  -3.8346478e-02  -5.0420509e-02
   7.0400000e+01  -5.3348959e-02  -5.3221301e-02
   7.0500000e+01  -2.8085677e-02  -2.9440530e-02
   7.0600000e+01   2.2624685e-02   8.5558624e-03
   7.0700000e+01   5.4618047e-02   3.1494863e-02
   7.0800000e+01   3.5909992e-02   1.6199934e-02
   7.0900000e+01  -1.9700636e-02  -3.2193015e-02
   7.1000000e+01  -6.5781677e-02  -7.9594208e-02
   7.1100000e+01  -6.9570883e-02  -8.7448839e-02
   7.1200000e+01  -4.0127426e-02  -4.3194271e-02
   7.1300000e+01  -1.0764282e-02   2.9132810e-02
   7.1400000e+01  -2.3756529e-03   8.7392022e-02
   7.1500000e+01  -1.0556114e-02   1.0313477e-01
   7.1600000e+01  -2.2202814e-02   8.0144611e-02
   7.1700000e+01  -3.1183011e-02   4.6116298e-02
   7.1800000e+01  -3.4222189e-02   2.7755165e-02
   7.1900000e+01  -2.3236729e-02   3.1910094e-02
   7.2000000e+01   5.8271636e-03   4.6099430e-02
   7.2100000e+01   3.8632388e-02   5.2847116e-02
   7.2200000e+01   4.9036375e-02   4.3241895e-02
   7.2300000e+01   2.6102572e-02   2.1399903e-02
   7.2400000e+01  -1.0563960e-02   9.9990781e-04
   7.2500000e+01  -2.8547431e-02  -2.8848886e-03
   7.2600000e+01  -1.4529886e-02   1.5432587e-02
   7.2700000e+01   1.4876386e-02   4.4706428e-02
   7.2800000e+01   3.2003706e-02   6.1760004e-02
   7.2900000e+01   2.3061909e-02   4.9744882e-02
   7.3000000e+01  -4.4680804e-03   1.4068092e-02
   7.3100000e+01  -3.1930136e-02  -2.2034249e-02
   7.3200000e+01  -4.2900669e-02  -3.9796307e-02
   7.3300000e+01  -3.1193458e-02  -4.1368812e-02
   7.3400000e+01  -3.2001522e-03  -4.2793048e-02
   7.3500000e+01   2.5243349e-02  -5.3895618e-02
   7.3600000e+01   3.7732335e-02  -6.9932435e-02
   7.3700000e+01   2.7455286e-02  -8.1999190e-02
   7.3800000e+01   1.0868672e-03  -8.7963776e-02
   7.3900000e+01  -2.6251329e-02  -8.7968986e-02
   7.4000000e+01  -4.0437077e-02  -7.4418880e-02
   7.4100000e+01  -3.6215224e-02  -3.7345314e-02
   7.4200000e+01  -2.0133986e-02   1.6294849e-02
   7.4300000e+01  -6.6545932e-03   5.6327998e-02
   7.4400000e+01  -7.5962415e-03   5.2787450e-02
   7.4500000e+01  -2.1336978e-02   7.9989696e-03
   7.4600000e+01  -3.2617257e-02  -4.0406935e-02
   7.4700000e+01  -2.6326311e-02  -5.3410485e-02
   7.4800000e+01  -3.0828832e-03  -2.6704324e-02
   7.4900000e+01   2.0646463e-02   9.0762239e-03
   7.5000000e+01   2.9725503e-02   2.1757493e-02
   7.5100000e+01   2.6422445e-02   6.9372215e-03
   7.5200000e+01   2.6842468e-02  -1.5045629e-02
   7.5300000e+01   4.1302630e-02  -2.4062224e-02
   7.5400000e+01   6.0971781e-02  -1.6544188e-02
   7.5500000e+01   6.6021030e-02  -4.0440948e-04
   7.5600000e+01   4.6328919e-02   1.7089300e-02
   7.5700000e+01   1.2879409e-02   3.1742840e-02
   7.5800000e+01  -1.0691651e-02   3.7927565e-02
   7.5900000e+01  -7.0572106e-03   3.0451519e-02
   7.6000000e+01   2.1810467e-02   1.3562515e-02
   7.6100000e+01   5.6103561e-02   2.5835962e-03
   7.6200000e+01   7.1675179e-02   1.0174564e-02
   7.6300000e+01   5.6886134e-02   3.0603647e-02
   7.6400000e+01   2.1779429e-02   4.2174647e-02
   7.6500000e+01  -8.5485819e-03   2.8409050e-02
   7.6600000e+01  -1.3358711e-02  -4.0657170e-03
   7.6700000e+01   7.0950935e-03  -3.0398147e-02
   7.6800000e+01   3.2549313e-02  -2.9869562e-02
   7.6900000e+01   3.9807709e-02  -2.9499350e-03
   7.7000000e+01   1.9704644e-02   3.1549106e-02
   7.7100000e+01  -1.9173909e-02   5.2799622e-02
   7.7200000e+01  -5.8523287e-02   5.1510958e-02
   7.7300000e+01  -8.0800073e-02   3.2096206e-02
   7.7400000e+01  -7.6851288e-02   6.6147249e-03
   7.7500000e+01  -5.0183430e-02  -1.2737297e-02
   7.7600000e+01  -1.6158255e-02  -1.9166715e-02
   7.7700000e+01   6.1917094e-03  -1.4149282e-02
   7.7800000e+01   6.3160573e-03  -6.4343831e-03
   7.7900000e+01  -1.0768988e-02  -5.9198371e-03
   7.8000000e+01  -2.8550347e-02  -1.4673650e-02
   7.8100000e+01  -3.1330286e-02  -2.2347433e-02
   7.8200000e+01  -1.5884105e-02  -1.2963230e-02
   7.8300000e+01   5.6944200e-03   1.9315382e-02
   7.8400000e+01   1.4767048e-02   5.9474034e-02
   7.8500000e+01   1.4208774e-03   7.9653246e-02
   7.8600000e+01  -2.5775377e-02   6.2296173e-02
   7.8700000e+01  -4.5502190e-02   1.7003243e-02
   7.8800000e+01  -4.1331290e-02  -2.6738303e-02
   7.8900000e+01  -1.5092982e-02  -4.4353607e-02
   7.9000000e+01   1.6187883e-02  -3.3762943e-02
   7.9100000e+01   3.4727328e-02  -1.0589461e-02
   7.9200000e+01   3.3164525e-02   9.1554406e-03
   7.9300000e+01   1.5976688e-02   1.9202632e-02
   7.9400000e+01  -4.0610093e-03   2.0406721e-02
   7.9500000e+01  -1.0856215e-02   1.5488895e-02
   7.9600000e+01   5.5729775e-03   8.3549421e-03
   7.9700000e+01   3.7347517e-02   3.5009520e-03
   7.9800000e+01   5.8528539e-02   1.7219699e-03
   7.9900000e+01   4.5388607e-02  -1.1149414e-03
   8.0000000e+01   1.4010929e-03  -7.4860763e-03
