   1.0221618e+02   2.8602761e+01   2.5212700e+03
   1.0221957e+02   2.8133567e+01   1.8818000e+03
   0.0000000e+00  -5.9291870e-01  -5.9291870e-01
   1.0000000e-01  -7.0321982e-01  -4.6426326e-01
   2.0000000e-01  -7.6884695e-01  -3.5494881e-01
   3.0000000e-01  -7.8866913e-01  -2.9005566e-01
   4.0000000e-01  -7.8171616e-01  -2.6635495e-01
   5.0000000e-01  -7.7072383e-01  -2.5538859e-01
   6.0000000e-01  -7.6727173e-01  -2.2078838e-01
   7.0000000e-01  -7.6641617e-01  -1.3960796e-01
   8.0000000e-01  -7.5248295e-01  -1.9131142e-02
   9.0000000e-01  -7.1231573e-01   1.0113513e-01
   1.0000000e+00  -6.4586747e-01   1.7196859e-01
   1.1000000e+00  -5.6369483e-01   1.7325760e-01
   1.2000000e+00  -4.7368433e-01   1.3630869e-01
   1.3000000e+00  -3.7310193e-01   1.2091540e-01
   1.4000000e+00  -2.5623200e-01   1.6160818e-01
   1.5000000e+00  -1.2647718e-01   2.3551704e-01
   1.6000000e+00   5.2672864e-03   2.8676117e-01
   1.7000000e+00   1.3391351e-01   2.8237504e-01
   1.8000000e+00   2.6404619e-01   2.4116125e-01
   1.9000000e+00   3.9635256e-01   2.0929255e-01
   2.0000000e+00   5.1747137e-01   2.1486078e-01
   2.1000000e+00   6.1360114e-01   2.4932679e-01
   2.2000000e+00   6.9276708e-01   2.8542618e-01
   2.3000000e+00   7.8047539e-01   3.0193836e-01
   2.4000000e+00   8.8490725e-01   2.9045657e-01
   2.5000000e+00   9.7387408e-01   2.5055300e-01
   2.6000000e+00   1.0000000e+00   1.9098511e-01
   2.7000000e+00   9.5147785e-01   1.3539032e-01
   2.8000000e+00   8.6801257e-01   1.1521168e-01
   2.9000000e+00   7.9939418e-01   1.4638233e-01
   3.0000000e+00   7.5420816e-01   2.1141887e-01
   3.1000000e+00   6.9933604e-01   2.6939622e-01
   3.2000000e+00   6.0837779e-01   2.8826211e-01
   3.3000000e+00   4.9724206e-01   2.6932644e-01
   3.4000000e+00   4.0333801e-01   2.4109466e-01
   3.5000000e+00   3.3708223e-01   2.3062501e-01
   3.6000000e+00   2.6874371e-01   2.4153754e-01
   3.7000000e+00   1.6743543e-01   2.5762728e-01
   3.8000000e+00   4.2319200e-02   2.6286774e-01
   3.9000000e+00  -6.6183351e-02   2.5384359e-01
   4.0000000e+00  -1.3332469e-01   2.3413832e-01
   4.1000000e+00  -1.7552952e-01   2.0378135e-01
   4.2000000e+00  -2.2416703e-01   1.6092386e-01
   4.3000000e+00  -2.8442568e-01   1.1296277e-01
   4.4000000e+00  -3.3340828e-01   7.7738159e-02
   4.5000000e+00  -3.5757744e-01   6.6397948e-02
   4.6000000e+00  -3.7683639e-01   6.5634785e-02
   4.7000000e+00  -4.2070997e-01   4.3422535e-02
   4.8000000e+00  -4.8627941e-01  -2.2309936e-02
   4.9000000e+00  -5.3262100e-01  -1.1995635e-01
   5.0000000e+00  -5.2085960e-01  -2.1049310e-01
   5.1000000e+00  -4.5332002e-01  -2.5878514e-01
   5.2000000e+00  -3.6906144e-01  -2.6096872e-01
   5.3000000e+00  -3.0591940e-01  -2.4431644e-01
   5.4000000e+00  -2.7274799e-01  -2.4216711e-01
   5.5000000e+00  -2.5518591e-01  -2.6734320e-01
   5.6000000e+00  -2.3844795e-01  -3.0606391e-01
   5.7000000e+00  -2.1974239e-01  -3.3461408e-01
   5.8000000e+00  -2.0365204e-01  -3.4124716e-01
   5.9000000e+00  -1.9317174e-01  -3.3329489e-01
   6.0000000e+00  -1.8726937e-01  -3.2562211e-01
   6.1000000e+00  -1.8375126e-01  -3.2464355e-01
   6.2000000e+00  -1.8112553e-01  -3.2384594e-01
   6.3000000e+00  -1.7707025e-01  -3.1238466e-01
   6.4000000e+00  -1.6620785e-01  -2.8548000e-01
   6.5000000e+00  -1.4138805e-01  -2.4712919e-01
   6.6000000e+00  -1.0000656e-01  -2.0614773e-01
   6.7000000e+00  -5.0847519e-02  -1.7149883e-01
   6.8000000e+00  -1.2469830e-02  -1.4889644e-01
   6.9000000e+00   6.3889800e-04  -1.3705187e-01
   7.0000000e+00  -6.4310891e-03  -1.2524944e-01
   7.1000000e+00  -1.0088444e-02  -9.8196817e-02
   7.2000000e+00   9.7480510e-03  -4.9329565e-02
   7.3000000e+00   4.7606471e-02   8.4409920e-03
   7.4000000e+00   7.6918735e-02   4.9818424e-02
   7.5000000e+00   7.9817053e-02   6.1985935e-02
   7.6000000e+00   6.9035965e-02   6.3718087e-02
   7.7000000e+00   7.4110066e-02   9.2787469e-02
   7.8000000e+00   1.0610626e-01   1.6675980e-01
   7.9000000e+00   1.4350510e-01   2.5733088e-01
   8.0000000e+00   1.5805121e-01   3.1196040e-01
   8.1000000e+00   1.5003999e-01   3.0579550e-01
   8.2000000e+00   1.4945887e-01   2.6769243e-01
   8.3000000e+00   1.8036087e-01   2.4885879e-01
   8.4000000e+00   2.3028229e-01   2.6845247e-01
   8.5000000e+00   2.6026827e-01   2.9833179e-01
   8.6000000e+00   2.4393214e-01   3.0197646e-01
   8.7000000e+00   1.9321304e-01   2.7758818e-01
   8.8000000e+00   1.4614670e-01   2.5400378e-01
   8.9000000e+00   1.3213909e-01   2.5022403e-01
   9.0000000e+00   1.4860684e-01   2.5333005e-01
   9.1000000e+00   1.6709089e-01   2.4032622e-01
   9.2000000e+00   1.5939659e-01   2.1016946e-01
   9.3000000e+00   1.2016028e-01   1.8265750e-01
   9.4000000e+00   6.8561637e-02   1.6920745e-01
   9.5000000e+00   3.0310941e-02   1.5734597e-01
   9.6000000e+00   1.7080193e-02   1.2786176e-01
   9.7000000e+00   2.1480389e-02   7.7750001e-02
   9.8000000e+00   3.0080056e-02   1.7825352e-02
   9.9000000e+00   3.9104175e-02  -4.7197906e-02
   1.0000000e+01   5.5468965e-02  -1.2436134e-01
   1.0100000e+01   8.2241215e-02  -2.1527098e-01
   1.0200000e+01   1.0552884e-01  -3.0176854e-01
   1.0300000e+01   1.0025725e-01  -3.5679828e-01
   1.0400000e+01   5.3612643e-02  -3.6866572e-01
   1.0500000e+01  -1.5479589e-02  -3.5003487e-01
   1.0600000e+01  -6.3719087e-02  -3.2379358e-01
   1.0700000e+01  -5.7444158e-02  -3.0530013e-01
   1.0800000e+01  -4.6545714e-03  -2.9949036e-01
   1.0900000e+01   4.7758414e-02  -3.0854497e-01
   1.1000000e+01   5.3978746e-02  -3.3407602e-01
   1.1100000e+01   1.0569678e-02  -3.6975876e-01
   1.1200000e+01  -4.1692416e-02  -3.9636770e-01
   1.1300000e+01  -5.8307889e-02  -3.8986828e-01
   1.1400000e+01  -3.3822786e-02  -3.3793676e-01
   1.1500000e+01  -4.9156290e-03  -2.5036959e-01
   1.1600000e+01  -1.2828261e-02  -1.5425656e-01
   1.1700000e+01  -6.3942677e-02  -7.7632910e-02
   1.1800000e+01  -1.2571232e-01  -3.2966514e-02
   1.1900000e+01  -1.5798690e-01  -1.0508696e-02
   1.2000000e+01  -1.4726540e-01   1.4597236e-02
   1.2100000e+01  -1.1337855e-01   6.4912157e-02
   1.2200000e+01  -8.7379357e-02   1.4370556e-01
   1.2300000e+01  -8.5178505e-02   2.3167662e-01
   1.2400000e+01  -1.0090805e-01   3.0200646e-01
   1.2500000e+01  -1.2130769e-01   3.4135330e-01
   1.2600000e+01  -1.4181470e-01   3.5639251e-01
   1.2700000e+01  -1.6662601e-01   3.5989391e-01
   1.2800000e+01  -1.9527709e-01   3.5422831e-01
   1.2900000e+01  -2.1418887e-01   3.3375872e-01
   1.3000000e+01  -2.0556735e-01   3.0263737e-01
   1.3100000e+01  -1.6533814e-01   2.8147936e-01
   1.3200000e+01  -1.1022461e-01   2.8788843e-01
   1.3300000e+01  -6.4841024e-02   3.1079896e-01
   1.3400000e+01  -4.0991674e-02   3.1223126e-01
   1.3500000e+01  -3.0003020e-02   2.6163781e-01
   1.3600000e+01  -1.5390620e-02   1.6963687e-01
   1.3700000e+01   8.3140686e-03   8.4879309e-02
   1.3800000e+01   3.1075598e-02   5.3903018e-02
   1.3900000e+01   4.1397268e-02   8.0214392e-02
   1.4000000e+01   4.1758535e-02   1.1985292e-01
   1.4100000e+01   4.6743175e-02   1.1775640e-01
   1.4200000e+01   6.6141749e-02   5.3084275e-02
   1.4300000e+01   9.3715609e-02  -4.6331516e-02
   1.4400000e+01   1.1477663e-01  -1.3191123e-01
   1.4500000e+01   1.2172910e-01  -1.7569438e-01
   1.4600000e+01   1.1782426e-01  -1.8412294e-01
   1.4700000e+01   1.0706519e-01  -1.7533712e-01
   1.4800000e+01   8.7315595e-02  -1.5305364e-01
   1.4900000e+01   5.7190598e-02  -1.1093744e-01
   1.5000000e+01   2.5036693e-02  -5.8455382e-02
   1.5100000e+01   3.4362730e-03  -2.8005257e-02
   1.5200000e+01  -6.2918022e-03  -4.6674446e-02
   1.5300000e+01  -1.8056822e-02  -1.0442409e-01
   1.5400000e+01  -4.4967475e-02  -1.5874125e-01
   1.5500000e+01  -8.2020541e-02  -1.7218017e-01
   1.5600000e+01  -1.1008035e-01  -1.4124158e-01
   1.5700000e+01  -1.1744308e-01  -8.9913805e-02
   1.5800000e+01  -1.1274812e-01  -4.4021523e-02
   1.5900000e+01  -1.1333410e-01  -1.6644836e-02
   1.6000000e+01  -1.2270526e-01  -1.0474909e-02
   1.6100000e+01  -1.2298743e-01  -2.1738569e-02
   1.6200000e+01  -9.0820452e-02  -3.9039675e-02
   1.6300000e+01  -2.1102704e-02  -4.6710118e-02
   1.6400000e+01   6.2648596e-02  -3.6754647e-02
   1.6500000e+01   1.2007762e-01  -1.6544054e-02
   1.6600000e+01   1.2102477e-01  -9.9007156e-04
   1.6700000e+01   7.0448834e-02   2.1180011e-03
   1.6800000e+01   1.1166007e-02  -3.4844840e-03
   1.6900000e+01  -4.0259221e-03  -1.0304730e-02
   1.7000000e+01   4.6749234e-02  -1.4104769e-02
   1.7100000e+01   1.3644475e-01  -1.3859628e-02
   1.7200000e+01   2.1399214e-01  -1.1884660e-02
   1.7300000e+01   2.5007039e-01  -1.7353727e-02
   1.7400000e+01   2.5848988e-01  -4.2708338e-02
   1.7500000e+01   2.7321189e-01  -8.7371184e-02
   1.7600000e+01   3.0811217e-01  -1.2610973e-01
   1.7700000e+01   3.4221847e-01  -1.2439651e-01
   1.7800000e+01   3.4233124e-01  -7.3063808e-02
   1.7900000e+01   2.9605030e-01  -4.8473532e-03
   1.8000000e+01   2.2261587e-01   3.0543972e-02
   1.8100000e+01   1.5517752e-01   1.0226623e-02
   1.8200000e+01   1.1392811e-01  -4.3840710e-02
   1.8300000e+01   9.3081131e-02  -8.8676517e-02
   1.8400000e+01   6.9919823e-02  -9.8600377e-02
   1.8500000e+01   2.6289365e-02  -8.1541603e-02
   1.8600000e+01  -3.5835115e-02  -6.4420942e-02
   1.8700000e+01  -9.6863496e-02  -6.6619199e-02
   1.8800000e+01  -1.3572694e-01  -8.4038238e-02
   1.8900000e+01  -1.4383376e-01  -9.2961201e-02
   1.9000000e+01  -1.2686184e-01  -6.9268584e-02
   1.9100000e+01  -9.8837824e-02  -9.6990198e-03
   1.9200000e+01  -7.6945084e-02   6.1100082e-02
   1.9300000e+01  -7.6888371e-02   1.0593477e-01
   1.9400000e+01  -1.0498905e-01   1.0317767e-01
   1.9500000e+01  -1.5235731e-01   6.4935833e-02
   1.9600000e+01  -2.0150746e-01   2.8500262e-02
   1.9700000e+01  -2.4226872e-01   2.5846750e-02
   1.9800000e+01  -2.7827887e-01   5.5411807e-02
   1.9900000e+01  -3.1419522e-01   8.1616186e-02
   2.0000000e+01  -3.4010352e-01   6.6844633e-02
   2.0100000e+01  -3.3664042e-01   1.0410278e-02
   2.0200000e+01  -2.9803784e-01  -4.3897478e-02
   2.0300000e+01  -2.4433058e-01  -4.5318837e-02
   2.0400000e+01  -2.0501648e-01   1.4180348e-02
   2.0500000e+01  -1.9159928e-01   8.9632076e-02
   2.0600000e+01  -1.8984244e-01   1.2582139e-01
   2.0700000e+01  -1.7820990e-01   1.0885737e-01
   2.0800000e+01  -1.4995056e-01   7.2492854e-02
   2.0900000e+01  -1.1687726e-01   5.7141873e-02
   2.1000000e+01  -9.5699000e-02   7.0915511e-02
   2.1100000e+01  -9.2375041e-02   9.2105661e-02
   2.1200000e+01  -9.5964903e-02   9.9843057e-02
   2.1300000e+01  -8.4441629e-02   9.2835314e-02
   2.1400000e+01  -3.9815887e-02   8.1606322e-02
   2.1500000e+01   3.5945564e-02   7.4200677e-02
   2.1600000e+01   1.1815028e-01   7.3823221e-02
   2.1700000e+01   1.7660673e-01   8.2248984e-02
   2.1800000e+01   2.0004855e-01   9.6487874e-02
   2.1900000e+01   2.0462423e-01   1.0369047e-01
   2.2000000e+01   2.1821505e-01   8.8032989e-02
   2.2100000e+01   2.5657744e-01   4.7181741e-02
   2.2200000e+01   3.1241947e-01  -8.2527803e-04
   2.2300000e+01   3.6207154e-01  -3.0964741e-02
   2.2400000e+01   3.8019731e-01  -3.2371434e-02
   2.2500000e+01   3.5419178e-01  -1.6428201e-02
   2.2600000e+01   2.9391643e-01  -5.4572294e-03
   2.2700000e+01   2.2901364e-01  -1.3711003e-02
   2.2800000e+01   1.8821200e-01  -3.6601526e-02
   2.2900000e+01   1.7365445e-01  -5.5822499e-02
   2.3000000e+01   1.5773995e-01  -5.6383906e-02
   2.3100000e+01   1.1200907e-01  -4.2203560e-02
   2.3200000e+01   4.0018788e-02  -3.5111639e-02
   2.3300000e+01  -2.3440546e-02  -5.3863461e-02
   2.3400000e+01  -4.7939447e-02  -9.0028890e-02
   2.3500000e+01  -3.8868721e-02  -1.0660707e-01
   2.3600000e+01  -3.1527031e-02  -6.7812692e-02
   2.3700000e+01  -5.6885994e-02   2.3253103e-02
   2.3800000e+01  -1.1451506e-01   1.1607300e-01
   2.3900000e+01  -1.7407188e-01   1.4745527e-01
   2.4000000e+01  -1.9881316e-01   9.2755217e-02
   2.4100000e+01  -1.7293204e-01  -1.1823090e-02
   2.4200000e+01  -1.1627419e-01  -9.6634215e-02
   2.4300000e+01  -7.3531820e-02  -1.1122691e-01
   2.4400000e+01  -7.8369028e-02  -5.6619628e-02
   2.4500000e+01  -1.1973849e-01   2.5298061e-02
   2.4600000e+01  -1.4811770e-01   8.7028421e-02
   2.4700000e+01  -1.2457954e-01   1.0163595e-01
   2.4800000e+01  -6.4102638e-02   6.6308318e-02
   2.4900000e+01  -2.2141464e-02  -4.4313244e-03
   2.5000000e+01  -3.4613100e-02  -8.2659883e-02
   2.5100000e+01  -7.7142431e-02  -1.3242320e-01
   2.5200000e+01  -9.0030391e-02  -1.2682056e-01
   2.5300000e+01  -4.1776759e-02  -7.0583789e-02
   2.5400000e+01   3.7613904e-02  -5.2409804e-03
   2.5500000e+01   8.6912475e-02   1.7179366e-02
   2.5600000e+01   7.3404711e-02  -2.4173855e-02
   2.5700000e+01   2.1670613e-02  -9.8369954e-02
   2.5800000e+01  -1.4014134e-02  -1.4597183e-01
   2.5900000e+01  -4.1516049e-03  -1.2996438e-01
   2.6000000e+01   2.7738264e-02  -6.9352202e-02
   2.6100000e+01   3.0787086e-02  -2.2330722e-02
   2.6200000e+01  -1.7613289e-02  -3.2195639e-02
   2.6300000e+01  -8.2261508e-02  -8.6906393e-02
   2.6400000e+01  -1.0063343e-01  -1.3218520e-01
   2.6500000e+01  -4.5958929e-02  -1.2517860e-01
   2.6600000e+01   4.3031000e-02  -7.4232668e-02
   2.6700000e+01   9.9376093e-02  -2.5156370e-02
   2.6800000e+01   9.2755782e-02  -1.0961734e-02
   2.6900000e+01   5.1855141e-02  -1.9668734e-02
   2.7000000e+01   2.3987713e-02  -1.2902231e-02
   2.7100000e+01   2.3237469e-02   2.8151891e-02
   2.7200000e+01   2.5755337e-02   8.0961636e-02
   2.7300000e+01   9.0928897e-03   1.0605220e-01
   2.7400000e+01  -1.8253449e-02   8.7903510e-02
   2.7500000e+01  -3.0384474e-02   4.7318079e-02
   2.7600000e+01  -1.6405020e-02   1.5785363e-02
   2.7700000e+01   1.0723701e-02   4.5805069e-03
   2.7800000e+01   3.3929934e-02   1.8021818e-03
   2.7900000e+01   4.9344097e-02  -6.1715681e-03
   2.8000000e+01   6.1041711e-02  -1.8534608e-02
   2.8100000e+01   6.7418484e-02  -2.5605630e-02
   2.8200000e+01   6.1272302e-02  -2.2726285e-02
   2.8300000e+01   4.2083035e-02  -1.2703006e-02
   2.8400000e+01   2.2001784e-02   2.5649097e-03
   2.8500000e+01   1.7594117e-02   2.5274134e-02
   2.8600000e+01   3.6906975e-02   5.3742925e-02
   2.8700000e+01   7.2654936e-02   7.5789574e-02
   2.8800000e+01   1.0372107e-01   7.6259695e-02
   2.8900000e+01   1.0470189e-01   5.3505143e-02
   2.9000000e+01   6.2900472e-02   2.6706334e-02
   2.9100000e+01  -6.9455009e-03   2.3416556e-02
   2.9200000e+01  -6.7446026e-02   5.6087324e-02
   2.9300000e+01  -8.6350979e-02   1.0828561e-01
   2.9400000e+01  -6.4179609e-02   1.4476174e-01
   2.9500000e+01  -3.3220588e-02   1.3910813e-01
   2.9600000e+01  -2.8004606e-02   9.5569267e-02
   2.9700000e+01  -5.7345393e-02   4.4994663e-02
   2.9800000e+01  -1.0316122e-01   1.8727255e-02
   2.9900000e+01  -1.4010761e-01   2.5373326e-02
   3.0000000e+01  -1.5250647e-01   5.0613430e-02
   3.0100000e+01  -1.3758288e-01   7.4825467e-02
   3.0200000e+01  -1.0239334e-01   8.7086550e-02
   3.0300000e+01  -6.1434009e-02   8.4466389e-02
   3.0400000e+01  -3.1504662e-02   6.5890041e-02
   3.0500000e+01  -2.1732047e-02   3.3287809e-02
   3.0600000e+01  -2.7475896e-02  -2.4069199e-03
   3.0700000e+01  -3.6283969e-02  -2.3481114e-02
   3.0800000e+01  -3.9136575e-02  -1.9875592e-02
   3.0900000e+01  -3.3135656e-02  -2.6951284e-03
   3.1000000e+01  -1.5153660e-02  -2.1710714e-04
   3.1100000e+01   1.9426240e-02  -3.5371589e-02
   3.1200000e+01   6.6466258e-02  -1.0276608e-01
   3.1300000e+01   1.0565902e-01  -1.6701031e-01
   3.1400000e+01   1.1245169e-01  -1.8755165e-01
   3.1500000e+01   8.1830110e-02  -1.5173367e-01
   3.1600000e+01   3.7288669e-02  -8.8072015e-02
   3.1700000e+01   1.2057749e-02  -4.6254858e-02
   3.1800000e+01   2.1261417e-02  -5.8256286e-02
   3.1900000e+01   5.3403177e-02  -1.1199793e-01
   3.2000000e+01   8.6030285e-02  -1.5970569e-01
   3.2100000e+01   1.0471057e-01  -1.5501267e-01
   3.2200000e+01   1.0717284e-01  -8.9207435e-02
   3.2300000e+01   9.6492281e-02   2.8356771e-03
   3.2400000e+01   7.6933992e-02   7.1713278e-02
   3.2500000e+01   5.4684542e-02   9.2020652e-02
   3.2600000e+01   3.5446703e-02   7.6198150e-02
   3.2700000e+01   1.8301053e-02   5.3490329e-02
   3.2800000e+01  -3.6733362e-03   3.8984099e-02
   3.2900000e+01  -3.2115254e-02   2.6376797e-02
   3.3000000e+01  -5.5253192e-02   8.6009977e-03
   3.3100000e+01  -5.8038988e-02  -3.5220983e-03
   3.3200000e+01  -4.2901527e-02   9.2768031e-03
   3.3300000e+01  -3.4807301e-02   4.8591429e-02
   3.3400000e+01  -5.8082440e-02   9.0100377e-02
   3.3500000e+01  -1.0670418e-01   1.0585649e-01
   3.3600000e+01  -1.4292490e-01   9.1116506e-02
   3.3700000e+01  -1.3133539e-01   6.4684314e-02
   3.3800000e+01  -7.5774045e-02   4.5568588e-02
   3.3900000e+01  -2.0060233e-02   3.6080391e-02
   3.4000000e+01  -9.1357433e-03   2.8497625e-02
   3.4100000e+01  -4.7340451e-02   2.0351687e-02
   3.4200000e+01  -9.3805500e-02   1.5928462e-02
   3.4300000e+01  -9.9343266e-02   1.5043498e-02
   3.4400000e+01  -5.0582350e-02   8.9227205e-03
   3.4500000e+01   1.8848427e-02  -8.5047015e-03
   3.4600000e+01   5.9735392e-02  -2.9334158e-02
   3.4700000e+01   5.1953349e-02  -3.7977327e-02
   3.4800000e+01   2.0645591e-02  -2.9927948e-02
   3.4900000e+01   9.0476513e-03  -2.0439760e-02
   3.5000000e+01   3.5767658e-02  -3.0825725e-02
   3.5100000e+01   8.0149045e-02  -6.5703934e-02
   3.5200000e+01   1.0900698e-01  -1.0533620e-01
   3.5300000e+01   1.1249938e-01  -1.2146876e-01
   3.5400000e+01   1.0827554e-01  -1.0097111e-01
   3.5500000e+01   1.1253552e-01  -5.4953664e-02
   3.5600000e+01   1.1637309e-01  -7.3273071e-03
   3.5700000e+01   9.6668796e-02   2.3243923e-02
   3.5800000e+01   4.6084401e-02   3.1605723e-02
   3.5900000e+01  -1.5406498e-02   2.2769109e-02
   3.6000000e+01  -5.8939060e-02   6.6814760e-03
   3.6100000e+01  -7.0768822e-02  -3.8134966e-03
   3.6200000e+01  -5.7527529e-02   2.9890711e-03
   3.6300000e+01  -3.5828357e-02   2.8523486e-02
   3.6400000e+01  -2.2204488e-02   5.8601127e-02
   3.6500000e+01  -2.6765425e-02   7.2166691e-02
   3.6600000e+01  -4.5408656e-02   5.8746866e-02
   3.6700000e+01  -5.6700558e-02   2.6650990e-02
   3.6800000e+01  -3.6142852e-02  -6.3738579e-03
   3.6900000e+01   1.8406252e-02  -2.8262014e-02
   3.7000000e+01   7.7468741e-02  -3.7810317e-02
   3.7100000e+01   1.0198124e-01  -3.9336078e-02
   3.7200000e+01   7.6197919e-02  -3.7272454e-02
   3.7300000e+01   1.8147771e-02  -3.5121794e-02
   3.7400000e+01  -3.8906465e-02  -3.4502070e-02
   3.7500000e+01  -7.0416536e-02  -3.3460441e-02
   3.7600000e+01  -6.9483745e-02  -2.9302221e-02
   3.7700000e+01  -4.4110102e-02  -2.5038715e-02
   3.7800000e+01  -1.3447882e-02  -2.8938281e-02
   3.7900000e+01  -5.9979613e-04  -4.3173951e-02
   3.8000000e+01  -1.5973376e-02  -5.5085824e-02
   3.8100000e+01  -4.2836534e-02  -4.6089212e-02
   3.8200000e+01  -4.6825288e-02  -1.1726322e-02
   3.8300000e+01  -9.0522774e-03   3.0206986e-02
   3.8400000e+01   4.9278265e-02   5.4167414e-02
   3.8500000e+01   8.0582643e-02   4.8882850e-02
   3.8600000e+01   5.3036059e-02   2.5338994e-02
   3.8700000e+01  -2.0237352e-02   6.7883912e-03
   3.8800000e+01  -9.2318419e-02   1.2806631e-02
   3.8900000e+01  -1.1985872e-01   4.7608856e-02
   3.9000000e+01  -9.1209592e-02   9.5277383e-02
   3.9100000e+01  -2.6777680e-02   1.2509023e-01
   3.9200000e+01   3.8965825e-02   1.1055866e-01
   3.9300000e+01   7.6363799e-02   5.3361477e-02
   3.9400000e+01   7.2982799e-02  -1.0715180e-02
   3.9500000e+01   3.8995061e-02  -3.7652813e-02
   3.9600000e+01   2.1669435e-03  -1.4583898e-02
   3.9700000e+01  -9.7752189e-03   2.6144696e-02
   3.9800000e+01   1.0174550e-02   3.6551551e-02
   3.9900000e+01   4.2414784e-02  -3.8987830e-04
   4.0000000e+01   5.7093192e-02  -5.4019080e-02
   4.0100000e+01   3.9029657e-02  -7.6127395e-02
   4.0200000e+01  -1.0028918e-03  -4.6144332e-02
   4.0300000e+01  -3.7125631e-02   1.4035191e-02
   4.0400000e+01  -4.9361297e-02   6.5135762e-02
   4.0500000e+01  -3.6599225e-02   8.3056784e-02
   4.0600000e+01  -1.3969174e-02   6.6668889e-02
   4.0700000e+01  -2.4689138e-04   2.5061123e-02
   4.0800000e+01  -5.0952900e-03  -2.9458586e-02
   4.0900000e+01  -2.2962738e-02  -7.5605997e-02
   4.1000000e+01  -3.6622627e-02  -8.5615446e-02
   4.1100000e+01  -2.9138662e-02  -4.8368613e-02
   4.1200000e+01   3.0444425e-03   1.0576705e-02
   4.1300000e+01   4.6383966e-02   4.4812920e-02
   4.1400000e+01   7.9977430e-02   3.1463893e-02
   4.1500000e+01   9.0426460e-02  -3.7948896e-03
   4.1600000e+01   7.8564118e-02  -1.2841494e-02
   4.1700000e+01   5.3885453e-02   2.4450092e-02
   4.1800000e+01   2.5137968e-02   8.0987032e-02
   4.1900000e+01  -3.0652693e-03   1.1272272e-01
   4.2000000e+01  -2.7278607e-02   1.0057276e-01
   4.2100000e+01  -4.2497601e-02   5.9392345e-02
   4.2200000e+01  -4.3395585e-02   1.3946430e-02
   4.2300000e+01  -2.7761486e-02  -2.2964815e-02
   4.2400000e+01   1.1366189e-04  -4.9002822e-02
   4.2500000e+01   2.7336262e-02  -6.1403542e-02
   4.2600000e+01   3.5289391e-02  -5.7765378e-02
   4.2700000e+01   1.1274709e-02  -4.5235289e-02
   4.2800000e+01  -3.6963089e-02  -3.9116961e-02
   4.2900000e+01  -8.0124707e-02  -4.7495983e-02
   4.3000000e+01  -8.8433712e-02  -6.0879606e-02
   4.3100000e+01  -5.9009211e-02  -6.1869418e-02
   4.3200000e+01  -2.0403872e-02  -4.4658905e-02
   4.3300000e+01  -5.7211557e-03  -2.1868083e-02
   4.3400000e+01  -2.1110196e-02  -1.2111676e-02
   4.3500000e+01  -4.3669306e-02  -2.3566663e-02
   4.3600000e+01  -4.9735915e-02  -4.9791902e-02
   4.3700000e+01  -3.9924570e-02  -7.7282048e-02
   4.3800000e+01  -3.3506902e-02  -9.3666637e-02
   4.3900000e+01  -4.2875457e-02  -9.1328965e-02
   4.4000000e+01  -6.0249158e-02  -6.9860509e-02
   4.4100000e+01  -6.9107644e-02  -3.8555206e-02
   4.4200000e+01  -6.1791211e-02  -1.3292323e-02
   4.4300000e+01  -4.2474106e-02  -4.9864103e-03
   4.4400000e+01  -1.8174430e-02  -8.4942834e-03
   4.4500000e+01   6.5102574e-03  -5.2339621e-03
   4.4600000e+01   2.7305064e-02   1.9373662e-02
   4.4700000e+01   4.0372419e-02   5.9346423e-02
   4.4800000e+01   4.7343568e-02   8.9867873e-02
   4.4900000e+01   5.5179594e-02   8.7316554e-02
   4.5000000e+01   6.6295933e-02   4.8998233e-02
   4.5100000e+01   7.1586867e-02  -5.5096314e-03
   4.5200000e+01   5.9510977e-02  -5.0290650e-02
   4.5300000e+01   3.3322715e-02  -6.8967939e-02
   4.5400000e+01   1.4551661e-02  -5.7922895e-02
   4.5500000e+01   2.4934224e-02  -2.1903258e-02
   4.5600000e+01   6.4187293e-02   2.6661732e-02
   4.5700000e+01   1.0647935e-01   6.6218883e-02
   4.5800000e+01   1.1973467e-01   7.4886069e-02
   4.5900000e+01   9.1275708e-02   4.9764226e-02
   4.6000000e+01   3.9025844e-02   1.5700876e-02
   4.6100000e+01  -1.1780709e-03   5.7992033e-03
   4.6200000e+01  -3.9263645e-03   2.8569766e-02
   4.6300000e+01   2.4063001e-02   5.8605422e-02
   4.6400000e+01   4.9279009e-02   6.4823374e-02
   4.6500000e+01   4.1425230e-02   4.5495155e-02
   4.6600000e+01   4.6270974e-04   2.9088841e-02
   4.6700000e+01  -4.5488420e-02   4.0421267e-02
   4.6800000e+01  -6.7187565e-02   7.3064472e-02
   4.6900000e+01  -5.7242391e-02   9.9088980e-02
   4.7000000e+01  -2.9429861e-02   1.0019047e-01
   4.7100000e+01  -3.0112548e-03   8.1386641e-02
   4.7200000e+01   8.9178306e-03   5.6330826e-02
   4.7300000e+01   2.0794573e-03   3.0397121e-02
   4.7400000e+01  -1.8540529e-02   4.1431178e-03
   4.7500000e+01  -3.9448450e-02  -1.4617005e-02
   4.7600000e+01  -4.6131986e-02  -1.4924575e-02
   4.7700000e+01  -3.4485023e-02  -8.4977413e-04
   4.7800000e+01  -1.3790513e-02   4.4075500e-03
   4.7900000e+01   3.0543033e-03  -1.8701276e-02
   4.8000000e+01   1.0502938e-02  -6.1217644e-02
   4.8100000e+01   1.1246637e-02  -9.0976841e-02
   4.8200000e+01   1.0895938e-02  -8.5090190e-02
   4.8300000e+01   1.5686229e-02  -5.3660777e-02
   4.8400000e+01   3.1342971e-02  -2.9217960e-02
   4.8500000e+01   5.6157164e-02  -3.4940181e-02
   4.8600000e+01   7.4425606e-02  -6.4508955e-02
   4.8700000e+01   6.5300461e-02  -8.9749288e-02
   4.8800000e+01   2.5105674e-02  -8.4838360e-02
   4.8900000e+01  -2.2084017e-02  -4.6246913e-02
   4.9000000e+01  -4.3331025e-02   4.2900693e-03
   4.9100000e+01  -2.7949632e-02   3.5009766e-02
   4.9200000e+01   3.4867635e-03   2.8775956e-02
   4.9300000e+01   2.1190894e-02  -7.7655717e-04
   4.9400000e+01   1.2902304e-02  -1.8638549e-02
   4.9500000e+01  -1.1595848e-02  -2.9675966e-04
   4.9600000e+01  -3.5181625e-02   4.2437609e-02
   4.9700000e+01  -4.6292061e-02   7.0384428e-02
   4.9800000e+01  -4.1278582e-02   5.5853324e-02
   4.9900000e+01  -2.4132824e-02   1.2326398e-02
   5.0000000e+01  -7.5589619e-03  -1.7750276e-02
   5.0100000e+01  -7.6787625e-03  -5.4733283e-03
   5.0200000e+01  -2.9918819e-02   3.6740990e-02
   5.0300000e+01  -5.9993543e-02   7.0578070e-02
   5.0400000e+01  -7.3926393e-02   7.0930927e-02
   5.0500000e+01  -5.9928725e-02   4.5269382e-02
   5.0600000e+01  -2.9836191e-02   1.6273148e-02
   5.0700000e+01  -8.7417444e-03  -6.2091630e-03
   5.0800000e+01  -1.3898344e-02  -2.9559542e-02
   5.0900000e+01  -4.1469772e-02  -5.8234429e-02
   5.1000000e+01  -6.9127200e-02  -7.9498203e-02
   5.1100000e+01  -7.0817506e-02  -7.6196219e-02
   5.1200000e+01  -3.5841841e-02  -5.1108555e-02
   5.1300000e+01   1.8430673e-02  -3.0379631e-02
   5.1400000e+01   5.2879289e-02  -3.7918151e-02
   5.1500000e+01   3.4837750e-02  -6.8999494e-02
   5.1600000e+01  -3.0848768e-02  -9.4879628e-02
   5.1700000e+01  -9.8196868e-02  -9.5051072e-02
   5.1800000e+01  -1.1432346e-01  -8.0417412e-02
   5.1900000e+01  -6.4980301e-02  -7.9366597e-02
   5.2000000e+01   1.0385300e-02  -1.0160843e-01
   5.2100000e+01   4.9828277e-02  -1.2246089e-01
   5.2200000e+01   1.9619965e-02  -1.0844239e-01
   5.2300000e+01  -5.9248170e-02  -5.6329649e-02
   5.2400000e+01  -1.2928098e-01   4.1727625e-04
   5.2500000e+01  -1.4121555e-01   2.7123014e-02
   5.2600000e+01  -8.8121910e-02   2.4157727e-02
   5.2700000e+01  -4.9045631e-03   2.0795044e-02
   5.2800000e+01   6.1454296e-02   3.5137982e-02
   5.2900000e+01   8.5082392e-02   5.1407893e-02
   5.3000000e+01   7.3634947e-02   4.4527167e-02
   5.3100000e+01   5.4813368e-02   2.0662602e-02
   5.3200000e+01   5.2007938e-02   1.8913980e-02
   5.3300000e+01   6.9502879e-02   6.6499371e-02
   5.3400000e+01   9.5492953e-02   1.4017561e-01
   5.3500000e+01   1.1469633e-01   1.8306021e-01
   5.3600000e+01   1.1808070e-01   1.6079095e-01
   5.3700000e+01   1.0612257e-01   9.4528076e-02
   5.3800000e+01   8.9090700e-02   3.7072797e-02
   5.3900000e+01   8.3793423e-02   2.3944537e-02
   5.4000000e+01   1.0193590e-01   5.2537011e-02
   5.4100000e+01   1.3462144e-01   1.0002156e-01
   5.4200000e+01   1.5110490e-01   1.4585517e-01
   5.4300000e+01   1.2270115e-01   1.7326189e-01
   5.4400000e+01   5.3524714e-02   1.6397353e-01
   5.4500000e+01  -1.6318749e-02   1.0999548e-01
   5.4600000e+01  -4.4284009e-02   3.2992653e-02
   5.4700000e+01  -2.2619543e-02  -2.1346296e-02
   5.4800000e+01   2.0173650e-02  -2.0433038e-02
   5.4900000e+01   5.1964784e-02   2.3392159e-02
   5.5000000e+01   6.3609474e-02   6.3210516e-02
   5.5100000e+01   6.2157859e-02   6.0100698e-02
   5.5200000e+01   4.8540056e-02   1.3142871e-02
   5.5300000e+01   1.4829744e-02  -4.8801238e-02
   5.5400000e+01  -3.5657502e-02  -9.5053539e-02
   5.5500000e+01  -7.7399127e-02  -1.0951995e-01
   5.5600000e+01  -8.2625142e-02  -9.0227380e-02
   5.5700000e+01  -5.2040147e-02  -4.7774760e-02
   5.5800000e+01  -1.8358093e-02  -7.1098670e-03
   5.5900000e+01  -1.4828111e-02   1.2013388e-03
   5.6000000e+01  -4.1750736e-02  -3.5560109e-02
   5.6100000e+01  -6.6819163e-02  -9.5976856e-02
   5.6200000e+01  -5.8472114e-02  -1.3858066e-01
   5.6300000e+01  -1.7666683e-02  -1.3705690e-01
   5.6400000e+01   2.2970855e-02  -1.0117128e-01
   5.6500000e+01   3.0365388e-02  -6.2988089e-02
   5.6600000e+01   1.9095863e-03  -4.5904825e-02
   5.6700000e+01  -3.3014095e-02  -4.8940797e-02
   5.6800000e+01  -4.2052059e-02  -5.6784673e-02
   5.6900000e+01  -2.1749248e-02  -5.8432439e-02
   5.7000000e+01  -1.0320300e-03  -5.4585206e-02
   5.7100000e+01  -1.1902860e-02  -5.1262250e-02
   5.7200000e+01  -5.6244163e-02  -5.0187842e-02
   5.7300000e+01  -1.0321876e-01  -4.5673806e-02
   5.7400000e+01  -1.2070123e-01  -3.0421691e-02
   5.7500000e+01  -1.0754707e-01  -5.5038737e-03
   5.7600000e+01  -9.1942464e-02   1.5347272e-02
   5.7700000e+01  -9.8031614e-02   1.4635123e-02
   5.7800000e+01  -1.1792979e-01  -1.2373241e-02
   5.7900000e+01  -1.1999678e-01  -5.0398656e-02
   5.8000000e+01  -8.4283793e-02  -7.5572578e-02
   5.8100000e+01  -2.6996795e-02  -7.3901595e-02
   5.8200000e+01   1.1817503e-02  -4.7517310e-02
   5.8300000e+01   4.8408895e-03  -6.4506167e-03
   5.8400000e+01  -3.7748104e-02   3.8487792e-02
   5.8500000e+01  -7.8256475e-02   7.3137799e-02
   5.8600000e+01  -8.5127519e-02   7.9332804e-02
   5.8700000e+01  -5.7830869e-02   4.8152445e-02
   5.8800000e+01  -2.0980020e-02  -4.0798516e-03
   5.8900000e+01   3.3893651e-03  -4.0810726e-02
   5.9000000e+01   1.5570464e-02  -3.4168412e-02
   5.9100000e+01   3.0662884e-02   9.6977711e-03
   5.9200000e+01   5.5524003e-02   5.6260000e-02
   5.9300000e+01   7.8918457e-02   7.4293358e-02
   5.9400000e+01   8.6185099e-02   6.2076401e-02
   5.9500000e+01   7.8637757e-02   4.4492658e-02
   5.9600000e+01   7.2218344e-02   4.7203597e-02
   5.9700000e+01   7.7293425e-02   7.3323214e-02
   5.9800000e+01   8.6048575e-02   1.0212433e-01
   5.9900000e+01   8.3132899e-02   1.0890836e-01
   6.0000000e+01   6.4464150e-02   8.7988716e-02
   6.0100000e+01   4.0516870e-02   5.8104746e-02
   6.0200000e+01   2.3586238e-02   4.4262618e-02
   6.0300000e+01   1.8379413e-02   5.2778299e-02
   6.0400000e+01   2.4724024e-02   6.5846283e-02
   6.0500000e+01   4.0316147e-02   6.3330280e-02
   6.0600000e+01   5.4705492e-02   4.7996532e-02
   6.0700000e+01   4.7228163e-02   4.3111775e-02
   6.0800000e+01   3.4648196e-03   6.2541414e-02
   6.0900000e+01  -6.2365567e-02   8.8971415e-02
   6.1000000e+01  -1.0926243e-01   8.9556241e-02
   6.1100000e+01  -1.0234972e-01   5.3197207e-02
   6.1200000e+01  -4.4927629e-02   4.7792747e-03
   6.1300000e+01   2.4991680e-02  -2.2157561e-02
   6.1400000e+01   6.9047372e-02  -2.2162095e-02
   6.1500000e+01   7.6601129e-02  -2.0337486e-02
   6.1600000e+01   6.2005083e-02  -3.9197252e-02
   6.1700000e+01   4.3946124e-02  -7.1249463e-02
   6.1800000e+01   3.3805870e-02  -8.9254588e-02
   6.1900000e+01   3.8895567e-02  -7.9400183e-02
   6.2000000e+01   6.4315236e-02  -5.7511763e-02
   6.2100000e+01   1.0387381e-01  -5.1781100e-02
   6.2200000e+01   1.3336251e-01  -7.4089688e-02
   6.2300000e+01   1.2408107e-01  -1.1069972e-01
   6.2400000e+01   7.1172658e-02  -1.3833986e-01
   6.2500000e+01   7.5711625e-03  -1.4600411e-01
   6.2600000e+01  -1.8227250e-02  -1.4119566e-01
   6.2700000e+01   1.3887164e-02  -1.3743199e-01
   6.2800000e+01   7.2438817e-02  -1.3763435e-01
   6.2900000e+01   1.0007137e-01  -1.3088646e-01
   6.3000000e+01   6.7806140e-02  -1.0639256e-01
   6.3100000e+01   3.7115501e-03  -6.9766022e-02
   6.3200000e+01  -3.6289442e-02  -4.1729767e-02
   6.3300000e+01  -2.6973812e-02  -3.6962017e-02
   6.3400000e+01   1.2400964e-03  -4.5239989e-02
   6.3500000e+01  -9.5007768e-04  -3.8973669e-02
   6.3600000e+01  -4.4594256e-02  -3.1230893e-03
   6.3700000e+01  -9.0478309e-02   4.4879541e-02
   6.3800000e+01  -9.5744279e-02   7.0467339e-02
   6.3900000e+01  -6.4190503e-02   5.8792142e-02
   6.4000000e+01  -4.1852280e-02   3.2523814e-02
   6.4100000e+01  -6.4597233e-02   2.9185902e-02
   6.4200000e+01  -1.1914087e-01   6.2086470e-02
   6.4300000e+01  -1.5950426e-01   1.0783991e-01
   6.4400000e+01  -1.5566597e-01   1.3299462e-01
   6.4500000e+01  -1.1943687e-01   1.2835321e-01
   6.4600000e+01  -8.5409208e-02   1.1382136e-01
   6.4700000e+01  -7.4844895e-02   1.1328781e-01
   6.4800000e+01  -8.0308243e-02   1.3146921e-01
   6.4900000e+01  -7.9122512e-02   1.5552589e-01
   6.5000000e+01  -5.6528798e-02   1.7102478e-01
   6.5100000e+01  -1.8547778e-02   1.6935024e-01
   6.5200000e+01   1.2393575e-02   1.4358392e-01
   6.5300000e+01   1.5186664e-02   8.9050713e-02
   6.5400000e+01  -1.1138876e-02   1.4935968e-02
   6.5500000e+01  -4.4486357e-02  -4.9487364e-02
   6.5600000e+01  -5.9202065e-02  -7.0959222e-02
   6.5700000e+01  -5.0640062e-02  -4.1345224e-02
   6.5800000e+01  -3.7547021e-02   9.6491934e-03
   6.5900000e+01  -3.8462920e-02   3.5037759e-02
   6.6000000e+01  -5.0229896e-02   8.7529295e-03
   6.6100000e+01  -5.4560016e-02  -5.2120201e-02
   6.6200000e+01  -4.2645109e-02  -1.0101588e-01
   6.6300000e+01  -2.5523378e-02  -1.0040571e-01
   6.6400000e+01  -1.8845396e-02  -5.3160471e-02
   6.6500000e+01  -2.4243059e-02  -3.8598045e-04
   6.6600000e+01  -2.9851711e-02   1.3074784e-02
   6.6700000e+01  -2.4091640e-02  -2.3356142e-02
   6.6800000e+01  -3.1719462e-03  -7.7158451e-02
   6.6900000e+01   3.0815081e-02  -1.0052386e-01
   6.7000000e+01   6.9782138e-02  -6.9893928e-02
   6.7100000e+01   9.6997309e-02  -3.2038087e-03
   6.7200000e+01   9.4991359e-02   5.7062824e-02
   6.7300000e+01   6.4429327e-02   7.6818291e-02
   6.7400000e+01   3.1743802e-02   5.1680950e-02
   6.7500000e+01   2.9628327e-02   4.2012490e-03
   6.7600000e+01   6.7674057e-02  -3.5251944e-02
   6.7700000e+01   1.2533229e-01  -4.8310417e-02
   6.7800000e+01   1.7347889e-01  -3.7560940e-02
   6.7900000e+01   1.9827813e-01  -2.0836617e-02
   6.8000000e+01   2.0355867e-01  -1.5401694e-02
   6.8100000e+01   1.9741364e-01  -2.4128363e-02
   6.8200000e+01   1.8397517e-01  -3.5539130e-02
   6.8300000e+01   1.6727030e-01  -3.7205187e-02
   6.8400000e+01   1.5583962e-01  -2.8147528e-02
   6.8500000e+01   1.5790239e-01  -1.7579099e-02
   6.8600000e+01   1.7070576e-01  -1.3919712e-02
   6.8700000e+01   1.7580162e-01  -1.8420801e-02
   6.8800000e+01   1.4848425e-01  -2.8538358e-02
   6.8900000e+01   7.8661106e-02  -4.1774729e-02
   6.9000000e+01  -1.2655829e-02  -5.2939642e-02
   6.9100000e+01  -8.1130609e-02  -5.2576416e-02
   6.9200000e+01  -9.3153337e-02  -3.6326525e-02
   6.9300000e+01  -5.7638463e-02  -1.6966345e-02
   6.9400000e+01  -1.9942949e-02  -1.8791879e-02
   6.9500000e+01  -1.8380726e-02  -5.1467022e-02
   6.9600000e+01  -4.8084945e-02  -9.0344043e-02
   6.9700000e+01  -7.2983753e-02  -9.2056813e-02
   6.9800000e+01  -7.2020186e-02  -3.7625499e-02
   6.9900000e+01  -6.4825853e-02   4.0494048e-02
   7.0000000e+01  -8.6826713e-02   8.1416994e-02
   7.0100000e+01  -1.4456437e-01   5.2315117e-02
   7.0200000e+01  -2.0410884e-01  -1.7080112e-02
   7.0300000e+01  -2.2433661e-01  -5.9941391e-02
   7.0400000e+01  -1.9601344e-01  -3.5759073e-02
   7.0500000e+01  -1.4634314e-01   3.1240078e-02
   7.0600000e+01  -1.1054010e-01   7.7947570e-02
   7.0700000e+01  -1.0335048e-01   6.5610439e-02
   7.0800000e+01  -1.1443964e-01   1.5075114e-02
   7.0900000e+01  -1.2338710e-01  -1.9930577e-02
   7.1000000e+01  -1.1621483e-01  -9.2185741e-03
   7.1100000e+01  -9.1860559e-02   2.7599761e-02
   7.1200000e+01  -5.8442881e-02   4.7023619e-02
   7.1300000e+01  -2.5446692e-02   2.6402910e-02
   7.1400000e+01   7.5754184e-04  -1.7787920e-02
   7.1500000e+01   1.4772846e-02  -4.8754895e-02
   7.1600000e+01   9.1566164e-03  -4.1022694e-02
   7.1700000e+01  -1.9954279e-02   2.0380556e-03
   7.1800000e+01  -6.0423642e-02   5.3507840e-02
   7.1900000e+01  -8.2453121e-02   8.4041447e-02
   7.2000000e+01  -6.0353677e-02   8.3703021e-02
   7.2100000e+01  -1.9260041e-03   6.7145526e-02
   7.2200000e+01   4.9084503e-02   5.5807713e-02
   7.2300000e+01   4.9673587e-02   5.4214087e-02
   7.2400000e+01   4.1614122e-04   4.7733311e-02
   7.2500000e+01  -5.2355913e-02   2.5812565e-02
   7.2600000e+01  -6.1035504e-02   1.2641884e-03
   7.2700000e+01  -2.1967285e-02  -1.7756640e-03
   7.2800000e+01   2.5903140e-02   2.1787810e-02
   7.2900000e+01   4.4050645e-02   4.8878647e-02
   7.3000000e+01   2.9660762e-02   5.4262752e-02
   7.3100000e+01   7.9703455e-03   3.9545635e-02
   7.3200000e+01  -1.6278508e-03   2.8250925e-02
   7.3300000e+01  -3.0259333e-03   3.3841243e-02
   7.3400000e+01  -8.4474392e-03   4.1983267e-02
   7.3500000e+01  -1.6088652e-02   2.8897325e-02
   7.3600000e+01  -1.0244224e-02  -8.5583690e-03
   7.3700000e+01   1.7754374e-02  -4.8385596e-02
   7.3800000e+01   5.4987104e-02  -6.7923087e-02
   7.3900000e+01   7.6832313e-02  -6.5874167e-02
   7.4000000e+01   7.0860554e-02  -5.7196467e-02
   7.4100000e+01   4.9773199e-02  -5.1574166e-02
   7.4200000e+01   4.0366443e-02  -4.4217119e-02
   7.4300000e+01   5.9108826e-02  -2.8635598e-02
   7.4400000e+01   9.7850669e-02  -1.1854778e-02
   7.4500000e+01   1.3385780e-01  -9.8395514e-03
   7.4600000e+01   1.5375071e-01  -2.6748869e-02
   7.4700000e+01   1.6453224e-01  -4.3677492e-02
   7.4800000e+01   1.7781296e-01  -3.3585403e-02
   7.4900000e+01   1.8638082e-01   1.1160400e-02
   7.5000000e+01   1.6618700e-01   6.8475115e-02
   7.5100000e+01   1.0774035e-01   1.0555662e-01
   7.5200000e+01   3.9653125e-02   1.0707237e-01
   7.5300000e+01   9.0642750e-03   8.3248884e-02
   7.5400000e+01   3.4541868e-02   5.3120153e-02
   7.5500000e+01   8.5203057e-02   2.6132486e-02
   7.5600000e+01   1.1241672e-01   2.4763314e-03
   7.5700000e+01   9.7729898e-02  -1.5143126e-02
   7.5800000e+01   6.1947395e-02  -1.9601341e-02
   7.5900000e+01   3.0241455e-02  -1.0457206e-02
   7.6000000e+01   2.0840977e-03   1.1843136e-03
   7.6100000e+01  -3.6571662e-02   5.1535349e-03
   7.6200000e+01  -8.0617901e-02   5.2293838e-03
   7.6300000e+01  -1.0188539e-01   1.1376842e-02
   7.6400000e+01  -8.3433734e-02   1.9832317e-02
   7.6500000e+01  -4.7960969e-02   1.1511660e-02
   7.6600000e+01  -3.9965345e-02  -2.3208778e-02
   7.6700000e+01  -7.8333331e-02  -6.4651497e-02
   7.6800000e+01  -1.3422437e-01  -7.9508343e-02
   7.6900000e+01  -1.6057514e-01  -5.7418571e-02
   7.7000000e+01  -1.3964621e-01  -2.3931852e-02
   7.7100000e+01  -9.6271115e-02  -1.2881194e-02
   7.7200000e+01  -6.6725555e-02  -3.0996774e-02
   7.7300000e+01  -6.2515346e-02  -5.4981879e-02
   7.7400000e+01  -6.7191617e-02  -5.9785735e-02
   7.7500000e+01  -6.1007599e-02  -4.2581922e-02
   7.7600000e+01  -4.0144580e-02  -1.9463468e-02
   7.7700000e+01  -1.3804299e-02  -6.3962281e-03
   7.7800000e+01   7.3943471e-03  -7.2362483e-03
   7.7900000e+01   1.5818366e-02  -1.5142275e-02
   7.8000000e+01   7.5577895e-03  -1.9522331e-02
   7.8100000e+01  -1.1891179e-02  -1.3143337e-02
   7.8200000e+01  -2.4584498e-02   1.5062383e-03
   7.8300000e+01  -1.2904447e-02   1.1486737e-02
   7.8400000e+01   2.0021484e-02   3.7055525e-03
   7.8500000e+01   4.8408544e-02  -2.0555927e-02
   7.8600000e+01   4.8817333e-02  -4.3585111e-02
   7.8700000e+01   2.5858316e-02  -4.7541879e-02
   7.8800000e+01   8.2881362e-03  -3.2911458e-02
   7.8900000e+01   1.9359013e-02  -1.7910176e-02
   7.9000000e+01   5.3829286e-02  -1.8574150e-02
   7.9100000e+01   8.3163000e-02  -3.1704796e-02
   7.9200000e+01   7.9479231e-02  -3.9715637e-02
   7.9300000e+01   3.5928122e-02  -3.1486696e-02
   7.9400000e+01  -2.8540734e-02  -1.5647026e-02
   7.9500000e+01  -8.0244302e-02  -1.1673220e-02
   7.9600000e+01  -9.2631413e-02  -2.8559596e-02
   7.9700000e+01  -6.6351385e-02  -5.3592485e-02
   7.9800000e+01  -2.9248861e-02  -6.2462850e-02
   7.9900000e+01  -1.1269431e-02  -4.0294085e-02
   8.0000000e+01  -1.6159992e-02   5.7935624e-03
