   1.0221618e+02   2.8602761e+01   2.5212700e+03
   1.0218261e+02   2.8237715e+01   1.7512200e+03
   0.0000000e+00  -5.4724365e-01  -5.4724365e-01
   1.0000000e-01  -5.3906230e-01  -5.7957548e-01
   2.0000000e-01  -5.6196364e-01  -5.9216364e-01
   3.0000000e-01  -5.7403384e-01  -5.5273178e-01
   4.0000000e-01  -5.2620728e-01  -4.7415426e-01
   5.0000000e-01  -4.1500642e-01  -4.0163952e-01
   6.0000000e-01  -2.8711149e-01  -3.7018780e-01
   7.0000000e-01  -1.8927596e-01  -3.7573684e-01
   8.0000000e-01  -1.2169732e-01  -3.8604322e-01
   9.0000000e-01  -4.9122047e-02  -3.7571669e-01
   1.0000000e+00   4.7569932e-02  -3.4711919e-01
   1.1000000e+00   1.4678848e-01  -3.1880013e-01
   1.2000000e+00   2.1997478e-01  -3.0193075e-01
   1.3000000e+00   2.7850290e-01  -2.9554162e-01
   1.4000000e+00   3.7042689e-01  -3.0096274e-01
   1.5000000e+00   5.2630440e-01  -3.2686781e-01
   1.6000000e+00   7.1648136e-01  -3.7085931e-01
   1.7000000e+00   8.6975083e-01  -4.0300813e-01
   1.8000000e+00   9.3508894e-01  -3.8322679e-01
   1.9000000e+00   9.2470273e-01  -3.0207705e-01
   2.0000000e+00   8.9917748e-01  -1.9794252e-01
   2.1000000e+00   9.1163125e-01  -1.2533219e-01
   2.2000000e+00   9.6194263e-01  -1.0602195e-01
   2.3000000e+00   1.0000000e+00  -1.1502058e-01
   2.4000000e+00   9.7313716e-01  -1.1161494e-01
   2.5000000e+00   8.7329051e-01  -7.5677852e-02
   2.6000000e+00   7.3932680e-01  -1.1677266e-02
   2.7000000e+00   6.1472050e-01   7.1984022e-02
   2.8000000e+00   5.0806878e-01   1.7365880e-01
   2.9000000e+00   3.9948398e-01   2.8653128e-01
   3.0000000e+00   2.8030719e-01   3.8749521e-01
   3.1000000e+00   1.7271220e-01   4.5061925e-01
   3.2000000e+00   1.0246096e-01   4.7411082e-01
   3.3000000e+00   6.0227876e-02   4.8682714e-01
   3.4000000e+00   4.3160236e-03   5.2119941e-01
   3.5000000e+00  -9.3915192e-02   5.7972676e-01
   3.6000000e+00  -2.1595338e-01   6.3227702e-01
   3.7000000e+00  -3.1590274e-01   6.4769188e-01
   3.8000000e+00  -3.7204201e-01   6.2500493e-01
   3.9000000e+00  -4.0974242e-01   5.9144452e-01
   4.0000000e+00  -4.6903554e-01   5.7254383e-01
   4.1000000e+00  -5.5474022e-01   5.6835642e-01
   4.2000000e+00  -6.2681757e-01   5.5790331e-01
   4.3000000e+00  -6.4204227e-01   5.2072690e-01
   4.4000000e+00  -5.9981918e-01   4.5088630e-01
   4.5000000e+00  -5.4130865e-01   3.5557844e-01
   4.6000000e+00  -5.0491245e-01   2.4978176e-01
   4.7000000e+00  -4.8997394e-01   1.5497132e-01
   4.8000000e+00  -4.6831827e-01   9.4585886e-02
   4.9000000e+00  -4.2591905e-01   7.8574297e-02
   5.0000000e+00  -3.8339763e-01   8.7315440e-02
   5.1000000e+00  -3.7291356e-01   7.5874192e-02
   5.2000000e+00  -4.0204295e-01   3.8184214e-03
   5.3000000e+00  -4.4674107e-01  -1.3172941e-01
   5.4000000e+00  -4.7572303e-01  -2.8985473e-01
   5.5000000e+00  -4.7280652e-01  -4.1376458e-01
   5.6000000e+00  -4.3594307e-01  -4.6970192e-01
   5.7000000e+00  -3.6761768e-01  -4.6546469e-01
   5.8000000e+00  -2.7764600e-01  -4.3708656e-01
   5.9000000e+00  -1.9084607e-01  -4.1922797e-01
   6.0000000e+00  -1.3647490e-01  -4.2444858e-01
   6.1000000e+00  -1.2164478e-01  -4.4389820e-01
   6.2000000e+00  -1.2114785e-01  -4.6233983e-01
   6.3000000e+00  -1.0241733e-01  -4.7166313e-01
   6.4000000e+00  -5.9201094e-02  -4.7332879e-01
   6.5000000e+00  -1.2513899e-02  -4.7166409e-01
   6.6000000e+00   2.2555367e-02  -4.6572590e-01
   6.7000000e+00   6.1281744e-02  -4.4611258e-01
   6.8000000e+00   1.3301548e-01  -3.9951946e-01
   6.9000000e+00   2.4472620e-01  -3.1970560e-01
   7.0000000e+00   3.6977051e-01  -2.1736749e-01
   7.1000000e+00   4.7342227e-01  -1.1758172e-01
   7.2000000e+00   5.4164941e-01  -4.1717752e-02
   7.3000000e+00   5.8164183e-01   1.0832825e-02
   7.4000000e+00   6.0250502e-01   5.8818970e-02
   7.5000000e+00   6.0496626e-01   1.1265998e-01
   7.6000000e+00   5.8764718e-01   1.5603308e-01
   7.7000000e+00   5.5290519e-01   1.6422329e-01
   7.8000000e+00   5.0320218e-01   1.4384148e-01
   7.9000000e+00   4.3998960e-01   1.4303334e-01
   8.0000000e+00   3.7265441e-01   2.0773886e-01
   8.1000000e+00   3.2193556e-01   3.2644323e-01
   8.2000000e+00   3.0249891e-01   4.3013598e-01
   8.3000000e+00   3.0067904e-01   4.5575881e-01
   8.4000000e+00   2.8000553e-01   4.0545195e-01
   8.5000000e+00   2.1683965e-01   3.3608097e-01
   8.6000000e+00   1.2670933e-01   2.9521510e-01
   8.7000000e+00   4.7624947e-02   2.8020784e-01
   8.8000000e+00  -1.8709412e-03   2.6162379e-01
   8.9000000e+00  -4.0038416e-02   2.2978188e-01
   9.0000000e+00  -9.4570964e-02   2.0100149e-01
   9.1000000e+00  -1.6497155e-01   1.8221803e-01
   9.2000000e+00  -2.2029079e-01   1.5095464e-01
   9.3000000e+00  -2.3381971e-01   8.3590153e-02
   9.4000000e+00  -2.1307497e-01  -5.6279825e-03
   9.5000000e+00  -1.9168576e-01  -7.1146580e-02
   9.6000000e+00  -1.9519748e-01  -8.5745546e-02
   9.7000000e+00  -2.1969869e-01  -7.3568275e-02
   9.8000000e+00  -2.4284521e-01  -8.6383895e-02
   9.9000000e+00  -2.4942144e-01  -1.5141255e-01
   1.0000000e+01  -2.4225004e-01  -2.4849342e-01
   1.0100000e+01  -2.3188143e-01  -3.3411880e-01
   1.0200000e+01  -2.2309161e-01  -3.7832226e-01
   1.0300000e+01  -2.1416375e-01  -3.7882301e-01
   1.0400000e+01  -2.0445272e-01  -3.5270703e-01
   1.0500000e+01  -1.9636974e-01  -3.2496808e-01
   1.0600000e+01  -1.8988604e-01  -3.1939163e-01
   1.0700000e+01  -1.8058211e-01  -3.4470642e-01
   1.0800000e+01  -1.6651155e-01  -3.8117599e-01
   1.0900000e+01  -1.5411710e-01  -3.8705908e-01
   1.1000000e+01  -1.5277969e-01  -3.3027209e-01
   1.1100000e+01  -1.6350706e-01  -2.1974943e-01
   1.1200000e+01  -1.7672269e-01  -1.0369318e-01
   1.1300000e+01  -1.8259968e-01  -3.2094618e-02
   1.1400000e+01  -1.8052843e-01  -1.6624202e-02
   1.1500000e+01  -1.7561332e-01  -2.3472600e-02
   1.1600000e+01  -1.6766843e-01  -3.0002993e-03
   1.1700000e+01  -1.4812982e-01   7.1808032e-02
   1.1800000e+01  -1.1001871e-01   1.8878166e-01
   1.1900000e+01  -5.9634426e-02   3.0954722e-01
   1.2000000e+01  -1.6031984e-02   3.9674429e-01
   1.2100000e+01   2.9568079e-03   4.3547781e-01
   1.2200000e+01  -3.8997814e-03   4.3864568e-01
   1.2300000e+01  -1.8210802e-02   4.3614788e-01
   1.2400000e+01  -1.4931565e-02   4.5424919e-01
   1.2500000e+01   1.8757785e-02   4.9690318e-01
   1.2600000e+01   7.5012612e-02   5.4320269e-01
   1.2700000e+01   1.3496808e-01   5.6536529e-01
   1.2800000e+01   1.8609114e-01   5.5231252e-01
   1.2900000e+01   2.2854718e-01   5.1560698e-01
   1.3000000e+01   2.6541072e-01   4.7183054e-01
   1.3100000e+01   2.9232837e-01   4.2183822e-01
   1.3200000e+01   3.0274408e-01   3.5081851e-01
   1.3300000e+01   3.0213678e-01   2.4842899e-01
   1.3400000e+01   3.0944312e-01   1.2570714e-01
   1.3500000e+01   3.3950517e-01   1.0957935e-02
   1.3600000e+01   3.8728340e-01  -7.0396234e-02
   1.3700000e+01   4.3415238e-01  -1.1464724e-01
   1.3800000e+01   4.6737432e-01  -1.4469541e-01
   1.3900000e+01   4.8687754e-01  -1.9700192e-01
   1.4000000e+01   4.9370679e-01  -2.9465013e-01
   1.4100000e+01   4.8205066e-01  -4.2359915e-01
   1.4200000e+01   4.4941249e-01  -5.3682359e-01
   1.4300000e+01   4.0763724e-01  -5.9148796e-01
   1.4400000e+01   3.7166314e-01  -5.8670141e-01
   1.4500000e+01   3.3670601e-01  -5.6055821e-01
   1.4600000e+01   2.7864833e-01  -5.4808496e-01
   1.4700000e+01   1.8508727e-01  -5.4916619e-01
   1.4800000e+01   7.8884191e-02  -5.4319224e-01
   1.4900000e+01  -1.5208733e-03  -5.2596172e-01
   1.5000000e+01  -4.6840634e-02  -5.1534703e-01
   1.5100000e+01  -9.3153169e-02  -5.1717856e-01
   1.5200000e+01  -1.8778352e-01  -5.0149904e-01
   1.5300000e+01  -3.4198893e-01  -4.2928364e-01
   1.5400000e+01  -5.2020707e-01  -3.0150323e-01
   1.5500000e+01  -6.7159824e-01  -1.6776775e-01
   1.5600000e+01  -7.6733291e-01  -7.8951322e-02
   1.5700000e+01  -8.1148906e-01  -3.6957740e-02
   1.5800000e+01  -8.2627858e-01   2.0260521e-03
   1.5900000e+01  -8.3141085e-01   7.7897862e-02
   1.6000000e+01  -8.3236135e-01   1.8762175e-01
   1.6100000e+01  -8.2132540e-01   2.9446074e-01
   1.6200000e+01  -7.8801931e-01   3.6648886e-01
   1.6300000e+01  -7.3150148e-01   4.0020736e-01
   1.6400000e+01  -6.6140123e-01   4.1150720e-01
   1.6500000e+01  -5.8615188e-01   4.1363459e-01
   1.6600000e+01  -5.0105903e-01   4.0810098e-01
   1.6700000e+01  -3.9090026e-01   3.9233579e-01
   1.6800000e+01  -2.4570369e-01   3.6920177e-01
   1.6900000e+01  -7.3976801e-02   3.4650686e-01
   1.7000000e+01   9.8563811e-02   3.2917180e-01
   1.7100000e+01   2.4276518e-01   3.1429709e-01
   1.7200000e+01   3.4262562e-01   2.9465197e-01
   1.7300000e+01   4.0516277e-01   2.6690724e-01
   1.7400000e+01   4.5569183e-01   2.3628091e-01
   1.7500000e+01   5.1728008e-01   2.1243247e-01
   1.7600000e+01   5.8870950e-01   1.9984037e-01
   1.7700000e+01   6.4426686e-01   1.9220540e-01
   1.7800000e+01   6.6080031e-01   1.7709775e-01
   1.7900000e+01   6.4493229e-01   1.4583901e-01
   1.8000000e+01   6.2727511e-01   9.7669293e-02
   1.8100000e+01   6.2651077e-01   3.5839236e-02
   1.8200000e+01   6.2400035e-01  -3.4466978e-02
   1.8300000e+01   5.8025137e-01  -1.0023096e-01
   1.8400000e+01   4.7671730e-01  -1.3821513e-01
   1.8500000e+01   3.3800438e-01  -1.3115872e-01
   1.8600000e+01   2.1320952e-01  -9.2884256e-02
   1.8700000e+01   1.3850637e-01  -6.9214856e-02
   1.8800000e+01   1.1572365e-01  -9.9600927e-02
   1.8900000e+01   1.1834499e-01  -1.7286688e-01
   1.9000000e+01   1.1253994e-01  -2.2880387e-01
   1.9100000e+01   7.8226137e-02  -2.1258911e-01
   1.9200000e+01   2.1218515e-02  -1.2852437e-01
   1.9300000e+01  -3.1216776e-02  -3.7137463e-02
   1.9400000e+01  -5.3295444e-02  -2.9427050e-04
   1.9500000e+01  -4.6045154e-02  -3.1130820e-02
   1.9600000e+01  -3.8597927e-02  -9.2636414e-02
   1.9700000e+01  -5.9325703e-02  -1.3521228e-01
   1.9800000e+01  -1.0580747e-01  -1.3347264e-01
   1.9900000e+01  -1.4822475e-01  -9.7232335e-02
   2.0000000e+01  -1.6344150e-01  -5.8739117e-02
   2.0100000e+01  -1.5975581e-01  -4.8812227e-02
   2.0200000e+01  -1.6306808e-01  -7.4524410e-02
   2.0300000e+01  -1.8273944e-01  -1.1257388e-01
   2.0400000e+01  -2.0042573e-01  -1.2722314e-01
   2.0500000e+01  -1.9573301e-01  -1.0138159e-01
   2.0600000e+01  -1.7572221e-01  -5.2403105e-02
   2.0700000e+01  -1.7030750e-01  -1.5773561e-02
   2.0800000e+01  -1.9854415e-01  -1.2637739e-02
   2.0900000e+01  -2.4720160e-01  -3.4029047e-02
   2.1000000e+01  -2.8712489e-01  -5.5526468e-02
   2.1100000e+01  -3.0545655e-01  -6.3536119e-02
   2.1200000e+01  -3.1326355e-01  -6.5138667e-02
   2.1300000e+01  -3.2149729e-01  -7.4522950e-02
   2.1400000e+01  -3.1987051e-01  -9.3943805e-02
   2.1500000e+01  -2.8908788e-01  -1.0977813e-01
   2.1600000e+01  -2.3206166e-01  -1.0582397e-01
   2.1700000e+01  -1.8215499e-01  -7.8420668e-02
   2.1800000e+01  -1.7247289e-01  -3.8484048e-02
   2.1900000e+01  -1.9823992e-01  -8.6376269e-04
   2.2000000e+01  -2.1538446e-01   2.6131947e-02
   2.2100000e+01  -1.7967559e-01   4.1349389e-02
   2.2200000e+01  -8.8095932e-02   4.5114115e-02
   2.2300000e+01   1.6471522e-02   3.7456511e-02
   2.2400000e+01   7.9746004e-02   2.2703889e-02
   2.2500000e+01   7.9139374e-02   1.2034588e-02
   2.2600000e+01   4.1616123e-02   1.6986808e-02
   2.2700000e+01   2.3742637e-02   3.9117615e-02
   2.2800000e+01   6.8514882e-02   6.7394789e-02
   2.2900000e+01   1.7116806e-01   8.6826215e-02
   2.3000000e+01   2.8188662e-01   9.0243536e-02
   2.3100000e+01   3.4466515e-01   8.3946962e-02
   2.3200000e+01   3.3958045e-01   8.4728380e-02
   2.3300000e+01   2.9303164e-01   1.0959596e-01
   2.3400000e+01   2.5224499e-01   1.6056824e-01
   2.3500000e+01   2.5149128e-01   2.1355970e-01
   2.3600000e+01   2.9528215e-01   2.2715750e-01
   2.3700000e+01   3.6019597e-01   1.7545094e-01
   2.3800000e+01   4.0672931e-01   7.9836238e-02
   2.3900000e+01   3.9974978e-01   2.1397371e-03
   2.4000000e+01   3.3363726e-01  -6.5329724e-03
   2.4100000e+01   2.4134622e-01   4.4227117e-02
   2.4200000e+01   1.6908153e-01   8.9918436e-02
   2.4300000e+01   1.3487594e-01   7.3234579e-02
   2.4400000e+01   1.1631993e-01   6.8334848e-04
   2.4500000e+01   8.3561045e-02  -6.6113845e-02
   2.4600000e+01   3.7155990e-02  -7.5381841e-02
   2.4700000e+01   2.8735223e-03  -3.7014516e-02
   2.4800000e+01  -7.3911831e-03  -7.6055508e-03
   2.4900000e+01  -1.3922083e-02  -2.8250070e-02
   2.5000000e+01  -4.1820813e-02  -8.3065860e-02
   2.5100000e+01  -8.6734636e-02  -1.1901680e-01
   2.5200000e+01  -1.2064742e-01  -1.0030936e-01
   2.5300000e+01  -1.2798066e-01  -3.9528031e-02
   2.5400000e+01  -1.2265621e-01   1.9348239e-02
   2.5500000e+01  -1.2761785e-01   3.9622956e-02
   2.5600000e+01  -1.4998693e-01   1.3784013e-02
   2.5700000e+01  -1.8335790e-01  -4.0572459e-02
   2.5800000e+01  -2.2370929e-01  -9.4096574e-02
   2.5900000e+01  -2.6888670e-01  -1.1654942e-01
   2.6000000e+01  -3.0524174e-01  -8.9142132e-02
   2.6100000e+01  -3.1103799e-01  -1.9370814e-02
   2.6200000e+01  -2.8089281e-01   5.6010451e-02
   2.6300000e+01  -2.3779075e-01   9.2414142e-02
   2.6400000e+01  -2.1037390e-01   7.0991600e-02
   2.6500000e+01  -2.0151052e-01   1.4008806e-02
   2.6600000e+01  -1.8964519e-01  -3.4372930e-02
   2.6700000e+01  -1.6177061e-01  -4.5373792e-02
   2.6800000e+01  -1.3370841e-01  -2.7521506e-02
   2.6900000e+01  -1.2953521e-01  -1.4910178e-02
   2.7000000e+01  -1.4614540e-01  -3.3621632e-02
   2.7100000e+01  -1.4906179e-01  -7.5995069e-02
   2.7200000e+01  -1.0638589e-01  -1.0523779e-01
   2.7300000e+01  -2.1250929e-02  -8.7623777e-02
   2.7400000e+01   7.2781505e-02  -2.5256028e-02
   2.7500000e+01   1.4358680e-01   4.0809278e-02
   2.7600000e+01   1.8179122e-01   6.3005525e-02
   2.7700000e+01   1.9370859e-01   2.8031254e-02
   2.7800000e+01   1.8467988e-01  -3.1304363e-02
   2.7900000e+01   1.5763670e-01  -6.4359828e-02
   2.8000000e+01   1.2449202e-01  -4.4481017e-02
   2.8100000e+01   1.0739318e-01   1.3368641e-02
   2.8200000e+01   1.2041848e-01   7.1185020e-02
   2.8300000e+01   1.5088662e-01   1.0076793e-01
   2.8400000e+01   1.6501334e-01   1.0078989e-01
   2.8500000e+01   1.3713099e-01   8.8831937e-02
   2.8600000e+01   7.4957285e-02   8.2715737e-02
   2.8700000e+01   1.5501215e-02   8.9169600e-02
   2.8800000e+01  -5.7660666e-03   1.0453394e-01
   2.8900000e+01   1.5353038e-02   1.2049159e-01
   2.9000000e+01   4.9830446e-02   1.2844131e-01
   2.9100000e+01   6.2449304e-02   1.2281305e-01
   2.9200000e+01   4.2551647e-02   1.0491575e-01
   2.9300000e+01   1.0320695e-02   8.3848705e-02
   2.9400000e+01  -5.1664749e-03   6.9588610e-02
   2.9500000e+01   7.9626404e-03   6.1653418e-02
   2.9600000e+01   3.9624880e-02   4.5778200e-02
   2.9700000e+01   7.3471661e-02   6.4548508e-03
   2.9800000e+01   1.0024560e-01  -5.4129899e-02
   2.9900000e+01   1.1553128e-01  -1.1084005e-01
   3.0000000e+01   1.1392461e-01  -1.3288792e-01
   3.0100000e+01   9.4979425e-02  -1.0967573e-01
   3.0200000e+01   7.2695137e-02  -6.1664045e-02
   3.0300000e+01   6.7541000e-02  -2.6628622e-02
   3.0400000e+01   8.2691807e-02  -3.3351567e-02
   3.0500000e+01   9.4140570e-02  -8.3332744e-02
   3.0600000e+01   7.3003872e-02  -1.5218906e-01
   3.0700000e+01   1.7029466e-02  -2.0706482e-01
   3.0800000e+01  -4.6696840e-02  -2.2643186e-01
   3.0900000e+01  -9.0889000e-02  -2.0932703e-01
   3.1000000e+01  -1.1295976e-01  -1.7088138e-01
   3.1100000e+01  -1.2842965e-01  -1.3156837e-01
   3.1200000e+01  -1.4757255e-01  -1.0872440e-01
   3.1300000e+01  -1.6670280e-01  -1.1105468e-01
   3.1400000e+01  -1.7900518e-01  -1.3313981e-01
   3.1500000e+01  -1.8363014e-01  -1.5417118e-01
   3.1600000e+01  -1.8183015e-01  -1.4981739e-01
   3.1700000e+01  -1.7243552e-01  -1.1353604e-01
   3.1800000e+01  -1.5640774e-01  -6.6069181e-02
   3.1900000e+01  -1.3945455e-01  -3.7630968e-02
   3.2000000e+01  -1.2224308e-01  -3.7610637e-02
   3.2100000e+01  -9.2182885e-02  -4.4877837e-02
   3.2200000e+01  -3.6623547e-02  -3.0624012e-02
   3.2300000e+01   3.3317851e-02   1.1636723e-02
   3.2400000e+01   8.3065256e-02   6.1353428e-02
   3.2500000e+01   8.8319271e-02   9.3018245e-02
   3.2600000e+01   6.4539110e-02   9.7934819e-02
   3.2700000e+01   5.2474862e-02   8.5401165e-02
   3.2800000e+01   7.2666654e-02   7.0066173e-02
   3.2900000e+01   1.0231756e-01   6.2955464e-02
   3.3000000e+01   1.0216126e-01   7.0737730e-02
   3.3100000e+01   6.1249011e-02   9.5598404e-02
   3.3200000e+01   8.9772117e-03   1.3252952e-01
   3.3300000e+01  -1.4772782e-02   1.6971004e-01
   3.3400000e+01   5.3238256e-03   1.9501501e-01
   3.3500000e+01   5.3858351e-02   2.0287975e-01
   3.3600000e+01   1.0379917e-01   1.9558888e-01
   3.3700000e+01   1.3522385e-01   1.8082045e-01
   3.3800000e+01   1.4024773e-01   1.6939482e-01
   3.3900000e+01   1.2052478e-01   1.7134293e-01
   3.4000000e+01   8.5126044e-02   1.8779676e-01
   3.4100000e+01   4.7181797e-02   2.0568698e-01
   3.4200000e+01   1.7293768e-02   2.0616587e-01
   3.4300000e+01  -5.9098483e-04   1.8333210e-01
   3.4400000e+01  -5.9355038e-03   1.5257751e-01
   3.4500000e+01   2.8363912e-03   1.3474497e-01
   3.4600000e+01   2.4425834e-02   1.3123012e-01
   3.4700000e+01   4.6018134e-02   1.2015326e-01
   3.4800000e+01   4.5644091e-02   8.1079218e-02
   3.4900000e+01   1.1241171e-02   2.0596544e-02
   3.5000000e+01  -4.1642568e-02  -3.1593218e-02
   3.5100000e+01  -7.7602253e-02  -5.1635583e-02
   3.5200000e+01  -7.3519983e-02  -4.2423246e-02
   3.5300000e+01  -4.3880519e-02  -2.5724179e-02
   3.5400000e+01  -2.9934806e-02  -1.9651341e-02
   3.5500000e+01  -5.9606097e-02  -2.8243072e-02
   3.5600000e+01  -1.1752540e-01  -4.9083215e-02
   3.5700000e+01  -1.5698207e-01  -8.2270366e-02
   3.5800000e+01  -1.4402517e-01  -1.2751182e-01
   3.5900000e+01  -9.0978731e-02  -1.7547552e-01
   3.6000000e+01  -4.6121880e-02  -2.0733940e-01
   3.6100000e+01  -4.8697742e-02  -2.0601228e-01
   3.6200000e+01  -9.1638422e-02  -1.7000988e-01
   3.6300000e+01  -1.2671398e-01  -1.1898702e-01
   3.6400000e+01  -1.0718147e-01  -8.5443514e-02
   3.6500000e+01  -2.9604041e-02  -9.4550984e-02
   3.6600000e+01   6.1432462e-02  -1.4320636e-01
   3.6700000e+01   1.0920410e-01  -1.9594124e-01
   3.6800000e+01   9.0948394e-02  -2.0759815e-01
   3.6900000e+01   3.5715942e-02  -1.5945879e-01
   3.7000000e+01  -1.3582387e-03  -7.7889040e-02
   3.7100000e+01   1.3141582e-02  -1.5851802e-02
   3.7200000e+01   6.3378817e-02  -1.1558436e-02
   3.7300000e+01   1.0285277e-01  -6.0638889e-02
   3.7400000e+01   1.0127087e-01  -1.2448173e-01
   3.7500000e+01   7.2566985e-02  -1.6285979e-01
   3.7600000e+01   5.6012471e-02  -1.5993722e-01
   3.7700000e+01   7.2903517e-02  -1.2535986e-01
   3.7800000e+01   1.0675469e-01  -7.7844050e-02
   3.7900000e+01   1.2504610e-01  -3.0315565e-02
   3.8000000e+01   1.1220092e-01   1.2728426e-02
   3.8100000e+01   7.6136154e-02   4.8720790e-02
   3.8200000e+01   2.9542876e-02   7.0541424e-02
   3.8300000e+01  -2.2754071e-02   6.7260961e-02
   3.8400000e+01  -7.5916624e-02   3.3599088e-02
   3.8500000e+01  -1.1650245e-01  -1.8443803e-02
   3.8600000e+01  -1.3253230e-01  -5.8645722e-02
   3.8700000e+01  -1.2901003e-01  -5.6300554e-02
   3.8800000e+01  -1.2297544e-01  -6.2491912e-03
   3.8900000e+01  -1.2133220e-01   6.2089551e-02
   3.9000000e+01  -1.1280737e-01   1.0729233e-01
   3.9100000e+01  -8.7922723e-02   1.1214624e-01
   3.9200000e+01  -6.0024643e-02   9.6190658e-02
   3.9300000e+01  -5.5571381e-02   8.9224283e-02
   3.9400000e+01  -8.2891550e-02   9.4644571e-02
   3.9500000e+01  -1.1928938e-01   8.6317572e-02
   3.9600000e+01  -1.3355179e-01   4.5262375e-02
   3.9700000e+01  -1.1575057e-01  -6.8807137e-03
   3.9800000e+01  -7.9771464e-02  -2.1366219e-02
   3.9900000e+01  -4.1948056e-02   2.7025811e-02
   4.0000000e+01  -7.0803972e-03   1.0831559e-01
   4.0100000e+01   2.4644009e-02   1.6225121e-01
   4.0200000e+01   4.8852363e-02   1.5392197e-01
   4.0300000e+01   6.4188858e-02   1.0081806e-01
   4.0400000e+01   8.3123826e-02   4.7726228e-02
   4.0500000e+01   1.2282904e-01   2.4465124e-02
   4.0600000e+01   1.8022807e-01   3.2045203e-02
   4.0700000e+01   2.2341802e-01   5.9479972e-02
   4.0800000e+01   2.1787912e-01   9.7861579e-02
   4.0900000e+01   1.6376541e-01   1.3413634e-01
   4.1000000e+01   1.0274196e-01   1.4431322e-01
   4.1100000e+01   8.3119627e-02   1.0853729e-01
   4.1200000e+01   1.1650414e-01   3.5873620e-02
   4.1300000e+01   1.6856977e-01  -3.4272695e-02
   4.1400000e+01   1.9214368e-01  -6.3327851e-02
   4.1500000e+01   1.6952276e-01  -4.7761899e-02
   4.1600000e+01   1.2361334e-01  -2.0987561e-02
   4.1700000e+01   8.9521121e-02  -2.0297766e-02
   4.1800000e+01   7.7586863e-02  -5.0547333e-02
   4.1900000e+01   6.6664831e-02  -7.9457565e-02
   4.2000000e+01   3.3706199e-02  -7.1140634e-02
   4.2100000e+01  -1.4683425e-02  -2.8371355e-02
   4.2200000e+01  -4.6372692e-02   1.2161713e-04
   4.2300000e+01  -4.0582583e-02  -3.5641003e-02
   4.2400000e+01  -1.4929017e-02  -1.2707097e-01
   4.2500000e+01  -9.2996311e-03  -1.9771103e-01
   4.2600000e+01  -4.2764536e-02  -1.6913729e-01
   4.2700000e+01  -9.1217733e-02  -4.4115010e-02
   4.2800000e+01  -1.1002035e-01   8.3710527e-02
   4.2900000e+01  -7.7151632e-02   1.1491921e-01
   4.3000000e+01  -1.4451795e-02   4.0337626e-02
   4.3100000e+01   2.9096740e-02  -5.4522492e-02
   4.3200000e+01   1.4019275e-02  -8.0736303e-02
   4.3300000e+01  -6.0599697e-02  -3.1621407e-02
   4.3400000e+01  -1.5312913e-01   2.7562130e-02
   4.3500000e+01  -2.0506494e-01   4.3099486e-02
   4.3600000e+01  -1.8491222e-01   2.7436437e-02
   4.3700000e+01  -1.1877176e-01   2.7903430e-02
   4.3800000e+01  -7.4431849e-02   5.9136060e-02
   4.3900000e+01  -1.0236493e-01   8.5357226e-02
   4.4000000e+01  -1.8513947e-01   6.8718216e-02
   4.4100000e+01  -2.4875427e-01   1.8144350e-02
   4.4200000e+01  -2.3032636e-01  -2.1057498e-02
   4.4300000e+01  -1.3644492e-01  -1.9632171e-02
   4.4400000e+01  -3.4791781e-02   6.4684160e-03
   4.4500000e+01   8.9799425e-03   2.0893740e-02
   4.4600000e+01  -1.5724817e-02   1.0001507e-02
   4.4700000e+01  -6.7609609e-02  -7.3945945e-03
   4.4800000e+01  -9.7777830e-02  -9.0106712e-03
   4.4900000e+01  -8.6893179e-02   3.5383823e-03
   4.5000000e+01  -4.8417358e-02   1.0985730e-02
   4.5100000e+01  -9.5852959e-03   3.3191864e-03
   4.5200000e+01   7.0975648e-03  -8.6853697e-03
   4.5300000e+01  -5.9494839e-03  -9.6275635e-03
   4.5400000e+01  -3.7027768e-02   2.6501646e-04
   4.5500000e+01  -5.9626682e-02   6.8779019e-03
   4.5600000e+01  -5.0299459e-02   1.5412426e-03
   4.5700000e+01  -9.7753443e-03  -8.0535970e-03
   4.5800000e+01   3.4760663e-02  -7.6601954e-03
   4.5900000e+01   5.3739469e-02   7.7815757e-03
   4.6000000e+01   4.3579657e-02   3.0910428e-02
   4.6100000e+01   2.9507896e-02   4.9594121e-02
   4.6200000e+01   3.9674739e-02   5.2753880e-02
   4.6300000e+01   7.7605893e-02   3.3285201e-02
   4.6400000e+01   1.1885586e-01  -4.1993653e-03
   4.6500000e+01   1.3089222e-01  -3.7249463e-02
   4.6600000e+01   9.6770860e-02  -3.9972640e-02
   4.6700000e+01   2.7923794e-02  -1.4535246e-02
   4.6800000e+01  -3.7748508e-02  -1.1622589e-03
   4.6900000e+01  -5.3741554e-02  -3.9090146e-02
   4.7000000e+01   4.4605281e-03  -1.1305470e-01
   4.7100000e+01   1.1487925e-01  -1.5443941e-01
   4.7200000e+01   2.1704302e-01  -1.1123943e-01
   4.7300000e+01   2.5531488e-01  -1.2166974e-02
   4.7400000e+01   2.2211227e-01   5.5392635e-02
   4.7500000e+01   1.5945946e-01   3.5551445e-02
   4.7600000e+01   1.1841134e-01  -4.0069112e-02
   4.7700000e+01   1.1925360e-01  -9.3829334e-02
   4.7800000e+01   1.4922280e-01  -8.8152666e-02
   4.7900000e+01   1.8799766e-01  -5.4572447e-02
   4.8000000e+01   2.2369316e-01  -3.9995634e-02
   4.8100000e+01   2.4528511e-01  -4.4899535e-02
   4.8200000e+01   2.3503592e-01  -2.9973693e-02
   4.8300000e+01   1.8325003e-01   2.2509265e-02
   4.8400000e+01   1.1006256e-01   7.2651919e-02
   4.8500000e+01   5.9536837e-02   5.8970331e-02
   4.8600000e+01   6.1615649e-02  -3.2696644e-02
   4.8700000e+01   1.0085122e-01  -1.4443550e-01
   4.8800000e+01   1.2920934e-01  -1.9465444e-01
   4.8900000e+01   1.1136651e-01  -1.5137642e-01
   4.9000000e+01   5.3940616e-02  -5.7598060e-02
   4.9100000e+01  -9.6524879e-03   1.3473190e-02
   4.9200000e+01  -5.5867801e-02   2.4913563e-02
   4.9300000e+01  -8.7116905e-02  -9.5050321e-04
   4.9400000e+01  -1.1652164e-01  -1.7383131e-02
   4.9500000e+01  -1.4775208e-01  -1.0985962e-03
   4.9600000e+01  -1.7414860e-01   3.4712142e-02
   4.9700000e+01  -1.9098489e-01   6.3181227e-02
   4.9800000e+01  -2.0059270e-01   6.8851787e-02
   4.9900000e+01  -2.0622929e-01   5.4086305e-02
   5.0000000e+01  -2.0779122e-01   3.4121168e-02
   5.0100000e+01  -2.0624708e-01   3.0463934e-02
   5.0200000e+01  -2.0778618e-01   5.8436996e-02
   5.0300000e+01  -2.1891383e-01   1.0991692e-01
   5.0400000e+01  -2.3797187e-01   1.5171921e-01
   5.0500000e+01  -2.5397418e-01   1.5318339e-01
   5.0600000e+01  -2.5369607e-01   1.1901989e-01
   5.0700000e+01  -2.2947878e-01   8.6994583e-02
   5.0800000e+01  -1.8369642e-01   8.7625257e-02
   5.0900000e+01  -1.3056105e-01   1.1131901e-01
   5.1000000e+01  -9.2449842e-02   1.2163675e-01
   5.1100000e+01  -8.6562879e-02   9.7349041e-02
   5.1200000e+01  -1.0929867e-01   5.2968856e-02
   5.1300000e+01  -1.3648414e-01   1.7821788e-02
   5.1400000e+01  -1.4524240e-01   3.8799914e-03
   5.1500000e+01  -1.3584840e-01  -6.9128405e-04
   5.1600000e+01  -1.2630966e-01  -1.1860352e-02
   5.1700000e+01  -1.2386011e-01  -3.1045563e-02
   5.1800000e+01  -1.0980075e-01  -4.4707080e-02
   5.1900000e+01  -6.1575775e-02  -3.6331095e-02
   5.2000000e+01   1.1727994e-02   1.1477232e-03
   5.2100000e+01   6.6795526e-02   5.7247169e-02
   5.2200000e+01   6.6319131e-02   1.0355650e-01
   5.2300000e+01   1.8682181e-02   1.0743726e-01
   5.2400000e+01  -2.8670865e-02   5.7571793e-02
   5.2500000e+01  -3.4417614e-02  -1.8578533e-02
   5.2600000e+01   3.7447113e-03  -6.7839391e-02
   5.2700000e+01   5.9654187e-02  -5.2208746e-02
   5.2800000e+01   1.1025210e-01   1.5872696e-02
   5.2900000e+01   1.4768893e-01   7.8821584e-02
   5.3000000e+01   1.6685329e-01   8.0054080e-02
   5.3100000e+01   1.5847424e-01   1.2140694e-02
   5.3200000e+01   1.2473606e-01  -7.6274368e-02
   5.3300000e+01   9.4590002e-02  -1.2166530e-01
   5.3400000e+01   1.0831680e-01  -9.8611715e-02
   5.3500000e+01   1.7872548e-01  -3.8757605e-02
   5.3600000e+01   2.7037134e-01  -1.4741306e-03
   5.3700000e+01   3.2343318e-01  -2.3606945e-02
   5.3800000e+01   3.0238692e-01  -9.0566167e-02
   5.3900000e+01   2.2494675e-01  -1.5027424e-01
   5.4000000e+01   1.4744210e-01  -1.5656602e-01
   5.4100000e+01   1.2175452e-01  -1.0713098e-01
   5.4200000e+01   1.5850332e-01  -4.5934344e-02
   5.4300000e+01   2.2190784e-01  -2.6687379e-02
   5.4400000e+01   2.5807034e-01  -6.5473366e-02
   5.4500000e+01   2.3595003e-01  -1.2361435e-01
   5.4600000e+01   1.7026541e-01  -1.4010382e-01
   5.4700000e+01   1.0737370e-01  -8.8025949e-02
   5.4800000e+01   8.5579145e-02  -1.9121512e-03
   5.4900000e+01   1.0524547e-01   5.3472911e-02
   5.5000000e+01   1.3509462e-01   4.4197753e-02
   5.5100000e+01   1.4515380e-01  -3.6877214e-03
   5.5200000e+01   1.3159637e-01  -3.6450638e-02
   5.5300000e+01   1.1102612e-01  -2.9773715e-02
   5.5400000e+01   9.5799581e-02  -7.7879994e-03
   5.5500000e+01   7.9484017e-02  -6.1003157e-03
   5.5600000e+01   4.6606243e-02  -2.5253957e-02
   5.5700000e+01  -6.3806513e-03  -2.9611492e-02
   5.5800000e+01  -6.2804508e-02   9.1323141e-03
   5.5900000e+01  -1.0037282e-01   7.6631408e-02
   5.6000000e+01  -1.1516383e-01   1.2897234e-01
   5.6100000e+01  -1.2931403e-01   1.3615044e-01
   5.6200000e+01  -1.6944395e-01   1.0569235e-01
   5.6300000e+01  -2.3356596e-01   6.4821535e-02
   5.6400000e+01  -2.8343096e-01   2.8876462e-02
   5.6500000e+01  -2.7918669e-01  -6.2291328e-03
   5.6600000e+01  -2.2562050e-01  -4.4896209e-02
   5.6700000e+01  -1.7680654e-01  -7.5681394e-02
   5.6800000e+01  -1.8482132e-01  -7.9420289e-02
   5.6900000e+01  -2.4328001e-01  -5.0552402e-02
   5.7000000e+01  -2.9052173e-01  -6.0460383e-03
   5.7100000e+01  -2.7462494e-01   2.6922472e-02
   5.7200000e+01  -2.1072817e-01   3.0609298e-02
   5.7300000e+01  -1.6615252e-01   6.5742961e-03
   5.7400000e+01  -1.8847573e-01  -2.8298690e-02
   5.7500000e+01  -2.5473728e-01  -5.3320099e-02
   5.7600000e+01  -2.9489239e-01  -5.5599293e-02
   5.7700000e+01  -2.6129878e-01  -3.5854056e-02
   5.7800000e+01  -1.7093359e-01  -4.6329982e-03
   5.7900000e+01  -8.2302392e-02   2.8000690e-02
   5.8000000e+01  -3.8002762e-02   5.8586131e-02
   5.8100000e+01  -3.2131686e-02   8.5182947e-02
   5.8200000e+01  -2.8223105e-02   9.9209183e-02
   5.8300000e+01  -1.4252563e-03   8.9118313e-02
   5.8400000e+01   3.9198815e-02   5.5812756e-02
   5.8500000e+01   6.5515947e-02   2.0024882e-02
   5.8600000e+01   6.1230115e-02   6.7909182e-03
   5.8700000e+01   3.6408614e-02   2.0514437e-02
   5.8800000e+01   1.5248567e-02   3.9946740e-02
   5.8900000e+01   1.4358544e-02   4.1420815e-02
   5.9000000e+01   3.3094241e-02   2.4542570e-02
   5.9100000e+01   5.9796880e-02   1.0958375e-02
   5.9200000e+01   8.3021024e-02   1.9280767e-02
   5.9300000e+01   9.8779057e-02   4.6378332e-02
   5.9400000e+01   1.1233142e-01   7.3706664e-02
   5.9500000e+01   1.3378236e-01   8.5591139e-02
   5.9600000e+01   1.6717674e-01   7.6840418e-02
   5.9700000e+01   2.0138787e-01   4.7639639e-02
   5.9800000e+01   2.1603970e-01   8.5773796e-04
   5.9900000e+01   2.0148724e-01  -5.2750185e-02
   6.0000000e+01   1.7142257e-01  -9.3582690e-02
   6.0100000e+01   1.5050423e-01  -1.0504148e-01
   6.0200000e+01   1.4884445e-01  -8.7288745e-02
   6.0300000e+01   1.5282081e-01  -5.6534758e-02
   6.0400000e+01   1.4224361e-01  -3.0458276e-02
   6.0500000e+01   1.1242264e-01  -1.5796983e-02
   6.0600000e+01   7.7001876e-02  -8.6878450e-03
   6.0700000e+01   5.3196138e-02  -2.9346222e-03
   6.0800000e+01   4.8472720e-02   3.6514273e-03
   6.0900000e+01   5.8659087e-02   8.3875348e-03
   6.1000000e+01   7.2438077e-02   6.5681251e-03
   6.1100000e+01   7.6782488e-02  -4.3521819e-03
   6.1200000e+01   6.3660096e-02  -2.2156028e-02
   6.1300000e+01   3.5708427e-02  -4.1304918e-02
   6.1400000e+01   4.3637426e-03  -5.6187971e-02
   6.1500000e+01  -1.9302531e-02  -6.1302267e-02
   6.1600000e+01  -3.1373049e-02  -5.0069758e-02
   6.1700000e+01  -3.3984894e-02  -2.0181635e-02
   6.1800000e+01  -3.2467156e-02   1.5803257e-02
   6.1900000e+01  -3.6056575e-02   3.1003330e-02
   6.2000000e+01  -5.5858595e-02   5.8859353e-03
   6.2100000e+01  -9.3929321e-02  -4.7638285e-02
   6.2200000e+01  -1.3377506e-01  -9.0584010e-02
   6.2300000e+01  -1.4886595e-01  -9.1050463e-02
   6.2400000e+01  -1.2598930e-01  -5.1723619e-02
   6.2500000e+01  -7.8881916e-02  -6.8528774e-04
   6.2600000e+01  -3.6243076e-02   3.9030452e-02
   6.2700000e+01  -1.7585578e-02   6.2183240e-02
   6.2800000e+01  -2.1957804e-02   6.7414812e-02
   6.2900000e+01  -3.5821336e-02   4.6682885e-02
   6.3000000e+01  -4.5833421e-02  -7.5209461e-04
   6.3100000e+01  -4.4995956e-02  -5.1015731e-02
   6.3200000e+01  -3.4469042e-02  -6.7729651e-02
   6.3300000e+01  -2.4394366e-02  -3.6971063e-02
   6.3400000e+01  -2.8563085e-02   1.6543316e-02
   6.3500000e+01  -5.0791491e-02   5.3403739e-02
   6.3600000e+01  -7.5540948e-02   5.5785323e-02
   6.3700000e+01  -7.7388984e-02   3.6224388e-02
   6.3800000e+01  -4.3709491e-02   1.6894705e-02
   6.3900000e+01   1.3137987e-02   1.0477885e-02
   6.4000000e+01   6.7658201e-02   2.0628930e-02
   6.4100000e+01   1.0311697e-01   4.7884703e-02
   6.4200000e+01   1.1934428e-01   8.4927407e-02
   6.4300000e+01   1.2158994e-01   1.1116313e-01
   6.4400000e+01   1.0843602e-01   1.0509468e-01
   6.4500000e+01   7.4961616e-02   6.7562975e-02
   6.4600000e+01   2.5944472e-02   2.7407201e-02
   6.4700000e+01  -1.8979666e-02   1.7797085e-02
   6.4800000e+01  -3.6574569e-02   4.6043554e-02
   6.4900000e+01  -1.7753723e-02   8.7116261e-02
   6.5000000e+01   2.4456224e-02   1.0463871e-01
   6.5100000e+01   6.3455221e-02   7.8103088e-02
   6.5200000e+01   7.6821771e-02   1.6325003e-02
   6.5300000e+01   5.9523926e-02  -4.7650069e-02
   6.5400000e+01   2.3645262e-02  -7.5966083e-02
   6.5500000e+01  -1.2929655e-02  -5.1396141e-02
   6.5600000e+01  -3.8246303e-02   6.5115551e-03
   6.5700000e+01  -5.0132894e-02   5.0923300e-02
   6.5800000e+01  -5.3054649e-02   4.1762763e-02
   6.5900000e+01  -5.3570144e-02  -2.1217692e-02
   6.6000000e+01  -5.6509334e-02  -9.5721556e-02
   6.6100000e+01  -6.1219143e-02  -1.2912188e-01
   6.6200000e+01  -6.1066642e-02  -9.9941433e-02
   6.6300000e+01  -5.0808349e-02  -3.5022333e-02
   6.6400000e+01  -3.6582288e-02   1.1613645e-02
   6.6500000e+01  -3.3949025e-02   1.7547567e-03
   6.6600000e+01  -4.9990281e-02  -5.7049932e-02
   6.6700000e+01  -6.8809554e-02  -1.2000672e-01
   6.6800000e+01  -6.2936422e-02  -1.4413654e-01
   6.6900000e+01  -2.3638803e-02  -1.2153685e-01
   6.7000000e+01   2.4659484e-02  -7.7681786e-02
   6.7100000e+01   4.6786796e-02  -4.2914717e-02
   6.7200000e+01   3.3489828e-02  -3.0219876e-02
   6.7300000e+01   1.0691251e-02  -3.6461855e-02
   6.7400000e+01   1.0683817e-02  -5.2306108e-02
   6.7500000e+01   3.8017974e-02  -6.2721080e-02
   6.7600000e+01   6.6458978e-02  -4.5977988e-02
   6.7700000e+01   6.6492382e-02   1.0259803e-02
   6.7800000e+01   3.2134223e-02   8.4114382e-02
   6.7900000e+01  -1.6801728e-02   1.2092184e-01
   6.8000000e+01  -5.2458637e-02   7.6029888e-02
   6.8100000e+01  -5.7674141e-02  -3.6671524e-02
   6.8200000e+01  -3.4011353e-02  -1.4418638e-01
   6.8300000e+01   1.2773183e-03  -1.7153563e-01
   6.8400000e+01   2.6106904e-02  -1.0568160e-01
   6.8500000e+01   2.7315820e-02  -5.2481389e-03
   6.8600000e+01   8.2661093e-03   5.2991419e-02
   6.8700000e+01  -1.7090305e-02   3.9715169e-02
   6.8800000e+01  -3.8541475e-02  -9.3391913e-03
   6.8900000e+01  -5.6790198e-02  -3.5482409e-02
   6.9000000e+01  -7.5580415e-02  -1.4087401e-02
   6.9100000e+01  -9.0115481e-02   2.8295270e-02
   6.9200000e+01  -8.9050822e-02   4.7676337e-02
   6.9300000e+01  -6.9870897e-02   2.7574089e-02
   6.9400000e+01  -4.8020548e-02  -9.6816926e-03
   6.9500000e+01  -4.5362591e-02  -2.9329163e-02
   6.9600000e+01  -6.8641224e-02  -1.4884415e-02
   6.9700000e+01  -1.0174249e-01   2.5117042e-02
   6.9800000e+01  -1.1953120e-01   7.0745005e-02
   6.9900000e+01  -1.0693874e-01   1.0481669e-01
   7.0000000e+01  -6.5418212e-02   1.1887868e-01
   7.0100000e+01  -8.1635651e-03   1.1507392e-01
   7.0200000e+01   4.4325923e-02   1.0460091e-01
   7.0300000e+01   6.8492275e-02   9.8678861e-02
   7.0400000e+01   5.1513691e-02   9.7080657e-02
   7.0500000e+01   9.3157216e-03   8.8450816e-02
   7.0600000e+01  -1.6182545e-02   6.5404557e-02
   7.0700000e+01   8.3413905e-03   3.6929606e-02
   7.0800000e+01   7.1470053e-02   2.1302553e-02
   7.0900000e+01   1.2337263e-01   2.7177675e-02
   7.1000000e+01   1.2506705e-01   4.5805778e-02
   7.1100000e+01   8.8072431e-02   6.2215412e-02
   7.1200000e+01   5.9466256e-02   6.9362857e-02
   7.1300000e+01   7.1013973e-02   6.9271111e-02
   7.1400000e+01   1.1122082e-01   6.5462559e-02
   7.1500000e+01   1.4617169e-01   6.0166492e-02
   7.1600000e+01   1.5570855e-01   5.7004759e-02
   7.1700000e+01   1.4280076e-01   5.8800511e-02
   7.1800000e+01   1.1801085e-01   5.9669837e-02
   7.1900000e+01   8.9988639e-02   4.4754096e-02
   7.2000000e+01   7.0949434e-02   4.5649660e-03
   7.2100000e+01   7.5821395e-02  -5.0147719e-02
   7.2200000e+01   1.0505724e-01  -9.2498793e-02
   7.2300000e+01   1.3445586e-01  -1.0122560e-01
   7.2400000e+01   1.3458565e-01  -7.7468236e-02
   7.2500000e+01   1.0277377e-01  -3.9489203e-02
   7.2600000e+01   6.8004220e-02  -3.5462289e-03
   7.2700000e+01   5.8695785e-02   2.6780460e-02
   7.2800000e+01   6.8865395e-02   5.2929593e-02
   7.2900000e+01   6.1822935e-02   6.7989843e-02
   7.3000000e+01   8.7128067e-03   5.6865236e-02
   7.3100000e+01  -7.8026455e-02   1.3179386e-02
   7.3200000e+01  -1.4998352e-01  -4.5253536e-02
   7.3300000e+01  -1.6248254e-01  -8.3815473e-02
   7.3400000e+01  -1.1325107e-01  -8.1038999e-02
   7.3500000e+01  -4.5851090e-02  -5.3556472e-02
   7.3600000e+01  -1.3829761e-02  -4.6241859e-02
   7.3700000e+01  -3.6373017e-02  -8.9783312e-02
   7.3800000e+01  -8.5727727e-02  -1.6481599e-01
   7.3900000e+01  -1.1801672e-01  -2.1166822e-01
   7.4000000e+01  -1.1599097e-01  -1.8173422e-01
   7.4100000e+01  -9.9688850e-02  -8.3171261e-02
   7.4200000e+01  -9.6207933e-02   2.3089322e-02
   7.4300000e+01  -1.0560193e-01   7.3139543e-02
   7.4400000e+01  -1.0308211e-01   4.8901921e-02
   7.4500000e+01  -7.3469114e-02  -1.6180153e-02
   7.4600000e+01  -3.4597961e-02  -7.3044756e-02
   7.4700000e+01  -1.9429357e-02  -9.6653221e-02
   7.4800000e+01  -3.6744615e-02  -9.5577004e-02
   7.4900000e+01  -5.7717850e-02  -9.1396889e-02
   7.5000000e+01  -4.7003631e-02  -9.4230661e-02
   7.5100000e+01  -4.5865117e-03  -9.7285604e-02
   7.5200000e+01   3.0571159e-02  -9.0035146e-02
   7.5300000e+01   2.2522992e-02  -7.2306799e-02
   7.5400000e+01  -1.9333130e-02  -5.4462374e-02
   7.5500000e+01  -4.6263061e-02  -4.5119137e-02
   7.5600000e+01  -2.0857792e-02  -4.0866520e-02
   7.5700000e+01   4.1641649e-02  -3.0578488e-02
   7.5800000e+01   8.6370974e-02  -1.1276069e-02
   7.5900000e+01   7.2711535e-02   2.6980537e-03
   7.6000000e+01   1.2936902e-02  -7.8452647e-03
   7.6100000e+01  -4.1938197e-02  -4.1652532e-02
   7.6200000e+01  -5.1494387e-02  -6.7841296e-02
   7.6300000e+01  -2.0943440e-02  -4.9978139e-02
   7.6400000e+01   8.6642279e-03   1.6669965e-02
   7.6500000e+01   1.8266047e-03   9.4929301e-02
   7.6600000e+01  -3.7880913e-02   1.3699504e-01
   7.6700000e+01  -7.1770900e-02   1.2656187e-01
   7.6800000e+01  -6.3029348e-02   8.9997180e-02
   7.6900000e+01  -1.1947096e-02   6.9564289e-02
   7.7000000e+01   4.4718793e-02   8.8828950e-02
   7.7100000e+01   6.9153766e-02   1.3930929e-01
   7.7200000e+01   5.4943993e-02   1.9018595e-01
   7.7300000e+01   2.3263515e-02   2.0743045e-01
   7.7400000e+01  -6.7561129e-03   1.7342306e-01
   7.7500000e+01  -3.3350011e-02   1.0104264e-01
   7.7600000e+01  -5.6930597e-02   3.0437151e-02
   7.7700000e+01  -6.3457976e-02   2.3556380e-03
   7.7800000e+01  -3.7608508e-02   2.5729043e-02
   7.7900000e+01   9.1885978e-03   7.0537430e-02
   7.8000000e+01   3.9114624e-02   9.5165011e-02
   7.8100000e+01   2.5794581e-02   8.1460031e-02
   7.8200000e+01  -1.4008164e-02   4.3965023e-02
   7.8300000e+01  -3.5895538e-02   9.7631221e-03
   7.8400000e+01  -1.4366141e-02  -5.5391890e-03
   7.8500000e+01   3.2928456e-02  -3.8073934e-03
   7.8600000e+01   6.7317061e-02   4.8966586e-03
   7.8700000e+01   6.7626856e-02   1.0982048e-02
   7.8800000e+01   4.3266532e-02   6.1948440e-03
   7.8900000e+01   1.6160082e-02  -1.7175363e-02
   7.9000000e+01  -1.4335065e-03  -6.1210351e-02
   7.9100000e+01  -1.1056192e-02  -1.1320282e-01
   7.9200000e+01  -1.7239992e-02  -1.4319768e-01
   7.9300000e+01  -1.8077862e-02  -1.1828211e-01
   7.9400000e+01  -7.0689586e-03  -3.0030535e-02
   7.9500000e+01   1.7125894e-02   8.7034026e-02
   7.9600000e+01   4.4495694e-02   1.7084718e-01
   7.9700000e+01   5.9657113e-02   1.7822726e-01
   7.9800000e+01   5.5123288e-02   1.2068381e-01
   7.9900000e+01   3.6266939e-02   4.6594293e-02
   8.0000000e+01   1.2192572e-02  -1.4885918e-02
