   1.0221618e+02   2.8602761e+01   2.5212700e+03
   1.0221992e+02   2.8092513e+01   2.0328700e+03
   0.0000000e+00  -5.2258891e-01  -5.2258891e-01
   1.0000000e-01  -5.5806864e-01  -4.9800984e-01
   2.0000000e-01  -6.2947286e-01  -4.3992126e-01
   3.0000000e-01  -7.1864257e-01  -3.3721989e-01
   4.0000000e-01  -7.9182324e-01  -2.2901344e-01
   5.0000000e-01  -8.3736327e-01  -1.6139779e-01
   6.0000000e-01  -8.6839802e-01  -1.3469813e-01
   7.0000000e-01  -8.9644673e-01  -1.0407801e-01
   8.0000000e-01  -9.1477067e-01  -3.0431158e-02
   9.0000000e-01  -9.0833016e-01   7.9646741e-02
   1.0000000e+00  -8.7033321e-01   1.8560115e-01
   1.1000000e+00  -8.0385007e-01   2.5330004e-01
   1.2000000e+00  -7.1330117e-01   2.7734936e-01
   1.3000000e+00  -6.0204226e-01   2.7349833e-01
   1.4000000e+00  -4.7677579e-01   2.6415147e-01
   1.5000000e+00  -3.4666100e-01   2.7201313e-01
   1.6000000e+00  -2.1526183e-01   3.1275795e-01
   1.7000000e+00  -7.8264337e-02   3.8059858e-01
   1.8000000e+00   6.6353693e-02   4.4283324e-01
   1.9000000e+00   2.0829944e-01   4.5998361e-01
   2.0000000e+00   3.3064567e-01   4.1952611e-01
   2.1000000e+00   4.2698071e-01   3.5090227e-01
   2.2000000e+00   5.0970222e-01   3.0504068e-01
   2.3000000e+00   5.9866632e-01   3.1485169e-01
   2.4000000e+00   7.0221980e-01   3.6874703e-01
   2.5000000e+00   8.1022329e-01   4.1724045e-01
   2.6000000e+00   9.0373992e-01   4.0867743e-01
   2.7000000e+00   9.6865910e-01   3.3006783e-01
   2.8000000e+00   1.0000000e+00   2.2197831e-01
   2.9000000e+00   9.9694254e-01   1.5097124e-01
   3.0000000e+00   9.5866295e-01   1.5710593e-01
   3.1000000e+00   8.8771194e-01   2.2079827e-01
   3.2000000e+00   7.9633917e-01   2.8078190e-01
   3.3000000e+00   7.0504887e-01   2.8780428e-01
   3.4000000e+00   6.2973836e-01   2.4388905e-01
   3.5000000e+00   5.6800298e-01   1.9242458e-01
   3.6000000e+00   5.0018713e-01   1.7308024e-01
   3.7000000e+00   4.0734374e-01   1.8586674e-01
   3.8000000e+00   2.8916057e-01   1.9399268e-01
   3.9000000e+00   1.6353834e-01   1.5794885e-01
   4.0000000e+00   4.9962423e-02   7.0470067e-02
   4.1000000e+00  -4.3371319e-02  -3.4017771e-02
   4.2000000e+00  -1.1638749e-01  -1.0249214e-01
   4.3000000e+00  -1.6812515e-01  -1.0401824e-01
   4.4000000e+00  -1.9834013e-01  -5.7684717e-02
   4.5000000e+00  -2.1771839e-01  -2.1390541e-02
   4.6000000e+00  -2.4820332e-01  -4.4786274e-02
   4.7000000e+00  -3.0505166e-01  -1.2522913e-01
   4.8000000e+00  -3.7722414e-01  -2.0940119e-01
   4.9000000e+00  -4.3010120e-01  -2.4243219e-01
   5.0000000e+00  -4.3334639e-01  -2.1806523e-01
   5.1000000e+00  -3.8994179e-01  -1.8041054e-01
   5.2000000e+00  -3.3825485e-01  -1.7731023e-01
   5.3000000e+00  -3.2171901e-01  -2.1508356e-01
   5.4000000e+00  -3.5010020e-01  -2.5978635e-01
   5.5000000e+00  -3.8688372e-01  -2.7756481e-01
   5.6000000e+00  -3.7757213e-01  -2.6683523e-01
   5.7000000e+00  -2.9709182e-01  -2.5102802e-01
   5.8000000e+00  -1.7384886e-01  -2.4828490e-01
   5.9000000e+00  -6.7172817e-02  -2.5538907e-01
   6.0000000e+00  -1.9268609e-02  -2.5794628e-01
   6.1000000e+00  -2.7236417e-02  -2.4639018e-01
   6.2000000e+00  -5.8002328e-02  -2.1869862e-01
   6.3000000e+00  -8.4025924e-02  -1.7560509e-01
   6.4000000e+00  -1.0069800e-01  -1.2257844e-01
   6.5000000e+00  -1.1381668e-01  -7.5360863e-02
   6.6000000e+00  -1.2145438e-01  -5.3895667e-02
   6.7000000e+00  -1.1606912e-01  -6.4521306e-02
   6.8000000e+00  -1.0187248e-01  -9.0380261e-02
   6.9000000e+00  -1.0031074e-01  -1.0364336e-01
   7.0000000e+00  -1.3074013e-01  -8.7500509e-02
   7.1000000e+00  -1.8569297e-01  -4.5851034e-02
   7.2000000e+00  -2.3045660e-01   4.3677868e-03
   7.3000000e+00  -2.3151670e-01   4.5258476e-02
   7.4000000e+00  -1.8620292e-01   6.4800338e-02
   7.5000000e+00  -1.2366396e-01   6.1437920e-02
   7.6000000e+00  -7.7867535e-02   4.8739187e-02
   7.7000000e+00  -6.1830483e-02   5.1881382e-02
   7.8000000e+00  -6.6808038e-02   8.9572495e-02
   7.9000000e+00  -7.9334619e-02   1.5323903e-01
   8.0000000e+00  -9.1257707e-02   2.0627493e-01
   8.1000000e+00  -9.3751964e-02   2.1087660e-01
   8.2000000e+00  -7.2293641e-02   1.6162804e-01
   8.3000000e+00  -1.8885414e-02   9.4573509e-02
   8.4000000e+00   5.0021447e-02   6.0888903e-02
   8.5000000e+00   9.7710860e-02   8.6310031e-02
   8.6000000e+00   9.9148979e-02   1.5083121e-01
   8.7000000e+00   6.9777325e-02   2.0582304e-01
   8.8000000e+00   5.6484675e-02   2.1359661e-01
   8.9000000e+00   9.4863753e-02   1.7580874e-01
   9.0000000e+00   1.7499547e-01   1.2758708e-01
   9.1000000e+00   2.5072358e-01   1.0414902e-01
   9.2000000e+00   2.8212954e-01   1.1008120e-01
   9.3000000e+00   2.6800485e-01   1.1834467e-01
   9.4000000e+00   2.3893115e-01   9.8979755e-02
   9.5000000e+00   2.2363463e-01   4.9837285e-02
   9.6000000e+00   2.2505090e-01  -8.8426864e-04
   9.7000000e+00   2.2623999e-01  -2.3300502e-02
   9.8000000e+00   2.1294806e-01  -1.6485078e-02
   9.9000000e+00   1.8655928e-01  -8.6463806e-03
   1.0000000e+01   1.5805919e-01  -2.6766591e-02
   1.0100000e+01   1.3599953e-01  -6.9532624e-02
   1.0200000e+01   1.2322472e-01  -1.1291835e-01
   1.0300000e+01   1.2098124e-01  -1.3870986e-01
   1.0400000e+01   1.2926248e-01  -1.5007937e-01
   1.0500000e+01   1.4131925e-01  -1.5795817e-01
   1.0600000e+01   1.4294983e-01  -1.6130983e-01
   1.0700000e+01   1.2295212e-01  -1.5074343e-01
   1.0800000e+01   8.4434186e-02  -1.2993678e-01
   1.0900000e+01   4.2087619e-02  -1.2181288e-01
   1.1000000e+01   7.3707441e-03  -1.4558730e-01
   1.1100000e+01  -2.0042556e-02  -1.9136792e-01
   1.1200000e+01  -4.4221850e-02  -2.2527385e-01
   1.1300000e+01  -6.1191699e-02  -2.2081967e-01
   1.1400000e+01  -6.2252934e-02  -1.8093123e-01
   1.1500000e+01  -4.9939392e-02  -1.2895406e-01
   1.1600000e+01  -4.3956022e-02  -8.4349075e-02
   1.1700000e+01  -6.4509896e-02  -5.0697394e-02
   1.1800000e+01  -1.0947483e-01  -2.1615151e-02
   1.1900000e+01  -1.5216816e-01   9.9263664e-03
   1.2000000e+01  -1.6420460e-01   4.7812075e-02
   1.2100000e+01  -1.4014053e-01   9.0262899e-02
   1.2200000e+01  -9.9536318e-02   1.2733507e-01
   1.2300000e+01  -6.6324342e-02   1.4686868e-01
   1.2400000e+01  -4.7110620e-02   1.4991847e-01
   1.2500000e+01  -2.9116774e-02   1.5809532e-01
   1.2600000e+01   1.0881200e-03   1.9653803e-01
   1.2700000e+01   3.7122458e-02   2.6470678e-01
   1.2800000e+01   5.3337633e-02   3.2811955e-01
   1.2900000e+01   3.0091929e-02   3.4575067e-01
   1.3000000e+01  -2.0327619e-02   3.0768987e-01
   1.3100000e+01  -5.8025567e-02   2.4395012e-01
   1.3200000e+01  -5.1712358e-02   1.9578727e-01
   1.3300000e+01  -1.0436357e-02   1.8034282e-01
   1.3400000e+01   2.5487391e-02   1.8324851e-01
   1.3500000e+01   2.5856220e-02   1.8071140e-01
   1.3600000e+01  -2.2294555e-03   1.6261954e-01
   1.3700000e+01  -3.0277419e-02   1.3364240e-01
   1.3800000e+01  -4.3628807e-02   9.8914248e-02
   1.3900000e+01  -5.1599721e-02   5.7095361e-02
   1.4000000e+01  -6.5058805e-02   8.7245905e-03
   1.4100000e+01  -7.7178175e-02  -3.5943254e-02
   1.4200000e+01  -7.4524405e-02  -6.5244350e-02
   1.4300000e+01  -5.9926243e-02  -8.1855378e-02
   1.4400000e+01  -5.1437562e-02  -1.0274863e-01
   1.4500000e+01  -5.7307200e-02  -1.3863205e-01
   1.4600000e+01  -6.3681887e-02  -1.7783461e-01
   1.4700000e+01  -5.5567340e-02  -1.9883408e-01
   1.4800000e+01  -4.3127204e-02  -1.9994927e-01
   1.4900000e+01  -5.3515375e-02  -2.0850405e-01
   1.5000000e+01  -9.3858611e-02  -2.5262950e-01
   1.5100000e+01  -1.3403989e-01  -3.2502823e-01
   1.5200000e+01  -1.3724391e-01  -3.8183634e-01
   1.5300000e+01  -1.0410699e-01  -3.8133147e-01
   1.5400000e+01  -7.3797641e-02  -3.2205283e-01
   1.5500000e+01  -7.6329417e-02  -2.4177412e-01
   1.5600000e+01  -9.3414712e-02  -1.8280498e-01
   1.5700000e+01  -7.8937635e-02  -1.6119544e-01
   1.5800000e+01  -1.8179911e-02  -1.6443190e-01
   1.5900000e+01   4.5298804e-02  -1.6859572e-01
   1.6000000e+01   5.1109391e-02  -1.5387293e-01
   1.6100000e+01  -1.2539074e-02  -1.1149562e-01
   1.6200000e+01  -9.3356541e-02  -4.6940647e-02
   1.6300000e+01  -1.2684885e-01   2.0992064e-02
   1.6400000e+01  -9.7538599e-02   7.0750434e-02
   1.6500000e+01  -4.4628763e-02   9.3985237e-02
   1.6600000e+01  -1.2951848e-02   1.0167793e-01
   1.6700000e+01  -8.6676419e-03   1.1302947e-01
   1.6800000e+01  -5.2245977e-03   1.3860277e-01
   1.6900000e+01   1.7572632e-02   1.7408748e-01
   1.7000000e+01   5.2175592e-02   2.0690996e-01
   1.7100000e+01   7.9730150e-02   2.2569990e-01
   1.7200000e+01   9.5021005e-02   2.2597632e-01
   1.7300000e+01   1.0576969e-01   2.1270180e-01
   1.7400000e+01   1.1279338e-01   1.9863949e-01
   1.7500000e+01   1.0508789e-01   1.9505817e-01
   1.7600000e+01   8.0323789e-02   2.0008502e-01
   1.7700000e+01   6.0366098e-02   1.9896511e-01
   1.7800000e+01   7.2949348e-02   1.8033833e-01
   1.7900000e+01   1.1692041e-01   1.5113262e-01
   1.8000000e+01   1.5709469e-01   1.3029014e-01
   1.8100000e+01   1.6178142e-01   1.2665518e-01
   1.8200000e+01   1.3987060e-01   1.2763905e-01
   1.8300000e+01   1.2992081e-01   1.1321317e-01
   1.8400000e+01   1.5193883e-01   7.8985738e-02
   1.8500000e+01   1.8089457e-01   4.2041308e-02
   1.8600000e+01   1.7598379e-01   2.4673823e-02
   1.8700000e+01   1.3118741e-01   3.4735348e-02
   1.8800000e+01   8.6616218e-02   6.0183797e-02
   1.8900000e+01   8.7697899e-02   7.7861730e-02
   1.9000000e+01   1.3953431e-01   6.6776807e-02
   1.9100000e+01   2.0485419e-01   1.9356511e-02
   1.9200000e+01   2.4158957e-01  -5.2713813e-02
   1.9300000e+01   2.3692133e-01  -1.2298956e-01
   1.9400000e+01   2.0824414e-01  -1.6642990e-01
   1.9500000e+01   1.8029585e-01  -1.7705423e-01
   1.9600000e+01   1.6490395e-01  -1.7150747e-01
   1.9700000e+01   1.5718451e-01  -1.7440325e-01
   1.9800000e+01   1.4464584e-01  -1.9873063e-01
   1.9900000e+01   1.1981824e-01  -2.3811121e-01
   2.0000000e+01   8.7493893e-02  -2.7443033e-01
   2.0100000e+01   5.9529032e-02  -2.9088650e-01
   2.0200000e+01   3.8971419e-02  -2.8014588e-01
   2.0300000e+01   9.3203889e-03  -2.4549487e-01
   2.0400000e+01  -5.3953253e-02  -1.9783325e-01
   2.0500000e+01  -1.5463009e-01  -1.5051485e-01
   2.0600000e+01  -2.5990550e-01  -1.1345017e-01
   2.0700000e+01  -3.2206505e-01  -8.9681551e-02
   2.0800000e+01  -3.2303671e-01  -7.7020298e-02
   2.0900000e+01  -2.9580997e-01  -7.2171800e-02
   2.1000000e+01  -2.9456385e-01  -7.1269425e-02
   2.1100000e+01  -3.4012417e-01  -6.5396969e-02
   2.1200000e+01  -3.9864907e-01  -3.8651864e-02
   2.1300000e+01  -4.1858696e-01   2.2421619e-02
   2.1400000e+01  -3.8649069e-01   1.1129879e-01
   2.1500000e+01  -3.4028531e-01   1.9368283e-01
   2.1600000e+01  -3.2696134e-01   2.2533623e-01
   2.1700000e+01  -3.5429770e-01   1.8797429e-01
   2.1800000e+01  -3.8886932e-01   1.1163599e-01
   2.1900000e+01  -3.9492952e-01   5.6516496e-02
   2.2000000e+01  -3.6428986e-01   6.3776617e-02
   2.2100000e+01  -3.0848389e-01   1.1923690e-01
   2.2200000e+01  -2.3658461e-01   1.6675712e-01
   2.2300000e+01  -1.5365546e-01   1.6090762e-01
   2.2400000e+01  -7.5559453e-02   1.0834568e-01
   2.2500000e+01  -2.7069251e-02   5.7874038e-02
   2.2600000e+01  -1.5452754e-02   5.0947958e-02
   2.2700000e+01  -1.3987631e-02   8.3094655e-02
   2.2800000e+01   1.5240502e-02   1.1261211e-01
   2.2900000e+01   8.0689029e-02   1.0349857e-01
   2.3000000e+01   1.5214482e-01   5.7868701e-02
   2.3100000e+01   1.9621435e-01   9.1296868e-03
   2.3200000e+01   2.1469830e-01  -1.1136372e-02
   2.3300000e+01   2.4096016e-01   2.5342423e-03
   2.3400000e+01   3.0102164e-01   3.3177916e-02
   2.3500000e+01   3.8564743e-01   6.1408790e-02
   2.3600000e+01   4.6098766e-01   7.8664572e-02
   2.3700000e+01   4.9917002e-01   8.5586545e-02
   2.3800000e+01   4.9541601e-01   8.5410400e-02
   2.3900000e+01   4.6347361e-01   8.1897056e-02
   2.4000000e+01   4.2424817e-01   7.9133969e-02
   2.4100000e+01   3.9687112e-01   7.7745651e-02
   2.4200000e+01   3.8832479e-01   7.2092519e-02
   2.4300000e+01   3.8385221e-01   5.6655891e-02
   2.4400000e+01   3.5301655e-01   3.6583741e-02
   2.4500000e+01   2.7578766e-01   2.6237547e-02
   2.4600000e+01   1.6543090e-01   3.2419287e-02
   2.4700000e+01   5.9994557e-02   4.2726044e-02
   2.4800000e+01  -1.2832496e-02   3.8293882e-02
   2.4900000e+01  -5.9639793e-02   1.8585327e-02
   2.5000000e+01  -1.0692642e-01   5.0332713e-03
   2.5100000e+01  -1.6584480e-01   1.3883035e-02
   2.5200000e+01  -2.1758500e-01   3.0194406e-02
   2.5300000e+01  -2.3547865e-01   1.8416014e-02
   2.5400000e+01  -2.1673404e-01  -3.8650698e-02
   2.5500000e+01  -1.8735339e-01  -1.1676948e-01
   2.5600000e+01  -1.7642055e-01  -1.6973033e-01
   2.5700000e+01  -1.8959202e-01  -1.6991339e-01
   2.5800000e+01  -2.0870420e-01  -1.2902710e-01
   2.5900000e+01  -2.1314462e-01  -8.4455360e-02
   2.6000000e+01  -1.9752447e-01  -7.0047873e-02
   2.6100000e+01  -1.7029708e-01  -9.5114169e-02
   2.6200000e+01  -1.4179331e-01  -1.4067126e-01
   2.6300000e+01  -1.1781393e-01  -1.7247419e-01
   2.6400000e+01  -1.0137217e-01  -1.6630658e-01
   2.6500000e+01  -9.2800821e-02  -1.3012317e-01
   2.6600000e+01  -8.4766245e-02  -1.0013343e-01
   2.6700000e+01  -6.2545435e-02  -1.0662304e-01
   2.6800000e+01  -1.7621527e-02  -1.4080533e-01
   2.6900000e+01   3.6701598e-02  -1.6179752e-01
   2.7000000e+01   6.8843034e-02  -1.4197183e-01
   2.7100000e+01   5.4680604e-02  -1.0165068e-01
   2.7200000e+01   8.5207481e-04  -9.0434755e-02
   2.7300000e+01  -6.0576095e-02  -1.3168977e-01
   2.7400000e+01  -1.0168699e-01  -1.9131010e-01
   2.7500000e+01  -1.2043658e-01  -2.0769478e-01
   2.7600000e+01  -1.3166199e-01  -1.5288128e-01
   2.7700000e+01  -1.4060730e-01  -6.0675114e-02
   2.7800000e+01  -1.3206561e-01   6.6139579e-03
   2.7900000e+01  -8.8348458e-02   1.6978314e-02
   2.8000000e+01  -1.4178861e-02  -6.2291266e-03
   2.8100000e+01   6.1572051e-02  -1.3943870e-02
   2.8200000e+01   1.0982677e-01   1.9022936e-02
   2.8300000e+01   1.2407683e-01   7.4770176e-02
   2.8400000e+01   1.1855360e-01   1.1755681e-01
   2.8500000e+01   1.0841941e-01   1.3117811e-01
   2.8600000e+01   9.7558821e-02   1.2818943e-01
   2.8700000e+01   8.5409717e-02   1.2663222e-01
   2.8800000e+01   7.7655420e-02   1.2722883e-01
   2.8900000e+01   8.2204444e-02   1.1960274e-01
   2.9000000e+01   9.5524134e-02   1.0635284e-01
   2.9100000e+01   1.0160495e-01   1.0889444e-01
   2.9200000e+01   9.0574056e-02   1.4213107e-01
   2.9300000e+01   7.4641050e-02   1.8845819e-01
   2.9400000e+01   7.6771609e-02   2.0830365e-01
   2.9500000e+01   1.0060449e-01   1.8140640e-01
   2.9600000e+01   1.1830155e-01   1.3216355e-01
   2.9700000e+01   9.6654124e-02   1.0679944e-01
   2.9800000e+01   3.5871466e-02   1.2548873e-01
   2.9900000e+01  -2.4213721e-02   1.6264504e-01
   3.0000000e+01  -4.1583912e-02   1.7683945e-01
   3.0100000e+01  -1.3950782e-02   1.5589000e-01
   3.0200000e+01   2.0575695e-02   1.2745692e-01
   3.0300000e+01   2.3773781e-02   1.2598154e-01
   3.0400000e+01  -6.7482855e-03   1.5438105e-01
   3.0500000e+01  -4.3424973e-02   1.8124109e-01
   3.0600000e+01  -6.4389232e-02   1.7322887e-01
   3.0700000e+01  -7.4757746e-02   1.2609171e-01
   3.0800000e+01  -9.0666614e-02   6.3384975e-02
   3.0900000e+01  -1.0996609e-01   8.8787464e-03
   3.1000000e+01  -1.0932286e-01  -3.5334296e-02
   3.1100000e+01  -7.4132632e-02  -8.2914909e-02
   3.1200000e+01  -2.5253913e-02  -1.3875892e-01
   3.1300000e+01  -6.2749965e-03  -1.8408409e-01
   3.1400000e+01  -3.9557469e-02  -1.8881274e-01
   3.1500000e+01  -9.8455154e-02  -1.4146782e-01
   3.1600000e+01  -1.2979284e-01  -6.8297238e-02
   3.1700000e+01  -1.0616592e-01  -2.0188955e-02
   3.1800000e+01  -5.2508317e-02  -3.3837839e-02
   3.1900000e+01  -1.7905504e-02  -9.9970901e-02
   3.2000000e+01  -2.4130867e-02  -1.7004591e-01
   3.2100000e+01  -4.7561948e-02  -1.9863860e-01
   3.2200000e+01  -5.1081416e-02  -1.8177727e-01
   3.2300000e+01  -2.4851455e-02  -1.5308585e-01
   3.2400000e+01   1.1257738e-02  -1.4366682e-01
   3.2500000e+01   3.9687871e-02  -1.5077093e-01
   3.2600000e+01   6.5279711e-02  -1.4780558e-01
   3.2700000e+01   9.7221935e-02  -1.1864163e-01
   3.2800000e+01   1.2173087e-01  -7.3641767e-02
   3.2900000e+01   1.0990322e-01  -3.2890503e-02
   3.3000000e+01   5.7784800e-02  -3.5914367e-03
   3.3100000e+01   6.3652956e-03   2.0243268e-02
   3.3200000e+01   6.2527298e-03   4.1934571e-02
   3.3300000e+01   5.9969613e-02   5.5113357e-02
   3.3400000e+01   1.0974048e-01   5.2356828e-02
   3.3500000e+01   9.2053394e-02   3.4097544e-02
   3.3600000e+01   3.7320505e-03   7.8489641e-03
   3.3700000e+01  -9.1507204e-02  -1.5246361e-02
   3.3800000e+01  -1.2268226e-01  -2.1679302e-02
   3.3900000e+01  -7.4323799e-02  -2.7165878e-03
   3.4000000e+01   8.2563606e-03   3.1416418e-02
   3.4100000e+01   6.7044640e-02   5.0130660e-02
   3.4200000e+01   7.8386380e-02   2.8468241e-02
   3.4300000e+01   5.8444816e-02  -2.2354679e-02
   3.4400000e+01   3.6060599e-02  -6.0578765e-02
   3.4500000e+01   2.8012802e-02  -5.7738363e-02
   3.4600000e+01   3.5155633e-02  -3.1026907e-02
   3.4700000e+01   5.0249658e-02  -2.2669692e-02
   3.4800000e+01   6.2726994e-02  -4.9599039e-02
   3.4900000e+01   5.9808011e-02  -8.4625395e-02
   3.5000000e+01   3.2299166e-02  -9.0123983e-02
   3.5100000e+01  -1.5156258e-02  -6.0199776e-02
   3.5200000e+01  -6.1874997e-02  -2.1818973e-02
   3.5300000e+01  -8.5554865e-02  -7.9236792e-04
   3.5400000e+01  -8.2441431e-02   2.2843320e-03
   3.5500000e+01  -7.0827231e-02   3.4351886e-03
   3.5600000e+01  -7.0493818e-02   1.4484349e-02
   3.5700000e+01  -7.9131229e-02   3.5952938e-02
   3.5800000e+01  -7.4072097e-02   6.2352742e-02
   3.5900000e+01  -4.0330379e-02   8.5332210e-02
   3.6000000e+01   6.3493949e-03   9.4140906e-02
   3.6100000e+01   2.9858631e-02   8.2396868e-02
   3.6200000e+01   8.6723615e-03   5.7318800e-02
   3.6300000e+01  -4.1648111e-02   3.6619504e-02
   3.6400000e+01  -8.1632802e-02   3.1861784e-02
   3.6500000e+01  -8.1706830e-02   3.7035387e-02
   3.6600000e+01  -4.2836565e-02   3.6576433e-02
   3.6700000e+01   1.1633706e-02   2.3078408e-02
   3.6800000e+01   5.8511587e-02   4.5621857e-03
   3.6900000e+01   8.7927886e-02  -3.8551954e-03
   3.7000000e+01   9.9630079e-02   7.9229810e-03
   3.7100000e+01   9.4376115e-02   3.9258663e-02
   3.7200000e+01   7.4007502e-02   7.8876094e-02
   3.7300000e+01   4.8452495e-02   1.0845152e-01
   3.7400000e+01   3.5477020e-02   1.1186780e-01
   3.7500000e+01   4.6147499e-02   8.8283311e-02
   3.7600000e+01   6.9130280e-02   5.6893252e-02
   3.7700000e+01   7.4737496e-02   4.3305143e-02
   3.7800000e+01   4.0784807e-02   5.6390368e-02
   3.7900000e+01  -2.4155885e-02   7.8754977e-02
   3.8000000e+01  -8.5513555e-02   8.2883665e-02
   3.8100000e+01  -1.1169158e-01   5.7999827e-02
   3.8200000e+01  -9.7651344e-02   2.0294864e-02
   3.8300000e+01  -6.1733648e-02  -3.5399653e-03
   3.8400000e+01  -2.4949833e-02  -1.4639048e-03
   3.8500000e+01   2.9057809e-03   1.5875704e-02
   3.8600000e+01   2.0856473e-02   2.9774821e-02
   3.8700000e+01   2.9321238e-02   3.2037189e-02
   3.8800000e+01   2.9105579e-02   2.7702300e-02
   3.8900000e+01   2.3614173e-02   2.3194868e-02
   3.9000000e+01   1.6082665e-02   1.7304924e-02
   3.9100000e+01   4.2817731e-03   5.1203132e-03
   3.9200000e+01  -1.7308154e-02  -1.3448447e-02
   3.9300000e+01  -4.7092691e-02  -3.3421652e-02
   3.9400000e+01  -7.0697489e-02  -5.1901512e-02
   3.9500000e+01  -7.0480825e-02  -7.0515588e-02
   3.9600000e+01  -4.2604899e-02  -8.8354944e-02
   3.9700000e+01  -2.9758121e-03  -9.5828192e-02
   3.9800000e+01   2.5805105e-02  -8.1172179e-02
   3.9900000e+01   3.3725971e-02  -4.5591607e-02
   4.0000000e+01   2.9592246e-02  -9.6014360e-03
   4.0100000e+01   2.9153882e-02   3.9288366e-04
   4.0200000e+01   3.8433080e-02  -2.4762042e-02
   4.0300000e+01   4.8805106e-02  -6.7288200e-02
   4.0400000e+01   4.7284958e-02  -9.8674723e-02
   4.0500000e+01   3.0728673e-02  -1.0740223e-01
   4.0600000e+01   9.8908751e-03  -1.0852361e-01
   4.0700000e+01  -5.0948034e-04  -1.2209482e-01
   4.0800000e+01   3.8509611e-03  -1.4311464e-01
   4.0900000e+01   1.2445601e-02  -1.4015440e-01
   4.1000000e+01   1.0744217e-02  -9.0182787e-02
   4.1100000e+01  -3.7585751e-03  -1.2255937e-02
   4.1200000e+01  -1.7251862e-02   4.2427720e-02
   4.1300000e+01  -1.3218005e-02   3.9122735e-02
   4.1400000e+01   8.8870807e-03  -5.2696597e-03
   4.1500000e+01   2.9841765e-02  -4.0442878e-02
   4.1600000e+01   2.7709644e-02  -3.4263547e-02
   4.1700000e+01  -2.1150980e-04  -6.1008695e-04
   4.1800000e+01  -3.3323908e-02   2.3639792e-02
   4.1900000e+01  -4.7470266e-02   2.0868555e-02
   4.2000000e+01  -3.9620440e-02   5.8015119e-03
   4.2100000e+01  -3.1637642e-02   1.0733046e-03
   4.2200000e+01  -4.7594584e-02   1.0092429e-02
   4.2300000e+01  -8.7514017e-02   1.8101449e-02
   4.2400000e+01  -1.2576629e-01   1.4163831e-02
   4.2500000e+01  -1.3617784e-01   4.7332055e-03
   4.2600000e+01  -1.1627499e-01   5.2066934e-03
   4.2700000e+01  -8.4927056e-02   2.3086123e-02
   4.2800000e+01  -5.9352278e-02   5.1980939e-02
   4.2900000e+01  -4.0108878e-02   7.9244716e-02
   4.3000000e+01  -1.8805253e-02   9.5421391e-02
   4.3100000e+01   7.0007391e-03   9.5918851e-02
   4.3200000e+01   3.3180365e-02   7.7409101e-02
   4.3300000e+01   6.0105970e-02   3.8024550e-02
   4.3400000e+01   9.4859936e-02  -1.5436166e-02
   4.3500000e+01   1.3801681e-01  -6.1980192e-02
   4.3600000e+01   1.7355844e-01  -7.5057300e-02
   4.3700000e+01   1.7966749e-01  -4.4780758e-02
   4.3800000e+01   1.5103266e-01   6.5066180e-03
   4.3900000e+01   1.0654832e-01   3.7088067e-02
   4.4000000e+01   7.2678703e-02   2.2162876e-02
   4.4100000e+01   6.1091388e-02  -2.0867845e-02
   4.4200000e+01   6.4026780e-02  -4.7182078e-02
   4.4300000e+01   6.8389089e-02  -2.7581076e-02
   4.4400000e+01   6.9131239e-02   2.3594792e-02
   4.4500000e+01   6.7578697e-02   6.3360618e-02
   4.4600000e+01   6.1227773e-02   6.0111342e-02
   4.4700000e+01   4.1199912e-02   1.8410248e-02
   4.4800000e+01   1.6551522e-03  -2.9943577e-02
   4.4900000e+01  -5.0985351e-02  -5.2299390e-02
   4.5000000e+01  -1.0109152e-01  -3.4354170e-02
   4.5100000e+01  -1.3578343e-01   1.5632821e-02
   4.5200000e+01  -1.5212273e-01   7.2416128e-02
   4.5300000e+01  -1.5329982e-01   1.0620284e-01
   4.5400000e+01  -1.4157016e-01   1.0069087e-01
   4.5500000e+01  -1.1754002e-01   6.6605893e-02
   4.5600000e+01  -8.4555488e-02   3.6165315e-02
   4.5700000e+01  -5.0112810e-02   3.8463759e-02
   4.5800000e+01  -2.2096847e-02   7.6302033e-02
   4.5900000e+01  -5.3009324e-03   1.2539064e-01
   4.6000000e+01  -1.2388961e-03   1.5465991e-01
   4.6100000e+01  -7.8392308e-03   1.4747359e-01
   4.6200000e+01  -1.7839409e-02   1.0802218e-01
   4.6300000e+01  -2.1814651e-02   5.4821531e-02
   4.6400000e+01  -1.8342873e-02   1.0926376e-02
   4.6500000e+01  -2.0195502e-02  -5.7620503e-03
   4.6600000e+01  -4.3024568e-02   7.3819802e-03
   4.6700000e+01  -8.2852337e-02   3.3122901e-02
   4.6800000e+01  -1.0862553e-01   4.4562557e-02
   4.6900000e+01  -8.5913437e-02   2.6560992e-02
   4.7000000e+01  -1.2702453e-02  -1.1589187e-02
   4.7100000e+01   7.1003005e-02  -4.7354861e-02
   4.7200000e+01   1.1440706e-01  -6.8778067e-02
   4.7300000e+01   9.9433112e-02  -8.3504342e-02
   4.7400000e+01   5.3773469e-02  -1.0334605e-01
   4.7500000e+01   2.1916749e-02  -1.2600149e-01
   4.7600000e+01   2.4645526e-02  -1.3867723e-01
   4.7700000e+01   4.5857820e-02  -1.3743373e-01
   4.7800000e+01   5.4978621e-02  -1.3328997e-01
   4.7900000e+01   3.8860645e-02  -1.3498667e-01
   4.8000000e+01   1.2480815e-02  -1.3371397e-01
   4.8100000e+01   1.9091586e-03  -1.1513484e-01
   4.8200000e+01   1.8719692e-02  -8.4776906e-02
   4.8300000e+01   4.9737342e-02  -6.9210230e-02
   4.8400000e+01   6.9846458e-02  -8.5242252e-02
   4.8500000e+01   6.4972480e-02  -1.1533214e-01
   4.8600000e+01   4.4270309e-02  -1.2437472e-01
   4.8700000e+01   3.0857558e-02  -1.0010928e-01
   4.8800000e+01   4.0014024e-02  -6.6441206e-02
   4.8900000e+01   6.4949087e-02  -5.2236215e-02
   4.9000000e+01   8.2483251e-02  -5.5207064e-02
   4.9100000e+01   7.2365072e-02  -4.6178195e-02
   4.9200000e+01   3.3133468e-02  -6.6409668e-03
   4.9300000e+01  -1.6839447e-02   4.8432378e-02
   4.9400000e+01  -5.1493530e-02   8.8728107e-02
   4.9500000e+01  -5.3513873e-02   1.0174450e-01
   4.9600000e+01  -2.5989044e-02   1.0041891e-01
   4.9700000e+01   8.2714665e-03   1.0101723e-01
   4.9800000e+01   2.2912983e-02   1.0279408e-01
   4.9900000e+01   1.0824667e-02   9.2985893e-02
   5.0000000e+01  -7.1170865e-03   6.6484910e-02
   5.0100000e+01  -1.1337878e-03   3.4711582e-02
   5.0200000e+01   3.4532766e-02   1.5562415e-02
   5.0300000e+01   6.9592094e-02   1.8005418e-02
   5.0400000e+01   6.5268822e-02   3.5999295e-02
   5.0500000e+01   1.7335836e-02   5.3325971e-02
   5.0600000e+01  -3.2088077e-02   5.3184800e-02
   5.0700000e+01  -3.2124999e-02   2.8096354e-02
   5.0800000e+01   2.4857893e-02  -1.3181000e-02
   5.0900000e+01   9.0826226e-02  -4.7536029e-02
   5.1000000e+01   1.0431716e-01  -5.1549198e-02
   5.1100000e+01   4.6076256e-02  -1.9913222e-02
   5.1200000e+01  -4.6274161e-02   2.7902746e-02
   5.1300000e+01  -1.1569879e-01   6.1292483e-02
   5.1400000e+01  -1.3480412e-01   6.1994243e-02
   5.1500000e+01  -1.1971748e-01   3.6525552e-02
   5.1600000e+01  -1.0303116e-01   7.2945067e-03
   5.1700000e+01  -1.0049572e-01  -7.1205399e-03
   5.1800000e+01  -1.0469434e-01  -3.5017003e-03
   5.1900000e+01  -1.0396874e-01   1.0120335e-02
   5.2000000e+01  -9.8996285e-02   2.5195653e-02
   5.2100000e+01  -9.8691519e-02   3.8201746e-02
   5.2200000e+01  -1.0500899e-01   4.9549976e-02
   5.2300000e+01  -1.0811057e-01   6.1575844e-02
   5.2400000e+01  -9.7874606e-02   7.7230260e-02
   5.2500000e+01  -7.6631913e-02   9.6078414e-02
   5.2600000e+01  -5.7068222e-02   1.0922493e-01
   5.2700000e+01  -4.7848212e-02   1.0212764e-01
   5.2800000e+01  -4.4196482e-02   6.8286529e-02
   5.2900000e+01  -3.4459556e-02   2.0774533e-02
   5.3000000e+01  -1.4977828e-02  -1.4639846e-02
   5.3100000e+01   3.8022370e-03  -2.1505591e-02
   5.3200000e+01   7.4557979e-03  -6.7897143e-03
   5.3300000e+01  -5.8618848e-03   8.4899411e-03
   5.3400000e+01  -1.9321213e-02   1.0150619e-02
   5.3500000e+01  -9.2951814e-03  -7.7964267e-04
   5.3600000e+01   3.3891074e-02  -1.7549946e-02
   5.3700000e+01   9.4399537e-02  -3.7706901e-02
   5.3800000e+01   1.3986814e-01  -6.0444092e-02
   5.3900000e+01   1.4508517e-01  -7.9906538e-02
   5.4000000e+01   1.1151152e-01  -8.8481266e-02
   5.4100000e+01   6.6958550e-02  -8.5896640e-02
   5.4200000e+01   4.6070412e-02  -7.8409896e-02
   5.4300000e+01   6.6541691e-02  -6.7575313e-02
   5.4400000e+01   1.1691270e-01  -4.6871497e-02
   5.4500000e+01   1.6258525e-01  -1.4833644e-02
   5.4600000e+01   1.6698087e-01   1.3782125e-02
   5.4700000e+01   1.1740220e-01   2.0011396e-02
   5.4800000e+01   3.9045880e-02   5.5318002e-03
   5.4900000e+01  -1.7952872e-02  -3.2900126e-03
   5.5000000e+01  -1.5789111e-02   1.6309479e-02
   5.5100000e+01   3.7440651e-02   5.4334183e-02
   5.5200000e+01   9.0986224e-02   7.5648045e-02
   5.5300000e+01   9.4394772e-02   5.8698015e-02
   5.5400000e+01   4.2571027e-02   2.0104237e-02
   5.5500000e+01  -2.0839538e-02  -4.7462568e-03
   5.5600000e+01  -4.5760903e-02  -2.4965177e-03
   5.5700000e+01  -2.1990030e-02   3.7399828e-03
   5.5800000e+01   1.5086037e-02  -1.7830356e-02
   5.5900000e+01   2.1665696e-02  -7.0639633e-02
   5.6000000e+01  -1.3650516e-02  -1.2470257e-01
   5.6100000e+01  -6.3592290e-02  -1.4648304e-01
   5.6200000e+01  -9.0945578e-02  -1.2924645e-01
   5.6300000e+01  -8.0427878e-02  -9.3818851e-02
   5.6400000e+01  -4.5452265e-02  -6.4996577e-02
   5.6500000e+01  -1.0732546e-02  -5.2097916e-02
   5.6600000e+01   7.2062632e-03  -5.0546501e-02
   5.6700000e+01   5.2438177e-03  -5.4539226e-02
   5.6800000e+01  -1.2091531e-02  -6.2074207e-02
   5.6900000e+01  -3.7087839e-02  -6.9558670e-02
   5.7000000e+01  -5.8539211e-02  -6.9460824e-02
   5.7100000e+01  -6.3963868e-02  -5.8773161e-02
   5.7200000e+01  -4.8578848e-02  -4.7076722e-02
   5.7300000e+01  -2.3000735e-02  -4.8696352e-02
   5.7400000e+01  -8.3770931e-03  -6.3209648e-02
   5.7500000e+01  -2.0153094e-02  -6.8002316e-02
   5.7600000e+01  -5.5311269e-02  -3.7380847e-02
   5.7700000e+01  -9.5131241e-02   2.8356931e-02
   5.7800000e+01  -1.1909079e-01   9.6177945e-02
   5.7900000e+01  -1.1563080e-01   1.2648367e-01
   5.8000000e+01  -8.3335640e-02   1.0703356e-01
   5.8100000e+01  -2.9099139e-02   6.1246249e-02
   5.8200000e+01   3.0633641e-02   2.5550809e-02
   5.8300000e+01   7.1525447e-02   2.0992603e-02
   5.8400000e+01   7.4841148e-02   4.4170298e-02
   5.8500000e+01   4.6231117e-02   7.8024189e-02
   5.8600000e+01   1.8431806e-02   1.0591964e-01
   5.8700000e+01   2.6731128e-02   1.1802370e-01
   5.8800000e+01   7.5693074e-02   1.1209327e-01
   5.8900000e+01   1.3064779e-01   9.3258031e-02
   5.9000000e+01   1.4623034e-01   7.1809824e-02
   5.9100000e+01   1.0675708e-01   5.7461842e-02
   5.9200000e+01   4.0038162e-02   5.3999247e-02
   5.9300000e+01  -7.8214726e-03   5.9355161e-02
   5.9400000e+01  -1.1372608e-02   6.9914586e-02
   5.9500000e+01   1.7489263e-02   8.3379662e-02
   5.9600000e+01   4.6181605e-02   9.7905619e-02
   5.9700000e+01   5.0169383e-02   1.1047469e-01
   5.9800000e+01   2.6075865e-02   1.1720565e-01
   5.9900000e+01  -1.6031064e-02   1.1487288e-01
   6.0000000e+01  -6.3780634e-02   1.0247093e-01
   6.0100000e+01  -1.0320428e-01   8.3009577e-02
   6.0200000e+01  -1.1660425e-01   6.3991362e-02
   6.0300000e+01  -9.2481591e-02   5.2928951e-02
   6.0400000e+01  -4.2824545e-02   4.8955349e-02
   6.0500000e+01  -3.6619062e-03   3.9903426e-02
   6.0600000e+01  -7.6978755e-03   1.2689294e-02
   6.0700000e+01  -5.2683661e-02  -3.0159663e-02
   6.0800000e+01  -1.0088705e-01  -6.6435128e-02
   6.0900000e+01  -1.1341654e-01  -7.1467515e-02
   6.1000000e+01  -8.4147889e-02  -4.2119909e-02
   6.1100000e+01  -3.9367073e-02  -3.0433903e-03
   6.1200000e+01  -8.4706248e-03   1.2729993e-02
   6.1300000e+01   2.3410700e-04  -9.0305168e-03
   6.1400000e+01  -2.6637565e-03  -5.4199878e-02
   6.1500000e+01  -5.3158822e-03  -9.6063782e-02
   6.1600000e+01  -4.9191617e-03  -1.1994298e-01
   6.1700000e+01  -3.6527154e-03  -1.3289793e-01
   6.1800000e+01  -8.2521616e-04  -1.5039869e-01
   6.1900000e+01   8.1550676e-03  -1.7531607e-01
   6.2000000e+01   2.6281544e-02  -1.9273434e-01
   6.2100000e+01   4.9853125e-02  -1.8714417e-01
   6.2200000e+01   6.9180187e-02  -1.6280075e-01
   6.2300000e+01   7.5425215e-02  -1.4247149e-01
   6.2400000e+01   6.8530572e-02  -1.4367666e-01
   6.2500000e+01   5.8355519e-02  -1.5894720e-01
   6.2600000e+01   5.5821073e-02  -1.6400812e-01
   6.2700000e+01   6.1970404e-02  -1.4582654e-01
   6.2800000e+01   6.7978308e-02  -1.1838769e-01
   6.2900000e+01   6.8115594e-02  -1.0721208e-01
   6.3000000e+01   7.0305057e-02  -1.1920870e-01
   6.3100000e+01   8.7948949e-02  -1.3151770e-01
   6.3200000e+01   1.1852539e-01  -1.1278377e-01
   6.3300000e+01   1.3520278e-01  -5.5677735e-02
   6.3400000e+01   1.0870925e-01   1.2965540e-02
   6.3500000e+01   4.2028229e-02   5.6172660e-02
   6.3600000e+01  -2.1128944e-02   6.2387675e-02
   6.3700000e+01  -3.1320660e-02   5.6646444e-02
   6.3800000e+01   1.8104708e-02   7.4138184e-02
   6.3900000e+01   7.9230721e-02   1.2177761e-01
   6.4000000e+01   9.0705457e-02   1.6876793e-01
   6.4100000e+01   3.2953766e-02   1.7882331e-01
   6.4200000e+01  -5.6868748e-02   1.5121647e-01
   6.4300000e+01  -1.2254844e-01   1.2542569e-01
   6.4400000e+01  -1.3847671e-01   1.4208002e-01
   6.4500000e+01  -1.2371572e-01   2.0069467e-01
   6.4600000e+01  -1.1453975e-01   2.5843170e-01
   6.4700000e+01  -1.2954960e-01   2.6996416e-01
   6.4800000e+01  -1.5932924e-01   2.2692414e-01
   6.4900000e+01  -1.8091614e-01   1.6050017e-01
   6.5000000e+01  -1.7675516e-01   1.1099554e-01
   6.5100000e+01  -1.4441734e-01   9.6620980e-02
   6.5200000e+01  -9.7519180e-02   1.0565620e-01
   6.5300000e+01  -6.0100064e-02   1.1028239e-01
   6.5400000e+01  -5.2698733e-02   8.6900337e-02
   6.5500000e+01  -7.4455302e-02   3.1559520e-02
   6.5600000e+01  -9.7368053e-02  -3.5163103e-02
   6.5700000e+01  -8.5313509e-02  -7.8594800e-02
   6.5800000e+01  -2.6493424e-02  -7.4652761e-02
   6.5900000e+01   5.1451170e-02  -3.2875973e-02
   6.6000000e+01   1.0232458e-01   5.5572452e-03
   6.6100000e+01   1.0084501e-01   5.0171941e-04
   6.6200000e+01   6.2097671e-02  -5.0098468e-02
   6.6300000e+01   2.2345788e-02  -1.0595066e-01
   6.6400000e+01   3.6459315e-03  -1.2101218e-01
   6.6500000e+01   5.4676654e-04  -8.6453364e-02
   6.6600000e+01  -7.0593554e-04  -3.6759338e-02
   6.6700000e+01   1.6064431e-03  -1.3757213e-02
   6.6800000e+01   2.2219447e-02  -2.7518085e-02
   6.6900000e+01   6.4461407e-02  -5.3908169e-02
   6.7000000e+01   1.0677442e-01  -6.5940408e-02
   6.7100000e+01   1.1977120e-01  -6.0203196e-02
   6.7200000e+01   9.5614808e-02  -5.1158140e-02
   6.7300000e+01   5.6350854e-02  -4.7589728e-02
   6.7400000e+01   3.2453899e-02  -4.4357765e-02
   6.7500000e+01   3.5643626e-02  -3.7303857e-02
   6.7600000e+01   5.3142239e-02  -3.5601983e-02
   6.7700000e+01   6.4995359e-02  -4.9829890e-02
   6.7800000e+01   6.4030876e-02  -7.0467677e-02
   6.7900000e+01   6.0522408e-02  -7.0087490e-02
   6.8000000e+01   7.0955210e-02  -3.4449006e-02
   6.8100000e+01   1.0224833e-01   1.3173250e-02
   6.8200000e+01   1.4301025e-01   2.8793251e-02
   6.8300000e+01   1.6792042e-01  -7.2976048e-03
   6.8400000e+01   1.5412829e-01  -6.7203123e-02
   6.8500000e+01   9.9855022e-02  -1.0262527e-01
   6.8600000e+01   3.0221701e-02  -9.4429525e-02
   6.8700000e+01  -1.7867427e-02  -6.9719604e-02
   6.8800000e+01  -2.2584078e-02  -6.7246501e-02
   6.8900000e+01   6.0173110e-03  -9.0160959e-02
   6.9000000e+01   3.4564067e-02  -1.0024804e-01
   6.9100000e+01   3.3926499e-02  -6.2284405e-02
   6.9200000e+01   2.3201578e-03   9.6646657e-03
   6.9300000e+01  -3.5756017e-02   5.7702731e-02
   6.9400000e+01  -5.3128456e-02   3.6701462e-02
   6.9500000e+01  -4.4869547e-02  -3.5953596e-02
   6.9600000e+01  -3.2606051e-02  -9.2379949e-02
   6.9700000e+01  -4.4572758e-02  -7.8855664e-02
   6.9800000e+01  -8.8730351e-02  -6.8844879e-03
   6.9900000e+01  -1.4214357e-01   6.1835597e-02
   7.0000000e+01  -1.6632993e-01   7.8230628e-02
   7.0100000e+01  -1.3703798e-01   4.9070827e-02
   7.0200000e+01  -6.4926186e-02   1.9520999e-02
   7.0300000e+01   9.8060000e-03   2.1998457e-02
   7.0400000e+01   4.5432236e-02   4.9326864e-02
   7.0500000e+01   2.7529069e-02   7.4408198e-02
   7.0600000e+01  -2.4127732e-02   8.5089380e-02
   7.0700000e+01  -7.4590061e-02   9.3310667e-02
   7.0800000e+01  -1.0021746e-01   1.1411378e-01
   7.0900000e+01  -9.9438746e-02   1.4359980e-01
   7.1000000e+01  -8.2582266e-02   1.6056401e-01
   7.1100000e+01  -5.6996322e-02   1.4790421e-01
   7.1200000e+01  -2.5129841e-02   1.1105694e-01
   7.1300000e+01   5.8411906e-03   7.5929442e-02
   7.1400000e+01   2.0111885e-02   6.7727596e-02
   7.1500000e+01   5.1947860e-03   8.8574091e-02
   7.1600000e+01  -3.1751359e-02   1.1451352e-01
   7.1700000e+01  -6.3839038e-02   1.1703279e-01
   7.1800000e+01  -6.5480272e-02   9.0107971e-02
   7.1900000e+01  -3.5865936e-02   5.4834907e-02
   7.2000000e+01  -1.4908090e-03   3.4990356e-02
   7.2100000e+01   6.1650411e-03   2.9626530e-02
   7.2200000e+01  -2.1747149e-02   1.4442349e-02
   7.2300000e+01  -6.2794694e-02  -2.8689886e-02
   7.2400000e+01  -8.1192794e-02  -8.8289762e-02
   7.2500000e+01  -5.7884493e-02  -1.3316102e-01
   7.2600000e+01  -8.4749394e-03  -1.4292610e-01
   7.2700000e+01   2.6505402e-02  -1.2354890e-01
   7.2800000e+01   1.3349816e-02  -9.3945475e-02
   7.2900000e+01  -4.5538614e-02  -6.5813624e-02
   7.3000000e+01  -1.1014320e-01  -4.2047738e-02
   7.3100000e+01  -1.3313057e-01  -2.8858127e-02
   7.3200000e+01  -9.8065720e-02  -3.7247067e-02
   7.3300000e+01  -3.2716741e-02  -6.7601326e-02
   7.3400000e+01   1.4532665e-02  -9.9794410e-02
   7.3500000e+01   1.4477326e-02  -1.0826996e-01
   7.3600000e+01  -2.1255726e-02  -8.8872863e-02
   7.3700000e+01  -5.3273527e-02  -6.5290644e-02
   7.3800000e+01  -4.7859594e-02  -6.4496731e-02
   7.3900000e+01  -1.4774791e-03  -8.6959641e-02
   7.4000000e+01   6.1164894e-02  -1.0422971e-01
   7.4100000e+01   1.0918429e-01  -8.6275725e-02
   7.4200000e+01   1.2762815e-01  -2.9750543e-02
   7.4300000e+01   1.2408704e-01   3.9662102e-02
   7.4400000e+01   1.1879751e-01   8.8855605e-02
   7.4500000e+01   1.2844122e-01   9.9490675e-02
   7.4600000e+01   1.5518823e-01   7.3561050e-02
   7.4700000e+01   1.8632471e-01   2.5623256e-02
   7.4800000e+01   2.0258280e-01  -2.5520538e-02
   7.4900000e+01   1.8975222e-01  -6.0914346e-02
   7.5000000e+01   1.4809574e-01  -6.6376186e-02
   7.5100000e+01   9.4715217e-02  -4.0691469e-02
   7.5200000e+01   5.5329893e-02   1.9138203e-04
   7.5300000e+01   4.7396886e-02   3.1181089e-02
   7.5400000e+01   6.5641695e-02   3.4970834e-02
   7.5500000e+01   8.4267950e-02   1.4190450e-02
   7.5600000e+01   7.8125436e-02  -1.1254588e-02
   7.5700000e+01   4.5287208e-02  -1.8443683e-02
   7.5800000e+01   8.0925033e-03   3.9672502e-03
   7.5900000e+01  -1.0017762e-02   4.8985083e-02
   7.6000000e+01  -7.9864806e-03   9.3951013e-02
   7.6100000e+01  -5.7413946e-03   1.1160541e-01
   7.6200000e+01  -2.0628655e-02   8.6620141e-02
   7.6300000e+01  -4.9203176e-02   2.8739936e-02
   7.6400000e+01  -7.3746338e-02  -2.9986460e-02
   7.6500000e+01  -8.2646983e-02  -5.6829662e-02
   7.6600000e+01  -7.9313348e-02  -4.3009460e-02
   7.6700000e+01  -7.1815499e-02  -8.5820349e-03
   7.6800000e+01  -6.0241808e-02   1.7547923e-02
   7.6900000e+01  -3.9182861e-02   2.2352105e-02
   7.7000000e+01  -1.0807937e-02   1.4458362e-02
   7.7100000e+01   1.0447162e-02   9.7964009e-03
   7.7200000e+01   9.7933404e-03   1.6453753e-02
   7.7300000e+01  -1.2288877e-02   3.2792207e-02
   7.7400000e+01  -3.8998605e-02   5.3255381e-02
   7.7500000e+01  -5.2959958e-02   7.0698820e-02
   7.7600000e+01  -5.2244795e-02   7.6248411e-02
   7.7700000e+01  -4.9458488e-02   6.4148400e-02
   7.7800000e+01  -5.5010883e-02   3.8469393e-02
   7.7900000e+01  -6.3689920e-02   1.0545514e-02
   7.8000000e+01  -6.0920869e-02  -1.2025078e-02
   7.8100000e+01  -4.2439758e-02  -2.9141878e-02
   7.8200000e+01  -2.3247858e-02  -3.8242518e-02
   7.8300000e+01  -2.1862871e-02  -2.7542739e-02
   7.8400000e+01  -3.5870313e-02   1.0655246e-02
   7.8500000e+01  -3.9226367e-02   5.9937294e-02
   7.8600000e+01  -9.4353381e-03   8.4271800e-02
   7.8700000e+01   4.3358857e-02   6.1370282e-02
   7.8800000e+01   7.9711269e-02   8.5160212e-03
   7.8900000e+01   6.6964447e-02  -3.2926374e-02
   7.9000000e+01   1.1748547e-02  -3.9731006e-02
   7.9100000e+01  -4.4583661e-02  -2.7830108e-02
   7.9200000e+01  -6.2214685e-02  -2.9346360e-02
   7.9300000e+01  -3.4430886e-02  -5.4429244e-02
   7.9400000e+01   1.3045547e-02  -8.1077121e-02
   7.9500000e+01   4.8057533e-02  -8.0435180e-02
   7.9600000e+01   5.5538792e-02  -4.6808726e-02
   7.9700000e+01   4.1095622e-02  -2.6361711e-03
   7.9800000e+01   1.9687937e-02   2.1504421e-02
   7.9900000e+01   2.9268910e-03   1.0405592e-02
   8.0000000e+01  -7.5792500e-03  -2.6665707e-02
