   1.0221618e+02   2.8602761e+01   2.5212700e+03
   1.0218909e+02   2.8460817e+01   1.8004000e+03
   0.0000000e+00   6.8858708e-01   6.8858708e-01
   1.0000000e-01   7.5070084e-01   6.1266013e-01
   2.0000000e-01   8.2417796e-01   5.1129889e-01
   3.0000000e-01   9.1324506e-01   3.9764805e-01
   4.0000000e-01   9.8565757e-01   2.8870949e-01
   5.0000000e-01   1.0000000e+00   1.8316350e-01
   6.0000000e-01   9.4788013e-01   6.6634716e-02
   7.0000000e-01   8.6276181e-01  -6.3763778e-02
   8.0000000e-01   7.8629870e-01  -1.8783479e-01
   9.0000000e-01   7.3300036e-01  -2.7917713e-01
   1.0000000e+00   6.9147989e-01  -3.3117004e-01
   1.1000000e+00   6.5131317e-01  -3.6227634e-01
   1.2000000e+00   6.1523558e-01  -3.9625172e-01
   1.3000000e+00   5.8329050e-01  -4.4185897e-01
   1.4000000e+00   5.3720301e-01  -4.9405516e-01
   1.5000000e+00   4.5138702e-01  -5.4964175e-01
   1.6000000e+00   3.1758683e-01  -6.1344046e-01
   1.7000000e+00   1.5098929e-01  -6.8729062e-01
   1.8000000e+00  -2.7747238e-02  -7.5958810e-01
   1.9000000e+00  -2.0806640e-01  -8.1209122e-01
   2.0000000e+00  -3.8367936e-01  -8.3583081e-01
   2.1000000e+00  -5.3912332e-01  -8.3555233e-01
   2.2000000e+00  -6.5203012e-01  -8.1926257e-01
   2.3000000e+00  -7.0947669e-01  -7.8949321e-01
   2.4000000e+00  -7.1652924e-01  -7.4645579e-01
   2.5000000e+00  -6.8816874e-01  -6.9284450e-01
   2.6000000e+00  -6.3940388e-01  -6.2932846e-01
   2.7000000e+00  -5.8620441e-01  -5.4931084e-01
   2.8000000e+00  -5.4796686e-01  -4.4703083e-01
   2.9000000e+00  -5.3767710e-01  -3.3166363e-01
   3.0000000e+00  -5.4763190e-01  -2.2510258e-01
   3.1000000e+00  -5.5211299e-01  -1.4109513e-01
   3.2000000e+00  -5.2927202e-01  -7.2268841e-02
   3.3000000e+00  -4.7805465e-01  -3.6029283e-03
   3.4000000e+00  -4.1146756e-01   6.6824395e-02
   3.5000000e+00  -3.3865215e-01   1.3069044e-01
   3.6000000e+00  -2.6088095e-01   1.9128763e-01
   3.7000000e+00  -1.8335090e-01   2.6816235e-01
   3.8000000e+00  -1.2069032e-01   3.7103462e-01
   3.9000000e+00  -8.4828651e-02   4.7737808e-01
   4.0000000e+00  -7.2285532e-02   5.4961535e-01
   4.1000000e+00  -7.0381041e-02   5.7524081e-01
   4.2000000e+00  -7.3870473e-02   5.7901202e-01
   4.3000000e+00  -8.7028961e-02   5.9116550e-01
   4.4000000e+00  -1.0720016e-01   6.1308558e-01
   4.5000000e+00  -1.1469850e-01   6.2310131e-01
   4.6000000e+00  -8.7938217e-02   6.1001801e-01
   4.7000000e+00  -2.8256714e-02   5.8746807e-01
   4.8000000e+00   3.6446170e-02   5.7254644e-01
   4.9000000e+00   7.4919665e-02   5.6103254e-01
   5.0000000e+00   7.6511688e-02   5.3232521e-01
   5.1000000e+00   5.2535506e-02   4.7483142e-01
   5.2000000e+00   2.1536636e-02   3.9778513e-01
   5.3000000e+00  -2.4682898e-04   3.1731692e-01
   5.4000000e+00   1.6672311e-03   2.3792343e-01
   5.5000000e+00   3.7105496e-02   1.5244823e-01
   5.6000000e+00   9.9657791e-02   5.7999804e-02
   5.7000000e+00   1.6221674e-01  -3.3428312e-02
   5.8000000e+00   1.9407479e-01  -1.0366635e-01
   5.9000000e+00   1.8722981e-01  -1.4837555e-01
   6.0000000e+00   1.6352190e-01  -1.8564101e-01
   6.1000000e+00   1.5386621e-01  -2.3863804e-01
   6.2000000e+00   1.7292043e-01  -3.0622163e-01
   6.3000000e+00   2.1560332e-01  -3.5622163e-01
   6.4000000e+00   2.7278548e-01  -3.5783473e-01
   6.5000000e+00   3.4157422e-01  -3.2144906e-01
   6.6000000e+00   4.1850510e-01  -2.9503298e-01
   6.7000000e+00   4.9039234e-01  -3.1303726e-01
   6.8000000e+00   5.3942022e-01  -3.5666367e-01
   6.9000000e+00   5.5591163e-01  -3.7677397e-01
   7.0000000e+00   5.4030241e-01  -3.5177681e-01
   7.1000000e+00   4.9324590e-01  -3.0551584e-01
   7.2000000e+00   4.1212186e-01  -2.6427446e-01
   7.3000000e+00   3.0225303e-01  -2.1665178e-01
   7.4000000e+00   1.8559101e-01  -1.3496074e-01
   7.5000000e+00   8.8711234e-02  -2.6374456e-02
   7.6000000e+00   2.0937698e-02   6.3633386e-02
   7.7000000e+00  -2.9195867e-02   1.0506311e-01
   7.8000000e+00  -7.3581509e-02   1.1927660e-01
   7.9000000e+00  -1.0775728e-01   1.4487966e-01
   8.0000000e+00  -1.2085895e-01   1.8070773e-01
   8.1000000e+00  -1.1778349e-01   1.8567970e-01
   8.2000000e+00  -1.2088496e-01   1.3526377e-01
   8.3000000e+00  -1.4638169e-01   5.7215931e-02
   8.4000000e+00  -1.8586620e-01   1.6492578e-03
   8.5000000e+00  -2.1679046e-01  -1.0461953e-02
   8.6000000e+00  -2.2751881e-01   3.6866124e-03
   8.7000000e+00  -2.2577842e-01   2.0804737e-02
   8.8000000e+00  -2.2450300e-01   3.4455554e-02
   8.9000000e+00  -2.2790932e-01   4.6895152e-02
   9.0000000e+00  -2.3435274e-01   5.5406047e-02
   9.1000000e+00  -2.4537734e-01   5.4678620e-02
   9.2000000e+00  -2.6361566e-01   4.2839245e-02
   9.3000000e+00  -2.8266815e-01   1.7022001e-02
   9.4000000e+00  -2.8658014e-01  -2.9019687e-02
   9.5000000e+00  -2.6365357e-01  -9.2364120e-02
   9.6000000e+00  -2.1891301e-01  -1.5104619e-01
   9.7000000e+00  -1.7052702e-01  -1.8018994e-01
   9.8000000e+00  -1.3495134e-01  -1.7934092e-01
   9.9000000e+00  -1.1685603e-01  -1.7181533e-01
   1.0000000e+01  -1.1120988e-01  -1.7134875e-01
   1.0100000e+01  -1.1115011e-01  -1.5971867e-01
   1.0200000e+01  -1.1303160e-01  -1.0872342e-01
   1.0300000e+01  -1.1685072e-01  -2.0782578e-02
   1.0400000e+01  -1.2422783e-01   6.4168209e-02
   1.0500000e+01  -1.3485456e-01   1.0548320e-01
   1.0600000e+01  -1.4235542e-01   9.8922374e-02
   1.0700000e+01  -1.3364850e-01   7.4051636e-02
   1.0800000e+01  -9.5594848e-02   6.0523354e-02
   1.0900000e+01  -2.5584209e-02   6.1915372e-02
   1.1000000e+01   6.3777644e-02   5.9347595e-02
   1.1100000e+01   1.5174754e-01   3.4625877e-02
   1.1200000e+01   2.2198339e-01  -1.0379222e-02
   1.1300000e+01   2.6801534e-01  -5.3100064e-02
   1.1400000e+01   2.8781212e-01  -6.8055110e-02
   1.1500000e+01   2.7759058e-01  -4.8358355e-02
   1.1600000e+01   2.3599842e-01  -1.0730907e-02
   1.1700000e+01   1.7473908e-01   2.2345025e-02
   1.1800000e+01   1.1962455e-01   4.4368002e-02
   1.1900000e+01   9.4744235e-02   6.5176593e-02
   1.2000000e+01   1.0337578e-01   9.0979335e-02
   1.2100000e+01   1.2603432e-01   1.1227800e-01
   1.2200000e+01   1.3850419e-01   1.1687192e-01
   1.2300000e+01   1.3136481e-01   1.0879444e-01
   1.2400000e+01   1.1265547e-01   1.0454345e-01
   1.2500000e+01   9.4966948e-02   1.1080302e-01
   1.2600000e+01   8.2920075e-02   1.1526162e-01
   1.2700000e+01   7.2119635e-02   1.0283301e-01
   1.2800000e+01   5.6684091e-02   7.2715000e-02
   1.2900000e+01   3.6252016e-02   3.3663510e-02
   1.3000000e+01   1.7201451e-02  -8.7836182e-03
   1.3100000e+01   8.1880728e-03  -4.8288237e-02
   1.3200000e+01   1.3085993e-02  -6.5478066e-02
   1.3300000e+01   2.6604256e-02  -3.7905933e-02
   1.3400000e+01   3.7327674e-02   2.9991778e-02
   1.3500000e+01   3.6318891e-02   9.9500475e-02
   1.3600000e+01   2.2315155e-02   1.3331818e-01
   1.3700000e+01  -2.1752059e-03   1.3247863e-01
   1.3800000e+01  -3.7342993e-02   1.2353852e-01
   1.3900000e+01  -8.3895200e-02   1.1278130e-01
   1.4000000e+01  -1.3302443e-01   7.4440748e-02
   1.4100000e+01  -1.6336857e-01  -5.9605782e-03
   1.4200000e+01  -1.5482994e-01  -9.3953374e-02
   1.4300000e+01  -1.0816292e-01  -1.3329706e-01
   1.4400000e+01  -4.8562847e-02  -1.0841635e-01
   1.4500000e+01  -6.8310065e-03  -6.0561741e-02
   1.4600000e+01   3.5851760e-03  -3.6116202e-02
   1.4700000e+01  -9.4566549e-03  -3.5129704e-02
   1.4800000e+01  -3.3767009e-02  -2.4644646e-02
   1.4900000e+01  -6.9458287e-02   6.9826492e-03
   1.5000000e+01  -1.2503156e-01   2.9570008e-02
   1.5100000e+01  -1.9711674e-01   9.1219649e-03
   1.5200000e+01  -2.5891061e-01  -4.7861455e-02
   1.5300000e+01  -2.7525660e-01  -9.9305791e-02
   1.5400000e+01  -2.3250534e-01  -1.1232398e-01
   1.5500000e+01  -1.5126720e-01  -9.3730925e-02
   1.5600000e+01  -6.5773376e-02  -7.6224850e-02
   1.5700000e+01   8.7750286e-03  -8.2045547e-02
   1.5800000e+01   8.3344532e-02  -1.0369256e-01
   1.5900000e+01   1.6779123e-01  -1.1578576e-01
   1.6000000e+01   2.4283033e-01  -1.0036531e-01
   1.6100000e+01   2.6873369e-01  -6.0673179e-02
   1.6200000e+01   2.2504017e-01  -1.4674881e-02
   1.6300000e+01   1.3667667e-01   2.0666384e-02
   1.6400000e+01   5.5836560e-02   3.7811651e-02
   1.6500000e+01   1.9162533e-02   3.5076385e-02
   1.6600000e+01   2.5230092e-02   1.1640141e-02
   1.6700000e+01   5.0073969e-02  -2.8333892e-02
   1.6800000e+01   7.5906014e-02  -6.8058388e-02
   1.6900000e+01   1.0092928e-01  -8.2789572e-02
   1.7000000e+01   1.2746885e-01  -5.9607041e-02
   1.7100000e+01   1.5008020e-01  -1.2867344e-02
   1.7200000e+01   1.5841303e-01   2.4838162e-02
   1.7300000e+01   1.4781777e-01   3.0178711e-02
   1.7400000e+01   1.2319453e-01   6.9655480e-03
   1.7500000e+01   9.2796119e-02  -2.3011815e-02
   1.7600000e+01   6.0560095e-02  -4.2836261e-02
   1.7700000e+01   2.5149602e-02  -5.0668375e-02
   1.7800000e+01  -1.4547022e-02  -5.0090490e-02
   1.7900000e+01  -5.4003684e-02  -3.8216383e-02
   1.8000000e+01  -8.3916938e-02  -8.8795857e-03
   1.8100000e+01  -9.7717905e-02   3.3804400e-02
   1.8200000e+01  -9.9005504e-02   7.0427179e-02
   1.8300000e+01  -1.0024390e-01   7.8905956e-02
   1.8400000e+01  -1.1156560e-01   5.3847877e-02
   1.8500000e+01  -1.2988098e-01   1.4281438e-02
   1.8600000e+01  -1.4067692e-01  -8.2673876e-03
   1.8700000e+01  -1.3255714e-01   7.0866830e-03
   1.8800000e+01  -1.0988544e-01   5.4086975e-02
   1.8900000e+01  -8.9516366e-02   1.0345306e-01
   1.9000000e+01  -8.4658479e-02   1.2565908e-01
   1.9100000e+01  -9.3237468e-02   1.1323450e-01
   1.9200000e+01  -1.0257423e-01   8.2263223e-02
   1.9300000e+01  -1.0341241e-01   5.3210086e-02
   1.9400000e+01  -9.7117788e-02   3.3443256e-02
   1.9500000e+01  -9.0383573e-02   2.0530913e-02
   1.9600000e+01  -8.6913373e-02   1.7995672e-02
   1.9700000e+01  -8.5850934e-02   3.8028772e-02
   1.9800000e+01  -8.4617503e-02   8.3182091e-02
   1.9900000e+01  -7.8673012e-02   1.3019171e-01
   2.0000000e+01  -5.9630255e-02   1.4164145e-01
   2.0100000e+01  -2.0203754e-02   9.8525155e-02
   2.0200000e+01   3.4578278e-02   1.9449648e-02
   2.0300000e+01   8.4145755e-02  -5.4423523e-02
   2.0400000e+01   1.0690909e-01  -9.1946872e-02
   2.0500000e+01   1.0040779e-01  -8.9375356e-02
   2.0600000e+01   8.3782142e-02  -6.1698724e-02
   2.0700000e+01   7.7244945e-02  -2.5645775e-02
   2.0800000e+01   8.0949213e-02   6.4047765e-03
   2.0900000e+01   7.7961091e-02   2.2842913e-02
   2.1000000e+01   5.7926348e-02   1.2781326e-02
   2.1100000e+01   3.3147724e-02  -2.6435975e-02
   2.1200000e+01   2.7837833e-02  -8.3260958e-02
   2.1300000e+01   5.3147894e-02  -1.3545091e-01
   2.1400000e+01   9.6352674e-02  -1.6034616e-01
   2.1500000e+01   1.3440439e-01  -1.4461753e-01
   2.1600000e+01   1.5405813e-01  -9.0188084e-02
   2.1700000e+01   1.5684445e-01  -1.5561189e-02
   2.1800000e+01   1.4861403e-01   5.0316443e-02
   2.1900000e+01   1.3053398e-01   8.2581770e-02
   2.2000000e+01   1.0143164e-01   7.4992918e-02
   2.2100000e+01   6.4203764e-02   4.1471413e-02
   2.2200000e+01   2.6124116e-02   2.5095636e-03
   2.2300000e+01  -5.4331393e-03  -2.9490393e-02
   2.2400000e+01  -2.4626172e-02  -5.1523878e-02
   2.2500000e+01  -2.6932788e-02  -6.1280752e-02
   2.2600000e+01  -1.3326881e-02  -5.4342719e-02
   2.2700000e+01   4.1651561e-03  -3.2557995e-02
   2.2800000e+01   7.6767999e-03  -9.5053338e-03
   2.2900000e+01  -9.1709447e-03   1.5584778e-04
   2.3000000e+01  -3.0894382e-02  -2.1811900e-03
   2.3100000e+01  -3.4314973e-02   1.5606214e-03
   2.3200000e+01  -1.5726340e-02   2.5190973e-02
   2.3300000e+01   1.2930914e-03   5.8887268e-02
   2.3400000e+01  -9.6496457e-03   7.5420798e-02
   2.3500000e+01  -4.7830242e-02   5.6400512e-02
   2.3600000e+01  -8.6037278e-02   9.9995381e-03
   2.3700000e+01  -1.0167213e-01  -3.6930224e-02
   2.3800000e+01  -1.0091555e-01  -6.0546441e-02
   2.3900000e+01  -1.0743482e-01  -5.3311467e-02
   2.4000000e+01  -1.3104561e-01  -2.2228218e-02
   2.4100000e+01  -1.5528938e-01   1.8348521e-02
   2.4200000e+01  -1.5759482e-01   5.1602851e-02
   2.4300000e+01  -1.3518779e-01   6.3238711e-02
   2.4400000e+01  -1.0503216e-01   4.9080222e-02
   2.4500000e+01  -8.0557353e-02   1.9430733e-02
   2.4600000e+01  -5.6528163e-02  -6.9310176e-03
   2.4700000e+01  -2.1023359e-02  -1.5986941e-02
   2.4800000e+01   2.2121859e-02  -7.2586264e-03
   2.4900000e+01   5.0396093e-02   9.0860014e-03
   2.5000000e+01   4.4633796e-02   2.2247354e-02
   2.5100000e+01   1.0568535e-02   2.8160434e-02
   2.5200000e+01  -2.4892280e-02   2.9707559e-02
   2.5300000e+01  -3.7750875e-02   3.2433895e-02
   2.5400000e+01  -2.4577442e-02   3.9698277e-02
   2.5500000e+01   2.3086483e-03   4.8906582e-02
   2.5600000e+01   3.1174119e-02   5.0673654e-02
   2.5700000e+01   5.8327365e-02   3.4233302e-02
   2.5800000e+01   8.2626314e-02  -1.5648932e-03
   2.5900000e+01   1.0019544e-01  -4.1111325e-02
   2.6000000e+01   1.0820054e-01  -5.9825740e-02
   2.6100000e+01   1.1004601e-01  -4.4607971e-02
   2.6200000e+01   1.1124626e-01  -8.1089590e-03
   2.6300000e+01   1.1001155e-01   2.0281127e-02
   2.6400000e+01   9.6669049e-02   2.0734787e-02
   2.6500000e+01   6.5084359e-02   6.1888598e-04
   2.6600000e+01   2.2031722e-02  -1.4815485e-02
   2.6700000e+01  -1.7721270e-02  -8.6652485e-03
   2.6800000e+01  -4.3577241e-02   1.1511758e-02
   2.6900000e+01  -5.2432885e-02   2.2283471e-02
   2.7000000e+01  -4.1854044e-02   6.5294977e-03
   2.7100000e+01  -8.3985136e-03  -3.2349960e-02
   2.7200000e+01   4.1614897e-02  -7.4173420e-02
   2.7300000e+01   8.4400865e-02  -9.7038544e-02
   2.7400000e+01   9.2301666e-02  -9.1280772e-02
   2.7500000e+01   6.0369308e-02  -6.4110508e-02
   2.7600000e+01   1.5780180e-02  -3.3174238e-02
   2.7700000e+01  -4.9264637e-03  -1.3525993e-02
   2.7800000e+01   1.0701373e-02  -7.7181837e-03
   2.7900000e+01   4.1184920e-02  -7.4940252e-03
   2.8000000e+01   5.2940613e-02  -5.1444974e-03
   2.8100000e+01   2.9490193e-02  -2.3822843e-03
   2.8200000e+01  -1.8420193e-02  -7.4159727e-03
   2.8300000e+01  -6.4691347e-02  -2.4660667e-02
   2.8400000e+01  -8.6646546e-02  -4.9371717e-02
   2.8500000e+01  -7.7751084e-02  -7.1951113e-02
   2.8600000e+01  -5.0408742e-02  -8.4715096e-02
   2.8700000e+01  -2.8284337e-02  -8.3434430e-02
   2.8800000e+01  -3.0166653e-02  -6.5669669e-02
   2.8900000e+01  -5.5307274e-02  -3.2373573e-02
   2.9000000e+01  -8.3876445e-02   8.0483696e-03
   2.9100000e+01  -9.4401054e-02   4.1272474e-02
   2.9200000e+01  -8.2114159e-02   5.7031229e-02
   2.9300000e+01  -6.0118988e-02   5.8309158e-02
   2.9400000e+01  -4.3793160e-02   5.8359029e-02
   2.9500000e+01  -3.6455411e-02   6.6838192e-02
   2.9600000e+01  -3.0437389e-02   7.9448739e-02
   2.9700000e+01  -1.8805287e-02   8.2615358e-02
   2.9800000e+01  -2.7638684e-03   6.8330785e-02
   2.9900000e+01   1.1604604e-02   4.3136691e-02
   3.0000000e+01   2.0069501e-02   2.2166795e-02
   3.0100000e+01   2.1883355e-02   1.5814771e-02
   3.0200000e+01   1.7153830e-02   2.3401836e-02
   3.0300000e+01   6.2676745e-03   3.8275800e-02
   3.0400000e+01  -7.3444297e-03   5.5543827e-02
   3.0500000e+01  -1.6398481e-02   7.3218620e-02
   3.0600000e+01  -1.4324826e-02   8.8323653e-02
   3.0700000e+01  -1.2056584e-03   9.5848802e-02
   3.0800000e+01   1.5356544e-02   9.2723632e-02
   3.0900000e+01   2.5339322e-02   8.0933016e-02
   3.1000000e+01   2.2541778e-02   6.5273241e-02
   3.1100000e+01   7.8195247e-03   4.8968408e-02
   3.1200000e+01  -1.0944158e-02   3.2664953e-02
   3.1300000e+01  -2.1602113e-02   1.6831611e-02
   3.1400000e+01  -1.4035360e-02   3.4280095e-03
   3.1500000e+01   1.1631148e-02  -4.9107387e-03
   3.1600000e+01   4.1784032e-02  -6.6395985e-03
   3.1700000e+01   5.7213287e-02  -3.2631281e-03
   3.1800000e+01   4.7952052e-02  -1.3193057e-03
   3.1900000e+01   2.1554454e-02  -1.1027168e-02
   3.2000000e+01  -3.7970991e-03  -3.8111865e-02
   3.2100000e+01  -1.4155170e-02  -7.4265217e-02
   3.2200000e+01  -7.3250807e-03  -9.9344445e-02
   3.2300000e+01   1.2262842e-02  -9.8975731e-02
   3.2400000e+01   4.1187127e-02  -8.0764114e-02
   3.2500000e+01   7.6218748e-02  -6.8170113e-02
   3.2600000e+01   1.0832011e-01  -7.5026074e-02
   3.2700000e+01   1.2376725e-01  -8.9003636e-02
   3.2800000e+01   1.1531226e-01  -8.4905180e-02
   3.2900000e+01   9.0882443e-02  -5.4054199e-02
   3.3000000e+01   6.7471988e-02  -1.6400514e-02
   3.3100000e+01   5.4995731e-02  -1.8966916e-03
   3.3200000e+01   4.7664367e-02  -2.2292331e-02
   3.3300000e+01   3.2509470e-02  -6.2384777e-02
   3.3400000e+01   5.2950938e-03  -9.5513149e-02
   3.3500000e+01  -2.3893980e-02  -1.0407495e-01
   3.3600000e+01  -4.0944568e-02  -8.7276422e-02
   3.3700000e+01  -4.1905700e-02  -5.5655159e-02
   3.3800000e+01  -3.5824420e-02  -2.1880554e-02
   3.3900000e+01  -3.4349327e-02   5.6698635e-03
   3.4000000e+01  -4.0276825e-02   2.5080488e-02
   3.4100000e+01  -4.6738159e-02   3.8546462e-02
   3.4200000e+01  -4.5949731e-02   4.7242290e-02
   3.4300000e+01  -3.6934892e-02   4.8996591e-02
   3.4400000e+01  -2.5209400e-02   4.2760135e-02
   3.4500000e+01  -1.7453641e-02   3.4846482e-02
   3.4600000e+01  -1.7799446e-02   3.6706529e-02
   3.4700000e+01  -2.7367356e-02   5.2683566e-02
   3.4800000e+01  -4.4346577e-02   7.0740189e-02
   3.4900000e+01  -6.3905658e-02   7.0247439e-02
   3.5000000e+01  -8.0100375e-02   4.3080093e-02
   3.5100000e+01  -8.9571057e-02   6.4048429e-03
   3.5200000e+01  -9.3046976e-02  -9.4208791e-03
   3.5300000e+01  -9.2675918e-02   1.1399577e-02
   3.5400000e+01  -8.8774559e-02   5.4375777e-02
   3.5500000e+01  -8.0071259e-02   8.7366676e-02
   3.5600000e+01  -6.6034372e-02   8.8300919e-02
   3.5700000e+01  -4.7279431e-02   6.0273428e-02
   3.5800000e+01  -2.4370484e-02   2.2505532e-02
   3.5900000e+01   1.2084076e-03  -8.4890536e-03
   3.6000000e+01   2.4222654e-02  -2.7651971e-02
   3.6100000e+01   3.6481992e-02  -3.6777783e-02
   3.6200000e+01   3.3181066e-02  -3.7676050e-02
   3.6300000e+01   1.8178389e-02  -3.0842195e-02
   3.6400000e+01   1.2911504e-03  -1.7145767e-02
   3.6500000e+01  -9.4989454e-03   1.2086006e-03
   3.6600000e+01  -1.1870406e-02   1.9339180e-02
   3.6700000e+01  -6.4532844e-03   2.7972419e-02
   3.6800000e+01   5.8064063e-03   1.6632069e-02
   3.6900000e+01   2.1690124e-02  -1.6222673e-02
   3.7000000e+01   3.4193499e-02  -5.5514464e-02
   3.7100000e+01   3.7586088e-02  -7.6478705e-02
   3.7200000e+01   3.4721999e-02  -6.4025523e-02
   3.7300000e+01   3.5977056e-02  -2.6571152e-02
   3.7400000e+01   4.8323910e-02   1.0476337e-02
   3.7500000e+01   6.6526987e-02   2.6420677e-02
   3.7600000e+01   7.7382410e-02   2.2053089e-02
   3.7700000e+01   7.2488920e-02   1.6398744e-02
   3.7800000e+01   5.4950673e-02   2.6823725e-02
   3.7900000e+01   3.3509855e-02   5.0514100e-02
   3.8000000e+01   1.2984581e-02   6.4559492e-02
   3.8100000e+01  -7.0100271e-03   4.6294257e-02
   3.8200000e+01  -2.5023921e-02  -3.3177606e-03
   3.8300000e+01  -3.3200614e-02  -5.5847121e-02
   3.8400000e+01  -2.2377818e-02  -7.7236336e-02
   3.8500000e+01   8.2879336e-03  -5.6258386e-02
   3.8600000e+01   4.7929768e-02  -1.2825870e-02
   3.8700000e+01   8.0676492e-02   2.0725259e-02
   3.8800000e+01   9.6044586e-02   2.5682123e-02
   3.8900000e+01   9.4034113e-02   6.3860118e-03
   3.9000000e+01   8.1912007e-02  -2.0586940e-02
   3.9100000e+01   6.6781711e-02  -4.1843987e-02
   3.9200000e+01   5.0347489e-02  -5.3120017e-02
   3.9300000e+01   2.9538441e-02  -5.5989940e-02
   3.9400000e+01   1.7408679e-03  -5.2950746e-02
   3.9500000e+01  -3.0342065e-02  -4.4723543e-02
   3.9600000e+01  -5.8779897e-02  -2.9687669e-02
   3.9700000e+01  -7.5299853e-02  -6.2416726e-03
   3.9800000e+01  -7.6243357e-02   2.2115776e-02
   3.9900000e+01  -6.3602714e-02   4.4554005e-02
   4.0000000e+01  -4.3028146e-02   4.9457442e-02
   4.0100000e+01  -2.2032217e-02   3.5646481e-02
   4.0200000e+01  -8.6398593e-03   1.5491525e-02
   4.0300000e+01  -8.0777791e-03   4.1745323e-03
   4.0400000e+01  -1.8185304e-02   5.9078594e-03
   4.0500000e+01  -2.8900734e-02   1.2441477e-02
   4.0600000e+01  -2.9083563e-02   1.4511287e-02
   4.0700000e+01  -1.5805975e-02   1.1742361e-02
   4.0800000e+01   2.6162529e-03   1.0306886e-02
   4.0900000e+01   1.2702572e-02   1.3838544e-02
   4.1000000e+01   5.4417557e-03   1.9645437e-02
   4.1100000e+01  -1.7601247e-02   2.2816409e-02
   4.1200000e+01  -4.4387566e-02   2.1169342e-02
   4.1300000e+01  -5.8189394e-02   1.6442980e-02
   4.1400000e+01  -4.7559789e-02   1.3743126e-02
   4.1500000e+01  -1.5827363e-02   2.0200580e-02
   4.1600000e+01   1.8269957e-02   3.9779184e-02
   4.1700000e+01   3.3124705e-02   6.5710164e-02
   4.1800000e+01   2.1702337e-02   8.0465434e-02
   4.1900000e+01  -2.1475802e-03   6.9008484e-02
   4.2000000e+01  -1.5759587e-02   3.4191784e-02
   4.2100000e+01  -7.3916981e-03  -3.8487402e-03
   4.2200000e+01   1.4613261e-02  -2.5824176e-02
   4.2300000e+01   3.0555312e-02  -2.9128121e-02
   4.2400000e+01   2.6415459e-02  -2.4151381e-02
   4.2500000e+01   3.8364960e-03  -1.8267215e-02
   4.2600000e+01  -2.3830155e-02  -8.9817583e-03
   4.2700000e+01  -4.3698805e-02   6.4679595e-03
   4.2800000e+01  -5.2104685e-02   2.0375933e-02
   4.2900000e+01  -5.2638477e-02   1.8715147e-02
   4.3000000e+01  -4.7103263e-02  -4.2966158e-03
   4.3100000e+01  -3.1117378e-02  -3.9022575e-02
   4.3200000e+01  -1.5442995e-03  -6.8422379e-02
   4.3300000e+01   3.2341982e-02  -8.1201125e-02
   4.3400000e+01   5.0574455e-02  -7.7071584e-02
   4.3500000e+01   4.0879703e-02  -6.2929597e-02
   4.3600000e+01   1.4787189e-02  -4.7338207e-02
   4.3700000e+01  -4.9216645e-04  -3.7367410e-02
   4.3800000e+01   9.8946696e-03  -3.5989931e-02
   4.3900000e+01   3.0918270e-02  -3.9641899e-02
   4.4000000e+01   3.2342368e-02  -3.9795888e-02
   4.4100000e+01   7.9538753e-04  -3.0060030e-02
   4.4200000e+01  -4.5855787e-02  -1.3003661e-02
   4.4300000e+01  -7.5971946e-02   8.3157247e-04
   4.4400000e+01  -7.2070398e-02   1.7471240e-03
   4.4500000e+01  -4.0717524e-02  -1.0558270e-02
   4.4600000e+01  -1.0228403e-03  -2.6249639e-02
   4.4700000e+01   2.9899748e-02  -3.2462936e-02
   4.4800000e+01   4.2018874e-02  -2.2283877e-02
   4.4900000e+01   3.2875583e-02   5.5470047e-04
   4.5000000e+01   1.0162612e-02   2.4038348e-02
   4.5100000e+01  -8.8156833e-03   3.6004097e-02
   4.5200000e+01  -8.2816841e-03   3.2863609e-02
   4.5300000e+01   1.1005191e-02   2.2194895e-02
   4.5400000e+01   2.9870404e-02   1.6413693e-02
   4.5500000e+01   2.7866695e-02   2.2486115e-02
   4.5600000e+01   3.9435139e-03   3.6626926e-02
   4.5700000e+01  -2.0789037e-02   4.8183393e-02
   4.5800000e+01  -2.2173099e-02   4.8290911e-02
   4.5900000e+01   4.3402245e-03   3.5611015e-02
   4.6000000e+01   3.9709977e-02   1.5816982e-02
   4.6100000e+01   5.9885471e-02  -2.7468561e-03
   4.6200000e+01   5.8409505e-02  -1.3338564e-02
   4.6300000e+01   5.0220451e-02  -1.3131974e-02
   4.6400000e+01   5.2875778e-02  -3.5491972e-03
   4.6500000e+01   6.5432072e-02   1.0776736e-02
   4.6600000e+01   6.8570176e-02   2.3717732e-02
   4.6700000e+01   4.6652802e-02   2.9765845e-02
   4.6800000e+01   7.2159757e-03   2.6684647e-02
   4.6900000e+01  -2.4817036e-02   1.7698411e-02
   4.7000000e+01  -3.2402431e-02   1.0352051e-02
   4.7100000e+01  -2.2590744e-02   1.0689933e-02
   4.7200000e+01  -1.5564340e-02   1.7078899e-02
   4.7300000e+01  -2.0212616e-02   2.0888070e-02
   4.7400000e+01  -2.5321706e-02   1.5086768e-02
   4.7500000e+01  -1.6072310e-02   2.2481958e-03
   4.7600000e+01   4.8817306e-03  -7.1129767e-03
   4.7700000e+01   1.7458587e-02  -4.4709671e-03
   4.7800000e+01   5.5196243e-03   8.8117894e-03
   4.7900000e+01  -2.5048061e-02   2.2799651e-02
   4.8000000e+01  -5.1656426e-02   2.6903989e-02
   4.8100000e+01  -5.7140614e-02   1.7307778e-02
   4.8200000e+01  -4.4707723e-02  -3.4323194e-04
   4.8300000e+01  -3.1632508e-02  -1.3843850e-02
   4.8400000e+01  -3.0836898e-02  -1.2262624e-02
   4.8500000e+01  -3.9898361e-02   5.2729394e-03
   4.8600000e+01  -4.6180936e-02   2.7388236e-02
   4.8700000e+01  -3.9681324e-02   3.8698284e-02
   4.8800000e+01  -2.0243403e-02   3.1758601e-02
   4.8900000e+01   4.9713386e-03   1.1339463e-02
   4.9000000e+01   2.7598338e-02  -1.1678378e-02
   4.9100000e+01   4.1341777e-02  -2.8291101e-02
   4.9200000e+01   4.2734194e-02  -3.3848484e-02
   4.9300000e+01   3.2723012e-02  -2.7629736e-02
   4.9400000e+01   1.8198728e-02  -1.4605072e-02
   4.9500000e+01   9.0498901e-03  -6.0324855e-03
   4.9600000e+01   1.0625013e-02  -1.1953776e-02
   4.9700000e+01   1.8619866e-02  -2.9549639e-02
   4.9800000e+01   2.2707706e-02  -4.2124510e-02
   4.9900000e+01   1.5999438e-02  -3.4968082e-02
   5.0000000e+01   9.5155047e-04  -1.3045465e-02
   5.0100000e+01  -1.3435390e-02   9.1977364e-04
   5.0200000e+01  -1.9267570e-02  -1.1012556e-02
   5.0300000e+01  -1.5158551e-02  -4.2415032e-02
   5.0400000e+01  -6.1229682e-03  -6.7907384e-02
   5.0500000e+01   8.1510827e-04  -6.8282322e-02
   5.0600000e+01   2.0931814e-03  -4.8356711e-02
   5.0700000e+01  -3.2769314e-05  -2.9234825e-02
   5.0800000e+01  -1.2106310e-03  -2.4996941e-02
   5.0900000e+01  -1.7270184e-03  -2.9498152e-02
   5.1000000e+01  -7.6092942e-03  -2.5819582e-02
   5.1100000e+01  -2.2264078e-02  -5.7642564e-03
   5.1200000e+01  -3.7839314e-02   2.2030231e-02
   5.1300000e+01  -3.9440895e-02   4.1800380e-02
   5.1400000e+01  -2.0821127e-02   4.5235198e-02
   5.1500000e+01   6.4282187e-03   3.5770072e-02
   5.1600000e+01   2.3221548e-02   2.1691069e-02
   5.1700000e+01   2.2512514e-02   8.7438060e-03
   5.1800000e+01   1.5226839e-02  -5.7540582e-04
   5.1900000e+01   1.5692287e-02  -4.4873769e-03
   5.2000000e+01   2.4505412e-02  -2.1492637e-03
   5.2100000e+01   2.9131784e-02   4.3909205e-03
   5.2200000e+01   2.0124800e-02   1.1689280e-02
   5.2300000e+01   2.6139766e-03   1.9335346e-02
   5.2400000e+01  -9.6866899e-03   3.0256279e-02
   5.2500000e+01  -9.2410597e-03   4.4109185e-02
   5.2600000e+01  -1.1408508e-03   5.1964820e-02
   5.2700000e+01   3.9633695e-03   4.2137091e-02
   5.2800000e+01   9.3173597e-04   1.3872348e-02
   5.2900000e+01  -5.7615478e-03  -1.6871491e-02
   5.3000000e+01  -6.9810570e-03  -2.9321143e-02
   5.3100000e+01   2.3143416e-03  -1.7192540e-02
   5.3200000e+01   1.7314138e-02   5.0887506e-03
   5.3300000e+01   2.5613697e-02   1.6408130e-02
   5.3400000e+01   1.7472267e-02   8.3798778e-03
   5.3500000e+01  -4.0231730e-03  -9.4915805e-03
   5.3600000e+01  -2.4123677e-02  -2.1525488e-02
   5.3700000e+01  -3.0124373e-02  -1.9704122e-02
   5.3800000e+01  -2.3567538e-02  -6.6576408e-03
   5.3900000e+01  -1.6340130e-02   1.0328012e-02
   5.4000000e+01  -1.4873661e-02   2.4688237e-02
   5.4100000e+01  -1.2405295e-02   3.1736663e-02
   5.4200000e+01   2.3182905e-04   2.9203447e-02
   5.4300000e+01   1.9168959e-02   1.8875771e-02
   5.4400000e+01   2.8463165e-02   6.0912764e-03
   5.4500000e+01   1.7913087e-02  -4.2914045e-03
   5.4600000e+01  -3.7633491e-03  -1.1020340e-02
   5.4700000e+01  -1.6768405e-02  -1.4790793e-02
   5.4800000e+01  -1.0325521e-02  -1.4852575e-02
   5.4900000e+01   7.2384483e-03  -9.4987214e-03
   5.5000000e+01   1.7960002e-02   1.3286568e-04
   5.5100000e+01   1.1558464e-02   9.0854416e-03
   5.5200000e+01  -6.7191843e-03   1.2834018e-02
   5.5300000e+01  -2.2850735e-02   1.1472654e-02
   5.5400000e+01  -2.6634660e-02   8.2405080e-03
   5.5500000e+01  -1.8594180e-02   4.3717788e-03
   5.5600000e+01  -6.9825827e-03  -2.8229251e-03
   5.5700000e+01   3.5665355e-04  -1.5842323e-02
   5.5800000e+01   1.2383113e-03  -3.1468205e-02
   5.5900000e+01  -2.1146988e-03  -4.0299912e-02
   5.6000000e+01  -7.0535021e-03  -3.2911609e-02
   5.6100000e+01  -1.1458610e-02  -8.0967711e-03
   5.6200000e+01  -1.1761916e-02   2.3672923e-02
   5.6300000e+01  -3.6435331e-03   4.5653862e-02
   5.6400000e+01   1.2599370e-02   4.6458763e-02
   5.6500000e+01   2.8598289e-02   2.8869723e-02
   5.6600000e+01   3.3422194e-02   7.3384026e-03
   5.6700000e+01   2.4324997e-02  -4.6580478e-03
   5.6800000e+01   1.0548477e-02  -5.6877199e-03
   5.6900000e+01   4.4376303e-03  -4.8754859e-03
   5.7000000e+01   8.8711782e-03  -9.8982812e-03
   5.7100000e+01   1.4840709e-02  -1.7839355e-02
   5.7200000e+01   1.1716413e-02  -1.8630954e-02
   5.7300000e+01  -1.1603197e-03  -6.4212626e-03
   5.7400000e+01  -1.3630722e-02   1.3901228e-02
   5.7500000e+01  -1.4700706e-02   3.0914277e-02
   5.7600000e+01  -2.7280585e-03   3.5444432e-02
   5.7700000e+01   1.3747255e-02   2.5117506e-02
   5.7800000e+01   2.4086232e-02   3.3484476e-03
   5.7900000e+01   2.3953291e-02  -2.2764854e-02
   5.8000000e+01   1.6593277e-02  -4.3858024e-02
   5.8100000e+01   7.7096518e-03  -5.1634100e-02
   5.8200000e+01   7.2012254e-04  -4.4301086e-02
   5.8300000e+01  -3.2766884e-03  -2.8557873e-02
   5.8400000e+01  -3.5574954e-03  -1.3965942e-02
   5.8500000e+01  -5.2528550e-04  -4.7032091e-03
   5.8600000e+01   2.0000791e-03   1.6878523e-03
   5.8700000e+01  -1.3968309e-03   7.0907055e-03
   5.8800000e+01  -1.1252754e-02   7.1940049e-03
   5.8900000e+01  -2.0170946e-02  -3.5942680e-03
   5.9000000e+01  -1.9663615e-02  -2.1789794e-02
   5.9100000e+01  -1.0717056e-02  -3.3230532e-02
   5.9200000e+01  -4.6237834e-03  -2.5350930e-02
   5.9300000e+01  -1.0847286e-02  -1.0669447e-03
   5.9400000e+01  -2.5315455e-02   2.1943849e-02
   5.9500000e+01  -3.3691616e-02   2.7232920e-02
   5.9600000e+01  -2.6633829e-02   1.4376210e-02
   5.9700000e+01  -9.3795817e-03  -2.4879227e-03
   5.9800000e+01   4.9779421e-03  -9.5085873e-03
   5.9900000e+01   9.3152032e-03  -5.0126933e-03
   6.0000000e+01   6.7798178e-03   2.5333692e-03
   6.0100000e+01   2.5759019e-03   5.3831527e-03
   6.0200000e+01  -3.7445383e-03   3.2887781e-03
   6.0300000e+01  -1.4826086e-02   6.6196444e-04
   6.0400000e+01  -2.6772515e-02  -1.0743167e-05
   6.0500000e+01  -2.9022062e-02  -4.3320565e-04
   6.0600000e+01  -1.5373282e-02  -3.3155065e-03
   6.0700000e+01   6.9966143e-03  -8.5687925e-03
   6.0800000e+01   2.2816570e-02  -1.2839500e-02
   6.0900000e+01   2.3644396e-02  -1.2218928e-02
   6.1000000e+01   1.5827449e-02  -5.7213223e-03
   6.1100000e+01   1.2805504e-02   3.0054038e-03
   6.1200000e+01   2.0943677e-02   7.6716779e-03
   6.1300000e+01   3.4400584e-02   4.6443095e-03
   6.1400000e+01   4.2842701e-02  -2.7417001e-03
   6.1500000e+01   4.1489277e-02  -5.9247666e-03
   6.1600000e+01   3.2834071e-02   1.5461099e-03
   6.1700000e+01   2.1240073e-02   1.7986204e-02
   6.1800000e+01   9.1034234e-03   3.4780914e-02
   6.1900000e+01  -1.8823857e-03   4.3094922e-02
   6.2000000e+01  -9.2240055e-03   3.9600285e-02
   6.2100000e+01  -1.1886974e-02   2.7607082e-02
   6.2200000e+01  -1.2587732e-02   1.4594034e-02
   6.2300000e+01  -1.4843655e-02   7.7672274e-03
   6.2400000e+01  -1.7600701e-02   8.9879106e-03
   6.2500000e+01  -1.5611581e-02   1.2883366e-02
   6.2600000e+01  -6.5537310e-03   1.2046871e-02
   6.2700000e+01   4.5728897e-03   5.7252342e-03
   6.2800000e+01   1.0694035e-02   1.4437229e-03
   6.2900000e+01   1.0884345e-02   5.4639589e-03
   6.3000000e+01   9.9441232e-03   1.3062948e-02
   6.3100000e+01   1.0013785e-02   1.2416208e-02
   6.3200000e+01   7.0196327e-03  -9.0986064e-04
   6.3300000e+01  -2.2129306e-03  -1.7041395e-02
   6.3400000e+01  -1.3022267e-02  -2.2179722e-02
   6.3500000e+01  -1.7826456e-02  -1.3801351e-02
   6.3600000e+01  -1.6695078e-02  -2.2152147e-03
   6.3700000e+01  -1.7388265e-02   1.8708897e-03
   6.3800000e+01  -2.3351666e-02  -2.7662914e-03
   6.3900000e+01  -2.7015841e-02  -1.0766531e-02
   6.4000000e+01  -1.9680100e-02  -1.8161344e-02
   6.4100000e+01  -5.1036054e-03  -2.3882260e-02
   6.4200000e+01   3.1221757e-03  -2.5887445e-02
   6.4300000e+01  -1.7014380e-03  -2.0948250e-02
   6.4400000e+01  -1.1175599e-02  -9.5367468e-03
   6.4500000e+01  -1.3803924e-02   2.0806347e-03
   6.4600000e+01  -1.1046024e-02   6.8016089e-03
   6.4700000e+01  -1.5361402e-02   2.8868633e-03
   6.4800000e+01  -3.2467394e-02  -5.5567899e-03
   6.4900000e+01  -5.1236033e-02  -1.2777300e-02
   6.5000000e+01  -5.4649043e-02  -1.4922713e-02
   6.5100000e+01  -3.8335041e-02  -1.1419915e-02
   6.5200000e+01  -1.4528778e-02  -5.7620684e-03
   6.5300000e+01   1.9264964e-03  -4.4729136e-03
   6.5400000e+01   7.9951558e-03  -1.1686655e-02
   6.5500000e+01   1.1523761e-02  -2.2778134e-02
   6.5600000e+01   1.8692753e-02  -2.5631402e-02
   6.5700000e+01   2.6149311e-02  -1.1721491e-02
   6.5800000e+01   2.6450521e-02   1.3475492e-02
   6.5900000e+01   1.8687917e-02   3.3217709e-02
   6.6000000e+01   1.0574966e-02   3.4162113e-02
   6.6100000e+01   9.6020040e-03   1.8118059e-02
   6.6200000e+01   1.4573280e-02  -7.4644187e-04
   6.6300000e+01   1.7914492e-02  -8.8805694e-03
   6.6400000e+01   1.5132167e-02  -2.6517450e-03
   6.6500000e+01   9.1844306e-03   1.3016384e-02
   6.6600000e+01   5.4427033e-03   3.1051780e-02
   6.6700000e+01   5.7595028e-03   4.5309032e-02
   6.6800000e+01   9.6158328e-03   4.9849184e-02
   6.6900000e+01   1.8039494e-02   4.0016354e-02
   6.7000000e+01   3.1467953e-02   1.7113837e-02
   6.7100000e+01   4.3735134e-02  -8.9104557e-03
   6.7200000e+01   4.3727509e-02  -2.4495750e-02
   6.7300000e+01   2.7213237e-02  -2.2719240e-02
   6.7400000e+01   4.8410737e-03  -9.3250646e-03
   6.7500000e+01  -6.5465285e-03   2.0652424e-03
   6.7600000e+01  -1.3879939e-03   1.8572147e-03
   6.7700000e+01   9.3364623e-03  -7.4705722e-03
   6.7800000e+01   1.2077792e-02  -1.4721102e-02
   6.7900000e+01   6.7680202e-03  -1.1199317e-02
   6.8000000e+01   5.1372585e-03   1.3206801e-03
   6.8100000e+01   1.4175109e-02   1.3113071e-02
   6.8200000e+01   2.6215298e-02   1.5627579e-02
   6.8300000e+01   2.7982948e-02   7.4705290e-03
   6.8400000e+01   1.6703531e-02  -7.0693185e-03
   6.8500000e+01   3.2779637e-03  -2.2387072e-02
   6.8600000e+01  -3.5503400e-04  -3.3386803e-02
   6.8700000e+01   6.5609670e-03  -3.5798966e-02
   6.8800000e+01   1.5376300e-02  -2.8638985e-02
   6.8900000e+01   1.8807313e-02  -1.6930942e-02
   6.9000000e+01   1.6381770e-02  -8.9291866e-03
   6.9100000e+01   1.0341184e-02  -8.2752509e-03
   6.9200000e+01   9.5209592e-04  -1.0043942e-02
   6.9300000e+01  -1.1623882e-02  -6.6757606e-03
   6.9400000e+01  -2.3531265e-02   2.7033591e-03
   6.9500000e+01  -2.9345154e-02   1.1099730e-02
   6.9600000e+01  -2.8358098e-02   1.1914099e-02
   6.9700000e+01  -2.6002769e-02   6.0664159e-03
   6.9800000e+01  -2.7596343e-02  -2.7252606e-04
   6.9900000e+01  -3.2151821e-02  -3.1639650e-03
   7.0000000e+01  -3.3860468e-02  -4.0137934e-03
   7.0100000e+01  -2.8913716e-02  -5.9771377e-03
   7.0200000e+01  -1.9583985e-02  -9.5668929e-03
   7.0300000e+01  -1.2127124e-02  -1.2372251e-02
   7.0400000e+01  -1.1833595e-02  -1.1704404e-02
   7.0500000e+01  -1.9308423e-02  -6.8077235e-03
   7.0600000e+01  -2.9452001e-02   5.5952031e-04
   7.0700000e+01  -3.3915816e-02   7.0113587e-03
   7.0800000e+01  -2.7105151e-02   9.8246064e-03
   7.0900000e+01  -1.1801540e-02   9.2324748e-03
   7.1000000e+01   2.0391018e-03   7.8875059e-03
   7.1100000e+01   6.0403557e-03   7.2560786e-03
   7.1200000e+01   1.0862514e-03   5.4063976e-03
   7.1300000e+01  -4.8960741e-03   5.2390149e-05
   7.1400000e+01  -6.4474674e-03  -6.3955298e-03
   7.1500000e+01  -5.7407783e-03  -7.3350278e-03
   7.1600000e+01  -7.5177155e-03   4.8707307e-04
   7.1700000e+01  -1.1332318e-02   1.1003008e-02
   7.1800000e+01  -1.1799659e-02   1.3379377e-02
   7.1900000e+01  -6.2427503e-03   4.0043978e-03
   7.2000000e+01   1.1597683e-03  -7.7180159e-03
   7.2100000e+01   4.8280829e-03  -8.2057765e-03
   7.2200000e+01   5.6101417e-03   5.1303435e-03
   7.2300000e+01   1.0039162e-02   1.9519676e-02
   7.2400000e+01   2.1131338e-02   1.9504993e-02
   7.2500000e+01   3.2176457e-02   3.5861752e-03
   7.2600000e+01   3.1924024e-02  -1.3454455e-02
   7.2700000e+01   1.6102951e-02  -1.5181217e-02
   7.2800000e+01  -7.0691443e-03   8.2401114e-04
   7.2900000e+01  -2.2898568e-02   2.2143088e-02
   7.3000000e+01  -2.1494842e-02   3.4016780e-02
   7.3100000e+01  -4.4290886e-03   3.0454052e-02
   7.3200000e+01   1.7139325e-02   1.4763614e-02
   7.3300000e+01   2.9869624e-02  -5.6604411e-03
   7.3400000e+01   2.6281162e-02  -2.2050419e-02
   7.3500000e+01   9.5094445e-03  -2.5204730e-02
   7.3600000e+01  -8.3356402e-03  -1.0516740e-02
   7.3700000e+01  -1.4799667e-02   1.4964548e-02
   7.3800000e+01  -7.3947846e-03   3.4124373e-02
   7.3900000e+01   3.6988741e-03   3.3891239e-02
   7.4000000e+01   4.6980164e-03   1.8931175e-02
   7.4100000e+01  -8.4924184e-03   7.9830474e-03
   7.4200000e+01  -2.5904761e-02   1.3945970e-02
   7.4300000e+01  -3.2829257e-02   2.8989508e-02
   7.4400000e+01  -2.3484305e-02   3.2333934e-02
   7.4500000e+01  -5.4752207e-03   1.3026687e-02
   7.4600000e+01   8.3967502e-03  -1.7391162e-02
   7.4700000e+01   1.1728035e-02  -3.6022593e-02
   7.4800000e+01   8.4044286e-03  -3.0706294e-02
   7.4900000e+01   6.7130890e-03  -9.6089726e-03
   7.5000000e+01   1.0643910e-02   9.3302579e-03
   7.5100000e+01   1.6348221e-02   1.5218226e-02
   7.5200000e+01   1.6171884e-02   1.0301890e-02
   7.5300000e+01   6.5016249e-03   3.1335647e-03
   7.5400000e+01  -7.2109900e-03  -6.5758717e-04
   7.5500000e+01  -1.3116608e-02  -1.2270536e-03
   7.5600000e+01  -2.2653516e-03  -1.6276938e-03
   7.5700000e+01   2.2829766e-02  -4.2642215e-03
   7.5800000e+01   4.8328709e-02  -9.3081597e-03
   7.5900000e+01   5.8761577e-02  -1.4751174e-02
   7.6000000e+01   4.8468261e-02  -1.7663585e-02
   7.6100000e+01   2.5293627e-02  -1.6354810e-02
   7.6200000e+01   3.9491853e-03  -1.1960145e-02
   7.6300000e+01  -4.9367569e-03  -7.8462256e-03
   7.6400000e+01  -1.2532159e-03  -7.2841642e-03
   7.6500000e+01   7.0288995e-03  -1.1357750e-02
   7.6600000e+01   1.1995331e-02  -1.8146739e-02
   7.6700000e+01   1.1907214e-02  -2.3100033e-02
   7.6800000e+01   9.9709388e-03  -2.1175202e-02
   7.6900000e+01   8.1919115e-03  -1.1201968e-02
   7.7000000e+01   4.2372891e-03   4.8432671e-04
   7.7100000e+01  -4.3986063e-03   2.6752750e-03
   7.7200000e+01  -1.4243740e-02  -1.0971986e-02
   7.7300000e+01  -1.6836126e-02  -3.3597432e-02
   7.7400000e+01  -7.7401882e-03  -4.8688314e-02
   7.7500000e+01   6.5674483e-03  -4.4661688e-02
   7.7600000e+01   1.3338812e-02  -2.6213953e-02
   7.7700000e+01   5.9111682e-03  -9.6694189e-03
   7.7800000e+01  -9.7759341e-03  -6.5714000e-03
   7.7900000e+01  -2.1707067e-02  -1.3164486e-02
   7.8000000e+01  -2.3560661e-02  -1.6784540e-02
   7.8100000e+01  -1.8711201e-02  -1.0756251e-02
   7.8200000e+01  -1.3844014e-02  -2.9001105e-04
   7.8300000e+01  -1.1659992e-02   6.1885517e-03
   7.8400000e+01  -1.0993996e-02   7.9481386e-03
   7.8500000e+01  -1.1480056e-02   1.1148016e-02
   7.8600000e+01  -1.4538074e-02   1.8474660e-02
   7.8700000e+01  -1.9461599e-02   2.4105381e-02
   7.8800000e+01  -2.1671129e-02   2.1618661e-02
   7.8900000e+01  -1.7381900e-02   1.4620413e-02
   7.9000000e+01  -9.0148490e-03   1.4963888e-02
   7.9100000e+01  -3.2661826e-03   2.8705465e-02
   7.9200000e+01  -3.1737417e-03   4.6437934e-02
   7.9300000e+01  -4.2208767e-03   5.1077519e-02
   7.9400000e+01  -1.0866277e-04   3.5888680e-02
   7.9500000e+01   8.6682322e-03   1.2686644e-02
   7.9600000e+01   1.4574687e-02   3.8567607e-04
   7.9700000e+01   1.2089203e-02   5.8908574e-03
   7.9800000e+01   4.8778990e-03   1.7981888e-02
   7.9900000e+01   1.5013908e-03   2.0632063e-02
   8.0000000e+01   4.5624854e-03   1.0841394e-02
