   1.0221618e+02   2.8602761e+01   2.5212700e+03
   1.0220704e+02   2.8360380e+01   1.8637800e+03
   0.0000000e+00  -1.4020671e-02  -1.4020671e-02
   1.0000000e-01   1.7097084e-02  -4.3235047e-02
   2.0000000e-01   6.8673340e-02  -7.7446014e-02
   3.0000000e-01   1.4524831e-01  -1.0629441e-01
   4.0000000e-01   2.2586007e-01  -1.1859761e-01
   5.0000000e-01   2.8739352e-01  -1.1417310e-01
   6.0000000e-01   3.3646704e-01  -9.7180599e-02
   7.0000000e-01   4.0683536e-01  -6.7217079e-02
   8.0000000e-01   5.2033201e-01  -2.6244719e-02
   9.0000000e-01   6.5732342e-01   7.7997986e-03
   1.0000000e+00   7.7376370e-01   4.5890018e-03
   1.1000000e+00   8.4555147e-01  -5.4254484e-02
   1.2000000e+00   8.8815142e-01  -1.5479345e-01
   1.3000000e+00   9.3054442e-01  -2.5790480e-01
   1.4000000e+00   9.7683092e-01  -3.2834493e-01
   1.5000000e+00   1.0000000e+00  -3.5854473e-01
   1.6000000e+00   9.7151825e-01  -3.6837058e-01
   1.7000000e+00   8.9047017e-01  -3.8669715e-01
   1.8000000e+00   7.8178016e-01  -4.3336578e-01
   1.9000000e+00   6.7064718e-01  -5.1218862e-01
   2.0000000e+00   5.6296416e-01  -6.1215133e-01
   2.1000000e+00   4.4840517e-01  -7.1113479e-01
   2.2000000e+00   3.1676424e-01  -7.8279687e-01
   2.3000000e+00   1.6961106e-01  -8.0880619e-01
   2.4000000e+00   2.0674739e-02  -7.9010453e-01
   2.5000000e+00  -1.1057059e-01  -7.4504108e-01
   2.6000000e+00  -2.0797970e-01  -6.9276733e-01
   2.7000000e+00  -2.6869717e-01  -6.3838945e-01
   2.8000000e+00  -3.0759064e-01  -5.7676874e-01
   2.9000000e+00  -3.4734682e-01  -5.0838456e-01
   3.0000000e+00  -3.9783032e-01  -4.4268211e-01
   3.1000000e+00  -4.4523374e-01  -3.8057186e-01
   3.2000000e+00  -4.6720535e-01  -3.0076529e-01
   3.3000000e+00  -4.6147669e-01  -1.7665396e-01
   3.4000000e+00  -4.5560836e-01  -1.0821245e-02
   3.5000000e+00  -4.8340438e-01   1.5624240e-01
   3.6000000e+00  -5.5144683e-01   2.8102215e-01
   3.7000000e+00  -6.3091681e-01   3.5846195e-01
   3.8000000e+00  -6.8119388e-01   4.2098663e-01
   3.9000000e+00  -6.7910579e-01   4.9649794e-01
   4.0000000e+00  -6.2869322e-01   5.7669353e-01
   4.1000000e+00  -5.5221515e-01   6.3254904e-01
   4.2000000e+00  -4.7780152e-01   6.5454201e-01
   4.3000000e+00  -4.3088043e-01   6.6666198e-01
   4.4000000e+00  -4.2628497e-01   6.9819406e-01
   4.5000000e+00  -4.6129731e-01   7.4854996e-01
   4.6000000e+00  -5.1598683e-01   7.8618320e-01
   4.7000000e+00  -5.6260104e-01   7.8099460e-01
   4.8000000e+00  -5.7738014e-01   7.3263630e-01
   4.9000000e+00  -5.4877588e-01   6.6487724e-01
   5.0000000e+00  -4.8175647e-01   5.9551647e-01
   5.1000000e+00  -3.9714578e-01   5.1712740e-01
   5.2000000e+00  -3.2134846e-01   4.0942235e-01
   5.3000000e+00  -2.6830387e-01   2.6713692e-01
   5.4000000e+00  -2.2842757e-01   1.1031164e-01
   5.5000000e+00  -1.7830527e-01  -3.3579532e-02
   5.6000000e+00  -1.0434706e-01  -1.5159850e-01
   5.7000000e+00  -1.6672001e-02  -2.4464062e-01
   5.8000000e+00   6.1007365e-02  -3.1033795e-01
   5.9000000e+00   1.1375069e-01  -3.3957109e-01
   6.0000000e+00   1.4669820e-01  -3.3614355e-01
   6.1000000e+00   1.7679548e-01  -3.3130745e-01
   6.2000000e+00   2.1738763e-01  -3.6471604e-01
   6.3000000e+00   2.7152922e-01  -4.4616704e-01
   6.4000000e+00   3.3647311e-01  -5.4159389e-01
   6.5000000e+00   4.1024138e-01  -6.0121344e-01
   6.6000000e+00   4.9224765e-01  -6.0008057e-01
   6.7000000e+00   5.7803759e-01  -5.5175990e-01
   6.8000000e+00   6.5405033e-01  -4.8993100e-01
   6.9000000e+00   6.9903539e-01  -4.4139638e-01
   7.0000000e+00   6.9475463e-01  -4.0860113e-01
   7.1000000e+00   6.4028089e-01  -3.6502857e-01
   7.2000000e+00   5.5694484e-01  -2.6788054e-01
   7.3000000e+00   4.7505912e-01  -9.1654524e-02
   7.4000000e+00   4.1065368e-01   1.3732630e-01
   7.5000000e+00   3.5429237e-01   3.4409532e-01
   7.6000000e+00   2.8549983e-01   4.5660432e-01
   7.7000000e+00   1.9984251e-01   4.6123587e-01
   7.8000000e+00   1.2001644e-01   4.0645755e-01
   7.9000000e+00   7.7601341e-02   3.5428522e-01
   8.0000000e+00   8.3257152e-02   3.3453232e-01
   8.1000000e+00   1.1554176e-01   3.4274497e-01
   8.2000000e+00   1.3905918e-01   3.6432229e-01
   8.3000000e+00   1.3368999e-01   3.8608048e-01
   8.4000000e+00   1.0811016e-01   3.9241302e-01
   8.5000000e+00   8.7686759e-02   3.7163376e-01
   8.6000000e+00   8.9651781e-02   3.3374704e-01
   8.7000000e+00   1.0740318e-01   3.0799265e-01
   8.8000000e+00   1.1660396e-01   3.0891382e-01
   8.9000000e+00   9.7291062e-02   3.1013423e-01
   9.0000000e+00   5.2481348e-02   2.6620202e-01
   9.1000000e+00   6.5253681e-03   1.6202219e-01
   9.2000000e+00  -1.4864004e-02   2.9091429e-02
   9.3000000e+00  -3.5445479e-03  -9.1181561e-02
   9.4000000e+00   2.9936070e-02  -1.8799985e-01
   9.5000000e+00   6.9644346e-02  -2.7525219e-01
   9.6000000e+00   1.0443778e-01  -3.5554723e-01
   9.7000000e+00   1.2559231e-01  -4.0988712e-01
   9.8000000e+00   1.2081437e-01  -4.2671534e-01
   9.9000000e+00   7.7715409e-02  -4.2449978e-01
   1.0000000e+01  -4.7423006e-03  -4.3129964e-01
   1.0100000e+01  -1.1116608e-01  -4.4765356e-01
   1.0200000e+01  -2.1913488e-01  -4.4414957e-01
   1.0300000e+01  -3.1403612e-01  -3.9793786e-01
   1.0400000e+01  -3.9400044e-01  -3.2145901e-01
   1.0500000e+01  -4.6156808e-01  -2.5025006e-01
   1.0600000e+01  -5.1384853e-01  -2.0947135e-01
   1.0700000e+01  -5.4333935e-01  -1.9770996e-01
   1.0800000e+01  -5.4780139e-01  -1.9661106e-01
   1.0900000e+01  -5.3650804e-01  -1.8706216e-01
   1.1000000e+01  -5.2435564e-01  -1.5890044e-01
   1.1100000e+01  -5.1908234e-01  -1.1570457e-01
   1.1200000e+01  -5.1428173e-01  -7.2717284e-02
   1.1300000e+01  -4.9469812e-01  -4.2148028e-02
   1.1400000e+01  -4.4869839e-01  -1.6732813e-02
   1.1500000e+01  -3.7792295e-01   2.4799505e-02
   1.1600000e+01  -2.9800166e-01   8.9622543e-02
   1.1700000e+01  -2.3021533e-01   1.5395894e-01
   1.1800000e+01  -1.8802596e-01   1.8378168e-01
   1.1900000e+01  -1.6601672e-01   1.7160770e-01
   1.2000000e+01  -1.4077999e-01   1.4482421e-01
   1.2100000e+01  -8.7215442e-02   1.3647594e-01
   1.2200000e+01   6.1178157e-04   1.5446274e-01
   1.2300000e+01   1.0343129e-01   1.8033304e-01
   1.2400000e+01   1.9355007e-01   1.8971333e-01
   1.2500000e+01   2.5890921e-01   1.7040896e-01
   1.2600000e+01   3.0962318e-01   1.3065145e-01
   1.2700000e+01   3.6094848e-01   9.8852327e-02
   1.2800000e+01   4.1330206e-01   1.0736618e-01
   1.2900000e+01   4.5241101e-01   1.6126564e-01
   1.3000000e+01   4.6731966e-01   2.2319927e-01
   1.3100000e+01   4.6227078e-01   2.4407543e-01
   1.3200000e+01   4.4773981e-01   2.1483031e-01
   1.3300000e+01   4.2385474e-01   1.7591068e-01
   1.3400000e+01   3.7960437e-01   1.6664947e-01
   1.3500000e+01   3.1029154e-01   1.7688702e-01
   1.3600000e+01   2.3084331e-01   1.6454099e-01
   1.3700000e+01   1.6618768e-01   1.1509696e-01
   1.3800000e+01   1.2776633e-01   6.2467403e-02
   1.3900000e+01   1.0268292e-01   4.5791850e-02
   1.4000000e+01   6.7931530e-02   6.4178143e-02
   1.4100000e+01   1.4063302e-02   8.7284300e-02
   1.4200000e+01  -4.6844964e-02   9.6894842e-02
   1.4300000e+01  -9.5796867e-02   9.7937249e-02
   1.4400000e+01  -1.2664391e-01   9.3669972e-02
   1.4500000e+01  -1.4915287e-01   7.4352798e-02
   1.4600000e+01  -1.7242816e-01   3.8339624e-02
   1.4700000e+01  -1.8807866e-01   4.6329963e-03
   1.4800000e+01  -1.7471449e-01  -1.3027466e-02
   1.4900000e+01  -1.2277479e-01  -3.4531704e-02
   1.5000000e+01  -5.3160639e-02  -9.4542459e-02
   1.5100000e+01  -4.6477465e-03  -1.9346161e-01
   1.5200000e+01   2.1943281e-03  -2.8415293e-01
   1.5300000e+01  -1.3075431e-02  -3.1600164e-01
   1.5400000e+01  -9.7214374e-03  -2.8244079e-01
   1.5500000e+01   3.2335403e-02  -2.1754676e-01
   1.5600000e+01   9.3022235e-02  -1.5640769e-01
   1.5700000e+01   1.3515240e-01  -1.1219880e-01
   1.5800000e+01   1.4142194e-01  -8.6118327e-02
   1.5900000e+01   1.2337334e-01  -8.0415757e-02
   1.6000000e+01   9.7383342e-02  -9.4188586e-02
   1.6100000e+01   6.2358840e-02  -1.1736734e-01
   1.6200000e+01   7.4187891e-03  -1.3872394e-01
   1.6300000e+01  -6.3009883e-02  -1.5525935e-01
   1.6400000e+01  -1.2143526e-01  -1.6669649e-01
   1.6500000e+01  -1.3945108e-01  -1.6602982e-01
   1.6600000e+01  -1.1583572e-01  -1.4582052e-01
   1.6700000e+01  -7.9429685e-02  -1.1258561e-01
   1.6800000e+01  -6.3121547e-02  -8.4088579e-02
   1.6900000e+01  -7.4670294e-02  -6.8777369e-02
   1.7000000e+01  -9.1648436e-02  -5.5485073e-02
   1.7100000e+01  -8.3711339e-02  -2.7750462e-02
   1.7200000e+01  -4.0906731e-02   1.8106546e-02
   1.7300000e+01   1.6846951e-02   7.3363233e-02
   1.7400000e+01   5.5995273e-02   1.2644572e-01
   1.7500000e+01   5.5955025e-02   1.6252761e-01
   1.7600000e+01   2.3675159e-02   1.6114619e-01
   1.7700000e+01  -1.3661200e-02   1.1243905e-01
   1.7800000e+01  -2.8955962e-02   4.0476759e-02
   1.7900000e+01  -1.2107938e-02  -4.7763053e-03
   1.8000000e+01   2.6213446e-02   7.4251400e-03
   1.8100000e+01   6.3096518e-02   5.6177318e-02
   1.8200000e+01   7.7689999e-02   9.2901766e-02
   1.8300000e+01   6.3096099e-02   9.5524732e-02
   1.8400000e+01   2.8048327e-02   8.6677339e-02
   1.8500000e+01  -1.3487882e-02   9.7037094e-02
   1.8600000e+01  -5.5228872e-02   1.2518462e-01
   1.8700000e+01  -9.9675069e-02   1.4370015e-01
   1.8800000e+01  -1.4559464e-01   1.3603393e-01
   1.8900000e+01  -1.7854884e-01   1.1309274e-01
   1.9000000e+01  -1.8049728e-01   9.4480499e-02
   1.9100000e+01  -1.5055252e-01   8.6741669e-02
   1.9200000e+01  -1.1079469e-01   8.4983601e-02
   1.9300000e+01  -8.5919178e-02   8.5529623e-02
   1.9400000e+01  -7.8421081e-02   8.7237769e-02
   1.9500000e+01  -6.9217480e-02   8.4675700e-02
   1.9600000e+01  -4.3125307e-02   7.0211841e-02
   1.9700000e+01  -7.1659833e-03   4.4003069e-02
   1.9800000e+01   2.0881990e-02   1.5131912e-02
   1.9900000e+01   3.7131484e-02  -9.0095179e-03
   2.0000000e+01   5.5794130e-02  -2.8620257e-02
   2.0100000e+01   8.7460126e-02  -4.4224276e-02
   2.0200000e+01   1.2162173e-01  -5.0005766e-02
   2.0300000e+01   1.3828231e-01  -4.0949906e-02
   2.0400000e+01   1.3392437e-01  -2.3883156e-02
   2.0500000e+01   1.2677222e-01  -1.4286320e-02
   2.0600000e+01   1.3308514e-01  -2.1596235e-02
   2.0700000e+01   1.4471244e-01  -4.3193147e-02
   2.0800000e+01   1.3736699e-01  -7.3584626e-02
   2.0900000e+01   1.0032300e-01  -1.1174325e-01
   2.1000000e+01   5.1805899e-02  -1.5360051e-01
   2.1100000e+01   2.2437635e-02  -1.8277912e-01
   2.1200000e+01   2.6394619e-02  -1.7946961e-01
   2.1300000e+01   5.0619983e-02  -1.4157673e-01
   2.1400000e+01   6.8785481e-02  -9.0944942e-02
   2.1500000e+01   6.2049078e-02  -5.3825595e-02
   2.1600000e+01   2.9281348e-02  -3.7854390e-02
   2.1700000e+01  -1.4786913e-02  -3.1779220e-02
   2.1800000e+01  -4.7567268e-02  -2.4036440e-02
   2.1900000e+01  -5.0407421e-02  -1.4185233e-02
   2.2000000e+01  -2.1829007e-02  -5.6482121e-03
   2.2100000e+01   1.7226601e-02   4.5211236e-03
   2.2200000e+01   3.5478044e-02   2.1864574e-02
   2.2300000e+01   1.4913842e-02   4.3236762e-02
   2.2400000e+01  -3.4619483e-02   5.6733467e-02
   2.2500000e+01  -8.4353388e-02   5.5303069e-02
   2.2600000e+01  -1.1035504e-01   4.6121611e-02
   2.2700000e+01  -1.0918387e-01   4.2335162e-02
   2.2800000e+01  -9.3426495e-02   4.6741054e-02
   2.2900000e+01  -7.6804893e-02   4.7578424e-02
   2.3000000e+01  -6.5433752e-02   3.1883074e-02
   2.3100000e+01  -5.9498663e-02   1.2948579e-03
   2.3200000e+01  -5.7477662e-02  -2.6954595e-02
   2.3300000e+01  -5.7328257e-02  -3.4702956e-02
   2.3400000e+01  -5.7243344e-02  -1.8573866e-02
   2.3500000e+01  -5.8062348e-02   7.5290532e-03
   2.3600000e+01  -6.2986971e-02   2.4486368e-02
   2.3700000e+01  -7.1723215e-02   2.3419233e-02
   2.3800000e+01  -7.5780610e-02   1.1220000e-02
   2.3900000e+01  -6.3697680e-02   1.9343280e-03
   2.4000000e+01  -3.2973364e-02   2.6060209e-03
   2.4100000e+01   4.9351846e-03   7.5092121e-03
   2.4200000e+01   3.3261031e-02   6.5092859e-03
   2.4300000e+01   4.2941734e-02  -1.4555381e-03
   2.4400000e+01   3.6824160e-02  -4.8378594e-03
   2.4500000e+01   2.3778373e-02   9.1662929e-03
   2.4600000e+01   1.1524470e-02   3.9572729e-02
   2.4700000e+01   3.5667331e-03   6.8682280e-02
   2.4800000e+01  -1.6493472e-03   7.5090368e-02
   2.4900000e+01  -1.0102535e-02   5.0848630e-02
   2.5000000e+01  -2.6733495e-02   7.6669947e-03
   2.5100000e+01  -4.6696416e-02  -3.2193642e-02
   2.5200000e+01  -5.3818671e-02  -5.1681147e-02
   2.5300000e+01  -3.3018020e-02  -4.8853217e-02
   2.5400000e+01   1.3496195e-02  -3.4715575e-02
   2.5500000e+01   6.4715067e-02  -2.2387191e-02
   2.5600000e+01   9.7860836e-02  -1.6788695e-02
   2.5700000e+01   1.0644864e-01  -1.2867466e-02
   2.5800000e+01   1.0089759e-01  -3.2490965e-03
   2.5900000e+01   9.3969493e-02   1.1906333e-02
   2.6000000e+01   8.9290811e-02   2.2520407e-02
   2.6100000e+01   8.3602424e-02   1.7119499e-02
   2.6200000e+01   7.4973149e-02  -4.7139464e-03
   2.6300000e+01   6.4794029e-02  -2.8180713e-02
   2.6400000e+01   5.3782084e-02  -3.3681183e-02
   2.6500000e+01   4.1157903e-02  -1.4655799e-02
   2.6600000e+01   2.9006392e-02   1.3480169e-02
   2.6700000e+01   2.3336169e-02   2.4240883e-02
   2.6800000e+01   2.7332205e-02   3.8598430e-03
   2.6900000e+01   3.5699370e-02  -3.3454337e-02
   2.7000000e+01   4.0308806e-02  -5.5134852e-02
   2.7100000e+01   4.1505091e-02  -3.8274009e-02
   2.7200000e+01   4.8504468e-02   9.3047303e-03
   2.7300000e+01   6.4992954e-02   5.4921371e-02
   2.7400000e+01   7.7766340e-02   6.8472377e-02
   2.7500000e+01   6.6066737e-02   4.6167976e-02
   2.7600000e+01   2.3750029e-02   1.0332344e-02
   2.7700000e+01  -3.1766494e-02  -1.2001141e-02
   2.7800000e+01  -7.5164079e-02  -1.1276805e-02
   2.7900000e+01  -9.5326389e-02   2.2383851e-05
   2.8000000e+01  -9.9507045e-02   2.3168222e-03
   2.8100000e+01  -9.8974939e-02  -1.0853926e-02
   2.8200000e+01  -9.6656029e-02  -2.5665535e-02
   2.8300000e+01  -8.9762510e-02  -2.1204006e-02
   2.8400000e+01  -7.8671169e-02   8.6263238e-03
   2.8500000e+01  -6.7868492e-02   4.6545918e-02
   2.8600000e+01  -5.9179633e-02   6.7258655e-02
   2.8700000e+01  -4.8304444e-02   6.1921387e-02
   2.8800000e+01  -2.9348616e-02   4.5238904e-02
   2.8900000e+01  -1.2912742e-03   3.7075672e-02
   2.9000000e+01   2.9654069e-02   3.9731111e-02
   2.9100000e+01   5.1576651e-02   3.6983722e-02
   2.9200000e+01   5.1366411e-02   1.4883111e-02
   2.9300000e+01   2.3419897e-02  -2.0836835e-02
   2.9400000e+01  -2.1253048e-02  -4.9632637e-02
   2.9500000e+01  -5.6989158e-02  -5.4877643e-02
   2.9600000e+01  -6.1885699e-02  -3.4840570e-02
   2.9700000e+01  -3.8297903e-02   1.4713184e-03
   2.9800000e+01  -1.2181002e-02   4.2430665e-02
   2.9900000e+01  -7.6271184e-03   7.5898561e-02
   3.0000000e+01  -2.2143869e-02   8.9449991e-02
   3.0100000e+01  -3.0430294e-02   7.6274289e-02
   3.0200000e+01  -1.2992365e-02   4.2570314e-02
   3.0300000e+01   2.2803999e-02   4.9398671e-03
   3.0400000e+01   5.2172617e-02  -2.3246775e-02
   3.0500000e+01   5.9313524e-02  -4.2480973e-02
   3.0600000e+01   4.8961379e-02  -6.2468060e-02
   3.0700000e+01   3.2833276e-02  -8.7782242e-02
   3.0800000e+01   1.2862436e-02  -1.1069480e-01
   3.0900000e+01  -1.5838743e-02  -1.1847720e-01
   3.1000000e+01  -4.8810800e-02  -1.0508972e-01
   3.1100000e+01  -6.8551257e-02  -7.4352007e-02
   3.1200000e+01  -6.1904956e-02  -3.5046620e-02
   3.1300000e+01  -3.7289614e-02   2.2469485e-03
   3.1400000e+01  -1.8408130e-02   2.4075190e-02
   3.1500000e+01  -2.0000138e-02   1.7216016e-02
   3.1600000e+01  -3.3469207e-02  -2.0028332e-02
   3.1700000e+01  -3.7918830e-02  -6.9717790e-02
   3.1800000e+01  -2.2323461e-02  -1.0346291e-01
   3.1900000e+01   5.6161859e-03  -1.0453939e-01
   3.2000000e+01   2.9866546e-02  -8.0711944e-02
   3.2100000e+01   4.0619314e-02  -5.3319703e-02
   3.2200000e+01   3.8337546e-02  -3.4763026e-02
   3.2300000e+01   2.8125650e-02  -1.9682855e-02
   3.2400000e+01   1.4161616e-02   1.8544611e-03
   3.2500000e+01  -9.5188788e-04   2.7163316e-02
   3.2600000e+01  -1.4535546e-02   4.1283503e-02
   3.2700000e+01  -2.3082085e-02   3.3969828e-02
   3.2800000e+01  -2.2600279e-02   1.2456722e-02
   3.2900000e+01  -9.9174724e-03  -4.6743685e-03
   3.3000000e+01   1.4250484e-02  -4.3894551e-03
   3.3100000e+01   4.1942191e-02   1.1994686e-02
   3.3200000e+01   5.9289469e-02   3.4472297e-02
   3.3300000e+01   5.5431592e-02   5.3711730e-02
   3.3400000e+01   3.3392782e-02   6.3363120e-02
   3.3500000e+01   1.1558372e-02   5.8290224e-02
   3.3600000e+01   1.0501092e-02   3.7589099e-02
   3.3700000e+01   3.4559979e-02   1.0950755e-02
   3.3800000e+01   6.5724907e-02  -3.0831393e-03
   3.3900000e+01   7.7934011e-02   8.9540310e-03
   3.4000000e+01   5.9949946e-02   4.2192673e-02
   3.4100000e+01   2.5037190e-02   7.6844742e-02
   3.4200000e+01  -2.1130392e-03   9.6817919e-02
   3.4300000e+01  -7.8029665e-03   1.0403888e-01
   3.4400000e+01   1.5777860e-03   1.1277146e-01
   3.4500000e+01   1.1518936e-02   1.3034716e-01
   3.4600000e+01   1.7229037e-02   1.4608934e-01
   3.4700000e+01   2.6816357e-02   1.4132964e-01
   3.4800000e+01   4.7446917e-02   1.1000859e-01
   3.4900000e+01   7.2573047e-02   6.7256293e-02
   3.5000000e+01   8.6646572e-02   3.6160747e-02
   3.5100000e+01   8.1544515e-02   2.6787536e-02
   3.5200000e+01   6.3632293e-02   2.9685721e-02
   3.5300000e+01   4.2332845e-02   2.9142751e-02
   3.5400000e+01   1.6127009e-02   1.9237909e-02
   3.5500000e+01  -2.3372623e-02   4.7680490e-03
   3.5600000e+01  -7.3146625e-02  -1.0320042e-02
   3.5700000e+01  -1.1239132e-01  -2.9161362e-02
   3.5800000e+01  -1.2149125e-01  -5.4589869e-02
   3.5900000e+01  -1.0532767e-01  -8.0181034e-02
   3.6000000e+01  -8.9867858e-02  -9.4480309e-02
   3.6100000e+01  -9.2888482e-02  -9.4618194e-02
   3.6200000e+01  -1.0408600e-01  -9.1619984e-02
   3.6300000e+01  -9.9969095e-02  -9.9709827e-02
   3.6400000e+01  -7.5075798e-02  -1.2196466e-01
   3.6500000e+01  -4.9922694e-02  -1.4816416e-01
   3.6600000e+01  -4.5859073e-02  -1.6480132e-01
   3.6700000e+01  -5.9025508e-02  -1.6443383e-01
   3.6800000e+01  -6.5699832e-02  -1.4680971e-01
   3.6900000e+01  -5.0988750e-02  -1.1630745e-01
   3.7000000e+01  -2.5093536e-02  -8.1429497e-02
   3.7100000e+01  -9.6117033e-03  -5.3816229e-02
   3.7200000e+01  -1.3405548e-02  -4.2072848e-02
   3.7300000e+01  -2.6146243e-02  -4.4105599e-02
   3.7400000e+01  -3.2030664e-02  -4.7386682e-02
   3.7500000e+01  -2.3518321e-02  -3.9207738e-02
   3.7600000e+01  -1.6973571e-03  -1.7190549e-02
   3.7700000e+01   2.9729956e-02   1.0227433e-02
   3.7800000e+01   6.5416871e-02   3.2307804e-02
   3.7900000e+01   9.5965872e-02   4.3985358e-02
   3.8000000e+01   1.1115409e-01   4.7250179e-02
   3.8100000e+01   1.0838186e-01   4.8058051e-02
   3.8200000e+01   9.5633124e-02   5.2761305e-02
   3.8300000e+01   8.3685746e-02   6.4574112e-02
   3.8400000e+01   7.5992823e-02   8.0103851e-02
   3.8500000e+01   6.7238111e-02   8.9275742e-02
   3.8600000e+01   5.0435192e-02   8.1545423e-02
   3.8700000e+01   2.3735297e-02   5.4875154e-02
   3.8800000e+01  -8.1218120e-03   1.9438124e-02
   3.8900000e+01  -3.5435357e-02  -8.0383785e-03
   3.9000000e+01  -4.6325000e-02  -1.5095554e-02
   3.9100000e+01  -3.2694423e-02  -1.2324203e-03
   3.9200000e+01   1.7012516e-03   2.3099559e-02
   3.9300000e+01   3.9618676e-02   4.5302581e-02
   3.9400000e+01   6.1496824e-02   6.0036434e-02
   3.9500000e+01   6.1524854e-02   7.0359767e-02
   3.9600000e+01   5.1525671e-02   7.8950942e-02
   3.9700000e+01   4.6597436e-02   7.9662666e-02
   3.9800000e+01   4.7503242e-02   6.2039384e-02
   3.9900000e+01   4.0199790e-02   2.6772487e-02
   4.0000000e+01   1.3976850e-02  -6.5015547e-03
   4.0100000e+01  -2.2351454e-02  -1.2871358e-02
   4.0200000e+01  -4.5586294e-02   1.3805435e-02
   4.0300000e+01  -4.0262059e-02   5.2744855e-02
   4.0400000e+01  -1.4312775e-02   7.4384871e-02
   4.0500000e+01   8.0268838e-03   6.5955539e-02
   4.0600000e+01   8.0073850e-03   3.8346937e-02
   4.0700000e+01  -1.3256325e-02   1.0740637e-02
   4.0800000e+01  -3.9671948e-02  -6.9400719e-03
   4.0900000e+01  -5.5786568e-02  -1.6093502e-02
   4.1000000e+01  -5.6969584e-02  -1.9480530e-02
   4.1100000e+01  -4.8024346e-02  -1.5063653e-02
   4.1200000e+01  -3.6486971e-02  -9.9080756e-04
   4.1300000e+01  -2.8077850e-02   1.6392084e-02
   4.1400000e+01  -2.5304203e-02   2.3423358e-02
   4.1500000e+01  -2.7233394e-02   1.0331292e-02
   4.1600000e+01  -3.0679849e-02  -1.8145270e-02
   4.1700000e+01  -3.3276122e-02  -4.4757918e-02
   4.1800000e+01  -3.5461712e-02  -5.4553466e-02
   4.1900000e+01  -3.8450158e-02  -4.8951202e-02
   4.2000000e+01  -4.1101576e-02  -4.4449115e-02
   4.2100000e+01  -4.1248004e-02  -5.5742748e-02
   4.2200000e+01  -4.0091912e-02  -7.9117202e-02
   4.2300000e+01  -4.1531939e-02  -9.2688928e-02
   4.2400000e+01  -4.4567367e-02  -7.4430853e-02
   4.2500000e+01  -3.9724248e-02  -2.2795203e-02
   4.2600000e+01  -1.8977158e-02   3.7365277e-02
   4.2700000e+01   1.0283006e-02   6.9374146e-02
   4.2800000e+01   2.7653034e-02   5.0586095e-02
   4.2900000e+01   2.1392194e-02  -9.0083576e-03
   4.3000000e+01   4.8057705e-03  -7.1458122e-02
   4.3100000e+01   3.7483018e-03  -9.8541393e-02
   4.3200000e+01   2.5899816e-02  -8.1386426e-02
   4.3300000e+01   4.8332011e-02  -4.5578831e-02
   4.3400000e+01   4.1342194e-02  -2.5952820e-02
   4.3500000e+01   3.2214878e-03  -3.4547822e-02
   4.3600000e+01  -3.4112502e-02  -5.2074286e-02
   4.3700000e+01  -3.5749855e-02  -4.9216149e-02
   4.3800000e+01   2.9871166e-03  -1.5191448e-02
   4.3900000e+01   5.5054134e-02   3.2878001e-02
   4.4000000e+01   8.9289869e-02   6.5057126e-02
   4.4100000e+01   9.5553313e-02   6.2207540e-02
   4.4200000e+01   8.5083385e-02   2.9176939e-02
   4.4300000e+01   7.3470031e-02  -1.0125128e-02
   4.4400000e+01   6.7446887e-02  -3.0715041e-02
   4.4500000e+01   6.4981536e-02  -2.4751525e-02
   4.4600000e+01   6.1773051e-02  -6.3630303e-03
   4.4700000e+01   5.5069746e-02   1.7077563e-03
   4.4800000e+01   4.3703905e-02  -1.0931189e-02
   4.4900000e+01   2.7716360e-02  -3.2735865e-02
   4.5000000e+01   8.7203900e-03  -4.1176741e-02
   4.5100000e+01  -1.0169164e-02  -2.3127201e-02
   4.5200000e+01  -2.5268209e-02   1.5326614e-02
   4.5300000e+01  -3.3691457e-02   5.7071811e-02
   4.5400000e+01  -3.5001513e-02   8.8335432e-02
   4.5500000e+01  -3.2233823e-02   1.0380847e-01
   4.5600000e+01  -3.0353275e-02   1.0148831e-01
   4.5700000e+01  -3.2379553e-02   7.8974770e-02
   4.5800000e+01  -3.7231372e-02   3.8174399e-02
   4.5900000e+01  -4.2188548e-02  -9.0071313e-03
   4.6000000e+01  -4.6512173e-02  -4.4802755e-02
   4.6100000e+01  -5.0614747e-02  -5.7610210e-02
   4.6200000e+01  -5.2129359e-02  -4.8653857e-02
   4.6300000e+01  -4.6391278e-02  -2.6499227e-02
   4.6400000e+01  -3.3053482e-02   1.5467039e-03
   4.6500000e+01  -1.9638739e-02   2.9483782e-02
   4.6600000e+01  -1.4372800e-02   4.7370070e-02
   4.6700000e+01  -1.5742746e-02   4.4428675e-02
   4.6800000e+01  -1.3723855e-02   2.2331493e-02
   4.6900000e+01  -3.5880367e-03   1.2089462e-03
   4.7000000e+01   5.4020728e-03   3.9210307e-03
   4.7100000e+01   6.6522268e-05   3.1028362e-02
   4.7200000e+01  -1.8769301e-02   5.5782387e-02
   4.7300000e+01  -3.4064840e-02   4.9325583e-02
   4.7400000e+01  -3.1092880e-02   1.0811558e-02
   4.7500000e+01  -1.4646297e-02  -3.1093588e-02
   4.7600000e+01  -3.2524382e-03  -4.7652011e-02
   4.7700000e+01  -7.2320561e-03  -3.7962449e-02
   4.7800000e+01  -1.7382729e-02  -2.4987345e-02
   4.7900000e+01  -1.7050452e-02  -2.5424599e-02
   4.8000000e+01  -1.4985250e-03  -2.8043045e-02
   4.8100000e+01   1.8303400e-02  -5.5265956e-03
   4.8200000e+01   2.9136616e-02   5.1801596e-02
   4.8300000e+01   2.8317123e-02   1.1664283e-01
   4.8400000e+01   2.2929971e-02   1.4287898e-01
   4.8500000e+01   2.0661937e-02   1.0609733e-01
   4.8600000e+01   2.3718057e-02   2.6867575e-02
   4.8700000e+01   2.8899410e-02  -4.6961922e-02
   4.8800000e+01   3.0268721e-02  -8.1091803e-02
   4.8900000e+01   2.3155838e-02  -7.7665239e-02
   4.9000000e+01   9.5321546e-03  -6.0537145e-02
   4.9100000e+01  -3.0167689e-04  -4.4966878e-02
   4.9200000e+01   4.6494261e-03  -2.7258720e-02
   4.9300000e+01   2.4439105e-02  -1.0285044e-03
   4.9400000e+01   4.6435751e-02   2.6066326e-02
   4.9500000e+01   5.7524590e-02   3.7341140e-02
   4.9600000e+01   5.6126262e-02   2.4859749e-02
   4.9700000e+01   4.9296957e-02  -3.6869438e-03
   4.9800000e+01   4.0332049e-02  -3.4395649e-02
   4.9900000e+01   2.5420185e-02  -5.7207978e-02
   5.0000000e+01   4.3273644e-03  -6.6175806e-02
   5.0100000e+01  -1.1453959e-02  -5.7733776e-02
   5.0200000e+01  -7.7194944e-03  -3.5499896e-02
   5.0300000e+01   1.5458326e-02  -1.4120290e-02
   5.0400000e+01   4.0506739e-02  -1.0546698e-02
   5.0500000e+01   4.8282798e-02  -2.8137735e-02
   5.0600000e+01   3.5362589e-02  -5.1801721e-02
   5.0700000e+01   1.4596487e-02  -6.0744989e-02
   5.0800000e+01   1.0704165e-03  -4.5065803e-02
   5.0900000e+01  -4.8039439e-04  -1.0671994e-02
   5.1000000e+01   3.3608489e-03   2.7262060e-02
   5.1100000e+01   2.3748167e-03   5.2511010e-02
   5.1200000e+01  -8.9827397e-03   5.3576404e-02
   5.1300000e+01  -2.7942995e-02   2.9178560e-02
   5.1400000e+01  -4.6206641e-02  -8.1645290e-03
   5.1500000e+01  -5.7195973e-02  -3.6528345e-02
   5.1600000e+01  -6.1440591e-02  -3.7452068e-02
   5.1700000e+01  -6.4303378e-02  -8.6070582e-03
   5.1800000e+01  -6.8669975e-02   3.3291314e-02
   5.1900000e+01  -7.2052632e-02   6.1785373e-02
   5.2000000e+01  -7.2063189e-02   5.7528715e-02
   5.2100000e+01  -7.2266405e-02   2.3163568e-02
   5.2200000e+01  -7.8866908e-02  -1.5733754e-02
   5.2300000e+01  -9.1042553e-02  -2.9037343e-02
   5.2400000e+01  -9.7603937e-02  -7.6106736e-03
   5.2500000e+01  -8.6124965e-02   2.8044811e-02
   5.2600000e+01  -5.5689993e-02   4.6771337e-02
   5.2700000e+01  -1.9670488e-02   3.5120122e-02
   5.2800000e+01   4.4879605e-03   6.4190035e-03
   5.2900000e+01   8.7318555e-03  -1.5642498e-02
   5.3000000e+01  -3.6165526e-04  -1.7782715e-02
   5.3100000e+01  -7.6484827e-03  -2.5149912e-03
   5.3200000e+01  -1.1220606e-03   1.8551248e-02
   5.3300000e+01   1.9162941e-02   3.0249337e-02
   5.3400000e+01   4.0883612e-02   1.7912888e-02
   5.3500000e+01   4.8771680e-02  -2.2013094e-02
   5.3600000e+01   3.7869136e-02  -7.0971536e-02
   5.3700000e+01   2.0228325e-02  -9.6189758e-02
   5.3800000e+01   1.6891353e-02  -7.9455888e-02
   5.3900000e+01   3.8965534e-02  -3.7493485e-02
   5.4000000e+01   7.4637910e-02  -5.9034196e-03
   5.4100000e+01   9.7486043e-02  -6.4171225e-04
   5.4200000e+01   9.1190503e-02  -2.4461258e-03
   5.4300000e+01   6.5737304e-02   1.5031117e-02
   5.4400000e+01   4.6005110e-02   4.7120672e-02
   5.4500000e+01   4.4138616e-02   5.8708149e-02
   5.4600000e+01   4.7901248e-02   2.5605130e-02
   5.4700000e+01   3.9563611e-02  -3.2080197e-02
   5.4800000e+01   2.1633216e-02  -6.5141636e-02
   5.4900000e+01   1.5224696e-02  -4.2997182e-02
   5.5000000e+01   3.1204765e-02   1.7954653e-02
   5.5100000e+01   5.1511368e-02   7.2671278e-02
   5.5200000e+01   4.8005441e-02   8.8977984e-02
   5.5300000e+01   1.8203218e-02   7.0248025e-02
   5.5400000e+01  -7.4206622e-03   4.3866188e-02
   5.5500000e+01   1.1449825e-03   3.4268468e-02
   5.5600000e+01   3.7803961e-02   4.6181012e-02
   5.5700000e+01   6.5216828e-02   6.6505231e-02
   5.5800000e+01   5.4662930e-02   7.6835798e-02
   5.5900000e+01   1.4575232e-02   6.5780666e-02
   5.6000000e+01  -2.2972670e-02   3.5258169e-02
   5.6100000e+01  -3.8376164e-02  -9.2705974e-04
   5.6200000e+01  -4.0528844e-02  -2.5545502e-02
   5.6300000e+01  -4.8051080e-02  -2.9353196e-02
   5.6400000e+01  -6.2359712e-02  -1.7883267e-02
   5.6500000e+01  -6.5358980e-02  -7.1934056e-03
   5.6600000e+01  -4.2900407e-02  -1.0176795e-02
   5.6700000e+01  -5.5363875e-03  -2.4577353e-02
   5.6800000e+01   1.7488123e-02  -3.4630408e-02
   5.6900000e+01   5.2647341e-03  -2.6380692e-02
   5.7000000e+01  -3.4110456e-02  -2.5485620e-03
   5.7100000e+01  -6.9510284e-02   1.7955660e-02
   5.7200000e+01  -7.3625853e-02   1.5873327e-02
   5.7300000e+01  -4.5872250e-02  -1.2030980e-02
   5.7400000e+01  -1.1128389e-02  -5.0204820e-02
   5.7500000e+01   3.3120797e-03  -7.5809922e-02
   5.7600000e+01  -9.2424303e-03  -7.4075032e-02
   5.7700000e+01  -3.2344116e-02  -4.6861854e-02
   5.7800000e+01  -4.4412732e-02  -1.0250933e-02
   5.7900000e+01  -3.8067242e-02   1.6318288e-02
   5.8000000e+01  -2.2484878e-02   2.1899123e-02
   5.8100000e+01  -9.8348125e-03   8.5437866e-03
   5.8200000e+01  -3.1218111e-03  -1.3797661e-02
   5.8300000e+01   1.6810645e-03  -3.5382538e-02
   5.8400000e+01   5.0518700e-03  -4.9958957e-02
   5.8500000e+01   6.5731055e-04  -5.3795431e-02
   5.8600000e+01  -1.5438775e-02  -4.6757475e-02
   5.8700000e+01  -3.5196080e-02  -3.5577075e-02
   5.8800000e+01  -4.2583804e-02  -3.1278050e-02
   5.8900000e+01  -2.8856566e-02  -3.8046414e-02
   5.9000000e+01  -2.4709094e-03  -4.5075363e-02
   5.9100000e+01   1.7948796e-02  -3.4462287e-02
   5.9200000e+01   2.0631708e-02  -3.6395251e-04
   5.9300000e+01   1.0157224e-02   4.1035089e-02
   5.9400000e+01   6.8938780e-04   6.2972110e-02
   5.9500000e+01   1.4132379e-03   5.0214285e-02
   5.9600000e+01   9.2504544e-03   1.1135590e-02
   5.9700000e+01   1.4426567e-02  -2.8530220e-02
   5.9800000e+01   1.1065218e-02  -4.2177581e-02
   5.9900000e+01   1.9920575e-03  -1.7750810e-02
   6.0000000e+01  -4.9579430e-03   3.4234118e-02
   6.0100000e+01  -3.6297743e-03   8.4539577e-02
   6.0200000e+01   6.5516086e-03   1.0298743e-01
   6.0300000e+01   2.0718726e-02   8.0885394e-02
   6.0400000e+01   3.1528213e-02   3.8338400e-02
   6.0500000e+01   3.3899876e-02   6.5430507e-03
   6.0600000e+01   2.9260345e-02   1.2930789e-03
   6.0700000e+01   2.5115367e-02   1.4879462e-02
   6.0800000e+01   2.8425160e-02   3.1835252e-02
   6.0900000e+01   3.8184974e-02   4.5528864e-02
   6.1000000e+01   4.5252146e-02   5.5397914e-02
   6.1100000e+01   4.0682709e-02   5.4734247e-02
   6.1200000e+01   2.4832436e-02   3.3150761e-02
   6.1300000e+01   8.7425847e-03  -5.4870715e-03
   6.1400000e+01   6.6391981e-03  -3.6467049e-02
   6.1500000e+01   2.4867053e-02  -3.5184613e-02
   6.1600000e+01   5.4134456e-02  -4.1719337e-03
   6.1700000e+01   7.1369467e-02   2.7737322e-02
   6.1800000e+01   5.4289292e-02   3.5048666e-02
   6.1900000e+01   1.7627625e-03   1.9036616e-02
   6.2000000e+01  -5.8075651e-02  -1.1218340e-03
   6.2100000e+01  -8.5546993e-02  -1.4289876e-02
   6.2200000e+01  -6.2389871e-02  -2.6454636e-02
   6.2300000e+01  -9.2230268e-03  -4.5117432e-02
   6.2400000e+01   3.1989960e-02  -6.4055395e-02
   6.2500000e+01   3.4641561e-02  -6.9796635e-02
   6.2600000e+01   7.2742467e-03  -5.9613651e-02
   6.2700000e+01  -2.0714756e-02  -4.5826192e-02
   6.2800000e+01  -2.8707245e-02  -4.0851318e-02
   6.2900000e+01  -1.9090420e-02  -4.2865751e-02
   6.3000000e+01  -7.1101910e-03  -3.9807453e-02
   6.3100000e+01  -3.4012021e-03  -2.5149077e-02
   6.3200000e+01  -7.7381375e-03  -5.2022926e-03
   6.3300000e+01  -1.4622880e-02   9.5328478e-03
   6.3400000e+01  -1.9540269e-02   1.6024599e-02
   6.3500000e+01  -2.0076950e-02   1.8488280e-02
   6.3600000e+01  -1.5668032e-02   1.8564928e-02
   6.3700000e+01  -9.2360138e-03   1.1047551e-02
   6.3800000e+01  -7.0825219e-03  -7.7290937e-03
   6.3900000e+01  -1.3217460e-02  -2.9872060e-02
   6.4000000e+01  -2.2820615e-02  -3.9489171e-02
   6.4100000e+01  -2.4229202e-02  -2.8540049e-02
   6.4200000e+01  -1.0539216e-02  -6.7215757e-03
   6.4300000e+01   1.0957872e-02   7.8686703e-03
   6.4400000e+01   2.3680866e-02   7.8274420e-03
   6.4500000e+01   1.7808985e-02   3.0085857e-03
   6.4600000e+01   3.9495086e-04   6.5153267e-03
   6.4700000e+01  -1.2050639e-02   1.7244945e-02
   6.4800000e+01  -1.0257120e-02   2.0978954e-02
   6.4900000e+01   5.0386891e-04   9.3484038e-03
   6.5000000e+01   9.2045992e-03  -6.7954525e-03
   6.5100000e+01   1.1440285e-02  -7.2510966e-03
   6.5200000e+01   1.0772298e-02   1.4794373e-02
   6.5300000e+01   1.0675546e-02   4.3446487e-02
   6.5400000e+01   1.0358465e-02   5.5023146e-02
   6.5500000e+01   9.3351640e-03   4.0550487e-02
   6.5600000e+01   1.0873654e-02   1.2346164e-02
   6.5700000e+01   1.6063110e-02  -9.3518993e-03
   6.5800000e+01   1.6544735e-02  -1.3224564e-02
   6.5900000e+01   9.0284638e-05  -1.3332941e-03
   6.6000000e+01  -3.2923758e-02   1.8338855e-02
   6.6100000e+01  -6.2147106e-02   3.9741084e-02
   6.6200000e+01  -6.2481803e-02   5.9277911e-02
   6.6300000e+01  -2.9121660e-02   7.1815714e-02
   6.6400000e+01   1.4275041e-02   7.0132849e-02
   6.6500000e+01   3.4335702e-02   5.1226098e-02
   6.6600000e+01   1.5775681e-02   2.3402099e-02
   6.6700000e+01  -2.7290336e-02   3.7627586e-03
   6.6800000e+01  -6.4032838e-02   4.0333712e-03
   6.6900000e+01  -7.0058748e-02   1.7628300e-02
   6.7000000e+01  -4.3060729e-02   2.4053728e-02
   6.7100000e+01  -2.2802033e-03   9.3543986e-03
   6.7200000e+01   2.6251587e-02  -1.8773899e-02
   6.7300000e+01   2.9026921e-02  -3.8819980e-02
   6.7400000e+01   1.4720867e-02  -3.7651322e-02
   6.7500000e+01   4.6708725e-03  -2.1906751e-02
   6.7600000e+01   1.1473897e-02  -7.7153822e-03
   6.7700000e+01   2.7274093e-02  -3.8755250e-03
   6.7800000e+01   3.4904851e-02  -7.9845285e-03
   6.7900000e+01   2.8760414e-02  -1.5390959e-02
   6.8000000e+01   1.9742337e-02  -2.5922341e-02
   6.8100000e+01   1.8572670e-02  -4.0684495e-02
   6.8200000e+01   2.0426739e-02  -5.6134160e-02
   6.8300000e+01   1.2650878e-02  -6.4323750e-02
   6.8400000e+01  -4.2250599e-03  -5.8651937e-02
   6.8500000e+01  -1.2088256e-02  -3.9003467e-02
   6.8600000e+01   2.9868376e-03  -1.2785676e-02
   6.8700000e+01   2.9141106e-02   8.5772317e-03
   6.8800000e+01   3.7166761e-02   1.6802837e-02
   6.8900000e+01   1.2708375e-02   1.3006769e-02
   6.9000000e+01  -2.5111598e-02   5.8896165e-03
   6.9100000e+01  -4.2111489e-02   1.5331264e-03
   6.9200000e+01  -2.4991267e-02  -3.9284195e-03
   6.9300000e+01   5.2263191e-03  -1.8278084e-02
   6.9400000e+01   1.6528888e-02  -3.9955076e-02
   6.9500000e+01  -4.7413197e-04  -5.5088607e-02
   6.9600000e+01  -2.4462980e-02  -5.0721818e-02
   6.9700000e+01  -2.6974063e-02  -2.9032597e-02
   6.9800000e+01  -9.5421481e-04  -5.3698206e-03
   6.9900000e+01   3.3810227e-02   6.8052445e-03
   7.0000000e+01   5.0205657e-02   5.8360677e-03
   7.0100000e+01   3.7045277e-02  -2.3533712e-03
   7.0200000e+01   6.0279029e-03  -1.3035641e-02
   7.0300000e+01  -1.9748927e-02  -2.4210765e-02
   7.0400000e+01  -2.3499126e-02  -3.2893122e-02
   7.0500000e+01  -5.4186112e-03  -3.5311064e-02
   7.0600000e+01   1.9366249e-02  -3.1300537e-02
   7.0700000e+01   3.2809438e-02  -2.4631934e-02
   7.0800000e+01   2.7328313e-02  -1.7339814e-02
   7.0900000e+01   1.0720264e-02  -6.8293048e-03
   7.1000000e+01  -1.5798800e-03   8.7524976e-03
   7.1100000e+01  -6.0490682e-04   2.4776166e-02
   7.1200000e+01   8.4538868e-03   3.4104242e-02
   7.1300000e+01   1.2442872e-02   3.6616034e-02
   7.1400000e+01   4.3079333e-03   4.0302315e-02
   7.1500000e+01  -9.2573454e-03   5.0717141e-02
   7.1600000e+01  -1.4573203e-02   6.2646537e-02
   7.1700000e+01  -5.1495242e-03   6.6166366e-02
   7.1800000e+01   1.1665259e-02   5.9955180e-02
   7.1900000e+01   2.2540659e-02   5.4330986e-02
   7.2000000e+01   2.1878485e-02   5.9293367e-02
   7.2100000e+01   1.6452526e-02   7.1639909e-02
   7.2200000e+01   1.6195102e-02   7.6297310e-02
   7.2300000e+01   2.1781656e-02   6.0956857e-02
   7.2400000e+01   2.3119982e-02   2.9691940e-02
   7.2500000e+01   1.0539973e-02   2.6695143e-03
   7.2600000e+01  -1.3629894e-02   8.0138591e-04
   7.2700000e+01  -3.5709064e-02   2.6615694e-02
   7.2800000e+01  -4.2910574e-02   5.8317536e-02
   7.2900000e+01  -3.4714382e-02   6.6153446e-02
   7.3000000e+01  -2.2566079e-02   3.9609640e-02
   7.3100000e+01  -1.9144114e-02  -1.1625684e-03
   7.3200000e+01  -2.7873851e-02  -2.4477053e-02
   7.3300000e+01  -4.1774665e-02  -1.9181900e-02
   7.3400000e+01  -5.1183947e-02  -5.3266741e-03
   7.3500000e+01  -5.1974150e-02  -1.1337105e-02
   7.3600000e+01  -4.6553668e-02  -4.3018904e-02
   7.3700000e+01  -3.8200996e-02  -7.7865462e-02
   7.3800000e+01  -2.6767933e-02  -8.8353990e-02
   7.3900000e+01  -1.1870335e-02  -6.7377945e-02
   7.4000000e+01   7.1640756e-04  -3.1619880e-02
   7.4100000e+01   2.8038156e-04  -5.0240630e-03
   7.4200000e+01  -1.7045367e-02  -1.1533593e-03
   7.4300000e+01  -3.8295152e-02  -1.7196867e-02
   7.4400000e+01  -4.0571117e-02  -3.9156500e-02
   7.4500000e+01  -1.2480283e-02  -5.2196630e-02
   7.4600000e+01   3.1198407e-02  -5.0190265e-02
   7.4700000e+01   5.9085701e-02  -3.8609598e-02
   7.4800000e+01   4.9765971e-02  -2.8161578e-02
   7.4900000e+01   1.0297273e-02  -2.4777334e-02
   7.5000000e+01  -2.9738476e-02  -2.5934175e-02
   7.5100000e+01  -4.1505906e-02  -2.6239481e-02
   7.5200000e+01  -1.7250218e-02  -2.4468973e-02
   7.5300000e+01   2.6410345e-02  -2.3691625e-02
   7.5400000e+01   6.2030701e-02  -2.5803446e-02
   7.5500000e+01   7.0971917e-02  -2.8226487e-02
   7.5600000e+01   5.5022385e-02  -2.6251833e-02
   7.5700000e+01   3.1260417e-02  -1.7174927e-02
   7.5800000e+01   1.5249740e-02  -1.7577621e-03
   7.5900000e+01   9.3449769e-03   1.6696516e-02
   7.6000000e+01   7.4127221e-03   3.3054716e-02
   7.6100000e+01   7.5809127e-03   4.0687185e-02
   7.6200000e+01   1.4874753e-02   3.3734946e-02
   7.6300000e+01   3.0327992e-02   1.1998358e-02
   7.6400000e+01   4.3403192e-02  -1.5220090e-02
   7.6500000e+01   4.1232585e-02  -3.1915700e-02
   7.6600000e+01   2.4266337e-02  -2.5914767e-02
   7.6700000e+01   6.8928307e-03   3.5059208e-04
   7.6800000e+01   5.4784423e-04   2.9719007e-02
   7.6900000e+01   6.9643281e-04   4.3148374e-02
   7.7000000e+01  -5.2627192e-03   3.4303047e-02
   7.7100000e+01  -1.9525025e-02   1.2142024e-02
   7.7200000e+01  -2.9129524e-02  -9.1306436e-03
   7.7300000e+01  -2.1485880e-02  -2.0372574e-02
   7.7400000e+01  -9.5643458e-04  -1.8935762e-02
   7.7500000e+01   1.3796148e-02  -5.5209142e-03
   7.7600000e+01   8.5197366e-03   1.5382892e-02
   7.7700000e+01  -1.3068781e-02   3.3253335e-02
   7.7800000e+01  -3.4380936e-02   3.5868747e-02
   7.7900000e+01  -4.1887185e-02   2.0116268e-02
   7.8000000e+01  -3.4767278e-02  -2.3077476e-03
   7.8100000e+01  -2.1476672e-02  -1.2679626e-02
   7.8200000e+01  -1.0679830e-02  -2.6641754e-04
   7.8300000e+01  -6.0386189e-03   2.8958181e-02
   7.8400000e+01  -6.3063912e-03   5.6233548e-02
   7.8500000e+01  -7.2963417e-03   6.2470301e-02
   7.8600000e+01  -4.9197746e-03   4.1509211e-02
   7.8700000e+01  -7.2960297e-06   6.7412140e-03
   7.8800000e+01  -7.5401026e-04  -1.5550682e-02
   7.8900000e+01  -1.6114783e-02  -6.0292243e-03
   7.9000000e+01  -4.2639693e-02   2.8636645e-02
   7.9100000e+01  -5.9503417e-02   5.7473382e-02
   7.9200000e+01  -4.2909908e-02   5.1514406e-02
   7.9300000e+01   9.9269971e-03   1.2087240e-02
   7.9400000e+01   7.1801940e-02  -2.7844849e-02
   7.9500000e+01   1.0417510e-01  -3.2832195e-02
   7.9600000e+01   8.8258739e-02   3.0249139e-03
   7.9700000e+01   4.0175089e-02   5.1331107e-02
   7.9800000e+01  -3.0479701e-03   7.4090858e-02
   7.9900000e+01  -1.3780344e-02   5.3056980e-02
   8.0000000e+01   4.9211735e-03   2.4463353e-04
