   1.0222920e+02   2.8639488e+01   1.9347800e+03
   1.0221618e+02   2.8602761e+01   2.5212700e+03
   0.0000000e+00   7.7302305e-01   7.7302305e-01
   1.0000000e-01   8.9199775e-01   6.2847743e-01
   2.0000000e-01   9.6943915e-01   4.8039957e-01
   3.0000000e-01   1.0000000e+00   3.4820285e-01
   4.0000000e-01   9.8614453e-01   2.4300127e-01
   5.0000000e-01   9.3367513e-01   1.6606820e-01
   6.0000000e-01   8.5092666e-01   1.0834947e-01
   7.0000000e-01   7.4874464e-01   5.2927332e-02
   8.0000000e-01   6.3680745e-01  -1.4944154e-02
   9.0000000e-01   5.1968882e-01  -9.5026862e-02
   1.0000000e+00   3.9913919e-01  -1.7041796e-01
   1.1000000e+00   2.8056072e-01  -2.2205899e-01
   1.2000000e+00   1.7459233e-01  -2.4545111e-01
   1.3000000e+00   9.0954681e-02  -2.5230852e-01
   1.4000000e+00   3.2006156e-02  -2.5817052e-01
   1.5000000e+00  -7.7000363e-03  -2.7218860e-01
   1.6000000e+00  -3.8877170e-02  -2.9791883e-01
   1.7000000e+00  -7.6562221e-02  -3.3747114e-01
   1.8000000e+00  -1.3762597e-01  -3.9011679e-01
   1.9000000e+00  -2.3181691e-01  -4.4896794e-01
   2.0000000e+00  -3.5129967e-01  -5.0366452e-01
   2.1000000e+00  -4.7042313e-01  -5.4680201e-01
   2.2000000e+00  -5.5893458e-01  -5.7509639e-01
   2.3000000e+00  -5.9817104e-01  -5.8467688e-01
   2.4000000e+00  -5.8824513e-01  -5.6969190e-01
   2.5000000e+00  -5.4444571e-01  -5.2822321e-01
   2.6000000e+00  -4.8847858e-01  -4.6716716e-01
   2.7000000e+00  -4.3908914e-01  -3.9801305e-01
   2.8000000e+00  -4.0456986e-01  -3.2853400e-01
   2.9000000e+00  -3.8071473e-01  -2.6136327e-01
   3.0000000e+00  -3.5631680e-01  -2.0000452e-01
   3.1000000e+00  -3.2223501e-01  -1.5161636e-01
   3.2000000e+00  -2.7706641e-01  -1.2071283e-01
   3.3000000e+00  -2.2708096e-01  -1.0184702e-01
   3.4000000e+00  -1.8326874e-01  -8.2330287e-02
   3.5000000e+00  -1.5739028e-01  -5.3651038e-02
   3.6000000e+00  -1.5656923e-01  -1.9093007e-02
   3.7000000e+00  -1.7868102e-01   1.0625476e-02
   3.8000000e+00  -2.1363699e-01   2.8184423e-02
   3.9000000e+00  -2.5057173e-01   3.5188669e-02
   4.0000000e+00  -2.8298820e-01   3.7936931e-02
   4.1000000e+00  -3.0578387e-01   4.0032329e-02
   4.2000000e+00  -3.0917566e-01   4.0726262e-02
   4.3000000e+00  -2.7952694e-01   4.0130599e-02
   4.4000000e+00  -2.0847044e-01   4.4193651e-02
   4.5000000e+00  -1.0133324e-01   6.2681227e-02
   4.6000000e+00   2.2905716e-02   1.0144145e-01
   4.7000000e+00   1.3877166e-01   1.5671790e-01
   4.8000000e+00   2.2275210e-01   2.1705921e-01
   4.9000000e+00   2.5985597e-01   2.7031786e-01
   5.0000000e+00   2.4745488e-01   3.0864016e-01
   5.1000000e+00   1.9534191e-01   3.2796830e-01
   5.2000000e+00   1.2228417e-01   3.2535927e-01
   5.3000000e+00   5.1855757e-02   2.9921281e-01
   5.4000000e+00   8.6173700e-03   2.5281533e-01
   5.5000000e+00   1.1562579e-02   1.9662787e-01
   5.6000000e+00   6.4106346e-02   1.4536387e-01
   5.7000000e+00   1.4835464e-01   1.1116487e-01
   5.8000000e+00   2.3247316e-01   9.8146901e-02
   5.9000000e+00   2.8779312e-01   1.0218880e-01
   6.0000000e+00   3.0160601e-01   1.1493807e-01
   6.1000000e+00   2.7770362e-01   1.2797919e-01
   6.2000000e+00   2.3091481e-01   1.3478389e-01
   6.3000000e+00   1.8346470e-01   1.3161815e-01
   6.4000000e+00   1.5980055e-01   1.1908268e-01
   6.5000000e+00   1.7387975e-01   1.0291874e-01
   6.6000000e+00   2.1648759e-01   9.1134105e-02
   6.7000000e+00   2.5871063e-01   8.7994606e-02
   6.8000000e+00   2.7316515e-01   9.0158240e-02
   6.9000000e+00   2.5321156e-01   8.9310075e-02
   7.0000000e+00   2.1193169e-01   7.9028436e-02
   7.1000000e+00   1.6634526e-01   5.9216607e-02
   7.2000000e+00   1.2667251e-01   3.4726717e-02
   7.3000000e+00   9.8245581e-02   1.1170168e-02
   7.4000000e+00   8.5323295e-02  -7.7250397e-03
   7.5000000e+00   8.7524278e-02  -2.0727731e-02
   7.6000000e+00   9.5082980e-02  -2.9466425e-02
   7.7000000e+00   9.3275048e-02  -3.8169632e-02
   7.8000000e+00   7.3469484e-02  -5.1039689e-02
   7.9000000e+00   3.8580642e-02  -6.8685190e-02
   8.0000000e+00  -2.0056185e-03  -8.7885887e-02
   8.1000000e+00  -4.0443284e-02  -1.0554244e-01
   8.2000000e+00  -7.3124792e-02  -1.2167749e-01
   8.3000000e+00  -9.8776854e-02  -1.3698843e-01
   8.4000000e+00  -1.1696746e-01  -1.4815063e-01
   8.5000000e+00  -1.2812889e-01  -1.4828473e-01
   8.6000000e+00  -1.3322271e-01  -1.3392525e-01
   8.7000000e+00  -1.3351860e-01  -1.1088701e-01
   8.8000000e+00  -1.3220457e-01  -9.1572918e-02
   8.9000000e+00  -1.3570028e-01  -8.5661743e-02
   9.0000000e+00  -1.5019893e-01  -9.3223244e-02
   9.1000000e+00  -1.7429590e-01  -1.0625672e-01
   9.2000000e+00  -1.9565898e-01  -1.1609263e-01
   9.3000000e+00  -1.9782501e-01  -1.1950627e-01
   9.4000000e+00  -1.7270284e-01  -1.1889338e-01
   9.5000000e+00  -1.2746939e-01  -1.1749716e-01
   9.6000000e+00  -7.9746268e-02  -1.1463663e-01
   9.7000000e+00  -4.6266164e-02  -1.0571809e-01
   9.8000000e+00  -3.5065005e-02  -8.7371937e-02
   9.9000000e+00  -4.5468773e-02  -6.2527952e-02
   1.0000000e+01  -7.1852454e-02  -3.9491919e-02
   1.0100000e+01  -1.0578623e-01  -2.5334084e-02
   1.0200000e+01  -1.3650589e-01  -2.0634054e-02
   1.0300000e+01  -1.5330856e-01  -2.1055012e-02
   1.0400000e+01  -1.5042111e-01  -2.2579026e-02
   1.0500000e+01  -1.2986645e-01  -2.2958698e-02
   1.0600000e+01  -9.8672232e-02  -1.8392926e-02
   1.0700000e+01  -6.3153417e-02  -2.7448284e-03
   1.0800000e+01  -2.6449240e-02   2.5990093e-02
   1.0900000e+01   9.0111645e-03   5.8701484e-02
   1.1000000e+01   3.8989706e-02   7.8717892e-02
   1.1100000e+01   5.9379978e-02   7.5922419e-02
   1.1200000e+01   7.0398407e-02   5.7566549e-02
   1.1300000e+01   7.7102099e-02   4.3304881e-02
   1.1400000e+01   8.4712307e-02   4.8479554e-02
   1.1500000e+01   9.3767427e-02   7.2159621e-02
   1.1600000e+01   1.0037897e-01   1.0060647e-01
   1.1700000e+01   1.0103092e-01   1.2042820e-01
   1.1800000e+01   9.6822695e-02   1.2759445e-01
   1.1900000e+01   9.3240926e-02   1.2572780e-01
   1.2000000e+01   9.5841738e-02   1.1890717e-01
   1.2100000e+01   1.0521330e-01   1.0752242e-01
   1.2200000e+01   1.1493427e-01   8.9784689e-02
   1.2300000e+01   1.1456970e-01   6.5276919e-02
   1.2400000e+01   9.6519354e-02   3.6577658e-02
   1.2500000e+01   6.2216661e-02   8.4104821e-03
   1.2600000e+01   2.2801339e-02  -1.4072380e-02
   1.2700000e+01  -6.7411137e-03  -2.6840565e-02
   1.2800000e+01  -1.5953831e-02  -2.8408630e-02
   1.2900000e+01  -4.1914769e-03  -2.0854808e-02
   1.3000000e+01   1.9937907e-02  -9.2847145e-03
   1.3100000e+01   4.3582255e-02   8.6985025e-04
   1.3200000e+01   5.5611343e-02   7.1796420e-03
   1.3300000e+01   5.0573797e-02   1.1185084e-02
   1.3400000e+01   2.9522073e-02   1.5549494e-02
   1.3500000e+01  -1.6904019e-03   1.9686166e-02
   1.3600000e+01  -3.5257354e-02   1.8348358e-02
   1.3700000e+01  -6.4213661e-02   5.4656238e-03
   1.3800000e+01  -8.4358245e-02  -1.9569134e-02
   1.3900000e+01  -9.4603249e-02  -4.8987994e-02
   1.4000000e+01  -9.5582460e-02  -7.0532282e-02
   1.4100000e+01  -8.7802102e-02  -7.5575083e-02
   1.4200000e+01  -7.1477071e-02  -6.4929156e-02
   1.4300000e+01  -4.8507566e-02  -4.7609505e-02
   1.4400000e+01  -2.4034956e-02  -3.3777420e-02
   1.4500000e+01  -4.7146979e-03  -2.7697511e-02
   1.4600000e+01   5.3945388e-03  -2.5941137e-02
   1.4700000e+01   7.0099416e-03  -2.1500382e-02
   1.4800000e+01   3.4317987e-03  -1.0233001e-02
   1.4900000e+01  -3.0874523e-03   5.0546326e-03
   1.5000000e+01  -1.1694073e-02   1.5837875e-02
   1.5100000e+01  -1.9977780e-02   1.4072100e-02
   1.5200000e+01  -2.2839962e-02  -7.2409124e-04
   1.5300000e+01  -1.6525578e-02  -1.9468460e-02
   1.5400000e+01  -3.9647187e-03  -2.9541382e-02
   1.5500000e+01   5.6679260e-03  -2.4558799e-02
   1.5600000e+01   4.4362056e-03  -8.9646415e-03
   1.5700000e+01  -6.9953780e-03   7.1561954e-03
   1.5800000e+01  -1.9865785e-02   1.7534601e-02
   1.5900000e+01  -2.5029814e-02   2.3353270e-02
   1.6000000e+01  -1.9706673e-02   2.7967735e-02
   1.6100000e+01  -7.1112932e-03   3.0241332e-02
   1.6200000e+01   8.7457204e-03   2.5275470e-02
   1.6300000e+01   2.6323613e-02   1.1608112e-02
   1.6400000e+01   4.5078400e-02  -4.5170247e-03
   1.6500000e+01   6.2706742e-02  -1.3846835e-02
   1.6600000e+01   7.5275677e-02  -1.2913550e-02
   1.6700000e+01   7.9895112e-02  -7.0203789e-03
   1.6800000e+01   7.6509940e-02  -4.1493187e-03
   1.6900000e+01   6.7197332e-02  -6.6656601e-03
   1.7000000e+01   5.4558473e-02  -9.7534811e-03
   1.7100000e+01   4.0946616e-02  -7.7920345e-03
   1.7200000e+01   2.8138633e-02  -1.3471062e-03
   1.7300000e+01   1.6526074e-02   2.8775929e-03
   1.7400000e+01   4.7216145e-03  -9.1364120e-04
   1.7500000e+01  -8.7514076e-03  -1.1005738e-02
   1.7600000e+01  -2.2424221e-02  -1.8973502e-02
   1.7700000e+01  -3.0988240e-02  -1.7192586e-02
   1.7800000e+01  -2.8853264e-02  -5.5745279e-03
   1.7900000e+01  -1.5730104e-02   8.9443834e-03
   1.8000000e+01   1.2453775e-03   1.9175296e-02
   1.8100000e+01   1.1731073e-02   2.3768285e-02
   1.8200000e+01   9.6492082e-03   2.7002395e-02
   1.8300000e+01  -2.4139634e-03   3.3138312e-02
   1.8400000e+01  -1.5484841e-02   4.1092434e-02
   1.8500000e+01  -2.0965825e-02   4.4432529e-02
   1.8600000e+01  -1.6281844e-02   3.6831871e-02
   1.8700000e+01  -5.3602785e-03   1.8440620e-02
   1.8800000e+01   5.5344099e-03  -2.4713744e-03
   1.8900000e+01   1.2457780e-02  -1.4797179e-02
   1.9000000e+01   1.4872201e-02  -1.3077725e-02
   1.9100000e+01   1.2852596e-02  -1.9369382e-03
   1.9200000e+01   4.3508543e-03   7.8558057e-03
   1.9300000e+01  -1.3222944e-02   8.4067526e-03
   1.9400000e+01  -3.7816938e-02   5.8116365e-04
   1.9500000e+01  -6.0151566e-02  -8.3302813e-03
   1.9600000e+01  -6.8823050e-02  -1.2151839e-02
   1.9700000e+01  -5.9889118e-02  -1.1001179e-02
   1.9800000e+01  -4.1132650e-02  -9.7908886e-03
   1.9900000e+01  -2.5280686e-02  -1.2587157e-02
   2.0000000e+01  -1.8249113e-02  -1.8655346e-02
   2.0100000e+01  -1.4666139e-02  -2.3436744e-02
   2.0200000e+01  -5.4686624e-03  -2.2838660e-02
   2.0300000e+01   1.0793541e-02  -1.6713622e-02
   2.0400000e+01   2.5123777e-02  -8.7206661e-03
   2.0500000e+01   2.6303138e-02  -3.1080407e-03
   2.0600000e+01   1.1214811e-02  -1.4428787e-03
   2.0700000e+01  -1.2626545e-02  -2.0483578e-03
   2.0800000e+01  -3.3266968e-02  -2.2749117e-03
   2.0900000e+01  -4.2337444e-02  -1.1707476e-03
   2.1000000e+01  -3.8576345e-02  -1.6574413e-05
   2.1100000e+01  -2.6191709e-02  -5.2662005e-04
   2.1200000e+01  -1.1197123e-02  -2.8451574e-03
   2.1300000e+01   1.5074748e-03  -5.4389851e-03
   2.1400000e+01   9.5074744e-03  -6.7622290e-03
   2.1500000e+01   1.3033007e-02  -6.6303050e-03
   2.1600000e+01   1.4311452e-02  -5.7773074e-03
   2.1700000e+01   1.6183329e-02  -4.4964682e-03
   2.1800000e+01   2.0038420e-02  -2.5574036e-03
   2.1900000e+01   2.4047440e-02  -7.5686684e-04
   2.2000000e+01   2.3758605e-02  -1.5502210e-03
   2.2100000e+01   1.6067273e-02  -6.5514243e-03
   2.2200000e+01   3.7828626e-03  -1.3024704e-02
   2.2300000e+01  -4.4956530e-03  -1.4506852e-02
   2.2400000e+01  -1.0810128e-03  -7.0506430e-03
   2.2500000e+01   1.2941798e-02   4.9053917e-03
   2.2600000e+01   2.6930127e-02   1.0849229e-02
   2.2700000e+01   2.8893245e-02   4.2930715e-03
   2.2800000e+01   1.5400917e-02  -9.5954110e-03
   2.2900000e+01  -5.8278817e-03  -1.8092271e-02
   2.3000000e+01  -2.2149689e-02  -1.3510047e-02
   2.3100000e+01  -2.4603484e-02  -9.2347438e-04
   2.3200000e+01  -1.2222387e-02   7.5891959e-03
   2.3300000e+01   9.0852604e-03   5.8841987e-03
   2.3400000e+01   3.0297331e-02  -3.8245904e-04
   2.3500000e+01   4.3334737e-02  -9.5264680e-04
   2.3600000e+01   4.4389789e-02   7.4363094e-03
   2.3700000e+01   3.5161896e-02   1.7847959e-02
   2.3800000e+01   2.0748665e-02   2.0881515e-02
   2.3900000e+01   5.5172996e-03   1.4073243e-02
   2.4000000e+01  -9.2870737e-03   3.4342316e-03
   2.4100000e+01  -2.3947803e-02  -2.7506675e-03
   2.4200000e+01  -3.6828065e-02  -4.4155396e-04
   2.4300000e+01  -4.3325890e-02   8.6864364e-03
   2.4400000e+01  -3.8845270e-02   1.9810412e-02
   2.4500000e+01  -2.3099121e-02   2.7994013e-02
   2.4600000e+01  -1.6773374e-03   3.0216119e-02
   2.4700000e+01   1.6755143e-02   2.6679027e-02
   2.4800000e+01   2.5685595e-02   2.0857305e-02
   2.4900000e+01   2.4586564e-02   1.7249604e-02
   2.5000000e+01   1.8498011e-02   1.7823767e-02
   2.5100000e+01   1.3708325e-02   2.0244523e-02
   2.5200000e+01   1.3085640e-02   1.9805438e-02
   2.5300000e+01   1.4862100e-02   1.3465483e-02
   2.5400000e+01   1.5287837e-02   2.4627546e-03
   2.5500000e+01   1.1896694e-02  -8.5590213e-03
   2.5600000e+01   4.2993548e-03  -1.5052608e-02
   2.5700000e+01  -6.9440953e-03  -1.6010833e-02
   2.5800000e+01  -2.0587347e-02  -1.4726437e-02
   2.5900000e+01  -3.3455809e-02  -1.5962081e-02
   2.6000000e+01  -4.0362445e-02  -2.1415481e-02
   2.6100000e+01  -3.7157719e-02  -2.7378028e-02
   2.6200000e+01  -2.4541167e-02  -2.7218494e-02
   2.6300000e+01  -8.1566545e-03  -1.6954853e-02
   2.6400000e+01   5.8447273e-03   1.0971799e-03
   2.6500000e+01   1.5293191e-02   1.9869997e-02
   2.6600000e+01   2.1902437e-02   3.2401079e-02
   2.6700000e+01   2.7374344e-02   3.5328286e-02
   2.6800000e+01   3.0752985e-02   2.8834623e-02
   2.6900000e+01   2.9933190e-02   1.5037094e-02
   2.7000000e+01   2.4775381e-02  -2.5855113e-03
   2.7100000e+01   1.7659392e-02  -1.9202531e-02
   2.7200000e+01   1.1182217e-02  -3.0326949e-02
   2.7300000e+01   6.3595548e-03  -3.4903035e-02
   2.7400000e+01   3.2413135e-03  -3.6112514e-02
   2.7500000e+01   1.9557658e-03  -3.7579433e-02
   2.7600000e+01   1.9112387e-03  -3.8365288e-02
   2.7700000e+01   6.1842693e-04  -3.3067276e-02
   2.7800000e+01  -4.6848918e-03  -1.8365445e-02
   2.7900000e+01  -1.3217671e-02   7.4941108e-04
   2.8000000e+01  -1.9607431e-02   1.2976258e-02
   2.8100000e+01  -1.8478833e-02   1.0275405e-02
   2.8200000e+01  -1.0431578e-02  -4.5046775e-03
   2.8300000e+01  -2.2357613e-03  -1.9919767e-02
   2.8400000e+01  -2.2553561e-04  -2.5687546e-02
   2.8500000e+01  -4.1385890e-03  -2.0204355e-02
   2.8600000e+01  -8.4496353e-03  -9.6632402e-03
   2.8700000e+01  -9.3173075e-03  -1.4879375e-03
   2.8800000e+01  -8.6192053e-03   1.2384023e-03
   2.8900000e+01  -1.0505267e-02   8.3565878e-04
   2.9000000e+01  -1.5316744e-02   2.3880165e-03
   2.9100000e+01  -1.8694669e-02   9.5131020e-03
   2.9200000e+01  -1.6854134e-02   2.0754790e-02
   2.9300000e+01  -1.1344258e-02   2.9474636e-02
   2.9400000e+01  -7.5711907e-03   2.8786785e-02
   2.9500000e+01  -9.0955699e-03   1.8259925e-02
   2.9600000e+01  -1.4391548e-02   5.6506044e-03
   2.9700000e+01  -1.9231725e-02   6.6486874e-04
   2.9800000e+01  -2.1224399e-02   6.1162357e-03
   2.9900000e+01  -2.1256510e-02   1.5316561e-02
   3.0000000e+01  -2.0964699e-02   1.8443323e-02
   3.0100000e+01  -2.0028103e-02   1.1543566e-02
   3.0200000e+01  -1.6712474e-02  -3.5688157e-04
   3.0300000e+01  -1.0701741e-02  -8.2370288e-03
   3.0400000e+01  -4.2979469e-03  -6.8651755e-03
   3.0500000e+01  -4.2678942e-05   1.4463223e-03
   3.0600000e+01   2.5889329e-03   9.5383034e-03
   3.0700000e+01   7.0674128e-03   1.1625130e-02
   3.0800000e+01   1.5580257e-02   7.9324423e-03
   3.0900000e+01   2.5206027e-02   4.2856336e-03
   3.1000000e+01   2.9416915e-02   6.9878508e-03
   3.1100000e+01   2.4239634e-02   1.6927454e-02
   3.1200000e+01   1.2849698e-02   2.7869991e-02
   3.1300000e+01   3.4968624e-03   3.1019661e-02
   3.1400000e+01   2.5674824e-03   2.2613795e-02
   3.1500000e+01   9.5892563e-03   7.8393603e-03
   3.1600000e+01   1.8653012e-02  -3.2540693e-03
   3.1700000e+01   2.4094317e-02  -4.8184646e-03
   3.1800000e+01   2.4697630e-02  -6.0961651e-04
   3.1900000e+01   2.3202448e-02   1.7407756e-04
   3.2000000e+01   2.2773511e-02  -7.1196686e-03
   3.2100000e+01   2.4226472e-02  -1.7216978e-02
   3.2200000e+01   2.6082342e-02  -2.0268462e-02
   3.2300000e+01   2.6556051e-02  -1.2515472e-02
   3.2400000e+01   2.5101973e-02  -7.5220072e-04
   3.2500000e+01   2.2020106e-02   4.3944326e-03
   3.2600000e+01   1.6944600e-02  -7.7703191e-04
   3.2700000e+01   8.5824300e-03  -9.6351698e-03
   3.2800000e+01  -3.1822028e-03  -1.2494016e-02
   3.2900000e+01  -1.4984792e-02  -6.7447259e-03
   3.3000000e+01  -2.1024599e-02   4.4017476e-04
   3.3100000e+01  -1.7774405e-02  -8.7785854e-04
   3.3200000e+01  -7.8951276e-03  -1.3880677e-02
   3.3300000e+01   1.2767518e-03  -3.1939721e-02
   3.3400000e+01   3.6917343e-03  -4.4301400e-02
   3.3500000e+01  -9.4652045e-04  -4.4733896e-02
   3.3600000e+01  -8.2901904e-03  -3.5386185e-02
   3.3700000e+01  -1.3778887e-02  -2.3301314e-02
   3.3800000e+01  -1.5321024e-02  -1.3849614e-02
   3.3900000e+01  -1.2751437e-02  -7.3254552e-03
   3.4000000e+01  -6.9034606e-03  -9.0149531e-04
   3.4100000e+01  -2.7506230e-04   7.1362057e-03
   3.4200000e+01   2.6585887e-03   1.5209453e-02
   3.4300000e+01  -2.0219997e-03   1.9731604e-02
   3.4400000e+01  -1.3808472e-02   1.8107122e-02
   3.4500000e+01  -2.6885474e-02   1.1072669e-02
   3.4600000e+01  -3.3945160e-02   2.9859185e-03
   3.4700000e+01  -3.1412665e-02  -3.9787227e-04
   3.4800000e+01  -2.1511494e-02   4.0944716e-03
   3.4900000e+01  -1.0043772e-02   1.4001757e-02
   3.5000000e+01  -2.4319530e-03   2.2345008e-02
   3.5100000e+01  -8.8267117e-04   2.3062610e-02
   3.5200000e+01  -3.7046554e-03   1.6259485e-02
   3.5300000e+01  -6.6718614e-03   8.0211635e-03
   3.5400000e+01  -6.0045336e-03   4.6596888e-03
   3.5500000e+01  -1.4809727e-03   7.0784764e-03
   3.5600000e+01   2.9961265e-03   1.0816787e-02
   3.5700000e+01   2.7355968e-03   1.1250673e-02
   3.5800000e+01  -3.0532718e-03   8.1681395e-03
   3.5900000e+01  -9.9881106e-03   5.1110755e-03
   3.6000000e+01  -1.2385061e-02   4.7709232e-03
   3.6100000e+01  -8.4349114e-03   5.7957442e-03
   3.6200000e+01  -1.3631946e-03   4.5343564e-03
   3.6300000e+01   4.1170999e-03  -2.5556252e-04
   3.6400000e+01   5.7083649e-03  -5.0570889e-03
   3.6500000e+01   4.1026994e-03  -4.5822770e-03
   3.6600000e+01   1.2973603e-03   2.6786100e-03
   3.6700000e+01  -2.9178879e-04   1.2220630e-02
   3.6800000e+01   2.1680738e-03   1.7223526e-02
   3.6900000e+01   1.0393229e-02   1.4424696e-02
   3.7000000e+01   2.2030656e-02   6.0867969e-03
   3.7100000e+01   3.0313644e-02  -3.4009547e-03
   3.7200000e+01   2.8886794e-02  -1.1656286e-02
   3.7300000e+01   1.8059043e-02  -1.8419132e-02
   3.7400000e+01   5.6968531e-03  -2.2680996e-02
   3.7500000e+01   9.1113043e-04  -2.1828377e-02
   3.7600000e+01   6.2758790e-03  -1.4658152e-02
   3.7700000e+01   1.5893975e-02  -4.1908911e-03
   3.7800000e+01   2.0830453e-02   4.2546479e-03
   3.7900000e+01   1.6769171e-02   8.2450406e-03
   3.8000000e+01   7.3051935e-03   1.0510505e-02
   3.8100000e+01   3.1426332e-04   1.5177126e-02
   3.8200000e+01   6.2522351e-04   2.2056291e-02
   3.8300000e+01   5.5582859e-03   2.5669761e-02
   3.8400000e+01   7.8033235e-03   2.0451757e-02
   3.8500000e+01   3.2255410e-03   6.6828441e-03
   3.8600000e+01  -4.4322727e-03  -9.0944359e-03
   3.8700000e+01  -7.4448567e-03  -1.9615662e-02
   3.8800000e+01  -2.7131093e-03  -2.2859756e-02
   3.8900000e+01   4.5635283e-03  -2.2758197e-02
   3.9000000e+01   6.3912432e-03  -2.4328608e-02
   3.9100000e+01   2.7696653e-04  -2.8289168e-02
   3.9200000e+01  -8.9788261e-03  -3.0481468e-02
   3.9300000e+01  -1.5149699e-02  -2.6471050e-02
   3.9400000e+01  -1.6614508e-02  -1.6430185e-02
   3.9500000e+01  -1.6190500e-02  -5.2224576e-03
   3.9600000e+01  -1.6515666e-02   2.1751557e-03
   3.9700000e+01  -1.7101809e-02   4.7620924e-03
   3.9800000e+01  -1.5684617e-02   4.8652025e-03
   3.9900000e+01  -1.1181203e-02   4.3303451e-03
   4.0000000e+01  -4.8502064e-03   2.8039083e-03
   4.0100000e+01   7.7195446e-04   1.3991906e-04
   4.0200000e+01   3.5455276e-03  -1.0963199e-03
   4.0300000e+01   2.7878136e-03   2.2757937e-03
   4.0400000e+01  -5.7141523e-04   9.0302246e-03
   4.0500000e+01  -4.6920118e-03   1.2552264e-02
   4.0600000e+01  -7.9853974e-03   7.1455243e-03
   4.0700000e+01  -9.8669673e-03  -4.5009419e-03
   4.0800000e+01  -1.0509557e-02  -1.2067632e-02
   4.0900000e+01  -1.0035736e-02  -7.5689890e-03
   4.1000000e+01  -8.1135630e-03   5.5904017e-03
   4.1100000e+01  -4.3387696e-03   1.4882922e-02
   4.1200000e+01   1.0583348e-03   1.0750071e-02
   4.1300000e+01   6.8599832e-03  -3.8628648e-03
   4.1400000e+01   1.1218901e-02  -1.6340370e-02
   4.1500000e+01   1.2615478e-02  -1.6382839e-02
   4.1600000e+01   1.0814010e-02  -4.9512104e-03
   4.1700000e+01   7.0368731e-03   7.9020538e-03
   4.1800000e+01   3.1718525e-03   1.2853238e-02
   4.1900000e+01   7.8019662e-04   8.8107974e-03
   4.2000000e+01   7.5054130e-04   1.9867073e-03
   4.2100000e+01   3.4003269e-03  -9.8411723e-04
   4.2200000e+01   8.1480443e-03   1.2417565e-03
   4.2300000e+01   1.2779456e-02   4.8373482e-03
   4.2400000e+01   1.3696903e-02   5.5000586e-03
   4.2500000e+01   8.1632846e-03   2.6748654e-03
   4.2600000e+01  -2.7498202e-03  -5.2994422e-04
   4.2700000e+01  -1.3498631e-02  -1.0174588e-03
   4.2800000e+01  -1.7376431e-02   1.1834347e-03
   4.2900000e+01  -1.1830904e-02   3.5303176e-03
   4.3000000e+01  -1.2056582e-03   4.2392566e-03
   4.3100000e+01   6.2560074e-03   4.3054492e-03
   4.3200000e+01   5.3134710e-03   6.0104441e-03
   4.3300000e+01  -1.5422373e-03   9.8023162e-03
   4.3400000e+01  -6.3994152e-03   1.3284594e-02
   4.3500000e+01  -3.5323291e-03   1.3568727e-02
   4.3600000e+01   5.1574088e-03   1.0400094e-02
   4.3700000e+01   1.2483113e-02   6.6418321e-03
   4.3800000e+01   1.3458936e-02   5.6825986e-03
   4.3900000e+01   9.6879640e-03   8.6038981e-03
   4.4000000e+01   6.2249519e-03   1.3843065e-02
   4.4100000e+01   5.3362201e-03   1.9012556e-02
   4.4200000e+01   4.7206324e-03   2.2335341e-02
   4.4300000e+01   1.5680314e-03   2.2405584e-02
   4.4400000e+01  -3.4483452e-03   1.7753673e-02
   4.4500000e+01  -7.2482105e-03   8.0327051e-03
   4.4600000e+01  -8.2650999e-03  -4.0938106e-03
   4.4700000e+01  -7.5055498e-03  -1.3294861e-02
   4.4800000e+01  -5.7272936e-03  -1.5128597e-02
   4.4900000e+01  -1.5956579e-03  -9.8553601e-03
   4.5000000e+01   5.6887450e-03  -2.5592010e-03
   4.5100000e+01   1.2633192e-02   8.5625305e-04
   4.5200000e+01   1.2654777e-02  -1.8889663e-03
   4.5300000e+01   2.5907235e-03  -8.4552178e-03
   4.5400000e+01  -1.2457823e-02  -1.4600752e-02
   4.5500000e+01  -2.2268805e-02  -1.7540023e-02
   4.5600000e+01  -2.0313610e-02  -1.7024713e-02
   4.5700000e+01  -9.2809236e-03  -1.4103113e-02
   4.5800000e+01   2.2999794e-03  -9.7617856e-03
   4.5900000e+01   8.2848101e-03  -5.0166911e-03
   4.6000000e+01   9.1003497e-03  -1.5770744e-03
   4.6100000e+01   8.3672452e-03  -1.1724633e-03
   4.6200000e+01   7.2892250e-03  -3.5875054e-03
   4.6300000e+01   3.9080243e-03  -5.9618070e-03
   4.6400000e+01  -2.6054728e-03  -5.1879017e-03
   4.6500000e+01  -9.0309287e-03  -1.3991572e-03
   4.6600000e+01  -1.0934214e-02   1.6084793e-03
   4.6700000e+01  -7.8601522e-03   1.5310236e-04
   4.6800000e+01  -4.0814231e-03  -5.2882259e-03
   4.6900000e+01  -3.5550607e-03  -1.0416010e-02
   4.7000000e+01  -5.1604783e-03  -1.1553004e-02
   4.7100000e+01  -4.2109959e-03  -9.2129642e-03
   4.7200000e+01   1.4105299e-03  -6.9805276e-03
   4.7300000e+01   7.9116428e-03  -7.3457277e-03
   4.7400000e+01   9.2562841e-03  -9.3403092e-03
   4.7500000e+01   3.7967914e-03  -1.0380583e-02
   4.7600000e+01  -3.5758979e-03  -9.8417661e-03
   4.7700000e+01  -6.0617770e-03  -1.0045893e-02
   4.7800000e+01  -1.3482361e-03  -1.3323584e-02
   4.7900000e+01   6.5708231e-03  -1.8337374e-02
   4.8000000e+01   1.1336511e-02  -2.0092583e-02
   4.8100000e+01   9.7568313e-03  -1.4368829e-02
   4.8200000e+01   4.1595597e-03  -2.2778821e-03
   4.8300000e+01   9.1183287e-05   1.0037777e-02
   4.8400000e+01   1.4757966e-03   1.6539875e-02
   4.8500000e+01   7.0728501e-03   1.5960586e-02
   4.8600000e+01   1.1332779e-02   1.1470784e-02
   4.8700000e+01   9.4472696e-03   6.7207540e-03
   4.8800000e+01   2.2785039e-03   3.2443698e-03
   4.8900000e+01  -3.9509362e-03   1.3409440e-03
   4.9000000e+01  -3.5906396e-03   1.6964784e-03
   4.9100000e+01   2.6426196e-03   4.8368900e-03
   4.9200000e+01   8.1525058e-03   9.4964377e-03
   4.9300000e+01   6.7748372e-03   1.2849121e-02
   4.9400000e+01  -1.7738779e-03   1.2791838e-02
   4.9500000e+01  -1.2560983e-02   9.5744278e-03
   4.9600000e+01  -2.0391391e-02   5.1735632e-03
   4.9700000e+01  -2.3211527e-02   1.6879729e-03
   4.9800000e+01  -2.1371543e-02   3.7767619e-04
   4.9900000e+01  -1.5559800e-02   1.2263837e-03
   5.0000000e+01  -6.7788242e-03   2.6713445e-03
   5.0100000e+01   2.3876976e-03   2.4919621e-03
   5.0200000e+01   8.4444892e-03   2.6677450e-04
   5.0300000e+01   1.0062096e-02  -1.0314364e-03
   5.0400000e+01   9.8631856e-03   2.7826794e-03
   5.0500000e+01   1.1707674e-02   1.2404834e-02
   5.0600000e+01   1.5659875e-02   2.2984429e-02
   5.0700000e+01   1.6656111e-02   2.7660634e-02
   5.0800000e+01   9.6349043e-03   2.3330830e-02
   5.0900000e+01  -3.7284627e-03   1.2767618e-02
   5.1000000e+01  -1.4644105e-02   1.5401873e-03
   5.1100000e+01  -1.4966495e-02  -6.3371148e-03
   5.1200000e+01  -5.4953239e-03  -9.9791283e-03
   5.1300000e+01   4.3846160e-03  -1.0492672e-02
   5.1400000e+01   5.9475064e-03  -9.6116715e-03
   5.1500000e+01  -4.0233954e-04  -9.0888473e-03
   5.1600000e+01  -6.4286301e-03  -9.8884687e-03
   5.1700000e+01  -5.3768957e-03  -1.0958986e-02
   5.1800000e+01   1.1264894e-03  -9.1839304e-03
   5.1900000e+01   5.8836310e-03  -1.7296708e-03
   5.2000000e+01   4.8475391e-03   1.0632121e-02
   5.2100000e+01   1.5860664e-03   2.2441169e-02
   5.2200000e+01   2.5550910e-03   2.6556990e-02
   5.2300000e+01   8.8357514e-03   1.9541447e-02
   5.2400000e+01   1.3964114e-02   5.0432172e-03
   5.2500000e+01   1.0556128e-02  -8.2437524e-03
   5.2600000e+01  -1.4745370e-03  -1.3030952e-02
   5.2700000e+01  -1.4068444e-02  -8.9585914e-03
   5.2800000e+01  -1.8333045e-02  -2.1938199e-03
   5.2900000e+01  -1.2195337e-02   4.4076667e-04
   5.3000000e+01  -1.0921706e-03  -2.8994108e-03
   5.3100000e+01   7.5161772e-03  -8.7128268e-03
   5.3200000e+01   9.4285675e-03  -1.2293870e-02
   5.3300000e+01   4.8616784e-03  -1.1480422e-02
   5.3400000e+01  -3.0257430e-03  -6.9327228e-03
   5.3500000e+01  -9.7438090e-03  -4.2953390e-04
   5.3600000e+01  -1.1416263e-02   6.0292939e-03
   5.3700000e+01  -7.5731686e-03   1.0172372e-02
   5.3800000e+01  -2.3423572e-03   1.0200820e-02
   5.3900000e+01  -1.2398507e-03   6.3822680e-03
   5.4000000e+01  -5.6537171e-03   1.2764189e-03
   5.4100000e+01  -1.1046574e-02  -2.5251412e-03
   5.4200000e+01  -1.1431949e-02  -4.9064485e-03
   5.4300000e+01  -5.3706120e-03  -7.8602924e-03
   5.4400000e+01   3.0026852e-03  -1.2371606e-02
   5.4500000e+01   8.3694612e-03  -1.6192274e-02
   5.4600000e+01   8.6218228e-03  -1.5491404e-02
   5.4700000e+01   5.1305596e-03  -9.0690013e-03
   5.4800000e+01   2.6625655e-04  -6.8205582e-04
   5.4900000e+01  -4.2037410e-03   3.4389183e-03
   5.5000000e+01  -6.9120535e-03   6.6816595e-05
   5.5100000e+01  -6.6770810e-03  -7.6083834e-03
   5.5200000e+01  -3.3282447e-03  -1.2166873e-02
   5.5300000e+01   1.5566081e-03  -8.2236502e-03
   5.5400000e+01   5.3724830e-03   2.7268893e-03
   5.5500000e+01   6.3568145e-03   1.3385793e-02
   5.5600000e+01   5.0015023e-03   1.6804816e-02
   5.5700000e+01   3.6931469e-03   1.2046800e-02
   5.5800000e+01   4.6431644e-03   4.3010434e-03
   5.5900000e+01   7.6956883e-03  -2.3980896e-04
   5.6000000e+01   1.0156774e-02   4.0418193e-04
   5.6100000e+01   9.2820458e-03   3.3594363e-03
   5.6200000e+01   5.2030747e-03   4.5438836e-03
   5.6300000e+01   9.8688832e-04   2.3330407e-03
   5.6400000e+01  -6.6424266e-04  -2.0443876e-03
   5.6500000e+01  -4.6963747e-04  -6.5539800e-03
   5.6600000e+01  -1.5779054e-03  -9.8104324e-03
   5.6700000e+01  -5.4025907e-03  -1.0745921e-02
   5.6800000e+01  -9.2770186e-03  -8.1570324e-03
   5.6900000e+01  -9.0442864e-03  -1.7526550e-03
   5.7000000e+01  -3.7740934e-03   6.2997471e-03
   5.7100000e+01   2.8730120e-03   1.1698931e-02
   5.7200000e+01   6.1893087e-03   1.0678985e-02
   5.7300000e+01   4.8525303e-03   2.7798296e-03
   5.7400000e+01   1.7067607e-03  -8.6758126e-03
   5.7500000e+01   8.3220250e-04  -1.8515129e-02
   5.7600000e+01   4.3616729e-03  -2.2404490e-02
   5.7700000e+01   1.1475482e-02  -1.8871864e-02
   5.7800000e+01   1.9167185e-02  -1.0098243e-02
   5.7900000e+01   2.3646958e-02  -1.0663566e-03
   5.8000000e+01   2.2163055e-02   3.1058286e-03
   5.8100000e+01   1.4795928e-02   4.8723037e-04
   5.8200000e+01   4.6886280e-03  -6.1035859e-03
   5.8300000e+01  -4.0347966e-03  -1.0893546e-02
   5.8400000e+01  -8.8724130e-03  -9.2745256e-03
   5.8500000e+01  -9.6133478e-03  -1.2533341e-03
   5.8600000e+01  -7.1624766e-03   8.3334732e-03
   5.8700000e+01  -2.7309367e-03   1.3190106e-02
   5.8800000e+01   1.8362683e-03   1.0404055e-02
   5.8900000e+01   4.2981901e-03   3.1726195e-03
   5.9000000e+01   3.7303340e-03  -1.3806778e-03
   5.9100000e+01   1.6136052e-03   1.6276165e-03
   5.9200000e+01   1.2073425e-04   9.9443369e-03
   5.9300000e+01  -7.7220471e-04   1.5857242e-02
   5.9400000e+01  -3.4668838e-03   1.3687278e-02
   5.9500000e+01  -9.5082409e-03   5.6713350e-03
   5.9600000e+01  -1.6870889e-02  -3.6557161e-04
   5.9700000e+01  -2.1329826e-02   6.0347840e-04
   5.9800000e+01  -2.0413915e-02   5.6205793e-03
   5.9900000e+01  -1.5431826e-02   7.6111694e-03
   6.0000000e+01  -9.7882712e-03   3.6407421e-03
   6.0100000e+01  -6.1388211e-03  -2.2150790e-03
   6.0200000e+01  -5.2869131e-03  -4.4478129e-03
   6.0300000e+01  -6.7034736e-03  -2.8202779e-03
   6.0400000e+01  -9.0089768e-03  -1.7500689e-03
   6.0500000e+01  -1.0258318e-02  -3.4716073e-03
   6.0600000e+01  -9.0313712e-03  -4.2001812e-03
   6.0700000e+01  -5.8628208e-03   1.1916249e-03
   6.0800000e+01  -3.0240788e-03   1.1491566e-02
   6.0900000e+01  -2.2419108e-03   1.8410542e-02
   6.1000000e+01  -2.8613605e-03   1.4796817e-02
   6.1100000e+01  -2.8071369e-03   2.9385936e-03
   6.1200000e+01  -1.1625843e-03  -6.6604476e-03
   6.1300000e+01   9.4183089e-04  -5.3185999e-03
   6.1400000e+01   2.0779267e-03   5.3233293e-03
   6.1500000e+01   2.2895638e-03   1.5101243e-02
   6.1600000e+01   2.5196823e-03   1.5494885e-02
   6.1700000e+01   2.8836171e-03   7.8643465e-03
   6.1800000e+01   2.5733296e-03   1.6739600e-03
   6.1900000e+01   1.5645573e-03   4.7065435e-03
   6.2000000e+01   1.4503164e-03   1.5088806e-02
   6.2100000e+01   3.8740367e-03   2.2982376e-02
   6.2200000e+01   8.4804558e-03   2.0145729e-02
   6.2300000e+01   1.3048502e-02   7.8440500e-03
   6.2400000e+01   1.5549281e-02  -4.5333197e-03
   6.2500000e+01   1.5517877e-02  -8.3720465e-03
   6.2600000e+01   1.3460604e-02  -3.2976752e-03
   6.2700000e+01   9.7763381e-03   3.5881369e-03
   6.2800000e+01   4.9055183e-03   4.9719857e-03
   6.2900000e+01   1.9098636e-04  -3.9621125e-04
   6.3000000e+01  -2.2755726e-03  -7.7766943e-03
   6.3100000e+01  -1.1219119e-03  -1.1602830e-02
   6.3200000e+01   3.0557553e-03  -1.0278399e-02
   6.3300000e+01   7.9800121e-03  -6.5326243e-03
   6.3400000e+01   1.1176373e-02  -3.8791588e-03
   6.3500000e+01   1.1411071e-02  -3.1728552e-03
   6.3600000e+01   9.2627788e-03  -2.7314344e-03
   6.3700000e+01   6.6468086e-03  -1.5748436e-03
   6.3800000e+01   5.4253733e-03  -1.7619231e-03
   6.3900000e+01   5.7794109e-03  -6.5498505e-03
   6.4000000e+01   5.7136154e-03  -1.5985388e-02
   6.4100000e+01   2.6704510e-03  -2.5232212e-02
   6.4200000e+01  -3.7243488e-03  -2.8486365e-02
   6.4300000e+01  -1.0467247e-02  -2.4781636e-02
   6.4400000e+01  -1.3297834e-02  -1.9093849e-02
   6.4500000e+01  -1.0591810e-02  -1.7069279e-02
   6.4600000e+01  -5.1474620e-03  -1.9052922e-02
   6.4700000e+01  -1.6711520e-03  -2.0008528e-02
   6.4800000e+01  -2.2913936e-03  -1.5164269e-02
   6.4900000e+01  -4.8862578e-03  -4.9490737e-03
   6.5000000e+01  -6.1222667e-03   5.7010775e-03
   6.5100000e+01  -5.6961874e-03   1.1876627e-02
   6.5200000e+01  -6.7085458e-03   1.1878849e-02
   6.5300000e+01  -1.1625913e-02   6.9781171e-03
   6.5400000e+01  -1.8643672e-02  -1.1210365e-04
   6.5500000e+01  -2.2826257e-02  -6.1279677e-03
   6.5600000e+01  -2.0711400e-02  -8.3550155e-03
   6.5700000e+01  -1.3255989e-02  -6.6625688e-03
   6.5800000e+01  -4.4943653e-03  -4.2716333e-03
   6.5900000e+01   1.7606817e-03  -4.8660790e-03
   6.6000000e+01   3.7559852e-03  -8.1470527e-03
   6.6100000e+01   1.7667483e-03  -9.2346597e-03
   6.6200000e+01  -2.2447857e-03  -3.7446737e-03
   6.6300000e+01  -5.1026107e-03   6.6315569e-03
   6.6400000e+01  -4.1136117e-03   1.4663663e-02
   6.6500000e+01   6.6384001e-04   1.4246817e-02
   6.6600000e+01   6.2377824e-03   6.2667958e-03
   6.6700000e+01   9.5114508e-03  -2.3541273e-03
   6.6800000e+01   1.0204329e-02  -5.1216499e-03
   6.6900000e+01   1.0467172e-02  -1.3874809e-03
   6.7000000e+01   1.1810764e-02   3.9842896e-03
   6.7100000e+01   1.3212087e-02   5.6103516e-03
   6.7200000e+01   1.2479739e-02   2.4670406e-03
   6.7300000e+01   8.8444495e-03  -1.3023794e-03
   6.7400000e+01   3.7655655e-03  -9.7301342e-05
   6.7500000e+01  -3.1637317e-04   7.9282060e-03
   6.7600000e+01  -1.4223081e-03   1.8546550e-02
   6.7700000e+01   1.2820339e-03   2.4482584e-02
   6.7800000e+01   7.0154625e-03   2.1663576e-02
   6.7900000e+01   1.3114678e-02   1.3082166e-02
   6.8000000e+01   1.6120599e-02   6.3026390e-03
   6.8100000e+01   1.4349800e-02   6.7249558e-03
   6.8200000e+01   9.6750203e-03   1.3131296e-02
   6.8300000e+01   6.0958313e-03   1.9670328e-02
   6.8400000e+01   5.9187126e-03   2.1657069e-02
   6.8500000e+01   7.4030871e-03   1.8982579e-02
   6.8600000e+01   6.6164345e-03   1.4347695e-02
   6.8700000e+01   1.7788558e-03   9.4692531e-03
   6.8800000e+01  -4.5153438e-03   3.8971467e-03
   6.8900000e+01  -7.7052917e-03  -2.8379411e-03
   6.9000000e+01  -5.8143050e-03  -9.0006505e-03
   6.9100000e+01  -1.2963188e-03  -1.1234297e-02
   6.9200000e+01   1.6516173e-03  -7.4390132e-03
   6.9300000e+01   1.1345165e-03   8.6805432e-04
   6.9400000e+01  -1.4018589e-03   8.9163217e-03
   6.9500000e+01  -3.6234069e-03   1.1710538e-02
   6.9600000e+01  -4.7455435e-03   7.6032237e-03
   6.9700000e+01  -5.2301028e-03  -3.5574806e-04
   6.9800000e+01  -5.0568699e-03  -6.6180794e-03
   6.9900000e+01  -3.5279383e-03  -7.3229895e-03
   7.0000000e+01  -8.4001379e-04  -3.0281352e-03
   7.0100000e+01   1.1914217e-03   2.2289938e-03
   7.0200000e+01   7.1105928e-04   4.4690770e-03
   7.0300000e+01  -2.1745619e-03   2.7890284e-03
   7.0400000e+01  -5.5066583e-03  -3.8672136e-04
   7.0500000e+01  -7.4301880e-03  -1.6723557e-03
   7.0600000e+01  -7.5647139e-03   2.5599553e-04
   7.0700000e+01  -6.5811021e-03   3.3589781e-03
   7.0800000e+01  -5.1783988e-03   3.9258521e-03
   7.0900000e+01  -3.8734519e-03   5.1136841e-05
   7.1000000e+01  -3.3574582e-03  -6.4141357e-03
   7.1100000e+01  -4.4216657e-03  -1.1713559e-02
   7.1200000e+01  -7.3901694e-03  -1.4056530e-02
   7.1300000e+01  -1.1771815e-02  -1.5132071e-02
   7.1400000e+01  -1.6375594e-02  -1.7486219e-02
   7.1500000e+01  -1.9576726e-02  -2.1034046e-02
   7.1600000e+01  -1.9745336e-02  -2.3028067e-02
   7.1700000e+01  -1.6145370e-02  -2.1353642e-02
   7.1800000e+01  -9.9267124e-03  -1.6898750e-02
   7.1900000e+01  -4.0925389e-03  -1.2263866e-02
   7.2000000e+01  -1.9058817e-03  -8.8762661e-03
   7.2100000e+01  -4.6468993e-03  -6.2070372e-03
   7.2200000e+01  -1.0329921e-02  -3.5918677e-03
   7.2300000e+01  -1.4445963e-02  -1.8425066e-03
   7.2400000e+01  -1.2711158e-02  -2.5078450e-03
   7.2500000e+01  -4.4928567e-03  -5.7571061e-03
   7.2600000e+01   5.7054176e-03  -9.3436716e-03
   7.2700000e+01   1.0978731e-02  -9.8027561e-03
   7.2800000e+01   7.8669217e-03  -4.9869368e-03
   7.2900000e+01   1.7298897e-04   3.9093606e-03
   7.3000000e+01  -3.8377601e-03   1.2387963e-02
   7.3100000e+01   8.8579754e-04   1.5131911e-02
   7.3200000e+01   1.1137156e-02   9.6628508e-03
   7.3300000e+01   1.8521368e-02  -1.2846349e-03
   7.3400000e+01   1.7718056e-02  -1.0694250e-02
   7.3500000e+01   1.1528535e-02  -1.1502371e-02
   7.3600000e+01   7.8085855e-03  -1.7680701e-03
   7.3700000e+01   1.1698575e-02   1.2892885e-02
   7.3800000e+01   2.0742603e-02   2.2376235e-02
   7.3900000e+01   2.7096565e-02   1.9719226e-02
   7.4000000e+01   2.4433821e-02   7.5985875e-03
   7.4100000e+01   1.3460240e-02  -2.9936367e-03
   7.4200000e+01   1.4614087e-03  -2.4463045e-03
   7.4300000e+01  -3.7016257e-03   7.8531790e-03
   7.4400000e+01  -3.2323480e-05   1.6232281e-02
   7.4500000e+01   7.3692871e-03   1.2337751e-02
   7.4600000e+01   1.1251459e-02  -1.8565056e-03
   7.4700000e+01   8.4632142e-03  -1.3582188e-02
   7.4800000e+01   1.6910571e-03  -1.2266627e-02
   7.4900000e+01  -4.0908109e-03  -3.9245707e-04
   7.5000000e+01  -5.9728871e-03   9.1752076e-03
   7.5100000e+01  -4.1588894e-03   6.3330254e-03
   7.5200000e+01  -2.2567990e-04  -6.3713100e-03
   7.5300000e+01   4.2908061e-03  -1.6661802e-02
   7.5400000e+01   7.8444858e-03  -1.4468345e-02
   7.5500000e+01   8.8937218e-03  -9.1152350e-04
   7.5600000e+01   6.9313372e-03   1.3478047e-02
   7.5700000e+01   3.1793942e-03   1.8480987e-02
   7.5800000e+01  -4.5795828e-04   1.2490539e-02
   7.5900000e+01  -3.2105461e-03   2.5252741e-03
   7.6000000e+01  -5.8087059e-03  -2.9495307e-03
   7.6100000e+01  -8.9191073e-03  -1.2645039e-03
   7.6200000e+01  -1.1560524e-02   3.4597639e-03
   7.6300000e+01  -1.1483935e-02   5.4897162e-03
   7.6400000e+01  -7.3710939e-03   3.0435951e-03
   7.6500000e+01  -7.7518711e-04  -1.0614121e-03
   7.6600000e+01   4.2671497e-03  -3.2439046e-03
   7.6700000e+01   4.1480676e-03  -2.5767787e-03
   7.6800000e+01  -1.0768044e-03  -4.6536881e-04
   7.6900000e+01  -7.2145406e-03   1.7553196e-03
   7.7000000e+01  -9.2495546e-03   3.7505030e-03
   7.7100000e+01  -5.7653963e-03   5.1731677e-03
   7.7200000e+01  -2.1657402e-04   5.3295095e-03
   7.7300000e+01   2.3880639e-03   4.6101060e-03
   7.7400000e+01   2.3405380e-04   5.1194871e-03
   7.7500000e+01  -3.6773457e-03   8.2736787e-03
   7.7600000e+01  -4.3893662e-03   1.1859731e-02
   7.7700000e+01   4.6647406e-04   1.1279231e-02
   7.7800000e+01   8.3129315e-03   4.9059772e-03
   7.7900000e+01   1.3193740e-02  -2.7999282e-03
   7.8000000e+01   1.0159631e-02  -5.3679997e-03
   7.8100000e+01  -5.0137267e-04  -1.6964963e-03
   7.8200000e+01  -1.2526191e-02   2.2976680e-03
   7.8300000e+01  -1.7853798e-02   5.3475677e-04
   7.8400000e+01  -1.3107964e-02  -5.7421726e-03
   7.8500000e+01  -2.8058442e-03  -9.1053992e-03
   7.8600000e+01   4.2527161e-03  -4.6615028e-03
   7.8700000e+01   2.6660405e-03   3.9991877e-03
   7.8800000e+01  -4.9022844e-03   8.6460665e-03
   7.8900000e+01  -1.0507971e-02   5.3586261e-03
   7.9000000e+01  -8.3878254e-03  -1.7801351e-03
   7.9100000e+01   2.1613205e-05  -5.9192526e-03
   7.9200000e+01   7.9027882e-03  -4.9834321e-03
   7.9300000e+01   9.4917420e-03  -3.0685308e-03
   7.9400000e+01   4.9561652e-03  -4.9200703e-03
   7.9500000e+01  -4.7375978e-04  -1.0320339e-02
   7.9600000e+01  -1.7903618e-03  -1.4541288e-02
   7.9700000e+01   1.3018864e-03  -1.3810235e-02
   7.9800000e+01   4.7646349e-03  -9.2939779e-03
   7.9900000e+01   4.6442556e-03  -5.1220630e-03
   8.0000000e+01   9.4437577e-04  -3.1350904e-03
