   1.0221618e+02   2.8602761e+01   2.5212700e+03
   1.0215783e+02   2.8419892e+01   1.7558900e+03
   0.0000000e+00   3.1214318e-01   3.1214318e-01
   1.0000000e-01   3.7055994e-01   2.4137025e-01
   2.0000000e-01   4.0952237e-01   1.6273540e-01
   3.0000000e-01   4.4087735e-01   7.1359704e-02
   4.0000000e-01   4.9700924e-01  -3.1613819e-02
   5.0000000e-01   6.0068841e-01  -1.2894414e-01
   6.0000000e-01   7.3587121e-01  -2.0192238e-01
   7.0000000e-01   8.5644713e-01  -2.5170982e-01
   8.0000000e-01   9.2608847e-01  -2.9767494e-01
   9.0000000e-01   9.4680052e-01  -3.5328947e-01
   1.0000000e+00   9.4936973e-01  -4.0956343e-01
   1.1000000e+00   9.6123212e-01  -4.4562453e-01
   1.2000000e+00   9.8474410e-01  -4.5251370e-01
   1.3000000e+00   1.0000000e+00  -4.4327283e-01
   1.4000000e+00   9.8206300e-01  -4.4136736e-01
   1.5000000e+00   9.1656861e-01  -4.6238359e-01
   1.6000000e+00   8.0476157e-01  -5.0614865e-01
   1.7000000e+00   6.5737102e-01  -5.6278530e-01
   1.8000000e+00   4.8448328e-01  -6.2405334e-01
   1.9000000e+00   2.9253626e-01  -6.8844260e-01
   2.0000000e+00   9.1704665e-02  -7.5451314e-01
   2.1000000e+00  -9.7522496e-02  -8.0947691e-01
   2.2000000e+00  -2.5087921e-01  -8.2896067e-01
   2.3000000e+00  -3.5506816e-01  -7.9480852e-01
   2.4000000e+00  -4.1378098e-01  -7.1441582e-01
   2.5000000e+00  -4.3982829e-01  -6.1652336e-01
   2.6000000e+00  -4.4645888e-01  -5.2350050e-01
   2.7000000e+00  -4.4768291e-01  -4.3212193e-01
   2.8000000e+00  -4.5914732e-01  -3.2817789e-01
   2.9000000e+00  -4.8942525e-01  -2.1640693e-01
   3.0000000e+00  -5.3082233e-01  -1.2352666e-01
   3.1000000e+00  -5.6629557e-01  -6.6179347e-02
   3.2000000e+00  -5.8795051e-01  -2.5654161e-02
   3.3000000e+00  -6.0303594e-01   3.3422393e-02
   3.4000000e+00  -6.1804374e-01   1.2163999e-01
   3.5000000e+00  -6.2248845e-01   2.1484423e-01
   3.6000000e+00  -5.9639045e-01   2.8846035e-01
   3.7000000e+00  -5.3438385e-01   3.4783449e-01
   3.8000000e+00  -4.5722078e-01   4.1211641e-01
   3.9000000e+00  -3.9668949e-01   4.7625440e-01
   4.0000000e+00  -3.6985012e-01   5.0918248e-01
   4.1000000e+00  -3.6655988e-01   4.9561103e-01
   4.2000000e+00  -3.5848116e-01   4.6376191e-01
   4.3000000e+00  -3.2122811e-01   4.5647441e-01
   4.4000000e+00  -2.5490566e-01   4.8107379e-01
   4.5000000e+00  -1.8795739e-01   5.0501730e-01
   4.6000000e+00  -1.5727189e-01   5.0261273e-01
   4.7000000e+00  -1.7743691e-01   4.8791321e-01
   4.8000000e+00  -2.2686801e-01   4.8881555e-01
   4.9000000e+00  -2.6487283e-01   4.9982810e-01
   5.0000000e+00  -2.6166616e-01   4.8070556e-01
   5.1000000e+00  -2.1252170e-01   4.0480904e-01
   5.2000000e+00  -1.3109584e-01   2.9386659e-01
   5.3000000e+00  -3.9918513e-02   1.9569338e-01
   5.4000000e+00   3.3443424e-02   1.3632288e-01
   5.5000000e+00   6.6118403e-02   1.0502328e-01
   5.6000000e+00   5.8741216e-02   8.0867062e-02
   5.7000000e+00   4.0951879e-02   5.8069694e-02
   5.8000000e+00   4.6361591e-02   3.9922080e-02
   5.9000000e+00   7.9786239e-02   1.9062545e-02
   6.0000000e+00   1.1721001e-01  -2.3528418e-02
   6.1000000e+00   1.4015661e-01  -9.8402401e-02
   6.2000000e+00   1.5977580e-01  -1.9127127e-01
   6.3000000e+00   1.9882499e-01  -2.6871723e-01
   6.4000000e+00   2.5716126e-01  -3.0124146e-01
   6.5000000e+00   3.0895408e-01  -2.8593629e-01
   6.6000000e+00   3.3615618e-01  -2.5154676e-01
   6.7000000e+00   3.5354797e-01  -2.3794571e-01
   6.8000000e+00   3.9192083e-01  -2.6159447e-01
   6.9000000e+00   4.5966390e-01  -2.9778340e-01
   7.0000000e+00   5.2850690e-01  -3.0215573e-01
   7.1000000e+00   5.5924491e-01  -2.5418543e-01
   7.2000000e+00   5.3964472e-01  -1.7692996e-01
   7.3000000e+00   4.9727404e-01  -1.1151784e-01
   7.4000000e+00   4.7642116e-01  -7.7048652e-02
   7.5000000e+00   5.0014573e-01  -6.0699110e-02
   7.6000000e+00   5.5023814e-01  -4.1270895e-02
   7.7000000e+00   5.8247717e-01  -1.0181536e-02
   7.8000000e+00   5.6342603e-01   3.1717210e-02
   7.9000000e+00   4.9516302e-01   8.3400315e-02
   8.0000000e+00   4.0751438e-01   1.3774611e-01
   8.1000000e+00   3.3047407e-01   1.7289706e-01
   8.2000000e+00   2.7425824e-01   1.6510592e-01
   8.3000000e+00   2.2728734e-01   1.1449586e-01
   8.4000000e+00   1.6331013e-01   4.9610514e-02
   8.5000000e+00   5.3632014e-02   2.2941741e-03
   8.6000000e+00  -1.1081939e-01  -1.5148410e-02
   8.7000000e+00  -2.9843086e-01  -5.3414574e-03
   8.8000000e+00  -4.4660862e-01   2.8585895e-02
   8.9000000e+00  -5.0969374e-01   7.8893546e-02
   9.0000000e+00  -5.0170734e-01   1.2003387e-01
   9.1000000e+00  -4.8226793e-01   1.1874499e-01
   9.2000000e+00  -4.9539966e-01   6.6131103e-02
   9.3000000e+00  -5.2969005e-01  -9.5955045e-03
   9.4000000e+00  -5.4370978e-01  -7.1440749e-02
   9.5000000e+00  -5.2053621e-01  -1.0960443e-01
   9.6000000e+00  -4.8390439e-01  -1.4154980e-01
   9.7000000e+00  -4.6386862e-01  -1.8184594e-01
   9.8000000e+00  -4.6315442e-01  -2.2375562e-01
   9.9000000e+00  -4.6414637e-01  -2.5028281e-01
   1.0000000e+01  -4.5595440e-01  -2.5163783e-01
   1.0100000e+01  -4.3907635e-01  -2.2810671e-01
   1.0200000e+01  -4.0585349e-01  -1.8660176e-01
   1.0300000e+01  -3.3319813e-01  -1.4254159e-01
   1.0400000e+01  -2.0568455e-01  -1.1712507e-01
   1.0500000e+01  -4.1857347e-02  -1.2032694e-01
   1.0600000e+01   1.1126423e-01  -1.3732134e-01
   1.0700000e+01   2.1219722e-01  -1.4151325e-01
   1.0800000e+01   2.5155049e-01  -1.2284446e-01
   1.0900000e+01   2.4716022e-01  -9.5825906e-02
   1.1000000e+01   2.2061324e-01  -7.8103288e-02
   1.1100000e+01   1.8362810e-01  -7.0055320e-02
   1.1200000e+01   1.4344251e-01  -6.0362642e-02
   1.1300000e+01   1.1096288e-01  -4.2919406e-02
   1.1400000e+01   9.5647468e-02  -1.8372497e-02
   1.1500000e+01   9.3561076e-02   1.6385409e-02
   1.1600000e+01   8.8138057e-02   6.6797660e-02
   1.1700000e+01   6.7916017e-02   1.2507447e-01
   1.1800000e+01   4.1076892e-02   1.6609292e-01
   1.1900000e+01   2.7133286e-02   1.6861257e-01
   1.2000000e+01   3.4242089e-02   1.4003112e-01
   1.2100000e+01   5.0199056e-02   1.1451111e-01
   1.2200000e+01   5.8278534e-02   1.2430608e-01
   1.2300000e+01   5.6806630e-02   1.7314686e-01
   1.2400000e+01   5.7442669e-02   2.3631958e-01
   1.2500000e+01   6.6910567e-02   2.8467052e-01
   1.2600000e+01   7.8525039e-02   3.0853017e-01
   1.2700000e+01   8.3571895e-02   3.1898457e-01
   1.2800000e+01   8.3383724e-02   3.2606405e-01
   1.2900000e+01   8.3506409e-02   3.1891160e-01
   1.3000000e+01   7.9728378e-02   2.7468549e-01
   1.3100000e+01   5.9320871e-02   1.9061254e-01
   1.3200000e+01   1.9476792e-02   1.0013862e-01
   1.3300000e+01  -2.0623705e-02   4.6690694e-02
   1.3400000e+01  -3.1613217e-02   4.1074437e-02
   1.3500000e+01   1.5715602e-03   5.4293982e-02
   1.3600000e+01   6.7277000e-02   5.5601493e-02
   1.3700000e+01   1.3641155e-01   4.6777067e-02
   1.3800000e+01   1.8191639e-01   4.8924089e-02
   1.3900000e+01   1.9265070e-01   6.3306574e-02
   1.4000000e+01   1.7515619e-01   6.3299327e-02
   1.4100000e+01   1.4519953e-01   2.9950243e-02
   1.4200000e+01   1.1515112e-01  -1.8792073e-02
   1.4300000e+01   8.6095871e-02  -4.7566007e-02
   1.4400000e+01   5.1643204e-02  -4.7452013e-02
   1.4500000e+01   1.0180593e-02  -4.6957493e-02
   1.4600000e+01  -2.7423144e-02  -7.7294642e-02
   1.4700000e+01  -4.4077242e-02  -1.3725129e-01
   1.4800000e+01  -3.1556731e-02  -1.9782906e-01
   1.4900000e+01  -2.5872393e-04  -2.3293694e-01
   1.5000000e+01   2.4898446e-02  -2.3624099e-01
   1.5100000e+01   1.9010943e-02  -2.1356974e-01
   1.5200000e+01  -2.7525183e-02  -1.7385964e-01
   1.5300000e+01  -1.0165474e-01  -1.3232258e-01
   1.5400000e+01  -1.7291286e-01  -1.1059431e-01
   1.5500000e+01  -2.0975308e-01  -1.2037822e-01
   1.5600000e+01  -1.9752798e-01  -1.4733738e-01
   1.5700000e+01  -1.4581880e-01  -1.6100705e-01
   1.5800000e+01  -8.0687819e-02  -1.4506624e-01
   1.5900000e+01  -2.9547807e-02  -1.1315007e-01
   1.6000000e+01  -9.6734105e-03  -9.1396906e-02
   1.6100000e+01  -2.3975351e-02  -9.0097702e-02
   1.6200000e+01  -6.1293290e-02  -9.8052141e-02
   1.6300000e+01  -1.0072268e-01  -1.0151968e-01
   1.6400000e+01  -1.2239466e-01  -9.9761254e-02
   1.6500000e+01  -1.2083889e-01  -9.9053701e-02
   1.6600000e+01  -1.0828662e-01  -9.8037275e-02
   1.6700000e+01  -1.0029687e-01  -8.6052087e-02
   1.6800000e+01  -9.5359990e-02  -5.5672880e-02
   1.6900000e+01  -7.1548309e-02  -1.2873406e-02
   1.7000000e+01  -8.4973665e-03   2.5758033e-02
   1.7100000e+01   8.5560263e-02   4.3902637e-02
   1.7200000e+01   1.7146637e-01   3.5433034e-02
   1.7300000e+01   2.0754105e-01   9.0471156e-03
   1.7400000e+01   1.8233977e-01  -1.5055389e-02
   1.7500000e+01   1.2072480e-01  -1.8046056e-02
   1.7600000e+01   6.0490525e-02   2.4908155e-03
   1.7700000e+01   2.5404371e-02   3.0961961e-02
   1.7800000e+01   1.8297281e-02   5.1255042e-02
   1.7900000e+01   3.1656242e-02   6.5958069e-02
   1.8000000e+01   5.6734308e-02   9.3295278e-02
   1.8100000e+01   8.2506750e-02   1.4172819e-01
   1.8200000e+01   9.4143792e-02   1.9084643e-01
   1.8300000e+01   8.0810552e-02   2.0393631e-01
   1.8400000e+01   4.6230025e-02   1.6281691e-01
   1.8500000e+01   7.5374454e-03   8.8812761e-02
   1.8600000e+01  -1.9082158e-02   2.6825286e-02
   1.8700000e+01  -3.0775821e-02   8.2933071e-03
   1.8800000e+01  -3.5394996e-02   3.0037494e-02
   1.8900000e+01  -3.9190726e-02   6.6825124e-02
   1.9000000e+01  -4.0836070e-02   9.9011983e-02
   1.9100000e+01  -3.7717973e-02   1.2424599e-01
   1.9200000e+01  -3.3934632e-02   1.4565796e-01
   1.9300000e+01  -3.8170954e-02   1.5742865e-01
   1.9400000e+01  -5.4081599e-02   1.4756361e-01
   1.9500000e+01  -7.5852061e-02   1.1205463e-01
   1.9600000e+01  -9.4191790e-02   6.0459237e-02
   1.9700000e+01  -1.0420924e-01   7.6623937e-03
   1.9800000e+01  -1.0549956e-01  -3.4152995e-02
   1.9900000e+01  -9.6883900e-02  -5.4322688e-02
   2.0000000e+01  -7.5502506e-02  -4.3337436e-02
   2.0100000e+01  -4.2086417e-02  -3.2871798e-03
   2.0200000e+01  -3.6960364e-03   4.2750312e-02
   2.0300000e+01   3.1391058e-02   6.2519751e-02
   2.0400000e+01   5.9430385e-02   4.2940389e-02
   2.0500000e+01   7.8623121e-02   3.7674551e-03
   2.0600000e+01   8.2676055e-02  -2.2540310e-02
   2.0700000e+01   6.3572816e-02  -2.4017203e-02
   2.0800000e+01   2.4627206e-02  -1.8533147e-02
   2.0900000e+01  -1.2983630e-02  -3.1302442e-02
   2.1000000e+01  -2.3682118e-02  -6.8880095e-02
   2.1100000e+01  -1.0623794e-04  -1.1692668e-01
   2.1200000e+01   4.0083010e-02  -1.5729412e-01
   2.1300000e+01   7.1417634e-02  -1.8076774e-01
   2.1400000e+01   8.2277353e-02  -1.8484988e-01
   2.1500000e+01   7.7767862e-02  -1.6741058e-01
   2.1600000e+01   6.4996367e-02  -1.2830697e-01
   2.1700000e+01   4.2370250e-02  -7.5681370e-02
   2.1800000e+01   6.1803575e-03  -2.5465648e-02
   2.1900000e+01  -3.6235232e-02   8.5108985e-03
   2.2000000e+01  -6.5878158e-02   2.3908829e-02
   2.2100000e+01  -6.7203400e-02   2.8663456e-02
   2.2200000e+01  -4.2921855e-02   3.0749254e-02
   2.2300000e+01  -1.2293603e-02   3.0302795e-02
   2.2400000e+01   5.7702376e-03   2.2518494e-02
   2.2500000e+01   7.9538846e-03   7.2684921e-03
   2.2600000e+01   5.3590443e-03  -6.5800353e-03
   2.2700000e+01   8.2377072e-03  -8.0814261e-03
   2.2800000e+01   1.3807456e-02   5.1873077e-03
   2.2900000e+01   1.0888317e-02   2.4924264e-02
   2.3000000e+01  -4.2595912e-03   4.0192717e-02
   2.3100000e+01  -2.0378004e-02   4.5856755e-02
   2.3200000e+01  -2.2128009e-02   4.2981019e-02
   2.3300000e+01  -7.0194384e-03   3.4381925e-02
   2.3400000e+01   1.1956949e-02   2.3311629e-02
   2.3500000e+01   2.0755286e-02   1.5346086e-02
   2.3600000e+01   1.8131951e-02   1.6260015e-02
   2.3700000e+01   1.4061794e-02   2.4440276e-02
   2.3800000e+01   1.7924122e-02   2.7472964e-02
   2.3900000e+01   3.1277644e-02   1.1403476e-02
   2.4000000e+01   4.9496673e-02  -2.3770796e-02
   2.4100000e+01   6.5131626e-02  -5.9061487e-02
   2.4200000e+01   6.9490809e-02  -6.9684018e-02
   2.4300000e+01   5.6802790e-02  -4.5324189e-02
   2.4400000e+01   3.1005560e-02   1.1461573e-03
   2.4500000e+01   5.6969853e-03   4.3510493e-02
   2.4600000e+01  -7.8897985e-03   6.0728184e-02
   2.4700000e+01  -1.3831046e-02   4.9082494e-02
   2.4800000e+01  -2.9463799e-02   2.1117171e-02
   2.4900000e+01  -6.8460944e-02  -4.8958288e-03
   2.5000000e+01  -1.2613694e-01  -1.6743504e-02
   2.5100000e+01  -1.8065241e-01  -1.4269678e-02
   2.5200000e+01  -2.0648322e-01  -6.3555412e-03
   2.5300000e+01  -1.8787195e-01  -1.4715809e-03
   2.5400000e+01  -1.2612548e-01   2.9224403e-05
   2.5500000e+01  -4.1231834e-02   4.4267797e-03
   2.5600000e+01   3.3656174e-02   1.5608657e-02
   2.5700000e+01   6.7518178e-02   2.8853085e-02
   2.5800000e+01   5.0574741e-02   3.4884803e-02
   2.5900000e+01   2.0490079e-03   2.9344474e-02
   2.6000000e+01  -4.2761863e-02   1.6277670e-02
   2.6100000e+01  -5.7047904e-02   2.2454882e-03
   2.6200000e+01  -3.8640205e-02  -1.0347988e-02
   2.6300000e+01  -6.2662746e-03  -2.2215783e-02
   2.6400000e+01   1.7982419e-02  -3.1447212e-02
   2.6500000e+01   2.5180845e-02  -3.2559850e-02
   2.6600000e+01   2.4655400e-02  -2.2517783e-02
   2.6700000e+01   3.5768726e-02  -5.7224877e-03
   2.6800000e+01   7.1522948e-02   8.7266213e-03
   2.6900000e+01   1.2503962e-01   1.4087036e-02
   2.7000000e+01   1.7143284e-01   9.4529741e-03
   2.7100000e+01   1.8706788e-01  -2.1535431e-03
   2.7200000e+01   1.7017926e-01  -1.6507689e-02
   2.7300000e+01   1.4161011e-01  -2.9061804e-02
   2.7400000e+01   1.2361490e-01  -3.6213427e-02
   2.7500000e+01   1.1938618e-01  -3.8019841e-02
   2.7600000e+01   1.1551777e-01  -3.8567664e-02
   2.7700000e+01   1.0224337e-01  -4.1374017e-02
   2.7800000e+01   8.5384778e-02  -4.4684837e-02
   2.7900000e+01   7.5922157e-02  -4.3919909e-02
   2.8000000e+01   7.2174628e-02  -3.9764991e-02
   2.8100000e+01   5.8408271e-02  -4.1093631e-02
   2.8200000e+01   2.2273891e-02  -5.6100751e-02
   2.8300000e+01  -2.9644558e-02  -7.9895422e-02
   2.8400000e+01  -7.5687873e-02  -9.3865932e-02
   2.8500000e+01  -9.7244368e-02  -8.0654436e-02
   2.8600000e+01  -9.2356917e-02  -4.0666196e-02
   2.8700000e+01  -7.4315998e-02   7.0785713e-03
   2.8800000e+01  -6.0851932e-02   4.0890126e-02
   2.8900000e+01  -6.4823116e-02   5.3143629e-02
   2.9000000e+01  -9.0436842e-02   5.2371043e-02
   2.9100000e+01  -1.3239014e-01   5.1441861e-02
   2.9200000e+01  -1.7665991e-01   5.5526706e-02
   2.9300000e+01  -2.0580080e-01   6.0718785e-02
   2.9400000e+01  -2.0943047e-01   6.1729897e-02
   2.9500000e+01  -1.9266772e-01   5.9338621e-02
   2.9600000e+01  -1.7274054e-01   6.0838258e-02
   2.9700000e+01  -1.6397833e-01   7.3820781e-02
   2.9800000e+01  -1.6478512e-01   9.8425892e-02
   2.9900000e+01  -1.6002510e-01   1.2424695e-01
   3.0000000e+01  -1.3622620e-01   1.3578836e-01
   3.0100000e+01  -9.3420823e-02   1.2412731e-01
   3.0200000e+01  -4.2774853e-02   9.5268996e-02
   3.0300000e+01   4.0510234e-03   6.5945061e-02
   3.0400000e+01   4.0997631e-02   4.8986423e-02
   3.0500000e+01   6.5794586e-02   4.2461791e-02
   3.0600000e+01   7.7274679e-02   3.4170289e-02
   3.0700000e+01   7.6794992e-02   1.6340710e-02
   3.0800000e+01   7.0403617e-02  -6.0674258e-03
   3.0900000e+01   6.6918715e-02  -2.1800323e-02
   3.1000000e+01   7.2803736e-02  -2.5386483e-02
   3.1100000e+01   8.8207594e-02  -2.1148145e-02
   3.1200000e+01   1.0678127e-01  -1.7414525e-02
   3.1300000e+01   1.1965870e-01  -1.9832362e-02
   3.1400000e+01   1.2250980e-01  -2.9405553e-02
   3.1500000e+01   1.2096485e-01  -4.2871325e-02
   3.1600000e+01   1.2737701e-01  -5.3362479e-02
   3.1700000e+01   1.4849575e-01  -5.3942487e-02
   3.1800000e+01   1.7545513e-01  -4.3857406e-02
   3.1900000e+01   1.8861651e-01  -3.0469349e-02
   3.2000000e+01   1.7451668e-01  -2.2603690e-02
   3.2100000e+01   1.3760663e-01  -2.2593976e-02
   3.2200000e+01   9.4726286e-02  -2.7000936e-02
   3.2300000e+01   5.9507827e-02  -3.3663795e-02
   3.2400000e+01   3.3477906e-02  -4.3524482e-02
   3.2500000e+01   1.0636604e-02  -5.4626058e-02
   3.2600000e+01  -1.2514640e-02  -5.9382945e-02
   3.2700000e+01  -3.2245109e-02  -5.2262116e-02
   3.2800000e+01  -4.0967641e-02  -3.8171550e-02
   3.2900000e+01  -3.4589153e-02  -2.8451750e-02
   3.3000000e+01  -1.8190632e-02  -2.8334490e-02
   3.3100000e+01  -5.3133247e-03  -3.2408858e-02
   3.3200000e+01  -9.4013768e-03  -3.3834358e-02
   3.3300000e+01  -3.2832331e-02  -3.4284556e-02
   3.3400000e+01  -6.3621498e-02  -4.1519523e-02
   3.3500000e+01  -8.4285803e-02  -5.8642104e-02
   3.3600000e+01  -8.5275908e-02  -7.8625241e-02
   3.3700000e+01  -7.0873372e-02  -8.9069907e-02
   3.3800000e+01  -5.4002644e-02  -8.0793644e-02
   3.3900000e+01  -4.6913627e-02  -5.3685336e-02
   3.4000000e+01  -5.5206364e-02  -1.8142243e-02
   3.4100000e+01  -7.6174901e-02   9.1936567e-03
   3.4200000e+01  -9.9593841e-02   1.6044862e-02
   3.4300000e+01  -1.1143669e-01   4.8306374e-03
   3.4400000e+01  -1.0116086e-01  -8.5570913e-03
   3.4500000e+01  -6.8815958e-02  -8.8776721e-03
   3.4600000e+01  -2.6131403e-02   5.5990275e-03
   3.4700000e+01   9.7179108e-03   2.5175959e-02
   3.4800000e+01   2.4964794e-02   4.1343784e-02
   3.4900000e+01   1.5224841e-02   5.3597454e-02
   3.5000000e+01  -1.3359289e-02   6.4080533e-02
   3.5100000e+01  -4.6981847e-02   7.0518993e-02
   3.5200000e+01  -6.9744947e-02   6.8364283e-02
   3.5300000e+01  -7.0432333e-02   5.8642884e-02
   3.5400000e+01  -4.8217124e-02   5.0078210e-02
   3.5500000e+01  -1.4539852e-02   5.2041283e-02
   3.5600000e+01   1.1327191e-02   6.5939499e-02
   3.5700000e+01   1.3380671e-02   8.3218661e-02
   3.5800000e+01  -8.4651170e-03   9.0962536e-02
   3.5900000e+01  -3.4865353e-02   8.0714821e-02
   3.6000000e+01  -4.0210562e-02   5.4869107e-02
   3.6100000e+01  -1.5233789e-02   2.5682658e-02
   3.6200000e+01   2.1497617e-02   6.1638952e-03
   3.6300000e+01   3.7587830e-02  -1.3524862e-04
   3.6400000e+01   1.6277452e-02  -2.1953864e-04
   3.6500000e+01  -2.6390715e-02  -2.0893422e-03
   3.6600000e+01  -5.4093773e-02  -5.5762878e-03
   3.6700000e+01  -4.0741791e-02  -4.8158924e-03
   3.6800000e+01   9.4301054e-03   9.8209581e-04
   3.6900000e+01   6.8138311e-02   3.2781458e-03
   3.7000000e+01   1.0584803e-01  -6.1655487e-03
   3.7100000e+01   1.0980413e-01  -2.2707574e-02
   3.7200000e+01   8.6495728e-02  -3.0255003e-02
   3.7300000e+01   5.3454658e-02  -1.8084148e-02
   3.7400000e+01   2.9441513e-02   5.2326676e-03
   3.7500000e+01   2.6611175e-02   1.8436162e-02
   3.7600000e+01   4.5244002e-02   9.6302901e-03
   3.7700000e+01   7.3911265e-02  -1.0688714e-02
   3.7800000e+01   9.7210426e-02  -2.1679122e-02
   3.7900000e+01   1.0604806e-01  -1.6388061e-02
   3.8000000e+01   1.0118982e-01  -9.6525358e-03
   3.8100000e+01   8.7787405e-02  -1.9479794e-02
   3.8200000e+01   6.9263948e-02  -4.3579453e-02
   3.8300000e+01   4.8346155e-02  -5.9168397e-02
   3.8400000e+01   3.1092078e-02  -4.6650239e-02
   3.8500000e+01   2.3857775e-02  -1.0163873e-02
   3.8600000e+01   2.3726637e-02   2.6501243e-02
   3.8700000e+01   1.6080766e-02   4.1032449e-02
   3.8800000e+01  -1.2058543e-02   2.7561380e-02
   3.8900000e+01  -5.4615664e-02  -4.8780409e-03
   3.9000000e+01  -8.6089551e-02  -4.1698987e-02
   3.9100000e+01  -8.2732898e-02  -6.9638756e-02
   3.9200000e+01  -4.5134019e-02  -8.0861306e-02
   3.9300000e+01   9.3963330e-04  -7.6272493e-02
   3.9400000e+01   2.5963405e-02  -6.4284132e-02
   3.9500000e+01   1.8876084e-02  -5.2791996e-02
   3.9600000e+01  -9.2517136e-03  -4.2225622e-02
   3.9700000e+01  -3.9011480e-02  -2.8827669e-02
   3.9800000e+01  -5.8054344e-02  -1.3528620e-02
   3.9900000e+01  -6.5773235e-02  -2.3587110e-03
   4.0000000e+01  -6.7837123e-02   3.8521468e-03
   4.0100000e+01  -6.8660933e-02   1.4756243e-02
   4.0200000e+01  -6.8093900e-02   3.9046639e-02
   4.0300000e+01  -6.3204776e-02   6.8659454e-02
   4.0400000e+01  -5.2271920e-02   8.1335282e-02
   4.0500000e+01  -3.7071630e-02   6.2864502e-02
   4.0600000e+01  -2.1313792e-02   2.3834158e-02
   4.0700000e+01  -7.0801239e-03  -9.5348122e-03
   4.0800000e+01   6.0909290e-03  -1.9815361e-02
   4.0900000e+01   1.7563782e-02  -1.0456492e-02
   4.1000000e+01   2.2128086e-02   4.4761858e-03
   4.1100000e+01   1.3410058e-02   1.6337552e-02
   4.1200000e+01  -6.9377177e-03   2.5515726e-02
   4.1300000e+01  -2.5316839e-02   3.4424092e-02
   4.1400000e+01  -2.6407303e-02   4.3044776e-02
   4.1500000e+01  -1.0281102e-02   5.0814224e-02
   4.1600000e+01   3.2110612e-03   5.7422735e-02
   4.1700000e+01  -7.4195486e-03   5.9265248e-02
   4.1800000e+01  -4.0370816e-02   4.8550674e-02
   4.1900000e+01  -6.6652299e-02   2.0468094e-02
   4.2000000e+01  -5.5530896e-02  -1.8014685e-02
   4.2100000e+01  -5.3171405e-03  -4.8886312e-02
   4.2200000e+01   5.2499288e-02  -5.5241846e-02
   4.2300000e+01   8.0526357e-02  -3.4732668e-02
   4.2400000e+01   6.6625166e-02  -2.2124938e-03
   4.2500000e+01   2.9603306e-02   2.1758246e-02
   4.2600000e+01  -1.9033636e-03   2.7844041e-02
   4.2700000e+01  -1.3821968e-02   2.5091302e-02
   4.2800000e+01  -1.3129898e-02   2.9589042e-02
   4.2900000e+01  -1.6001525e-02   4.4148588e-02
   4.3000000e+01  -3.2002220e-02   5.1454804e-02
   4.3100000e+01  -5.7027322e-02   3.1728700e-02
   4.3200000e+01  -7.7341303e-02  -1.2690096e-02
   4.3300000e+01  -7.9130110e-02  -5.5301695e-02
   4.3400000e+01  -5.6530717e-02  -7.1017808e-02
   4.3500000e+01  -1.4615757e-02  -6.0557841e-02
   4.3600000e+01   3.2045372e-02  -4.5140569e-02
   4.3700000e+01   6.4254848e-02  -3.9218240e-02
   4.3800000e+01   6.7473843e-02  -3.5446662e-02
   4.3900000e+01   4.3602848e-02  -1.8971833e-02
   4.4000000e+01   1.5058473e-02   9.2598443e-03
   4.4100000e+01   1.0722684e-02   2.9929941e-02
   4.4200000e+01   4.0463297e-02   2.5577467e-02
   4.4300000e+01   8.3030470e-02  -1.2899625e-03
   4.4400000e+01   1.0388704e-01  -3.1541518e-02
   4.4500000e+01   8.7294154e-02  -4.7600465e-02
   4.4600000e+01   4.8932112e-02  -4.6430984e-02
   4.4700000e+01   1.7056329e-02  -3.7127917e-02
   4.4800000e+01   6.0338119e-03  -2.9191011e-02
   4.4900000e+01   1.0795523e-02  -2.3689236e-02
   4.5000000e+01   2.1022274e-02  -1.4625714e-02
   4.5100000e+01   3.1818118e-02   1.5761711e-03
   4.5200000e+01   4.0204145e-02   1.8598329e-02
   4.5300000e+01   4.0215356e-02   2.4639867e-02
   4.5400000e+01   2.8352660e-02   1.6295126e-02
   4.5500000e+01   1.0933949e-02   5.8438358e-03
   4.5600000e+01  -6.6584171e-04   9.7720166e-03
   4.5700000e+01  -2.9264200e-03   2.8514816e-02
   4.5800000e+01  -3.9078823e-03   4.1867178e-02
   4.5900000e+01  -1.2359807e-02   2.9234581e-02
   4.6000000e+01  -2.6565918e-02  -6.1660068e-03
   4.6100000e+01  -3.6827794e-02  -3.7562070e-02
   4.6200000e+01  -3.6873537e-02  -4.0953438e-02
   4.6300000e+01  -2.9263607e-02  -1.9086001e-02
   4.6400000e+01  -2.0029041e-02   2.9068793e-03
   4.6500000e+01  -1.1771377e-02   4.5787859e-03
   4.6600000e+01  -3.7895997e-03  -9.7490614e-03
   4.6700000e+01   3.4701951e-03  -1.8417263e-02
   4.6800000e+01   7.3911933e-03  -7.6153498e-03
   4.6900000e+01   6.8689975e-03   1.3522288e-02
   4.7000000e+01   4.6428214e-03   2.3535778e-02
   4.7100000e+01   4.0067194e-03   1.2166908e-02
   4.7200000e+01   3.6165632e-03  -9.6905045e-03
   4.7300000e+01  -2.2144988e-03  -2.3758724e-02
   4.7400000e+01  -1.6095415e-02  -2.4224844e-02
   4.7500000e+01  -3.0672380e-02  -2.0047033e-02
   4.7600000e+01  -3.1841021e-02  -1.9433538e-02
   4.7700000e+01  -1.1912854e-02  -1.8687900e-02
   4.7800000e+01   1.9703461e-02  -9.5390770e-03
   4.7900000e+01   4.1120188e-02   7.5452585e-03
   4.8000000e+01   3.5971091e-02   2.3710758e-02
   4.8100000e+01   7.8132234e-03   3.3653892e-02
   4.8200000e+01  -2.3832822e-02   3.9903817e-02
   4.8300000e+01  -4.1946252e-02   4.3717029e-02
   4.8400000e+01  -4.6168477e-02   3.9435499e-02
   4.8500000e+01  -4.9045912e-02   2.4293644e-02
   4.8600000e+01  -5.9866216e-02   9.4904209e-03
   4.8700000e+01  -7.3598541e-02   1.2225984e-02
   4.8800000e+01  -7.5555507e-02   3.5080235e-02
   4.8900000e+01  -5.5823094e-02   6.0312980e-02
   4.9000000e+01  -1.9044223e-02   6.9048346e-02
   4.9100000e+01   1.8381702e-02   6.1585527e-02
   4.9200000e+01   3.9302729e-02   5.2753607e-02
   4.9300000e+01   3.5355532e-02   4.9379963e-02
   4.9400000e+01   9.9569947e-03   4.0449326e-02
   4.9500000e+01  -2.3928412e-02   1.3225532e-02
   4.9600000e+01  -4.9057575e-02  -2.5535120e-02
   4.9700000e+01  -5.2176793e-02  -5.0852313e-02
   4.9800000e+01  -3.3115313e-02  -4.3399216e-02
   4.9900000e+01  -7.0389148e-03  -9.7281761e-03
   5.0000000e+01   6.2665785e-03   2.2580719e-02
   5.0100000e+01  -3.9103549e-04   2.8895674e-02
   5.0200000e+01  -1.4744273e-02   6.5423005e-03
   5.0300000e+01  -1.7346487e-02  -2.7110642e-02
   5.0400000e+01  -7.9254580e-04  -5.1636102e-02
   5.0500000e+01   2.5034620e-02  -5.8056469e-02
   5.0600000e+01   4.6140245e-02  -5.0571238e-02
   5.0700000e+01   5.8472380e-02  -3.9321457e-02
   5.0800000e+01   6.6198088e-02  -3.3155102e-02
   5.0900000e+01   6.9853256e-02  -3.6038764e-02
   5.1000000e+01   6.3196889e-02  -4.5780505e-02
   5.1100000e+01   4.3752548e-02  -5.5088604e-02
   5.1200000e+01   2.1066360e-02  -5.6526508e-02
   5.1300000e+01   8.6947508e-03  -4.8592641e-02
   5.1400000e+01   8.6972900e-03  -3.5974034e-02
   5.1500000e+01   9.2769647e-03  -2.2389520e-02
   5.1600000e+01  -9.6602578e-06  -4.9867278e-03
   5.1700000e+01  -1.4201400e-02   2.0413476e-02
   5.1800000e+01  -1.8062981e-02   4.7860640e-02
   5.1900000e+01  -4.5332022e-03   5.9507062e-02
   5.2000000e+01   1.5866597e-02   4.0839223e-02
   5.2100000e+01   2.5728644e-02  -8.9612628e-04
   5.2200000e+01   1.8398198e-02  -3.6862165e-02
   5.2300000e+01   2.1336317e-03  -3.9663185e-02
   5.2400000e+01  -1.2206691e-02  -8.3176519e-03
   5.2500000e+01  -2.3273152e-02   3.0124014e-02
   5.2600000e+01  -3.6443308e-02   4.4958127e-02
   5.2700000e+01  -5.1459559e-02   2.8691645e-02
   5.2800000e+01  -5.8052224e-02   8.0360339e-04
   5.2900000e+01  -4.6309601e-02  -1.3306693e-02
   5.3000000e+01  -1.8983859e-02  -5.5271300e-03
   5.3100000e+01   9.9748054e-03   1.1873569e-02
   5.3200000e+01   2.8987169e-02   2.2399110e-02
   5.3300000e+01   3.8026267e-02   2.0459023e-02
   5.3400000e+01   4.3576307e-02   1.0460444e-02
   5.3500000e+01   4.7906924e-02  -3.7531608e-03
   5.3600000e+01   4.6901921e-02  -2.2313920e-02
   5.3700000e+01   3.7681416e-02  -4.1575588e-02
   5.3800000e+01   2.4410459e-02  -4.9016734e-02
   5.3900000e+01   1.4579655e-02  -3.2600281e-02
   5.4000000e+01   1.1415049e-02   3.8350199e-03
   5.4100000e+01   1.2279463e-02   3.8898506e-02
   5.4200000e+01   1.3838444e-02   5.1101389e-02
   5.4300000e+01   1.6017979e-02   3.7745397e-02
   5.4400000e+01   1.9592368e-02   1.4948974e-02
   5.4500000e+01   2.1640218e-02  -2.3815241e-05
   5.4600000e+01   1.6428108e-02  -3.9155122e-03
   5.4700000e+01   2.2934283e-03  -5.2886819e-03
   5.4800000e+01  -1.3736107e-02  -1.0961266e-02
   5.4900000e+01  -2.1235971e-02  -1.7636729e-02
   5.5000000e+01  -1.7940476e-02  -1.6338943e-02
   5.5100000e+01  -1.4138874e-02  -2.7871890e-03
   5.5200000e+01  -2.2001662e-02   1.7305901e-02
   5.5300000e+01  -3.9918035e-02   3.2432431e-02
   5.5400000e+01  -5.1279173e-02   3.5034309e-02
   5.5500000e+01  -4.2551785e-02   2.8502438e-02
   5.5600000e+01  -2.1128744e-02   2.4379995e-02
   5.5700000e+01  -1.0356576e-02   3.0401461e-02
   5.5800000e+01  -2.5007271e-02   4.0283220e-02
   5.5900000e+01  -5.4818003e-02   3.7831787e-02
   5.6000000e+01  -7.4867736e-02   1.4283645e-02
   5.6100000e+01  -6.9666881e-02  -1.9045325e-02
   5.6200000e+01  -4.3542590e-02  -3.9085956e-02
   5.6300000e+01  -1.0230571e-02  -3.3749947e-02
   5.6400000e+01   1.9829569e-02  -1.4066028e-02
   5.6500000e+01   3.9384068e-02  -1.3133451e-03
   5.6600000e+01   3.9953236e-02  -4.0524297e-03
   5.6700000e+01   1.8107335e-02  -1.1948365e-02
   5.6800000e+01  -1.3304166e-02  -1.1996134e-02
   5.6900000e+01  -2.9616540e-02  -4.9995679e-03
   5.7000000e+01  -1.7329880e-02  -1.7481953e-03
   5.7100000e+01   1.0089014e-02  -6.4323383e-03
   5.7200000e+01   2.5991011e-02  -1.1242086e-02
   5.7300000e+01   2.0344522e-02  -9.0680802e-03
   5.7400000e+01   9.8639600e-03  -5.2488381e-03
   5.7500000e+01   1.5927583e-02  -1.0834608e-02
   5.7600000e+01   3.7700705e-02  -2.6269081e-02
   5.7700000e+01   5.3192751e-02  -3.8247497e-02
   5.7800000e+01   4.5658265e-02  -3.4643202e-02
   5.7900000e+01   2.2776798e-02  -1.8281767e-02
   5.8000000e+01   7.4295743e-03  -2.8855808e-03
   5.8100000e+01   1.3344869e-02   1.7949163e-03
   5.8200000e+01   3.3050262e-02  -2.8966948e-03
   5.8300000e+01   4.7429908e-02  -1.0277119e-02
   5.8400000e+01   4.3127538e-02  -1.5936325e-02
   5.8500000e+01   2.1455159e-02  -1.8559170e-02
   5.8600000e+01  -4.6983086e-03  -1.7410970e-02
   5.8700000e+01  -2.0230404e-02  -1.2030535e-02
   5.8800000e+01  -1.7522676e-02  -2.6267209e-03
   5.8900000e+01  -1.7381071e-03   1.1125378e-02
   5.9000000e+01   1.2751649e-02   2.9074637e-02
   5.9100000e+01   1.4268108e-02   4.5303794e-02
   5.9200000e+01   4.4936040e-03   4.7195725e-02
   5.9300000e+01  -3.3685834e-03   2.7397820e-02
   5.9400000e+01   1.4499783e-03  -1.4943289e-03
   5.9500000e+01   1.5314948e-02  -1.2015309e-02
   5.9600000e+01   2.3327208e-02   1.0287190e-02
   5.9700000e+01   1.4576948e-02   4.5970355e-02
   5.9800000e+01  -6.7510115e-03   5.7722110e-02
   5.9900000e+01  -2.6038105e-02   3.1052902e-02
   6.0000000e+01  -3.3216539e-02  -7.0035209e-03
   6.0100000e+01  -3.2119881e-02  -1.6159164e-02
   6.0200000e+01  -3.4891795e-02   1.2975915e-02
   6.0300000e+01  -4.7889703e-02   5.0308230e-02
   6.0400000e+01  -6.3969481e-02   6.1633004e-02
   6.0500000e+01  -6.9265092e-02   4.3795898e-02
   6.0600000e+01  -5.7556696e-02   1.9773374e-02
   6.0700000e+01  -3.6948480e-02   6.4824770e-03
   6.0800000e+01  -2.1187021e-02  -1.1397358e-03
   6.0900000e+01  -1.5043532e-02  -1.4282285e-02
   6.1000000e+01  -1.1010041e-02  -3.0618956e-02
   6.1100000e+01  -1.7992918e-03  -3.8564637e-02
   6.1200000e+01   7.1585969e-03  -3.5399677e-02
   6.1300000e+01   2.8603841e-03  -3.0993381e-02
   6.1400000e+01  -1.7010003e-02  -3.3171473e-02
   6.1500000e+01  -3.6219827e-02  -3.7746331e-02
   6.1600000e+01  -3.4966198e-02  -3.6602877e-02
   6.1700000e+01  -1.0993703e-02  -2.9323159e-02
   6.1800000e+01   1.8593672e-02  -2.0956683e-02
   6.1900000e+01   3.5958790e-02  -1.2247150e-02
   6.2000000e+01   3.7876629e-02  -1.2515024e-05
   6.2100000e+01   3.1747587e-02   1.2571941e-02
   6.2200000e+01   2.3440838e-02   1.3742151e-02
   6.2300000e+01   1.5520098e-02  -3.9009639e-03
   6.2400000e+01   1.3874975e-02  -3.1254768e-02
   6.2500000e+01   2.5962232e-02  -4.8380148e-02
   6.2600000e+01   4.8303361e-02  -4.2560639e-02
   6.2700000e+01   6.2148194e-02  -1.8792694e-02
   6.2800000e+01   4.9696244e-02   6.6044102e-03
   6.2900000e+01   1.4928554e-02   1.9861032e-02
   6.3000000e+01  -1.7330569e-02   1.7743090e-02
   6.3100000e+01  -2.5924446e-02   6.2220839e-03
   6.3200000e+01  -1.4076208e-02  -5.3561026e-03
   6.3300000e+01  -2.6091871e-03  -9.7810597e-03
   6.3400000e+01  -4.2823422e-03  -5.1855215e-03
   6.3500000e+01  -9.5524025e-03   4.6491734e-03
   6.3600000e+01  -4.3516766e-05   1.2631195e-02
   6.3700000e+01   2.6386017e-02   1.2194043e-02
   6.3800000e+01   4.8467410e-02   1.3323731e-03
   6.3900000e+01   4.1505604e-02  -1.4878451e-02
   6.4000000e+01   3.2101903e-03  -2.5999064e-02
   6.4100000e+01  -4.2549922e-02  -2.3130949e-02
   6.4200000e+01  -6.7554614e-02  -6.3165247e-03
   6.4300000e+01  -6.2751867e-02   1.4982804e-02
   6.4400000e+01  -4.0246790e-02   2.9437838e-02
   6.4500000e+01  -1.6387721e-02   3.1664315e-02
   6.4600000e+01   2.3299377e-03   2.3197961e-02
   6.4700000e+01   1.7529310e-02   8.8275441e-03
   6.4800000e+01   2.9905934e-02  -5.4423207e-03
   6.4900000e+01   3.7193204e-02  -1.2798502e-02
   6.5000000e+01   3.9500165e-02  -8.9247477e-03
   6.5100000e+01   4.1105499e-02   3.3097523e-03
   6.5200000e+01   4.4485120e-02   1.5321892e-02
   6.5300000e+01   4.5192432e-02   2.1197390e-02
   6.5400000e+01   3.5971082e-02   2.2696820e-02
   6.5500000e+01   1.6112463e-02   2.3917859e-02
   6.5600000e+01  -4.9518995e-03   2.3794086e-02
   6.5700000e+01  -1.4134722e-02   1.8535690e-02
   6.5800000e+01  -5.0629342e-03   1.0911535e-02
   6.5900000e+01   1.6408137e-02   1.1147522e-02
   6.6000000e+01   3.5407308e-02   2.4958151e-02
   6.6100000e+01   3.8168312e-02   4.3664232e-02
   6.6200000e+01   2.2841393e-02   5.0853635e-02
   6.6300000e+01   2.1539344e-03   3.9007866e-02
   6.6400000e+01  -6.9759926e-03   1.6719308e-02
   6.6500000e+01   3.9993753e-04  -7.2114460e-04
   6.6600000e+01   1.1611646e-02  -5.1384200e-03
   6.6700000e+01   9.2143542e-03   5.0320452e-04
   6.6800000e+01  -1.0095495e-02   8.0903351e-03
   6.6900000e+01  -3.1351699e-02   1.1213192e-02
   6.7000000e+01  -3.6693885e-02   7.6668623e-03
   6.7100000e+01  -2.2838850e-02  -8.2812118e-04
   6.7200000e+01  -2.4329352e-03  -9.8349498e-03
   6.7300000e+01   8.9039172e-03  -1.4819293e-02
   6.7400000e+01   4.0053038e-03  -1.4489339e-02
   6.7500000e+01  -1.4451670e-02  -1.2060232e-02
   6.7600000e+01  -3.7593225e-02  -1.3246019e-02
   6.7700000e+01  -5.3808880e-02  -2.2724135e-02
   6.7800000e+01  -5.4383087e-02  -4.0745758e-02
   6.7900000e+01  -4.1476869e-02  -6.0608733e-02
   6.8000000e+01  -2.9123555e-02  -6.9667742e-02
   6.8100000e+01  -3.0782989e-02  -5.7369991e-02
   6.8200000e+01  -4.4469818e-02  -2.6939707e-02
   6.8300000e+01  -5.3908111e-02   1.6965873e-03
   6.8400000e+01  -4.6380390e-02   6.3292336e-03
   6.8500000e+01  -2.6377485e-02  -1.5949928e-02
   6.8600000e+01  -9.0346644e-03  -4.3027039e-02
   6.8700000e+01  -3.0677047e-03  -4.7760430e-02
   6.8800000e+01  -4.5680495e-03  -2.4884406e-02
   6.8900000e+01  -6.2083241e-03   4.3090520e-03
   6.9000000e+01  -6.6998931e-03   1.5157661e-02
   6.9100000e+01  -9.1629276e-03   4.8131763e-03
   6.9200000e+01  -1.4535606e-02  -8.2607509e-03
   6.9300000e+01  -2.0295853e-02  -7.6809856e-03
   6.9400000e+01  -2.3387989e-02   3.2818958e-03
   6.9500000e+01  -2.0819013e-02   9.2937070e-03
   6.9600000e+01  -9.3155292e-03   3.6247209e-03
   6.9700000e+01   1.0572477e-02  -4.4189960e-03
   6.9800000e+01   3.0011002e-02  -2.8874215e-03
   6.9900000e+01   3.7170715e-02   7.1747354e-03
   7.0000000e+01   3.0142695e-02   1.3564663e-02
   7.0100000e+01   2.0964483e-02   8.9252181e-03
   7.0200000e+01   2.2451579e-02   4.9299718e-04
   7.0300000e+01   3.2720577e-02   2.0049163e-03
   7.0400000e+01   3.7468300e-02   1.7920367e-02
   7.0500000e+01   2.7613921e-02   3.8005410e-02
   7.0600000e+01   1.0014345e-02   4.7143599e-02
   7.0700000e+01  -1.1557881e-03   3.8785614e-02
   7.0800000e+01   2.8902927e-04   1.8985751e-02
   7.0900000e+01   9.1901120e-03  -2.7947863e-04
   7.1000000e+01   1.7999805e-02  -1.0056074e-02
   7.1100000e+01   2.3671070e-02  -8.1236730e-03
   7.1200000e+01   2.5458152e-02   3.0347089e-03
   7.1300000e+01   2.1360772e-02   1.9829287e-02
   7.1400000e+01   1.0877375e-02   3.8858927e-02
   7.1500000e+01  -4.8735479e-04   5.5368228e-02
   7.1600000e+01  -3.8033247e-03   6.2011973e-02
   7.1700000e+01   4.7061651e-03   5.1931270e-02
   7.1800000e+01   1.9275164e-02   2.5695376e-02
   7.1900000e+01   2.9928961e-02  -4.8534219e-03
   7.2000000e+01   3.1474927e-02  -2.2706956e-02
   7.2100000e+01   2.6642683e-02  -1.8761519e-02
   7.2200000e+01   2.1451422e-02   4.4664985e-04
   7.2300000e+01   1.8877823e-02   1.8658526e-02
   7.2400000e+01   1.6870240e-02   2.3458121e-02
   7.2500000e+01   1.1387486e-02   1.3981326e-02
   7.2600000e+01   1.2242138e-03  -2.4956140e-03
   7.2700000e+01  -9.2192251e-03  -1.8012149e-02
   7.2800000e+01  -1.2008698e-02  -2.7548785e-02
   7.2900000e+01  -2.4138289e-03  -2.9518459e-02
   7.3000000e+01   1.4885558e-02  -2.6983216e-02
   7.3100000e+01   2.7397028e-02  -2.7487523e-02
   7.3200000e+01   2.5050812e-02  -3.6886740e-02
   7.3300000e+01   9.6082527e-03  -5.0960940e-02
   7.3400000e+01  -7.2824354e-03  -5.6090828e-02
   7.3500000e+01  -1.5748851e-02  -4.2442656e-02
   7.3600000e+01  -1.6092224e-02  -1.6694003e-02
   7.3700000e+01  -1.5376703e-02   1.7968199e-03
   7.3800000e+01  -1.8229037e-02  -6.3013334e-05
   7.3900000e+01  -2.3085744e-02  -1.5141114e-02
   7.4000000e+01  -2.5525160e-02  -2.3558635e-02
   7.4100000e+01  -2.1739544e-02  -1.4368563e-02
   7.4200000e+01  -9.5315996e-03   2.7046897e-03
   7.4300000e+01   8.9672598e-03   9.2475341e-03
   7.4400000e+01   2.3480905e-02   5.0671731e-04
   7.4500000e+01   1.9713217e-02  -8.2082529e-03
   7.4600000e+01  -6.2487563e-03   2.6594608e-04
   7.4700000e+01  -3.8387757e-02   2.2841227e-02
   7.4800000e+01  -5.2330162e-02   3.7200733e-02
   7.4900000e+01  -4.0126279e-02   2.6555648e-02
   7.5000000e+01  -2.0146464e-02  -2.8021457e-04
   7.5100000e+01  -1.7943105e-02  -1.7721110e-02
   7.5200000e+01  -3.8169131e-02  -1.1398387e-02
   7.5300000e+01  -5.9278702e-02   7.2316535e-03
   7.5400000e+01  -5.6542841e-02   1.5732257e-02
   7.5500000e+01  -2.7309759e-02   6.0420978e-03
   7.5600000e+01   7.5864029e-03  -9.0146912e-03
   7.5700000e+01   2.4595070e-02  -1.2626183e-02
   7.5800000e+01   1.7442837e-02  -2.0328749e-03
   7.5900000e+01  -1.0541020e-03   1.1672220e-02
   7.6000000e+01  -1.2639312e-02   1.7418056e-02
   7.6100000e+01  -8.0820969e-03   1.4071658e-02
   7.6200000e+01   8.4633340e-03   8.3062688e-03
   7.6300000e+01   2.5461402e-02   6.7048066e-03
   7.6400000e+01   3.3457219e-02   1.0433260e-02
   7.6500000e+01   3.0906919e-02   1.4672504e-02
   7.6600000e+01   2.3549255e-02   1.1976954e-02
   7.6700000e+01   1.8954204e-02  -1.4227845e-03
   7.6800000e+01   2.0204752e-02  -2.0316664e-02
   7.6900000e+01   2.3126595e-02  -3.2432621e-02
   7.7000000e+01   2.0040699e-02  -2.8081622e-02
   7.7100000e+01   8.2188320e-03  -8.7886712e-03
   7.7200000e+01  -4.8726469e-03   1.3934403e-02
   7.7300000e+01  -6.9892382e-03   2.7978883e-02
   7.7400000e+01   6.1619105e-03   2.8583041e-02
   7.7500000e+01   2.4661841e-02   1.8941353e-02
   7.7600000e+01   3.3280151e-02   5.8533418e-03
   7.7700000e+01   2.6506390e-02  -4.9099798e-03
   7.7800000e+01   1.2322012e-02  -1.1471619e-02
   7.7900000e+01   7.8197682e-04  -1.5828746e-02
   7.8000000e+01  -7.7081962e-03  -1.9985125e-02
   7.8100000e+01  -1.9947767e-02  -2.1275699e-02
   7.8200000e+01  -3.7576513e-02  -1.3571097e-02
   7.8300000e+01  -5.1267278e-02   4.3767155e-03
   7.8400000e+01  -4.9011452e-02   2.2963541e-02
   7.8500000e+01  -2.9007715e-02   2.8196773e-02
   7.8600000e+01  -3.1207936e-03   1.6237478e-02
   7.8700000e+01   1.2577877e-02  -5.8413679e-04
   7.8800000e+01   1.1301253e-02  -5.2428263e-03
   7.8900000e+01   9.1036469e-04   6.3576400e-03
   7.9000000e+01  -4.1173177e-03   2.1132341e-02
   7.9100000e+01   2.5645860e-03   2.2889369e-02
   7.9200000e+01   1.2217881e-02   9.4173532e-03
   7.9300000e+01   1.0601702e-02  -5.4682180e-03
   7.9400000e+01  -4.5799547e-03  -6.2123336e-03
   7.9500000e+01  -1.8091223e-02   9.3584562e-03
   7.9600000e+01  -1.2196447e-02   2.8961009e-02
   7.9700000e+01   1.2565728e-02   3.8176073e-02
   7.9800000e+01   3.4599842e-02   3.2389421e-02
   7.9900000e+01   3.1827843e-02   1.6985863e-02
   8.0000000e+01   4.8719291e-03  -1.3076713e-03
