   1.0221618e+02   2.8602761e+01   2.5212700e+03
   1.0222532e+02   2.8588782e+01   2.0927700e+03
   0.0000000e+00   5.6273901e-01   5.6273901e-01
   1.0000000e-01   6.1902599e-01   5.0372128e-01
   2.0000000e-01   6.8129288e-01   4.3484214e-01
   3.0000000e-01   7.5147170e-01   3.5313064e-01
   4.0000000e-01   8.2289762e-01   2.5795719e-01
   5.0000000e-01   8.8992914e-01   1.5218022e-01
   6.0000000e-01   9.5206752e-01   4.3663265e-02
   7.0000000e-01   9.9953305e-01  -5.9133702e-02
   8.0000000e-01   1.0000000e+00  -1.5397608e-01
   9.0000000e-01   9.1600695e-01  -2.4623938e-01
   1.0000000e+00   7.4343783e-01  -3.4435211e-01
   1.1000000e+00   5.2563248e-01  -4.5181828e-01
   1.2000000e+00   3.2243040e-01  -5.5582029e-01
   1.3000000e+00   1.6901729e-01  -6.2137264e-01
   1.4000000e+00   6.8018558e-02  -6.1082162e-01
   1.5000000e+00   1.0330948e-02  -5.2664678e-01
   1.6000000e+00  -1.2540207e-02  -4.3196587e-01
   1.7000000e+00  -1.6538199e-02  -4.0663203e-01
   1.8000000e+00  -2.8652200e-02  -4.7001127e-01
   1.9000000e+00  -7.0227960e-02  -5.5644530e-01
   2.0000000e+00  -1.3934985e-01  -5.7794136e-01
   2.1000000e+00  -2.1541541e-01  -5.0493214e-01
   2.2000000e+00  -2.7860486e-01  -3.7775904e-01
   2.3000000e+00  -3.2147446e-01  -2.5310767e-01
   2.4000000e+00  -3.4756664e-01  -1.6233763e-01
   2.5000000e+00  -3.6773499e-01  -1.1902469e-01
   2.6000000e+00  -3.9641944e-01  -1.3498125e-01
   2.7000000e+00  -4.4200816e-01  -2.0603390e-01
   2.8000000e+00  -4.9758790e-01  -2.9389097e-01
   2.9000000e+00  -5.4638100e-01  -3.4636165e-01
   3.0000000e+00  -5.7723148e-01  -3.4023638e-01
   3.1000000e+00  -5.8739173e-01  -2.9364153e-01
   3.2000000e+00  -5.6839970e-01  -2.3554801e-01
   3.3000000e+00  -5.0221551e-01  -1.7522837e-01
   3.4000000e+00  -3.8484161e-01  -1.0595087e-01
   3.5000000e+00  -2.4957677e-01  -2.7907255e-02
   3.6000000e+00  -1.5057269e-01   4.2315900e-02
   3.7000000e+00  -1.1652709e-01   8.3283779e-02
   3.8000000e+00  -1.2860810e-01   8.6275544e-02
   3.9000000e+00  -1.4936342e-01   6.4493028e-02
   4.0000000e+00  -1.6430485e-01   4.6418666e-02
   4.1000000e+00  -1.8472187e-01   5.3933993e-02
   4.2000000e+00  -2.1561790e-01   8.2938261e-02
   4.3000000e+00  -2.3753237e-01   1.1113811e-01
   4.4000000e+00  -2.2597965e-01   1.2890259e-01
   4.5000000e+00  -1.7864085e-01   1.5330672e-01
   4.6000000e+00  -1.1413507e-01   2.0130671e-01
   4.7000000e+00  -4.9285503e-02   2.5618402e-01
   4.8000000e+00   1.1428502e-02   2.7843040e-01
   4.9000000e+00   6.4284025e-02   2.5327514e-01
   5.0000000e+00   9.6502547e-02   2.1209477e-01
   5.1000000e+00   9.6998141e-02   1.9722383e-01
   5.2000000e+00   7.3763498e-02   2.1664945e-01
   5.3000000e+00   5.2373781e-02   2.4625528e-01
   5.4000000e+00   5.4490573e-02   2.6833498e-01
   5.5000000e+00   8.0630188e-02   2.8815734e-01
   5.6000000e+00   1.1509042e-01   3.1019723e-01
   5.7000000e+00   1.4411477e-01   3.1708077e-01
   5.8000000e+00   1.6594921e-01   2.8638589e-01
   5.9000000e+00   1.8537847e-01   2.2119481e-01
   6.0000000e+00   2.0424043e-01   1.5068538e-01
   6.1000000e+00   2.2021749e-01   1.0156751e-01
   6.2000000e+00   2.3208944e-01   7.9351057e-02
   6.3000000e+00   2.4145687e-01   7.7657894e-02
   6.4000000e+00   2.4832958e-01   9.2764719e-02
   6.5000000e+00   2.4846918e-01   1.2071771e-01
   6.6000000e+00   2.3831189e-01   1.4747508e-01
   6.7000000e+00   2.2162725e-01   1.5336708e-01
   6.8000000e+00   2.0795435e-01   1.2848222e-01
   6.9000000e+00   2.0325817e-01   7.8226350e-02
   7.0000000e+00   2.0428155e-01   1.4447912e-02
   7.1000000e+00   2.0383080e-01  -5.1860300e-02
   7.2000000e+00   1.9967086e-01  -1.0809189e-01
   7.3000000e+00   1.9483857e-01  -1.3981154e-01
   7.4000000e+00   1.8929152e-01  -1.4170057e-01
   7.5000000e+00   1.7541498e-01  -1.2663626e-01
   7.6000000e+00   1.4518982e-01  -1.1656833e-01
   7.7000000e+00   1.0077002e-01  -1.2294239e-01
   7.8000000e+00   5.4784160e-02  -1.4002314e-01
   7.9000000e+00   1.9414014e-02  -1.5695507e-01
   8.0000000e+00  -2.9362249e-03  -1.6955148e-01
   8.1000000e+00  -1.7694331e-02  -1.7718466e-01
   8.2000000e+00  -2.9812283e-02  -1.7500532e-01
   8.3000000e+00  -4.0253301e-02  -1.5791174e-01
   8.4000000e+00  -4.9665512e-02  -1.3182796e-01
   8.5000000e+00  -6.1621491e-02  -1.1374692e-01
   8.6000000e+00  -7.9859890e-02  -1.1684676e-01
   8.7000000e+00  -1.0342512e-01  -1.3805347e-01
   8.8000000e+00  -1.2668420e-01  -1.6191220e-01
   8.9000000e+00  -1.4456959e-01  -1.7381204e-01
   9.0000000e+00  -1.5679994e-01  -1.6783928e-01
   9.1000000e+00  -1.6645230e-01  -1.4629354e-01
   9.2000000e+00  -1.7500655e-01  -1.1731391e-01
   9.3000000e+00  -1.7956393e-01  -9.2303230e-02
   9.4000000e+00  -1.7522703e-01  -7.9761439e-02
   9.5000000e+00  -1.6031946e-01  -7.8167753e-02
   9.6000000e+00  -1.3932356e-01  -7.6511532e-02
   9.7000000e+00  -1.2029973e-01  -6.3915457e-02
   9.8000000e+00  -1.0857296e-01  -3.8359419e-02
   9.9000000e+00  -1.0239524e-01  -5.8716005e-03
   1.0000000e+01  -9.5083795e-02   2.6301588e-02
   1.0100000e+01  -8.2118912e-02   5.3471117e-02
   1.0200000e+01  -6.6462995e-02   7.2156751e-02
   1.0300000e+01  -5.6613094e-02   7.8995278e-02
   1.0400000e+01  -5.8899559e-02   7.3248478e-02
   1.0500000e+01  -7.1258595e-02   5.9889744e-02
   1.0600000e+01  -8.4161413e-02   4.8782978e-02
   1.0700000e+01  -8.7279817e-02   4.9325585e-02
   1.0800000e+01  -7.5456230e-02   6.4020942e-02
   1.0900000e+01  -4.9705900e-02   8.6010448e-02
   1.1000000e+01  -1.4997636e-02   1.0369870e-01
   1.1100000e+01   2.1225767e-02   1.0981704e-01
   1.1200000e+01   4.9666215e-02   1.0679984e-01
   1.1300000e+01   6.2322727e-02   1.0277124e-01
   1.1400000e+01   5.8442838e-02   1.0244939e-01
   1.1500000e+01   4.7314162e-02   1.0310353e-01
   1.1600000e+01   4.2418372e-02   9.9149169e-02
   1.1700000e+01   5.0612817e-02   8.8510320e-02
   1.1800000e+01   6.6996875e-02   7.3503767e-02
   1.1900000e+01   8.0863195e-02   5.7786187e-02
   1.2000000e+01   8.5922704e-02   4.4992926e-02
   1.2100000e+01   8.3883429e-02   3.9036322e-02
   1.2200000e+01   7.9402181e-02   4.1599453e-02
   1.2300000e+01   7.4458464e-02   4.7578356e-02
   1.2400000e+01   6.8745831e-02   4.5677483e-02
   1.2500000e+01   6.3282359e-02   2.7064999e-02
   1.2600000e+01   6.0708434e-02  -5.7624855e-03
   1.2700000e+01   6.1876155e-02  -3.9698027e-02
   1.2800000e+01   6.4287633e-02  -6.0712407e-02
   1.2900000e+01   6.4969234e-02  -6.2747468e-02
   1.3000000e+01   6.3509428e-02  -4.9149582e-02
   1.3100000e+01   6.0755621e-02  -2.8979570e-02
   1.3200000e+01   5.5304791e-02  -1.2974019e-02
   1.3300000e+01   4.3450699e-02  -9.6017996e-03
   1.3400000e+01   2.3414263e-02  -2.0373868e-02
   1.3500000e+01  -1.5300626e-03  -3.7852744e-02
   1.3600000e+01  -2.5172319e-02  -5.0761023e-02
   1.3700000e+01  -4.3051824e-02  -5.3252977e-02
   1.3800000e+01  -5.4126295e-02  -4.8851458e-02
   1.3900000e+01  -5.8428473e-02  -4.4485060e-02
   1.4000000e+01  -5.5025856e-02  -4.1847704e-02
   1.4100000e+01  -4.3542682e-02  -3.6580759e-02
   1.4200000e+01  -2.7151476e-02  -2.5652813e-02
   1.4300000e+01  -1.2744405e-02  -1.2900360e-02
   1.4400000e+01  -7.3642002e-03  -5.5603267e-03
   1.4500000e+01  -1.4017086e-02  -6.4873811e-03
   1.4600000e+01  -3.0070471e-02  -1.1785381e-02
   1.4700000e+01  -4.8745717e-02  -1.5947055e-02
   1.4800000e+01  -6.2427757e-02  -1.7273919e-02
   1.4900000e+01  -6.6311407e-02  -1.7281608e-02
   1.5000000e+01  -6.0656084e-02  -1.6389194e-02
   1.5100000e+01  -4.9839969e-02  -1.2490122e-02
   1.5200000e+01  -3.8354014e-02  -4.2188583e-03
   1.5300000e+01  -2.7102810e-02   5.7673461e-03
   1.5400000e+01  -1.3911468e-02   1.1993559e-02
   1.5500000e+01   1.9357892e-03   1.0671439e-02
   1.5600000e+01   1.6113945e-02   2.7463410e-03
   1.5700000e+01   2.1428586e-02  -6.9981353e-03
   1.5800000e+01   1.4724649e-02  -1.2989349e-02
   1.5900000e+01   1.8860741e-03  -1.1233580e-02
   1.6000000e+01  -5.0041734e-03  -4.0223245e-04
   1.6100000e+01   2.8071490e-03   1.7444311e-02
   1.6200000e+01   2.2637748e-02   3.6702407e-02
   1.6300000e+01   4.1576242e-02   5.0059763e-02
   1.6400000e+01   4.6794090e-02   5.2246708e-02
   1.6500000e+01   3.6044675e-02   4.3001301e-02
   1.6600000e+01   1.8900703e-02   2.6700571e-02
   1.6700000e+01   8.0104940e-03   9.4011440e-03
   1.6800000e+01   8.9596791e-03  -3.7475090e-03
   1.6900000e+01   1.7716859e-02  -9.3945029e-03
   1.7000000e+01   2.6357351e-02  -6.5209711e-03
   1.7100000e+01   3.0178251e-02   2.5508012e-03
   1.7200000e+01   2.9848804e-02   1.2422047e-02
   1.7300000e+01   2.8532415e-02   1.7715012e-02
   1.7400000e+01   2.8291849e-02   1.6835851e-02
   1.7500000e+01   2.8992695e-02   1.2308913e-02
   1.7600000e+01   2.9373862e-02   7.1394515e-03
   1.7700000e+01   2.8195515e-02   1.5511050e-03
   1.7800000e+01   2.4292726e-02  -6.0148315e-03
   1.7900000e+01   1.6195276e-02  -1.5231207e-02
   1.8000000e+01   2.8123523e-03  -2.2459510e-02
   1.8100000e+01  -1.4420631e-02  -2.3472813e-02
   1.8200000e+01  -2.9905956e-02  -1.7206636e-02
   1.8300000e+01  -3.5740920e-02  -6.7396830e-03
   1.8400000e+01  -2.7371178e-02   2.7252116e-03
   1.8500000e+01  -8.7004151e-03   6.5832853e-03
   1.8600000e+01   8.9182421e-03   2.8696371e-03
   1.8700000e+01   1.4408094e-02  -6.4241528e-03
   1.8800000e+01   5.2243794e-03  -1.5560563e-02
   1.8900000e+01  -1.1181267e-02  -1.8171128e-02
   1.9000000e+01  -2.3785006e-02  -1.2148227e-02
   1.9100000e+01  -2.6278383e-02  -1.9330008e-03
   1.9200000e+01  -2.0400783e-02   4.9778856e-03
   1.9300000e+01  -1.2964553e-02   4.6859602e-03
   1.9400000e+01  -1.0488707e-02   2.3419517e-04
   1.9500000e+01  -1.5589618e-02  -1.6562444e-03
   1.9600000e+01  -2.6146964e-02   3.0530295e-03
   1.9700000e+01  -3.6407735e-02   1.2415627e-02
   1.9800000e+01  -3.9781949e-02   2.0512591e-02
   1.9900000e+01  -3.3110243e-02   2.1902179e-02
   2.0000000e+01  -1.9941549e-02   1.4741992e-02
   2.0100000e+01  -9.0044755e-03   1.4018023e-03
   2.0200000e+01  -7.4381822e-03  -1.2742590e-02
   2.0300000e+01  -1.4310736e-02  -2.1718956e-02
   2.0400000e+01  -2.1214662e-02  -2.1899890e-02
   2.0500000e+01  -2.0079402e-02  -1.3891261e-02
   2.0600000e+01  -1.0404343e-02  -1.9423303e-03
   2.0700000e+01   1.5295016e-03   8.5673767e-03
   2.0800000e+01   9.9561311e-03   1.3549621e-02
   2.0900000e+01   1.4777353e-02   1.1440762e-02
   2.1000000e+01   1.9189351e-02   3.7005981e-03
   2.1100000e+01   2.3867345e-02  -5.3070392e-03
   2.1200000e+01   2.5594609e-02  -1.0128612e-02
   2.1300000e+01   2.1899925e-02  -7.8270583e-03
   2.1400000e+01   1.5283163e-02  -6.8618754e-04
   2.1500000e+01   1.1225876e-02   5.1506015e-03
   2.1600000e+01   1.2308239e-02   4.5795415e-03
   2.1700000e+01   1.5728682e-02  -2.4542219e-03
   2.1800000e+01   1.7116117e-02  -1.1485110e-02
   2.1900000e+01   1.5703659e-02  -1.7562535e-02
   2.2000000e+01   1.4673334e-02  -1.8625512e-02
   2.2100000e+01   1.6851754e-02  -1.5570170e-02
   2.2200000e+01   2.1357401e-02  -1.0063969e-02
   2.2300000e+01   2.4755502e-02  -2.8869709e-03
   2.2400000e+01   2.4407757e-02   5.7225894e-03
   2.2500000e+01   1.9913134e-02   1.4574487e-02
   2.2600000e+01   1.2137165e-02   2.0904122e-02
   2.2700000e+01   2.3538296e-03   2.1790409e-02
   2.2800000e+01  -7.4379156e-03   1.6576814e-02
   2.2900000e+01  -1.4632956e-02   7.7642702e-03
   2.3000000e+01  -1.7554839e-02  -9.3387180e-04
   2.3100000e+01  -1.6765322e-02  -7.5540851e-03
   2.3200000e+01  -1.4377782e-02  -1.2658051e-02
   2.3300000e+01  -1.2210039e-02  -1.7174036e-02
   2.3400000e+01  -1.0829568e-02  -2.0063928e-02
   2.3500000e+01  -9.8027867e-03  -1.8742794e-02
   2.3600000e+01  -8.0499432e-03  -1.1877929e-02
   2.3700000e+01  -4.3224751e-03  -1.5705200e-03
   2.3800000e+01   1.2833932e-03   7.2927348e-03
   2.3900000e+01   5.7762277e-03   1.0119940e-02
   2.4000000e+01   4.4874922e-03   5.9675734e-03
   2.4100000e+01  -4.6093474e-03  -1.2862411e-03
   2.4200000e+01  -1.7674986e-02  -5.4241788e-03
   2.4300000e+01  -2.7079784e-02  -2.8994338e-03
   2.4400000e+01  -2.7372944e-02   3.7457176e-03
   2.4500000e+01  -1.9361806e-02   7.8867887e-03
   2.4600000e+01  -8.7882886e-03   5.1079925e-03
   2.4700000e+01  -1.6702641e-03  -2.2825563e-03
   2.4800000e+01  -5.5177302e-04  -7.2325421e-03
   2.4900000e+01  -3.7145737e-03  -4.3789440e-03
   2.5000000e+01  -6.9736887e-03   5.5349302e-03
   2.5100000e+01  -6.8944362e-03   1.6900748e-02
   2.5200000e+01  -3.5130264e-03   2.3746048e-02
   2.5300000e+01  -8.6436751e-05   2.3045935e-02
   2.5400000e+01   4.2447845e-04   1.5413495e-02
   2.5500000e+01  -1.4634622e-03   4.6130307e-03
   2.5600000e+01  -2.7285814e-03  -3.4251640e-03
   2.5700000e+01  -1.7256839e-03  -3.2213133e-03
   2.5800000e+01   1.6187557e-04   6.0716736e-03
   2.5900000e+01   1.0889953e-03   1.8314442e-02
   2.6000000e+01   1.4910651e-03   2.3642080e-02
   2.6100000e+01   2.8844877e-03   1.6244368e-02
   2.6200000e+01   4.7583144e-03  -3.7160230e-05
   2.6300000e+01   4.7603633e-03  -1.4336572e-02
   2.6400000e+01   2.5442608e-03  -1.7924769e-02
   2.6500000e+01   1.7381564e-03  -1.1218333e-02
   2.6600000e+01   6.3842833e-03  -1.9019064e-03
   2.6700000e+01   1.5653308e-02   3.2244096e-03
   2.6800000e+01   2.3471982e-02   3.7867711e-03
   2.6900000e+01   2.4040499e-02   3.7479904e-03
   2.7000000e+01   1.7358040e-02   5.5758045e-03
   2.7100000e+01   9.0406326e-03   7.7489338e-03
   2.7200000e+01   4.9566449e-03   7.3231046e-03
   2.7300000e+01   6.1077756e-03   3.2279536e-03
   2.7400000e+01   8.2926293e-03  -3.4443786e-03
   2.7500000e+01   6.4508967e-03  -1.1073199e-02
   2.7600000e+01  -2.9495907e-04  -1.8176438e-02
   2.7700000e+01  -7.3271633e-03  -2.2944327e-02
   2.7800000e+01  -8.3244537e-03  -2.3581380e-02
   2.7900000e+01  -1.0846016e-03  -1.9748442e-02
   2.8000000e+01   9.9419248e-03  -1.3165874e-02
   2.8100000e+01   1.7164709e-02  -6.3755337e-03
   2.8200000e+01   1.6461626e-02  -1.1771521e-03
   2.8300000e+01   1.0548740e-02   1.6138073e-03
   2.8400000e+01   5.6540252e-03   1.6640576e-03
   2.8500000e+01   4.7989777e-03  -6.4697253e-04
   2.8600000e+01   4.7307309e-03  -3.5431422e-03
   2.8700000e+01  -3.3587218e-05  -4.4157493e-03
   2.8800000e+01  -1.0175988e-02  -1.9403817e-03
   2.8900000e+01  -1.9301554e-02   2.3012534e-03
   2.9000000e+01  -1.9538845e-02   4.6692549e-03
   2.9100000e+01  -9.7549747e-03   2.2361365e-03
   2.9200000e+01   2.1268034e-03  -4.9200537e-03
   2.9300000e+01   5.5917550e-03  -1.3597989e-02
   2.9400000e+01  -3.1242714e-03  -1.9302680e-02
   2.9500000e+01  -1.7588907e-02  -1.8710666e-02
   2.9600000e+01  -2.6637268e-02  -1.1470955e-02
   2.9700000e+01  -2.3509786e-02  -3.6761130e-04
   2.9800000e+01  -1.0683512e-02   1.0460405e-02
   2.9900000e+01   2.9905043e-03   1.8159879e-02
   3.0000000e+01   9.4151023e-03   2.2481192e-02
   3.0100000e+01   6.4187134e-03   2.4546620e-02
   3.0200000e+01  -2.3494968e-03   2.4553620e-02
   3.0300000e+01  -1.1149677e-02   2.1305467e-02
   3.0400000e+01  -1.5679663e-02   1.4351069e-02
   3.0500000e+01  -1.4449185e-02   6.0298528e-03
   3.0600000e+01  -8.7316070e-03   3.4401386e-04
   3.0700000e+01  -1.9349374e-03  -6.7130524e-04
   3.0800000e+01   2.2438575e-03   1.0463358e-03
   3.0900000e+01   2.9271783e-03   1.9035692e-03
   3.1000000e+01   3.6730006e-03   9.5312346e-04
   3.1100000e+01   9.5233327e-03   1.1585031e-03
   3.1200000e+01   2.1125162e-02   5.7208739e-03
   3.1300000e+01   3.2229901e-02   1.3215353e-02
   3.1400000e+01   3.4445412e-02   1.7182898e-02
   3.1500000e+01   2.5022645e-02   1.1640803e-02
   3.1600000e+01   9.4269192e-03  -2.3020300e-03
   3.1700000e+01  -3.9327104e-03  -1.5597536e-02
   3.1800000e+01  -1.0721314e-02  -1.8257791e-02
   3.1900000e+01  -1.2149568e-02  -8.5085859e-03
   3.2000000e+01  -1.0890271e-02   4.7801398e-03
   3.2100000e+01  -7.6207197e-03   9.6437131e-03
   3.2200000e+01  -2.1200465e-03   1.8950659e-03
   3.2300000e+01   3.8934284e-03  -1.1347061e-02
   3.2400000e+01   7.0668500e-03  -1.9051769e-02
   3.2500000e+01   5.9056322e-03  -1.6865680e-02
   3.2600000e+01   2.7139808e-03  -1.0075360e-02
   3.2700000e+01   9.9729955e-04  -6.8065692e-03
   3.2800000e+01   1.2792179e-03  -9.7391809e-03
   3.2900000e+01   5.5513168e-04  -1.4944657e-02
   3.3000000e+01  -3.8580320e-03  -1.7372261e-02
   3.3100000e+01  -1.0816461e-02  -1.5638688e-02
   3.3200000e+01  -1.6390702e-02  -1.1585697e-02
   3.3300000e+01  -1.7849652e-02  -7.2471498e-03
   3.3400000e+01  -1.5546153e-02  -3.7658606e-03
   3.3500000e+01  -1.0964248e-02  -2.3851787e-03
   3.3600000e+01  -4.4832603e-03  -4.3641946e-03
   3.3700000e+01   3.6334946e-03  -9.0138677e-03
   3.3800000e+01   1.0702049e-02  -1.2754259e-02
   3.3900000e+01   1.2080705e-02  -1.1336000e-02
   3.4000000e+01   5.4384631e-03  -3.3252142e-03
   3.4100000e+01  -5.8474079e-03   8.6122907e-03
   3.4200000e+01  -1.4656525e-02   1.9443716e-02
   3.4300000e+01  -1.6056744e-02   2.4551626e-02
   3.4400000e+01  -1.1346846e-02   2.1860327e-02
   3.4500000e+01  -6.3791577e-03   1.3013836e-02
   3.4600000e+01  -6.1219960e-03   3.1286918e-03
   3.4700000e+01  -1.0657702e-02  -1.8465460e-03
   3.4800000e+01  -1.5810495e-02   7.4753240e-04
   3.4900000e+01  -1.7104439e-02   8.2659881e-03
   3.5000000e+01  -1.3156123e-02   1.5379360e-02
   3.5100000e+01  -5.8610807e-03   1.8887963e-02
   3.5200000e+01   1.8363270e-03   1.9458325e-02
   3.5300000e+01   7.7691344e-03   1.8723066e-02
   3.5400000e+01   1.0538182e-02   1.6184235e-02
   3.5500000e+01   9.0899519e-03   1.0525386e-02
   3.5600000e+01   3.7044865e-03   3.5253983e-03
   3.5700000e+01  -2.5629231e-03   3.6437515e-04
   3.5800000e+01  -4.8513504e-03   4.3664412e-03
   3.5900000e+01  -3.2289452e-04   1.2131868e-02
   3.6000000e+01   8.8266925e-03   1.5794252e-02
   3.6100000e+01   1.6885244e-02   1.0819870e-02
   3.6200000e+01   1.9502773e-02   6.5563685e-04
   3.6300000e+01   1.6925313e-02  -7.0161595e-03
   3.6400000e+01   1.2654064e-02  -7.8331261e-03
   3.6500000e+01   9.7818227e-03  -3.7093692e-03
   3.6600000e+01   9.0506101e-03   8.0447368e-04
   3.6700000e+01   9.6488343e-03   3.1150009e-03
   3.6800000e+01   1.0664736e-02   3.1367620e-03
   3.6900000e+01   1.1567722e-02   1.2662281e-03
   3.7000000e+01   1.2146428e-02  -2.1497515e-03
   3.7100000e+01   1.2588876e-02  -5.7399182e-03
   3.7200000e+01   1.3291050e-02  -7.6424028e-03
   3.7300000e+01   1.4152714e-02  -8.0833123e-03
   3.7400000e+01   1.4385827e-02  -1.0120282e-02
   3.7500000e+01   1.3553310e-02  -1.6173684e-02
   3.7600000e+01   1.2497943e-02  -2.3943354e-02
   3.7700000e+01   1.2337408e-02  -2.7245297e-02
   3.7800000e+01   1.2353874e-02  -2.1816919e-02
   3.7900000e+01   9.8963616e-03  -1.0032545e-02
   3.8000000e+01   3.4018102e-03   5.1813811e-04
   3.8100000e+01  -4.7548969e-03   3.0021169e-03
   3.8200000e+01  -9.6258860e-03  -3.9017238e-03
   3.8300000e+01  -8.5651041e-03  -1.5954145e-02
   3.8400000e+01  -4.2597823e-03  -2.6723521e-02
   3.8500000e+01  -2.1783874e-03  -3.1195809e-02
   3.8600000e+01  -5.0405676e-03  -2.7823777e-02
   3.8700000e+01  -1.0355842e-02  -1.8754899e-02
   3.8800000e+01  -1.3475464e-02  -8.3662802e-03
   3.8900000e+01  -1.2454248e-02  -6.9166933e-04
   3.9000000e+01  -9.5755935e-03   2.7067578e-03
   3.9100000e+01  -8.6745793e-03   2.8809099e-03
   3.9200000e+01  -1.1689792e-02   1.8348264e-03
   3.9300000e+01  -1.7563412e-02   8.8878404e-04
   3.9400000e+01  -2.3413670e-02   4.4505432e-04
   3.9500000e+01  -2.6264732e-02   6.2945839e-04
   3.9600000e+01  -2.4464404e-02   1.4616504e-03
   3.9700000e+01  -1.8668252e-02   2.4001159e-03
   3.9800000e+01  -1.1754135e-02   2.4349475e-03
   3.9900000e+01  -7.0748779e-03   1.3322383e-03
   4.0000000e+01  -6.0916680e-03   8.1130986e-04
   4.0100000e+01  -7.5632484e-03   3.8521174e-03
   4.0200000e+01  -9.0579653e-03   1.2060313e-02
   4.0300000e+01  -9.1090889e-03   2.3303755e-02
   4.0400000e+01  -7.9145720e-03   3.2131953e-02
   4.0500000e+01  -6.3746739e-03   3.3271260e-02
   4.0600000e+01  -4.9045102e-03   2.5701900e-02
   4.0700000e+01  -3.2161592e-03   1.3977843e-02
   4.0800000e+01  -1.0264440e-03   5.4342453e-03
   4.0900000e+01   1.2068271e-03   5.2207443e-03
   4.1000000e+01   2.4822875e-03   1.2901183e-02
   4.1100000e+01   2.5128333e-03   2.3039779e-02
   4.1200000e+01   2.6957501e-03   2.9008718e-02
   4.1300000e+01   5.0393682e-03   2.7141630e-02
   4.1400000e+01   9.5016606e-03   1.8750597e-02
   4.1500000e+01   1.2978263e-02   9.1673707e-03
   4.1600000e+01   1.2161341e-02   4.2927731e-03
   4.1700000e+01   7.5969197e-03   6.3097369e-03
   4.1800000e+01   3.7634116e-03   1.1510127e-02
   4.1900000e+01   4.3785480e-03   1.2828371e-02
   4.2000000e+01   8.4530455e-03   6.0460799e-03
   4.2100000e+01   1.2041060e-02  -5.6648564e-03
   4.2200000e+01   1.3259652e-02  -1.3808553e-02
   4.2300000e+01   1.3891561e-02  -1.2051677e-02
   4.2400000e+01   1.5785706e-02  -2.1652047e-03
   4.2500000e+01   1.7506139e-02   7.3321374e-03
   4.2600000e+01   1.6084835e-02   8.4420788e-03
   4.2700000e+01   1.1344613e-02   2.3810670e-05
   4.2800000e+01   6.6618801e-03  -1.2124310e-02
   4.2900000e+01   5.0814133e-03  -2.0614373e-02
   4.3000000e+01   5.9705972e-03  -2.1978625e-02
   4.3100000e+01   6.3517565e-03  -1.7911020e-02
   4.3200000e+01   4.7737227e-03  -1.2313530e-02
   4.3300000e+01   2.7999095e-03  -7.9030195e-03
   4.3400000e+01   2.8140854e-03  -5.6529671e-03
   4.3500000e+01   5.2403064e-03  -6.4467460e-03
   4.3600000e+01   8.1621523e-03  -1.1525748e-02
   4.3700000e+01   9.1478911e-03  -2.0245442e-02
   4.3800000e+01   7.1900148e-03  -2.8144293e-02
   4.3900000e+01   3.2562362e-03  -2.9242743e-02
   4.4000000e+01  -7.0173622e-04  -2.1637571e-02
   4.4100000e+01  -3.4393602e-03  -1.0494311e-02
   4.4200000e+01  -5.3711457e-03  -4.2815054e-03
   4.4300000e+01  -7.7420217e-03  -7.2958183e-03
   4.4400000e+01  -1.0744491e-02  -1.5840355e-02
   4.4500000e+01  -1.2762537e-02  -2.1738979e-02
   4.4600000e+01  -1.1883337e-02  -1.9514940e-02
   4.4700000e+01  -8.1093072e-03  -1.0550170e-02
   4.4800000e+01  -3.7364283e-03  -1.1895620e-03
   4.4900000e+01  -1.5117989e-03   2.6828838e-03
   4.5000000e+01  -2.6651622e-03  -1.2976489e-04
   4.5100000e+01  -6.6112845e-03  -5.9386280e-03
   4.5200000e+01  -1.1851638e-02  -9.4757483e-03
   4.5300000e+01  -1.6625133e-02  -7.8866049e-03
   4.5400000e+01  -1.9104733e-02  -2.4200849e-03
   4.5500000e+01  -1.8041916e-02   3.2534167e-03
   4.5600000e+01  -1.3915755e-02   6.4123984e-03
   4.5700000e+01  -9.2485059e-03   7.3071446e-03
   4.5800000e+01  -7.1200475e-03   8.2196446e-03
   4.5900000e+01  -8.8115819e-03   1.0862731e-02
   4.6000000e+01  -1.2586256e-02   1.4862135e-02
   4.6100000e+01  -1.4699787e-02   1.8548343e-02
   4.6200000e+01  -1.2016497e-02   2.0630516e-02
   4.6300000e+01  -4.5642640e-03   2.0681868e-02
   4.6400000e+01   3.7885659e-03   1.8414304e-02
   4.6500000e+01   7.6372441e-03   1.3610092e-02
   4.6600000e+01   4.3915163e-03   7.4676643e-03
   4.6700000e+01  -2.7968742e-03   3.3056131e-03
   4.6800000e+01  -6.9969155e-03   4.3640745e-03
   4.6900000e+01  -3.5449063e-03   1.0155755e-02
   4.7000000e+01   5.5102526e-03   1.5841652e-02
   4.7100000e+01   1.3485085e-02   1.6480843e-02
   4.7200000e+01   1.5687313e-02   1.1988804e-02
   4.7300000e+01   1.3317709e-02   7.0220795e-03
   4.7400000e+01   1.0604817e-02   5.7486644e-03
   4.7500000e+01   9.3056993e-03   7.6917242e-03
   4.7600000e+01   7.5167759e-03   9.3947068e-03
   4.7700000e+01   3.6578953e-03   9.2703843e-03
   4.7800000e+01  -2.8971178e-04   9.2626384e-03
   4.7900000e+01  -8.0642384e-04   1.1485833e-02
   4.8000000e+01   2.6372934e-03   1.4511509e-02
   4.8100000e+01   6.5407220e-03   1.4122563e-02
   4.8200000e+01   7.1404825e-03   7.6514018e-03
   4.8300000e+01   4.3687026e-03  -2.9699162e-03
   4.8400000e+01   1.6237072e-03  -1.2373079e-02
   4.8500000e+01   2.1729102e-03  -1.5608275e-02
   4.8600000e+01   6.3127443e-03  -1.1360907e-02
   4.8700000e+01   1.1667371e-02  -2.6332343e-03
   4.8800000e+01   1.5431268e-02   5.0626712e-03
   4.8900000e+01   1.6099799e-02   6.9597982e-03
   4.9000000e+01   1.3675136e-02   2.0537830e-03
   4.9100000e+01   9.1062945e-03  -6.1623876e-03
   4.9200000e+01   3.9737194e-03  -1.2209348e-02
   4.9300000e+01   3.2876393e-04  -1.2757899e-02
   4.9400000e+01  -2.1782101e-04  -8.9952820e-03
   4.9500000e+01   1.8369534e-03  -5.1582384e-03
   4.9600000e+01   3.3261441e-03  -4.7253130e-03
   4.9700000e+01   8.0026361e-04  -7.8814203e-03
   4.9800000e+01  -5.4921796e-03  -1.2229907e-02
   4.9900000e+01  -1.0453194e-02  -1.5287031e-02
   5.0000000e+01  -8.3910814e-03  -1.6041934e-02
   5.0100000e+01   7.9964622e-04  -1.4817048e-02
   5.0200000e+01   1.0290424e-02  -1.2697060e-02
   5.0300000e+01   1.2093956e-02  -1.1237889e-02
   5.0400000e+01   4.4110557e-03  -1.1666626e-02
   5.0500000e+01  -7.0059453e-03  -1.3437730e-02
   5.0600000e+01  -1.4545913e-02  -1.3981311e-02
   5.0700000e+01  -1.5129655e-02  -1.0938485e-02
   5.0800000e+01  -1.1073602e-02  -4.8381833e-03
   5.0900000e+01  -6.0645304e-03   1.1518544e-03
   5.1000000e+01  -1.8484339e-03   4.3020506e-03
   5.1100000e+01   1.1492811e-03   4.3631980e-03
   5.1200000e+01   1.7792602e-03   2.3523100e-03
   5.1300000e+01  -1.3721055e-03  -1.2585695e-03
   5.1400000e+01  -7.3497885e-03  -5.7001412e-03
   5.1500000e+01  -1.2111510e-02  -8.1136748e-03
   5.1600000e+01  -1.1772695e-02  -5.1584028e-03
   5.1700000e+01  -6.5898507e-03   2.4639201e-03
   5.1800000e+01  -9.1723184e-04   8.8073389e-03
   5.1900000e+01   1.1623282e-03   8.2253392e-03
   5.2000000e+01  -2.5760261e-04   2.0454612e-03
   5.2100000e+01  -1.7371564e-03  -2.0934380e-03
   5.2200000e+01  -8.3859352e-04   1.6651533e-03
   5.2300000e+01   1.1242893e-03   1.1021355e-02
   5.2400000e+01   9.2843936e-04   1.8061168e-02
   5.2500000e+01  -2.5236866e-03   1.7365025e-02
   5.2600000e+01  -6.7073719e-03   1.0573515e-02
   5.2700000e+01  -8.0895874e-03   3.5123089e-03
   5.2800000e+01  -5.7296814e-03   3.4131421e-04
   5.2900000e+01  -1.9020126e-03   8.6115874e-04
   5.3000000e+01   5.9571360e-04   2.3147890e-03
   5.3100000e+01   1.1859984e-03   2.7766046e-03
   5.3200000e+01   1.4820819e-03   2.9743019e-03
   5.3300000e+01   3.0544777e-03   5.1912955e-03
   5.3400000e+01   5.6465189e-03   1.0018951e-02
   5.3500000e+01   7.3494729e-03   1.4028315e-02
   5.3600000e+01   6.1057965e-03   1.1840137e-02
   5.3700000e+01   1.3236699e-03   1.9570126e-03
   5.3800000e+01  -5.1173574e-03  -9.8127631e-03
   5.3900000e+01  -9.2261430e-03  -1.4672162e-02
   5.4000000e+01  -7.3306315e-03  -9.5723174e-03
   5.4100000e+01   4.8421545e-04  -5.7358521e-04
   5.4200000e+01   9.1800433e-03   3.7049405e-03
   5.4300000e+01   1.2060327e-02   1.2710559e-03
   5.4400000e+01   6.3200035e-03  -2.1246205e-03
   5.4500000e+01  -4.4056222e-03  -7.8285721e-04
   5.4600000e+01  -1.3101942e-02   4.1082113e-03
   5.4700000e+01  -1.4999119e-02   6.5173584e-03
   5.4800000e+01  -1.0552397e-02   3.0549228e-03
   5.4900000e+01  -3.9291079e-03  -3.4401187e-03
   5.5000000e+01   5.4286072e-04  -7.5496301e-03
   5.5100000e+01   8.6511276e-04  -6.7549411e-03
   5.5200000e+01  -2.0863503e-03  -2.7063771e-03
   5.5300000e+01  -5.3425336e-03   1.5300078e-03
   5.5400000e+01  -5.5128106e-03   4.1161148e-03
   5.5500000e+01  -9.8036509e-04   4.8673630e-03
   5.5600000e+01   6.5540858e-03   4.5975194e-03
   5.5700000e+01   1.2645945e-02   4.5758423e-03
   5.5800000e+01   1.2985865e-02   5.7859005e-03
   5.5900000e+01   6.8211547e-03   7.8836084e-03
   5.6000000e+01  -1.7930421e-03   9.0234454e-03
   5.6100000e+01  -6.5431905e-03   7.3184663e-03
   5.6200000e+01  -3.8929983e-03   2.7277225e-03
   5.6300000e+01   3.5382814e-03  -2.5873072e-03
   5.6400000e+01   8.8990510e-03  -5.8168677e-03
   5.6500000e+01   7.2463607e-03  -5.4806658e-03
   5.6600000e+01   1.3682084e-04  -2.2652243e-03
   5.6700000e+01  -6.0097186e-03   1.5717988e-03
   5.6800000e+01  -5.9722596e-03   3.5686085e-03
   5.6900000e+01   1.2799822e-04   2.4201329e-03
   5.7000000e+01   8.1967409e-03  -1.3123841e-03
   5.7100000e+01   1.4322210e-02  -5.5919655e-03
   5.7200000e+01   1.6940950e-02  -8.2156316e-03
   5.7300000e+01   1.6039272e-02  -8.0761048e-03
   5.7400000e+01   1.2112779e-02  -5.4744299e-03
   5.7500000e+01   6.5831640e-03  -1.6500775e-03
   5.7600000e+01   2.1923172e-03   1.6337466e-03
   5.7700000e+01   1.5574202e-03   2.3807831e-03
   5.7800000e+01   4.8076631e-03  -6.0376997e-04
   5.7900000e+01   8.9698523e-03  -6.0142172e-03
   5.8000000e+01   1.0185779e-02  -9.8177669e-03
   5.8100000e+01   6.9183856e-03  -8.2695847e-03
   5.8200000e+01   1.2531415e-03  -2.0510460e-03
   5.8300000e+01  -2.8799788e-03   3.4074614e-03
   5.8400000e+01  -2.9615376e-03   3.0734980e-03
   5.8500000e+01   3.0673327e-04  -2.2120605e-03
   5.8600000e+01   4.1158465e-03  -6.6012408e-03
   5.8700000e+01   6.1548672e-03  -5.9851879e-03
   5.8800000e+01   5.9685759e-03  -2.6213790e-03
   5.8900000e+01   4.1367611e-03  -1.8419533e-03
   5.9000000e+01   9.8970002e-04  -4.9448679e-03
   5.9100000e+01  -3.3200062e-03  -7.3480269e-03
   5.9200000e+01  -7.8832928e-03  -4.4557700e-03
   5.9300000e+01  -1.1027310e-02   2.1025960e-03
   5.9400000e+01  -1.1566674e-02   5.6468445e-03
   5.9500000e+01  -9.8038018e-03   1.6846683e-03
   5.9600000e+01  -7.1974169e-03  -7.1506931e-03
   5.9700000e+01  -5.3308197e-03  -1.3647602e-02
   5.9800000e+01  -5.1807112e-03  -1.2741049e-02
   5.9900000e+01  -6.7103812e-03  -5.4552350e-03
   6.0000000e+01  -8.6135165e-03   2.8785602e-03
   6.0100000e+01  -8.8490090e-03   7.2915229e-03
   6.0200000e+01  -6.3438787e-03   6.3419918e-03
   6.0300000e+01  -2.4737680e-03   2.0080678e-03
   6.0400000e+01  -3.2497914e-04  -2.4572846e-03
   6.0500000e+01  -1.9637594e-03  -4.6081022e-03
   6.0600000e+01  -6.4538912e-03  -3.6692695e-03
   6.0700000e+01  -1.0702660e-02  -2.9193109e-04
   6.0800000e+01  -1.2077609e-02   4.1103382e-03
   6.0900000e+01  -1.0125053e-02   7.9422395e-03
   6.1000000e+01  -6.3178447e-03   9.8477506e-03
   6.1100000e+01  -2.9114752e-03   9.0677539e-03
   6.1200000e+01  -1.9682629e-03   5.7502089e-03
   6.1300000e+01  -4.3978403e-03   1.1293086e-03
   6.1400000e+01  -8.9622223e-03  -2.6220757e-03
   6.1500000e+01  -1.2387442e-02  -3.1808349e-03
   6.1600000e+01  -1.1481336e-02   4.7099065e-04
   6.1700000e+01  -5.9162950e-03   6.8003794e-03
   6.1800000e+01   1.0973071e-03   1.2144188e-02
   6.1900000e+01   5.2833496e-03   1.3201743e-02
   6.2000000e+01   4.6953081e-03   9.7792413e-03
   6.2100000e+01   8.4837050e-04   5.0797794e-03
   6.2200000e+01  -3.1373927e-03   2.9147506e-03
   6.2300000e+01  -5.1537540e-03   4.3979486e-03
   6.2400000e+01  -5.0340495e-03   7.3384172e-03
   6.2500000e+01  -3.6019069e-03   8.7166089e-03
   6.2600000e+01  -1.4516799e-03   7.4686128e-03
   6.2700000e+01   1.3113927e-03   4.8590318e-03
   6.2800000e+01   4.6082398e-03   2.6581476e-03
   6.2900000e+01   8.0585700e-03   1.5243728e-03
   6.3000000e+01   1.1107784e-02   1.0903903e-03
   6.3100000e+01   1.3293682e-02   9.0748407e-04
   6.3200000e+01   1.4322931e-02   7.6462671e-04
   6.3300000e+01   1.3982445e-02   3.9782107e-04
   6.3400000e+01   1.2163406e-02  -3.4910993e-04
   6.3500000e+01   9.1996211e-03  -9.1698681e-04
   6.3600000e+01   6.2696315e-03  -3.1301280e-04
   6.3700000e+01   5.1439558e-03   1.3675943e-03
   6.3800000e+01   6.9018588e-03   2.1212701e-03
   6.3900000e+01   1.0552640e-02  -2.5905726e-04
   6.4000000e+01   1.3283857e-02  -5.4136177e-03
   6.4100000e+01   1.2731888e-02  -1.0172663e-02
   6.4200000e+01   9.2397576e-03  -1.1741208e-02
   6.4300000e+01   5.6118786e-03  -1.0648966e-02
   6.4400000e+01   4.4386168e-03  -9.7049015e-03
   6.4500000e+01   5.7153251e-03  -1.0267243e-02
   6.4600000e+01   7.0176144e-03  -1.0706494e-02
   6.4700000e+01   5.7451447e-03  -8.9798436e-03
   6.4800000e+01   1.3023628e-03  -5.6765988e-03
   6.4900000e+01  -4.2718809e-03  -3.3488237e-03
   6.5000000e+01  -7.4955276e-03  -3.0911567e-03
   6.5100000e+01  -5.9504100e-03  -3.0632838e-03
   6.5200000e+01  -5.7394310e-04  -9.9754051e-04
   6.5300000e+01   4.5211132e-03   2.5323183e-03
   6.5400000e+01   5.2695910e-03   4.2468573e-03
   6.5500000e+01   1.0501966e-03   1.5997221e-03
   6.5600000e+01  -5.3493927e-03  -4.4271684e-03
   6.5700000e+01  -1.0871023e-02  -1.0101198e-02
   6.5800000e+01  -1.4353367e-02  -1.2133356e-02
   6.5900000e+01  -1.5507212e-02  -9.8905718e-03
   6.6000000e+01  -1.3370625e-02  -4.8776470e-03
   6.6100000e+01  -7.4582406e-03   1.1533879e-03
   6.6200000e+01  -7.1476726e-05   7.0898842e-03
   6.6300000e+01   4.3966656e-03   1.1807371e-02
   6.6400000e+01   3.3799017e-03   1.3650688e-02
   6.6500000e+01  -1.3658172e-03   1.1499686e-02
   6.6600000e+01  -5.7742361e-03   6.4620661e-03
   6.6700000e+01  -7.2846691e-03   1.7684264e-03
   6.6800000e+01  -6.0546343e-03   1.7803895e-04
   6.6900000e+01  -3.4041518e-03   1.3828181e-03
   6.7000000e+01  -6.8389677e-04   2.4941032e-03
   6.7100000e+01   3.6504766e-04   1.4358837e-03
   6.7200000e+01  -1.9912793e-03  -4.9511437e-04
   6.7300000e+01  -7.3042700e-03  -5.7836695e-05
   6.7400000e+01  -1.1772060e-02   3.8893927e-03
   6.7500000e+01  -1.0842695e-02   8.4337264e-03
   6.7600000e+01  -3.7426415e-03   9.3571133e-03
   6.7700000e+01   4.9804018e-03   5.7383888e-03
   6.7800000e+01   9.0098478e-03   1.1158761e-03
   6.7900000e+01   5.6375330e-03  -2.8835057e-04
   6.8000000e+01  -2.0811283e-03   1.9579396e-03
   6.8100000e+01  -8.1108528e-03   4.3320147e-03
   6.8200000e+01  -8.3689065e-03   3.3649893e-03
   6.8300000e+01  -3.5446975e-03  -9.5861232e-04
   6.8400000e+01   2.2197916e-03  -5.7962398e-03
   6.8500000e+01   5.2180938e-03  -8.3771682e-03
   6.8600000e+01   5.0621312e-03  -7.6483305e-03
   6.8700000e+01   4.1491936e-03  -3.9291224e-03
   6.8800000e+01   4.6257265e-03   1.4062556e-03
   6.8900000e+01   6.1177260e-03   5.6043774e-03
   6.9000000e+01   6.4578387e-03   5.4881006e-03
   6.9100000e+01   4.3000373e-03   3.5986946e-04
   6.9200000e+01   5.9849827e-04  -6.2158467e-03
   6.9300000e+01  -2.4871969e-03  -8.9473651e-03
   6.9400000e+01  -3.6843595e-03  -5.8923416e-03
   6.9500000e+01  -3.2742773e-03  -5.1832424e-04
   6.9600000e+01  -1.9474368e-03   1.8219916e-03
   6.9700000e+01   3.5747403e-04  -8.4714173e-04
   6.9800000e+01   4.0632988e-03  -5.7291562e-03
   6.9900000e+01   8.5359007e-03  -8.5001235e-03
   7.0000000e+01   1.1539486e-02  -7.0534378e-03
   7.0100000e+01   1.0621705e-02  -2.3310002e-03
   7.0200000e+01   5.3695198e-03   3.0960961e-03
   7.0300000e+01  -1.6790375e-03   6.4599940e-03
   7.0400000e+01  -6.5866012e-03   5.8034929e-03
   7.0500000e+01  -6.7838172e-03   1.1961509e-03
   7.0600000e+01  -2.6342181e-03  -4.6310914e-03
   7.0700000e+01   3.2846491e-03  -7.7968755e-03
   7.0800000e+01   8.0322705e-03  -6.3127097e-03
   7.0900000e+01   9.6574540e-03  -1.7217101e-03
   7.1000000e+01   7.7944529e-03   2.4054931e-03
   7.1100000e+01   3.9778849e-03   3.4536729e-03
   7.1200000e+01   1.1938514e-03   1.3669844e-03
   7.1300000e+01   1.8175238e-03  -1.9352069e-03
   7.1400000e+01   5.0763759e-03  -4.1017433e-03
   7.1500000e+01   7.0344753e-03  -3.7409952e-03
   7.1600000e+01   4.1902887e-03  -1.2708907e-03
   7.1700000e+01  -2.5838604e-03   1.3373413e-03
   7.1800000e+01  -8.2739913e-03   2.2382458e-03
   7.1900000e+01  -8.4014305e-03   1.4629052e-03
   7.2000000e+01  -3.3748547e-03   6.1505555e-04
   7.2100000e+01   2.0464897e-03   6.5393019e-04
   7.2200000e+01   3.4528975e-03   6.5940489e-04
   7.2300000e+01   5.8488369e-04  -5.8432275e-04
   7.2400000e+01  -3.5184877e-03  -2.3300920e-03
   7.2500000e+01  -6.5049665e-03  -2.2997148e-03
   7.2600000e+01  -8.9531237e-03   5.0632365e-04
   7.2700000e+01  -1.2302121e-02   4.4064073e-03
   7.2800000e+01  -1.5352762e-02   6.9814055e-03
   7.2900000e+01  -1.4376222e-02   7.6932892e-03
   7.3000000e+01  -7.5621135e-03   7.7339683e-03
   7.3100000e+01   1.4289296e-03   7.7054883e-03
   7.3200000e+01   5.8820444e-03   6.6700251e-03
   7.3300000e+01   2.5417691e-03   3.8754633e-03
   7.3400000e+01  -4.9642555e-03   5.2939023e-04
   7.3500000e+01  -9.6926419e-03  -1.0452245e-03
   7.3600000e+01  -7.9271919e-03   8.8559450e-05
   7.3700000e+01  -1.8995192e-03   2.4400324e-03
   7.3800000e+01   3.1197961e-03   3.7121114e-03
   7.3900000e+01   3.4577801e-03   3.1883608e-03
   7.4000000e+01  -6.5891832e-04   2.4062665e-03
   7.4100000e+01  -5.8085818e-03   3.5778751e-03
   7.4200000e+01  -7.8520357e-03   7.2328629e-03
   7.4300000e+01  -4.9433241e-03   1.1143656e-02
   7.4400000e+01   6.8490536e-04   1.1719256e-02
   7.4500000e+01   4.2068631e-03   7.0887125e-03
   7.4600000e+01   2.5117914e-03  -8.0196564e-04
   7.4700000e+01  -2.6596311e-03  -7.4163682e-03
   7.4800000e+01  -6.2750191e-03  -9.3504744e-03
   7.4900000e+01  -4.7651052e-03  -6.8768796e-03
   7.5000000e+01   1.0704905e-03  -2.8349808e-03
   7.5100000e+01   7.5984458e-03   4.3332873e-04
   7.5200000e+01   1.1845645e-02   2.4784771e-03
   7.5300000e+01   1.3132428e-02   3.5379540e-03
   7.5400000e+01   1.2157226e-02   3.1852231e-03
   7.5500000e+01   9.6321338e-03   7.9940968e-04
   7.5600000e+01   6.0086040e-03  -3.2296885e-03
   7.5700000e+01   1.9273213e-03  -7.5160588e-03
   7.5800000e+01  -1.4972657e-03  -1.0712191e-02
   7.5900000e+01  -2.8811778e-03  -1.1995303e-02
   7.6000000e+01  -1.3094329e-03  -1.0814576e-02
   7.6100000e+01   2.6192834e-03  -7.0773670e-03
   7.6200000e+01   6.4914865e-03  -1.8964059e-03
   7.6300000e+01   7.6176763e-03   2.4586199e-03
   7.6400000e+01   5.5602204e-03   3.9179421e-03
   7.6500000e+01   2.8513466e-03   1.9267562e-03
   7.6600000e+01   2.4330607e-03  -2.4908332e-03
   7.6700000e+01   4.2964078e-03  -7.4191132e-03
   7.6800000e+01   5.3987902e-03  -1.0622346e-02
   7.6900000e+01   3.3665469e-03  -1.0297473e-02
   7.7000000e+01  -3.3148193e-04  -6.3382016e-03
   7.7100000e+01  -1.8495420e-03  -9.2763974e-04
   7.7200000e+01   3.6508129e-04   2.8712177e-03
   7.7300000e+01   3.3274464e-03   3.5594786e-03
   7.7400000e+01   2.7073876e-03   2.1406230e-03
   7.7500000e+01  -2.0637426e-03   6.9499953e-04
   7.7600000e+01  -6.8019354e-03   3.8583910e-04
   7.7700000e+01  -7.0184428e-03   7.8865351e-04
   7.7800000e+01  -2.7889234e-03   5.1947928e-04
   7.7900000e+01   1.4157193e-03  -1.7317651e-03
   7.8000000e+01   1.5610810e-03  -6.0734310e-03
   7.8100000e+01  -1.9419318e-03  -1.0567564e-02
   7.8200000e+01  -5.1615689e-03  -1.1838930e-02
   7.8300000e+01  -4.8971806e-03  -7.5518198e-03
   7.8400000e+01  -1.4576032e-03   1.1689277e-03
   7.8500000e+01   2.3935107e-03   9.9690592e-03
   7.8600000e+01   4.3183471e-03   1.4226644e-02
   7.8700000e+01   3.9508527e-03   1.2108901e-02
   7.8800000e+01   2.3493002e-03   5.4006710e-03
   7.8900000e+01   7.9268863e-04  -1.9155707e-03
   7.9000000e+01   4.5683780e-05  -6.0560637e-03
   7.9100000e+01  -1.3779128e-05  -5.6314099e-03
   7.9200000e+01  -4.8114716e-04  -2.4308146e-03
   7.9300000e+01  -2.6426403e-03   2.2590942e-04
   7.9400000e+01  -6.3817400e-03   6.7053946e-04
   7.9500000e+01  -9.4073847e-03   4.6566355e-04
   7.9600000e+01  -8.8856785e-03   2.2886188e-03
   7.9700000e+01  -4.4930661e-03   6.2783642e-03
   7.9800000e+01   4.4258461e-04   9.2469169e-03
   7.9900000e+01   1.8106490e-03   7.9364308e-03
   8.0000000e+01  -8.4503411e-04   2.6631348e-03
