   1.0221618e+02   2.8602761e+01   2.5212700e+03
   1.0216266e+02   2.8261769e+01   1.7541100e+03
   0.0000000e+00  -5.2733245e-01  -5.2733245e-01
   1.0000000e-01  -4.9841709e-01  -5.4196945e-01
   2.0000000e-01  -4.6375063e-01  -5.4703282e-01
   3.0000000e-01  -4.3772262e-01  -5.4753865e-01
   4.0000000e-01  -4.2014969e-01  -5.3605498e-01
   5.0000000e-01  -3.8983126e-01  -4.9972613e-01
   6.0000000e-01  -3.2404217e-01  -4.3926745e-01
   7.0000000e-01  -2.2322050e-01  -3.7534049e-01
   8.0000000e-01  -1.1076688e-01  -3.3363774e-01
   9.0000000e-01  -6.0596777e-03  -3.2603948e-01
   1.0000000e+00   9.7398583e-02  -3.4681888e-01
   1.1000000e+00   2.1982133e-01  -3.8155264e-01
   1.2000000e+00   3.6102703e-01  -4.1428621e-01
   1.3000000e+00   4.8781609e-01  -4.2956514e-01
   1.4000000e+00   5.6544472e-01  -4.1763082e-01
   1.5000000e+00   6.0125361e-01  -3.8285773e-01
   1.6000000e+00   6.4602535e-01  -3.4253474e-01
   1.7000000e+00   7.4265793e-01  -3.1115543e-01
   1.8000000e+00   8.7545453e-01  -2.8648855e-01
   1.9000000e+00   9.7889448e-01  -2.5489275e-01
   2.0000000e+00   1.0000000e+00  -2.0868540e-01
   2.1000000e+00   9.4746507e-01  -1.5243039e-01
   2.2000000e+00   8.7590170e-01  -9.2146533e-02
   2.3000000e+00   8.2667608e-01  -2.6819909e-02
   2.4000000e+00   7.9180238e-01   4.3391856e-02
   2.5000000e+00   7.3514309e-01   1.0637642e-01
   2.6000000e+00   6.3894415e-01   1.4650973e-01
   2.7000000e+00   5.2119063e-01   1.6605780e-01
   2.8000000e+00   4.0996819e-01   1.8944176e-01
   2.9000000e+00   3.1106899e-01   2.3867269e-01
   3.0000000e+00   2.0726910e-01   3.0732741e-01
   3.1000000e+00   8.6046195e-02   3.6637271e-01
   3.2000000e+00  -4.0339766e-02   3.9691575e-01
   3.3000000e+00  -1.4617122e-01   4.1104561e-01
   3.4000000e+00  -2.1997048e-01   4.3590254e-01
   3.5000000e+00  -2.7514051e-01   4.8006001e-01
   3.6000000e+00  -3.3177342e-01   5.2113528e-01
   3.7000000e+00  -3.9194135e-01   5.2775473e-01
   3.8000000e+00  -4.3736126e-01   4.9091995e-01
   3.9000000e+00  -4.5155361e-01   4.3236792e-01
   4.0000000e+00  -4.4091555e-01   3.8417763e-01
   4.1000000e+00  -4.3128197e-01   3.6210578e-01
   4.2000000e+00  -4.4347329e-01   3.5707887e-01
   4.3000000e+00  -4.7227629e-01   3.4825814e-01
   4.4000000e+00  -4.8864205e-01   3.2146859e-01
   4.5000000e+00  -4.6339698e-01   2.7651574e-01
   4.6000000e+00  -3.9340654e-01   2.2197447e-01
   4.7000000e+00  -3.0934759e-01   1.6794305e-01
   4.8000000e+00  -2.5682081e-01   1.2400382e-01
   4.9000000e+00  -2.6223840e-01   9.8496054e-02
   5.0000000e+00  -3.0965336e-01   9.2822968e-02
   5.1000000e+00  -3.5010081e-01   9.4655852e-02
   5.2000000e+00  -3.3906462e-01   8.1351382e-02
   5.3000000e+00  -2.7138620e-01   3.6046257e-02
   5.4000000e+00  -1.8365874e-01  -3.7487858e-02
   5.5000000e+00  -1.2360921e-01  -1.1727615e-01
   5.6000000e+00  -1.1462190e-01  -1.8133021e-01
   5.7000000e+00  -1.4360649e-01  -2.2292410e-01
   5.8000000e+00  -1.7651180e-01  -2.4841491e-01
   5.9000000e+00  -1.8471527e-01  -2.6346703e-01
   6.0000000e+00  -1.6293873e-01  -2.6581593e-01
   6.1000000e+00  -1.2901690e-01  -2.5309767e-01
   6.2000000e+00  -1.0731045e-01  -2.3503874e-01
   6.3000000e+00  -1.0775852e-01  -2.3289087e-01
   6.4000000e+00  -1.1743435e-01  -2.6258010e-01
   6.5000000e+00  -1.1267033e-01  -3.1688288e-01
   6.6000000e+00  -8.0186936e-02  -3.6564424e-01
   6.7000000e+00  -2.5761347e-02  -3.7665395e-01
   6.8000000e+00   3.6541396e-02  -3.3940853e-01
   6.9000000e+00   9.8379780e-02  -2.7083725e-01
   7.0000000e+00   1.5642280e-01  -1.9980103e-01
   7.1000000e+00   2.0192049e-01  -1.4691835e-01
   7.2000000e+00   2.2165594e-01  -1.1722812e-01
   7.3000000e+00   2.1571224e-01  -1.0639580e-01
   7.4000000e+00   2.0902825e-01  -1.0765181e-01
   7.5000000e+00   2.3364074e-01  -1.1141340e-01
   7.6000000e+00   2.9396149e-01  -1.0365117e-01
   7.7000000e+00   3.5563279e-01  -7.2407529e-02
   7.8000000e+00   3.7809873e-01  -1.9613234e-02
   7.9000000e+00   3.5923889e-01   3.5934364e-02
   8.0000000e+00   3.3961804e-01   7.2295852e-02
   8.1000000e+00   3.5609523e-01   8.3922973e-02
   8.2000000e+00   3.9520142e-01   8.6707070e-02
   8.3000000e+00   4.0242427e-01   1.0129183e-01
   8.4000000e+00   3.4199558e-01   1.3071171e-01
   8.5000000e+00   2.4213979e-01   1.5640375e-01
   8.6000000e+00   1.7343539e-01   1.5837465e-01
   8.7000000e+00   1.8004895e-01   1.3852912e-01
   8.8000000e+00   2.3437977e-01   1.2045197e-01
   8.9000000e+00   2.6102338e-01   1.2343147e-01
   9.0000000e+00   2.0595311e-01   1.3854766e-01
   9.1000000e+00   8.4706232e-02   1.3558655e-01
   9.2000000e+00  -3.3736902e-02   9.6396252e-02
   9.3000000e+00  -9.0220216e-02   3.8326875e-02
   9.4000000e+00  -8.6788639e-02  -7.9247126e-04
   9.5000000e+00  -7.9086595e-02  -2.0394277e-03
   9.6000000e+00  -1.1801320e-01   1.4405253e-02
   9.7000000e+00  -1.9850987e-01   1.1627684e-02
   9.8000000e+00  -2.6760023e-01  -2.4040788e-02
   9.9000000e+00  -2.8285698e-01  -7.0181879e-02
   1.0000000e+01  -2.5784058e-01  -9.5140638e-02
   1.0100000e+01  -2.4519557e-01  -9.2036123e-02
   1.0200000e+01  -2.7833300e-01  -8.2533709e-02
   1.0300000e+01  -3.3813453e-01  -9.0588593e-02
   1.0400000e+01  -3.7857584e-01  -1.1863767e-01
   1.0500000e+01  -3.7600411e-01  -1.4978092e-01
   1.0600000e+01  -3.4509498e-01  -1.6666990e-01
   1.0700000e+01  -3.1123428e-01  -1.6312873e-01
   1.0800000e+01  -2.8057863e-01  -1.4055206e-01
   1.0900000e+01  -2.4332042e-01  -1.0156739e-01
   1.1000000e+01  -1.9824227e-01  -5.2364061e-02
   1.1100000e+01  -1.6151961e-01  -8.1026722e-03
   1.1200000e+01  -1.4757160e-01   1.2274381e-02
   1.1300000e+01  -1.4760779e-01   3.3473464e-03
   1.1400000e+01  -1.3451433e-01  -1.4033313e-02
   1.1500000e+01  -9.0173939e-02  -2.8912213e-03
   1.1600000e+01  -2.4266558e-02   5.9312360e-02
   1.1700000e+01   3.6625212e-02   1.5636758e-01
   1.1800000e+01   7.6655620e-02   2.4206019e-01
   1.1900000e+01   1.0340092e-01   2.7861591e-01
   1.2000000e+01   1.3234901e-01   2.6918822e-01
   1.2100000e+01   1.6420735e-01   2.5138924e-01
   1.2200000e+01   1.8468933e-01   2.5858861e-01
   1.2300000e+01   1.8746974e-01   2.9011354e-01
   1.2400000e+01   1.8954942e-01   3.1995287e-01
   1.2500000e+01   2.1542127e-01   3.2856416e-01
   1.2600000e+01   2.6587562e-01   3.1808691e-01
   1.2700000e+01   3.0982661e-01   2.9679918e-01
   1.2800000e+01   3.1283573e-01   2.5982192e-01
   1.2900000e+01   2.7286478e-01   1.9581437e-01
   1.3000000e+01   2.2453281e-01   1.1093507e-01
   1.3100000e+01   2.0791513e-01   3.4399177e-02
   1.3200000e+01   2.3452112e-01  -7.5896334e-03
   1.3300000e+01   2.8179182e-01  -1.9683604e-02
   1.3400000e+01   3.1595804e-01  -3.1558580e-02
   1.3500000e+01   3.1876985e-01  -6.4334208e-02
   1.3600000e+01   2.9667323e-01  -1.1031330e-01
   1.3700000e+01   2.6984874e-01  -1.4978952e-01
   1.3800000e+01   2.5308979e-01  -1.8106027e-01
   1.3900000e+01   2.4320731e-01  -2.2352044e-01
   1.4000000e+01   2.2125790e-01  -2.8929281e-01
   1.4100000e+01   1.6715902e-01  -3.5981524e-01
   1.4200000e+01   7.5473255e-02  -3.9814763e-01
   1.4300000e+01  -3.8989723e-02  -3.8405151e-01
   1.4400000e+01  -1.4877637e-01  -3.3228446e-01
   1.4500000e+01  -2.2905701e-01  -2.7560695e-01
   1.4600000e+01  -2.7207603e-01  -2.3394222e-01
   1.4700000e+01  -2.9268920e-01  -2.0260378e-01
   1.4800000e+01  -3.1889856e-01  -1.6709449e-01
   1.4900000e+01  -3.6970052e-01  -1.2346911e-01
   1.5000000e+01  -4.3667188e-01  -8.2228489e-02
   1.5100000e+01  -4.8938855e-01  -5.5274673e-02
   1.5200000e+01  -5.0448813e-01  -4.2793502e-02
   1.5300000e+01  -4.9007203e-01  -3.3911522e-02
   1.5400000e+01  -4.7667402e-01  -1.8727380e-02
   1.5500000e+01  -4.8169309e-01   2.3269171e-03
   1.5600000e+01  -4.8715118e-01   2.2097418e-02
   1.5700000e+01  -4.5831950e-01   3.8768944e-02
   1.5800000e+01  -3.8368915e-01   6.1244339e-02
   1.5900000e+01  -2.9050525e-01   9.8901346e-02
   1.6000000e+01  -2.1718537e-01   1.4534663e-01
   1.6100000e+01  -1.7288370e-01   1.7631694e-01
   1.6200000e+01  -1.2853822e-01   1.6916462e-01
   1.6300000e+01  -4.8772402e-02   1.2610328e-01
   1.6400000e+01   6.9010680e-02   7.4830394e-02
   1.6500000e+01   1.8783227e-01   4.2546407e-02
   1.6600000e+01   2.6279058e-01   3.0316168e-02
   1.6700000e+01   2.8069449e-01   1.6888321e-02
   1.6800000e+01   2.7096260e-01  -1.1990085e-02
   1.6900000e+01   2.7821425e-01  -4.3583928e-02
   1.7000000e+01   3.2210510e-01  -5.2077256e-02
   1.7100000e+01   3.8156375e-01  -2.9580373e-02
   1.7200000e+01   4.1727829e-01   4.2498050e-03
   1.7300000e+01   4.0925936e-01   2.5811429e-02
   1.7400000e+01   3.7234171e-01   3.4002779e-02
   1.7500000e+01   3.3656539e-01   4.5916056e-02
   1.7600000e+01   3.1600639e-01   6.8876717e-02
   1.7700000e+01   2.9922627e-01   8.7220814e-02
   1.7800000e+01   2.6814077e-01   8.2226812e-02
   1.7900000e+01   2.2116814e-01   5.8671648e-02
   1.8000000e+01   1.7513413e-01   4.1879329e-02
   1.8100000e+01   1.4661830e-01   4.8129756e-02
   1.8200000e+01   1.3516414e-01   6.6783015e-02
   1.8300000e+01   1.2547283e-01   7.6959066e-02
   1.8400000e+01   1.0354237e-01   7.5921075e-02
   1.8500000e+01   6.8730616e-02   8.1231053e-02
   1.8600000e+01   3.1127303e-02   1.0379041e-01
   1.8700000e+01  -2.4903262e-04   1.2742974e-01
   1.8800000e+01  -2.5380606e-02   1.2284969e-01
   1.8900000e+01  -5.0519580e-02   8.0782542e-02
   1.9000000e+01  -7.9668232e-02   2.5998397e-02
   1.9100000e+01  -1.1038188e-01  -3.3271449e-03
   1.9200000e+01  -1.3800283e-01   1.1344065e-02
   1.9300000e+01  -1.6170363e-01   5.4532519e-02
   1.9400000e+01  -1.8294682e-01   8.9359202e-02
   1.9500000e+01  -1.9725766e-01   8.2828195e-02
   1.9600000e+01  -1.9195786e-01   2.6652201e-02
   1.9700000e+01  -1.5853610e-01  -5.6109813e-02
   1.9800000e+01  -1.0928003e-01  -1.2341805e-01
   1.9900000e+01  -7.6692073e-02  -1.4285549e-01
   2.0000000e+01  -8.9200515e-02  -1.1814624e-01
   2.0100000e+01  -1.4409597e-01  -8.7836245e-02
   2.0200000e+01  -2.0573562e-01  -9.0778840e-02
   2.0300000e+01  -2.3287645e-01  -1.2845504e-01
   2.0400000e+01  -2.0999427e-01  -1.6352000e-01
   2.0500000e+01  -1.5548156e-01  -1.5869861e-01
   2.0600000e+01  -1.0382254e-01  -1.1551939e-01
   2.0700000e+01  -8.0568285e-02  -7.0860850e-02
   2.0800000e+01  -8.8902056e-02  -5.5881906e-02
   2.0900000e+01  -1.1274591e-01  -6.3861936e-02
   2.1000000e+01  -1.3027575e-01  -6.1823304e-02
   2.1100000e+01  -1.2800674e-01  -2.9717066e-02
   2.1200000e+01  -1.0643493e-01   1.8981485e-02
   2.1300000e+01  -7.4395146e-02   5.6233378e-02
   2.1400000e+01  -3.9647370e-02   7.1282738e-02
   2.1500000e+01  -6.7237585e-03   7.6481572e-02
   2.1600000e+01   1.7891447e-02   8.3657552e-02
   2.1700000e+01   2.5708838e-02   8.4694440e-02
   2.1800000e+01   1.7546395e-02   6.2990822e-02
   2.1900000e+01   1.2015279e-02   2.1744910e-02
   2.2000000e+01   3.2523516e-02  -8.0452409e-03
   2.2100000e+01   7.9555951e-02   5.7703267e-03
   2.2200000e+01   1.2076909e-01   6.1611201e-02
   2.2300000e+01   1.1884662e-01   1.1858487e-01
   2.2400000e+01   7.3468559e-02   1.2799000e-01
   2.2500000e+01   3.0825087e-02   7.3247989e-02
   2.2600000e+01   4.4260234e-02  -1.6580051e-02
   2.2700000e+01   1.2229968e-01  -8.9164968e-02
   2.2800000e+01   2.1640602e-01  -1.0744052e-01
   2.2900000e+01   2.6203807e-01  -7.4977553e-02
   2.3000000e+01   2.3453379e-01  -3.0671270e-02
   2.3100000e+01   1.6846360e-01  -1.7108264e-02
   2.3200000e+01   1.2461477e-01  -4.6299284e-02
   2.3300000e+01   1.3608852e-01  -9.0698329e-02
   2.3400000e+01   1.8163379e-01  -1.0884379e-01
   2.3500000e+01   2.0827700e-01  -8.3935585e-02
   2.3600000e+01   1.8086978e-01  -3.9057474e-02
   2.3700000e+01   1.1265671e-01  -1.3908484e-02
   2.3800000e+01   4.9907401e-02  -2.6525678e-02
   2.3900000e+01   2.7796930e-02  -5.8041220e-02
   2.4000000e+01   4.1109944e-02  -7.2701655e-02
   2.4100000e+01   5.5776497e-02  -4.9614296e-02
   2.4200000e+01   4.5253092e-02   3.2727871e-03
   2.4300000e+01   1.3832813e-02   5.8307562e-02
   2.4400000e+01  -1.2910702e-02   8.5662869e-02
   2.4500000e+01  -1.6169496e-02   6.8174157e-02
   2.4600000e+01  -2.0123139e-03   1.2717339e-02
   2.4700000e+01   4.4526540e-03  -4.6262222e-02
   2.4800000e+01  -1.9496832e-02  -6.2732012e-02
   2.4900000e+01  -7.5681387e-02  -1.3782924e-02
   2.5000000e+01  -1.4317089e-01   7.3917324e-02
   2.5100000e+01  -1.9425107e-01   1.3747111e-01
   2.5200000e+01  -2.1574453e-01   1.2838795e-01
   2.5300000e+01  -2.1714473e-01   5.6795349e-02
   2.5400000e+01  -2.1709719e-01  -1.5231865e-02
   2.5500000e+01  -2.2135987e-01  -2.8886547e-02
   2.5600000e+01  -2.1663483e-01   1.8633406e-02
   2.5700000e+01  -1.8893187e-01   7.4438304e-02
   2.5800000e+01  -1.4608358e-01   8.2421832e-02
   2.5900000e+01  -1.1572899e-01   3.5709966e-02
   2.6000000e+01  -1.1652401e-01  -2.1539403e-02
   2.6100000e+01  -1.3376740e-01  -4.0657154e-02
   2.6200000e+01  -1.3040470e-01  -1.2927332e-02
   2.6300000e+01  -8.6136587e-02   3.0677632e-02
   2.6400000e+01  -2.2801239e-02   5.5759790e-02
   2.6500000e+01   1.4796072e-02   5.3503987e-02
   2.6600000e+01   5.3290905e-03   3.7381302e-02
   2.6700000e+01  -2.4747363e-02   2.3016026e-02
   2.6800000e+01  -2.6606388e-02   1.7437539e-02
   2.6900000e+01   2.1579114e-02   2.0621635e-02
   2.7000000e+01   9.2684648e-02   2.6312120e-02
   2.7100000e+01   1.3735034e-01   2.1476559e-02
   2.7200000e+01   1.2960149e-01  -4.3265060e-03
   2.7300000e+01   8.5921268e-02  -4.3608869e-02
   2.7400000e+01   4.4839231e-02  -7.2202906e-02
   2.7500000e+01   3.3916376e-02  -7.3837255e-02
   2.7600000e+01   5.5582357e-02  -5.9635878e-02
   2.7700000e+01   9.5961652e-02  -5.3976238e-02
   2.7800000e+01   1.3863901e-01  -6.2298447e-02
   2.7900000e+01   1.7005439e-01  -6.4618795e-02
   2.8000000e+01   1.8003537e-01  -4.5317938e-02
   2.8100000e+01   1.6524069e-01  -1.7918090e-02
   2.8200000e+01   1.3341687e-01  -8.3283529e-03
   2.8300000e+01   1.0033382e-01  -1.8431541e-02
   2.8400000e+01   7.8575373e-02  -2.1510517e-02
   2.8500000e+01   6.7795440e-02   2.3689633e-03
   2.8600000e+01   5.6234954e-02   3.9124043e-02
   2.8700000e+01   3.3330227e-02   5.9021762e-02
   2.8800000e+01   3.0291631e-03   5.5520709e-02
   2.8900000e+01  -1.5141782e-02   5.2468687e-02
   2.9000000e+01  -2.4234674e-03   7.1624624e-02
   2.9100000e+01   3.6300339e-02   1.0439512e-01
   2.9200000e+01   6.6596612e-02   1.2238931e-01
   2.9300000e+01   5.0156293e-02   1.0965768e-01
   2.9400000e+01  -1.5425118e-02   7.6872668e-02
   2.9500000e+01  -8.4554548e-02   4.6855213e-02
   2.9600000e+01  -1.0136917e-01   3.4225238e-02
   2.9700000e+01  -5.5608342e-02   3.8269207e-02
   2.9800000e+01   3.2948828e-03   4.5428729e-02
   2.9900000e+01   1.4676109e-02   3.3719526e-02
   3.0000000e+01  -3.1206522e-02  -1.6361170e-02
   3.0100000e+01  -8.4993404e-02  -1.0200821e-01
   3.0200000e+01  -9.2886708e-02  -1.8681125e-01
   3.0300000e+01  -5.2919363e-02  -2.1979641e-01
   3.0400000e+01  -1.1956315e-02  -1.7744692e-01
   3.0500000e+01  -1.1425664e-02  -8.9713064e-02
   3.0600000e+01  -4.5248654e-02  -1.9826412e-02
   3.0700000e+01  -7.3666778e-02  -1.3110375e-02
   3.0800000e+01  -7.0535871e-02  -6.2047258e-02
   3.0900000e+01  -4.8020567e-02  -1.1791601e-01
   3.1000000e+01  -3.5474664e-02  -1.3370853e-01
   3.1100000e+01  -4.3768053e-02  -9.8061484e-02
   3.1200000e+01  -5.8034419e-02  -3.6164336e-02
   3.1300000e+01  -6.2360641e-02   1.4076764e-02
   3.1400000e+01  -6.1125798e-02   2.7754945e-02
   3.1500000e+01  -6.9857642e-02   5.6944467e-03
   3.1600000e+01  -8.9916284e-02  -2.8504980e-02
   3.1700000e+01  -1.0241995e-01  -4.4379980e-02
   3.1800000e+01  -9.1562286e-02  -2.5973818e-02
   3.1900000e+01  -6.8640502e-02   1.6114524e-02
   3.2000000e+01  -6.4855529e-02   5.4810289e-02
   3.2100000e+01  -9.7425833e-02   7.2265085e-02
   3.2200000e+01  -1.4566075e-01   7.5037083e-02
   3.2300000e+01  -1.6432963e-01   8.0157607e-02
   3.2400000e+01  -1.2314139e-01   8.7099262e-02
   3.2500000e+01  -3.5598312e-02   7.1748191e-02
   3.2600000e+01   4.8827575e-02   1.5616791e-02
   3.2700000e+01   8.2722153e-02  -6.1490529e-02
   3.2800000e+01   5.7831807e-02  -1.0821719e-01
   3.2900000e+01   1.1067070e-02  -8.7794003e-02
   3.3000000e+01  -6.1622114e-03  -1.5235803e-02
   3.3100000e+01   2.9782889e-02   5.5948054e-02
   3.3200000e+01   9.7584111e-02   8.2757882e-02
   3.3300000e+01   1.5401182e-01   6.4747870e-02
   3.3400000e+01   1.7394511e-01   3.1255992e-02
   3.3500000e+01   1.6746071e-01   8.4613642e-03
   3.3600000e+01   1.5947994e-01   5.3254779e-03
   3.3700000e+01   1.5843374e-01   2.3376255e-02
   3.3800000e+01   1.5023717e-01   6.4663985e-02
   3.3900000e+01   1.2158768e-01   1.2365235e-01
   3.4000000e+01   8.1791649e-02   1.7849141e-01
   3.4100000e+01   5.6422067e-02   2.0032033e-01
   3.4200000e+01   6.1456131e-02   1.7452890e-01
   3.4300000e+01   8.8407380e-02   1.1235847e-01
   3.4400000e+01   1.1501673e-01   4.3405168e-02
   3.4500000e+01   1.2591993e-01  -1.6320432e-03
   3.4600000e+01   1.2051375e-01  -6.0871936e-03
   3.4700000e+01   1.0484789e-01   2.4215483e-02
   3.4800000e+01   8.2214838e-02   6.2374041e-02
   3.4900000e+01   5.3012501e-02   7.5494449e-02
   3.5000000e+01   1.9587663e-02   4.7587768e-02
   3.5100000e+01  -1.2417760e-02  -8.0348848e-03
   3.5200000e+01  -3.6499309e-02  -6.0168323e-02
   3.5300000e+01  -4.6767428e-02  -8.5673866e-02
   3.5400000e+01  -3.8696332e-02  -8.5898207e-02
   3.5500000e+01  -1.3334204e-02  -7.9919068e-02
   3.5600000e+01   1.7101767e-02  -8.4210648e-02
   3.5700000e+01   3.1902722e-02  -9.9291614e-02
   3.5800000e+01   1.6821920e-02  -1.1422101e-01
   3.5900000e+01  -2.0445218e-02  -1.2159215e-01
   3.6000000e+01  -5.1925979e-02  -1.2572947e-01
   3.6100000e+01  -5.1081087e-02  -1.3395185e-01
   3.6200000e+01  -1.6314545e-02  -1.4035867e-01
   3.6300000e+01   2.5876277e-02  -1.2435566e-01
   3.6400000e+01   4.1794075e-02  -7.2872784e-02
   3.6500000e+01   1.7032186e-02  -4.2971573e-03
   3.6600000e+01  -3.4185081e-02   3.8711598e-02
   3.6700000e+01  -8.3158471e-02   2.8568312e-02
   3.6800000e+01  -1.0979928e-01  -1.6878940e-02
   3.6900000e+01  -1.1365146e-01  -5.0938232e-02
   3.7000000e+01  -1.0532574e-01  -4.6726354e-02
   3.7100000e+01  -9.1072763e-02  -2.3261529e-02
   3.7200000e+01  -6.9334783e-02  -1.9797060e-02
   3.7300000e+01  -4.2368359e-02  -4.9997843e-02
   3.7400000e+01  -2.5594882e-02  -8.8375665e-02
   3.7500000e+01  -3.7933252e-02  -9.9397432e-02
   3.7600000e+01  -8.0355485e-02  -7.1343290e-02
   3.7700000e+01  -1.2863836e-01  -2.0003669e-02
   3.7800000e+01  -1.5347266e-01   3.1678509e-02
   3.7900000e+01  -1.4874771e-01   6.9306171e-02
   3.8000000e+01  -1.3628862e-01   8.6378133e-02
   3.8100000e+01  -1.4037629e-01   7.9730831e-02
   3.8200000e+01  -1.5980499e-01   5.2491451e-02
   3.8300000e+01  -1.6829673e-01   1.8827465e-02
   3.8400000e+01  -1.4226627e-01  -6.8046292e-04
   3.8500000e+01  -8.5448357e-02   7.6043362e-03
   3.8600000e+01  -2.5437862e-02   4.0176459e-02
   3.8700000e+01   1.1343824e-02   7.8900368e-02
   3.8800000e+01   1.9256293e-02   1.0451758e-01
   3.8900000e+01   1.1287087e-02   1.1026576e-01
   3.9000000e+01   3.4998691e-03   1.0429699e-01
   3.9100000e+01   3.7485734e-03   9.8944769e-02
   3.9200000e+01   1.0725802e-02   9.7760942e-02
   3.9300000e+01   1.7349918e-02   9.4380027e-02
   3.9400000e+01   1.4877416e-02   8.3989904e-02
   3.9500000e+01   5.6376091e-04   7.2077784e-02
   3.9600000e+01  -1.3779693e-02   6.7638464e-02
   3.9700000e+01  -5.1158485e-03   6.8728529e-02
   3.9800000e+01   3.9849347e-02   6.0563201e-02
   3.9900000e+01   1.0383111e-01   3.1873204e-02
   4.0000000e+01   1.4508698e-01  -8.8800095e-03
   4.0100000e+01   1.3200803e-01  -3.7820801e-02
   4.0200000e+01   7.3478071e-02  -3.7234064e-02
   4.0300000e+01   1.2410852e-02  -1.1481801e-02
   4.0400000e+01  -1.2028628e-02   1.8088996e-02
   4.0500000e+01   4.4126778e-03   3.1673665e-02
   4.0600000e+01   3.4846173e-02   2.4616453e-02
   4.0700000e+01   5.1008588e-02   6.7435409e-03
   4.0800000e+01   4.7790183e-02  -8.3678098e-03
   4.0900000e+01   4.2597418e-02  -1.4746795e-02
   4.1000000e+01   5.5453010e-02  -1.8149456e-02
   4.1100000e+01   8.9858665e-02  -2.9516492e-02
   4.1200000e+01   1.2984461e-01  -5.2602208e-02
   4.1300000e+01   1.5394911e-01  -7.8324902e-02
   4.1400000e+01   1.5322550e-01  -9.3659764e-02
   4.1500000e+01   1.3708804e-01  -9.5619316e-02
   4.1600000e+01   1.2201996e-01  -9.2181095e-02
   4.1700000e+01   1.1523075e-01  -8.7903918e-02
   4.1800000e+01   1.1034776e-01  -7.4541004e-02
   4.1900000e+01   9.8168358e-02  -4.3209870e-02
   4.2000000e+01   7.8286401e-02  -4.7964740e-03
   4.2100000e+01   5.8027798e-02   1.0916193e-02
   4.2200000e+01   4.2244102e-02  -1.6793873e-02
   4.2300000e+01   2.8560753e-02  -7.4609699e-02
   4.2400000e+01   1.3801456e-02  -1.2371169e-01
   4.2500000e+01   1.5478480e-03  -1.3437196e-01
   4.2600000e+01  -3.8212638e-04  -1.0948841e-01
   4.2700000e+01   1.0315835e-02  -7.4148112e-02
   4.2800000e+01   2.5779265e-02  -4.6857591e-02
   4.2900000e+01   3.3507518e-02  -2.4963079e-02
   4.3000000e+01   2.4684728e-02   3.4559712e-03
   4.3100000e+01  -2.5701309e-03   3.8802741e-02
   4.3200000e+01  -4.3215148e-02   6.4753832e-02
   4.3300000e+01  -8.3695155e-02   6.3919403e-02
   4.3400000e+01  -1.0260459e-01   3.7308795e-02
   4.3500000e+01  -8.2214797e-02   6.9908578e-03
   4.3600000e+01  -2.7301741e-02  -1.6633701e-03
   4.3700000e+01   2.8446351e-02   1.8326011e-02
   4.3800000e+01   4.3203884e-02   4.9981514e-02
   4.3900000e+01   2.1485159e-03   6.7174603e-02
   4.4000000e+01  -6.5996868e-02   5.5525688e-02
   4.4100000e+01  -1.1018701e-01   2.1956452e-02
   4.4200000e+01  -9.9019680e-02  -1.2234418e-02
   4.4300000e+01  -4.6039365e-02  -2.6956776e-02
   4.4400000e+01   2.6681015e-03  -1.6452055e-02
   4.4500000e+01   5.2334671e-03   7.6171608e-03
   4.4600000e+01  -4.6190799e-02   2.5356719e-02
   4.4700000e+01  -1.2270395e-01   2.4780886e-02
   4.4800000e+01  -1.7974380e-01   1.1907488e-02
   4.4900000e+01  -1.8517739e-01   4.0764821e-03
   4.5000000e+01  -1.3855646e-01   1.1663070e-02
   4.5100000e+01  -7.2092597e-02   2.7335259e-02
   4.5200000e+01  -3.0720723e-02   3.4942088e-02
   4.5300000e+01  -3.9680281e-02   2.7558103e-02
   4.5400000e+01  -8.1941653e-02   1.3836190e-02
   4.5500000e+01  -1.0885826e-01   7.2783685e-03
   4.5600000e+01  -8.2691362e-02   1.3815146e-02
   4.5700000e+01  -1.5135201e-02   3.1822519e-02
   4.5800000e+01   3.9193535e-02   5.9106382e-02
   4.5900000e+01   3.4206379e-02   9.2515019e-02
   4.6000000e+01  -2.1125733e-02   1.2031523e-01
   4.6100000e+01  -7.0878555e-02   1.2322147e-01
   4.6200000e+01  -6.7281518e-02   9.1688602e-02
   4.6300000e+01  -1.3495698e-02   4.2964339e-02
   4.6400000e+01   4.9417275e-02   1.4074709e-02
   4.6500000e+01   8.9398574e-02   3.0452929e-02
   4.6600000e+01   1.0674931e-01   7.9363987e-02
   4.6700000e+01   1.1278172e-01   1.1718336e-01
   4.6800000e+01   1.0139406e-01   1.0665003e-01
   4.6900000e+01   5.6460606e-02   4.8933820e-02
   4.7000000e+01  -1.4664157e-02  -1.9946350e-02
   4.7100000e+01  -7.0536859e-02  -6.2656275e-02
   4.7200000e+01  -7.0522128e-02  -6.9620439e-02
   4.7300000e+01  -1.9106301e-02  -5.7943149e-02
   4.7400000e+01   3.3018824e-02  -4.8346527e-02
   4.7500000e+01   3.6860866e-02  -4.8120944e-02
   4.7600000e+01  -7.0699530e-03  -5.4212220e-02
   4.7700000e+01  -5.0382855e-02  -6.4373894e-02
   4.7800000e+01  -4.4949471e-02  -7.8807648e-02
   4.7900000e+01   1.1524337e-02  -9.2842435e-02
   4.8000000e+01   7.5309257e-02  -9.5480745e-02
   4.8100000e+01   9.7701327e-02  -7.9908583e-02
   4.8200000e+01   6.5698681e-02  -5.3847064e-02
   4.8300000e+01   6.8890379e-03  -3.5384167e-02
   4.8400000e+01  -3.9135695e-02  -3.6705011e-02
   4.8500000e+01  -5.1387674e-02  -5.2610349e-02
   4.8600000e+01  -3.4149290e-02  -6.5869749e-02
   4.8700000e+01  -2.4965814e-03  -6.3833618e-02
   4.8800000e+01   3.1393281e-02  -4.9657253e-02
   4.8900000e+01   5.8116698e-02  -3.7348080e-02
   4.9000000e+01   6.6273046e-02  -3.6009889e-02
   4.9100000e+01   4.8411549e-02  -3.9675338e-02
   4.9200000e+01   1.4817971e-02  -3.4098676e-02
   4.9300000e+01  -6.0197194e-03  -1.4293691e-02
   4.9400000e+01   8.5848254e-03   6.4411650e-03
   4.9500000e+01   4.7855460e-02   8.2329508e-03
   4.9600000e+01   7.0996970e-02  -1.3167946e-02
   4.9700000e+01   4.6870198e-02  -3.7848428e-02
   4.9800000e+01  -9.8258325e-03  -3.8621305e-02
   4.9900000e+01  -4.9461895e-02  -7.8724119e-03
   5.0000000e+01  -3.8591149e-02   3.3152223e-02
   5.0100000e+01   4.5484656e-03   5.2792176e-02
   5.0200000e+01   3.1316892e-02   3.7212638e-02
   5.0300000e+01   1.6552653e-02   1.5712380e-03
   5.0400000e+01  -1.6944929e-02  -2.4713497e-02
   5.0500000e+01  -2.8826810e-02  -2.2942180e-02
   5.0600000e+01  -6.9642706e-03   2.1901652e-03
   5.0700000e+01   2.4393909e-02   3.0797500e-02
   5.0800000e+01   3.7009121e-02   4.6611637e-02
   5.0900000e+01   2.8255148e-02   4.8961959e-02
   5.1000000e+01   1.6759510e-02   4.8686112e-02
   5.1100000e+01   1.8281577e-02   5.3760090e-02
   5.1200000e+01   3.3147852e-02   5.9602024e-02
   5.1300000e+01   5.2206822e-02   5.4193972e-02
   5.1400000e+01   6.5004274e-02   3.2854290e-02
   5.1500000e+01   6.1586474e-02   6.3716982e-03
   5.1600000e+01   3.6461528e-02  -7.7512124e-03
   5.1700000e+01  -1.6715149e-03  -2.6561074e-03
   5.1800000e+01  -2.8425590e-02   1.0801788e-02
   5.1900000e+01  -2.1723933e-02   1.5477095e-02
   5.2000000e+01   1.4890757e-02   5.4627636e-03
   5.2100000e+01   5.0809099e-02  -9.2274321e-03
   5.2200000e+01   5.4490819e-02  -1.4818010e-02
   5.2300000e+01   2.1439849e-02  -8.3244681e-03
   5.2400000e+01  -2.4156708e-02   8.9987393e-04
   5.2500000e+01  -5.3233853e-02   2.3615651e-03
   5.2600000e+01  -5.5049762e-02  -4.9528001e-03
   5.2700000e+01  -3.9518751e-02  -1.2907812e-02
   5.2800000e+01  -2.3235087e-02  -1.2870667e-02
   5.2900000e+01  -1.7040105e-02  -2.3569117e-03
   5.3000000e+01  -2.3955165e-02   1.5976856e-02
   5.3100000e+01  -4.1802372e-02   3.8651717e-02
   5.3200000e+01  -6.3408543e-02   6.1506991e-02
   5.3300000e+01  -7.6631721e-02   7.5776078e-02
   5.3400000e+01  -7.0430858e-02   6.9014174e-02
   5.3500000e+01  -4.5002562e-02   3.6430185e-02
   5.3600000e+01  -1.4881063e-02  -6.9646912e-03
   5.3700000e+01   2.0181579e-03  -3.1220806e-02
   5.3800000e+01   1.1971694e-03  -1.6388814e-02
   5.3900000e+01  -2.9491067e-03   2.5344291e-02
   5.4000000e+01   9.4727895e-03   5.7539177e-02
   5.4100000e+01   4.3538832e-02   5.4362495e-02
   5.4200000e+01   8.2470904e-02   2.5887908e-02
   5.4300000e+01   1.0140893e-01   4.0046116e-03
   5.4400000e+01   8.8975651e-02   4.2828519e-03
   5.4500000e+01   5.6520465e-02   9.6379240e-03
   5.4600000e+01   2.7661399e-02  -3.8564083e-03
   5.4700000e+01   1.9184281e-02  -3.2157332e-02
   5.4800000e+01   3.0433393e-02  -4.5857732e-02
   5.4900000e+01   4.8267228e-02  -2.8720363e-02
   5.5000000e+01   6.0121774e-02  -1.3323949e-03
   5.5100000e+01   6.2347422e-02   4.5729198e-03
   5.5200000e+01   5.7981367e-02  -9.8947739e-03
   5.5300000e+01   4.9222026e-02  -8.5352787e-03
   5.5400000e+01   3.3998371e-02   3.1526819e-02
   5.5500000e+01   9.7515519e-03   8.1100035e-02
   5.5600000e+01  -2.1465114e-02   8.4862693e-02
   5.5700000e+01  -5.3552182e-02   2.7014893e-02
   5.5800000e+01  -8.1689360e-02  -4.2971517e-02
   5.5900000e+01  -1.0513139e-01  -6.0162033e-02
   5.6000000e+01  -1.2406900e-01  -1.3926270e-02
   5.6100000e+01  -1.3600911e-01   4.2950600e-02
   5.6200000e+01  -1.3818177e-01   5.4060540e-02
   5.6300000e+01  -1.3351466e-01   1.6780074e-02
   5.6400000e+01  -1.3113842e-01  -2.5183126e-02
   5.6500000e+01  -1.3815690e-01  -3.6671761e-02
   5.6600000e+01  -1.5074413e-01  -2.5686729e-02
   5.6700000e+01  -1.5503198e-01  -2.3892539e-02
   5.6800000e+01  -1.3869305e-01  -4.5629894e-02
   5.6900000e+01  -1.0351907e-01  -7.5424408e-02
   5.7000000e+01  -6.7716232e-02  -9.1632275e-02
   5.7100000e+01  -5.3951958e-02  -9.1859210e-02
   5.7200000e+01  -6.9985618e-02  -9.1365219e-02
   5.7300000e+01  -9.7261302e-02  -1.0183281e-01
   5.7400000e+01  -1.0135237e-01  -1.1768263e-01
   5.7500000e+01  -6.1364153e-02  -1.2337114e-01
   5.7600000e+01   6.2993391e-03  -1.1067521e-01
   5.7700000e+01   5.6532293e-02  -8.6935626e-02
   5.7800000e+01   5.4925378e-02  -6.6932173e-02
   5.7900000e+01   1.2461947e-02  -5.7556072e-02
   5.8000000e+01  -2.0611820e-02  -5.1039310e-02
   5.8100000e+01   9.3643641e-04  -3.4317320e-02
   5.8200000e+01   7.6390967e-02  -5.5797739e-03
   5.8300000e+01   1.5999238e-01   2.0425431e-02
   5.8400000e+01   2.0096361e-01   2.6667117e-02
   5.8500000e+01   1.8405957e-01   1.3401592e-02
   5.8600000e+01   1.3581260e-01  -6.9177552e-04
   5.8700000e+01   9.6520637e-02  -8.1322510e-05
   5.8800000e+01   8.7514515e-02   8.1451094e-03
   5.8900000e+01   1.0172424e-01   3.3074942e-03
   5.9000000e+01   1.1940740e-01  -1.8561793e-02
   5.9100000e+01   1.2788692e-01  -3.0656192e-02
   5.9200000e+01   1.2591286e-01  -9.5835210e-04
   5.9300000e+01   1.1478899e-01   6.6685698e-02
   5.9400000e+01   9.3424164e-02   1.2470322e-01
   5.9500000e+01   6.5116933e-02   1.2339712e-01
   5.9600000e+01   4.3596317e-02   6.2129194e-02
   5.9700000e+01   4.3798542e-02  -4.7881641e-03
   5.9800000e+01   6.4343757e-02  -1.6567264e-02
   5.9900000e+01   8.4445477e-02   3.8955924e-02
   6.0000000e+01   8.3027222e-02   1.1723945e-01
   6.0100000e+01   5.9161129e-02   1.6019326e-01
   6.0200000e+01   2.9795346e-02   1.4511826e-01
   6.0300000e+01   9.5133193e-03   9.4827886e-02
   6.0400000e+01  -7.3591235e-04   4.8544234e-02
   6.0500000e+01  -4.1589852e-03   2.9400454e-02
   6.0600000e+01   3.1670620e-03   3.7365624e-02
   6.0700000e+01   2.5001504e-02   6.2651020e-02
   6.0800000e+01   4.9404095e-02   9.6515083e-02
   6.0900000e+01   5.2569863e-02   1.2991335e-01
   6.1000000e+01   2.4555511e-02   1.5092250e-01
   6.1100000e+01  -1.5152036e-02   1.5096266e-01
   6.1200000e+01  -3.6766385e-02   1.3274421e-01
   6.1300000e+01  -3.3555119e-02   1.0708741e-01
   6.1400000e+01  -2.6656717e-02   8.0414687e-02
   6.1500000e+01  -3.3670976e-02   4.8468725e-02
   6.1600000e+01  -4.2643458e-02   4.6794333e-03
   6.1700000e+01  -2.9147584e-02  -4.6923491e-02
   6.1800000e+01   2.8634086e-03  -8.9983506e-02
   6.1900000e+01   1.2524158e-02  -1.0787071e-01
   6.2000000e+01  -3.4132612e-02  -9.7505091e-02
   6.2100000e+01  -1.1621739e-01  -7.2290465e-02
   6.2200000e+01  -1.6768699e-01  -5.2097690e-02
   6.2300000e+01  -1.4266653e-01  -4.8613356e-02
   6.2400000e+01  -6.6646551e-02  -5.7715460e-02
   6.2500000e+01  -1.4428478e-02  -6.5365937e-02
   6.2600000e+01  -3.5352179e-02  -6.2004474e-02
   6.2700000e+01  -1.0464242e-01  -5.1685785e-02
   6.2800000e+01  -1.5117651e-01  -4.7127959e-02
   6.2900000e+01  -1.3010407e-01  -5.7297324e-02
   6.3000000e+01  -6.4310880e-02  -8.1481068e-02
   6.3100000e+01  -1.6389797e-02  -1.1299325e-01
   6.3200000e+01  -2.6092328e-02  -1.4244486e-01
   6.3300000e+01  -7.7795613e-02  -1.5522923e-01
   6.3400000e+01  -1.2380963e-01  -1.3327963e-01
   6.3500000e+01  -1.3146092e-01  -7.0406862e-02
   6.3600000e+01  -1.0568235e-01   1.1061524e-02
   6.3700000e+01  -7.2323391e-02   6.6811184e-02
   6.3800000e+01  -4.7724708e-02   6.3702448e-02
   6.3900000e+01  -2.7203726e-02   9.8889160e-03
   6.4000000e+01   3.0158719e-04  -5.0372136e-02
   6.4100000e+01   3.1814728e-02  -7.4077653e-02
   6.4200000e+01   4.8684280e-02  -5.2542701e-02
   6.4300000e+01   3.7414974e-02  -1.0345747e-02
   6.4400000e+01   1.0768841e-02   2.2978346e-02
   6.4500000e+01   2.2991059e-03   3.7042915e-02
   6.4600000e+01   3.3603203e-02   3.9770965e-02
   6.4700000e+01   8.6952413e-02   3.9438840e-02
   6.4800000e+01   1.1691756e-01   3.2183447e-02
   6.4900000e+01   9.4140285e-02   7.4466077e-03
   6.5000000e+01   3.5507969e-02  -3.6354072e-02
   6.5100000e+01  -1.2980727e-02  -8.3415578e-02
   6.5200000e+01  -2.1205025e-02  -1.0895463e-01
   6.5300000e+01   2.2290493e-03  -9.7434993e-02
   6.5400000e+01   2.9522649e-02  -5.4392067e-02
   6.5500000e+01   4.5059102e-02  -2.2212092e-03
   6.5600000e+01   5.0974125e-02   3.4626685e-02
   6.5700000e+01   4.9827601e-02   4.2039714e-02
   6.5800000e+01   3.6585064e-02   1.9755770e-02
   6.5900000e+01   1.1971199e-02  -2.0511012e-02
   6.6000000e+01  -6.8810392e-03  -5.8601602e-02
   6.6100000e+01  -7.3231104e-04  -7.3864049e-02
   6.6200000e+01   2.7334662e-02  -5.8902189e-02
   6.6300000e+01   5.0782904e-02  -2.8870005e-02
   6.6400000e+01   4.7404889e-02  -1.1827355e-02
   6.6500000e+01   2.3873020e-02  -2.2328258e-02
   6.6600000e+01   7.4334804e-03  -4.3016647e-02
   6.6700000e+01   1.4780485e-02  -3.7684880e-02
   6.6800000e+01   3.4494235e-02   1.1817462e-02
   6.6900000e+01   4.1425069e-02   8.1537404e-02
   6.7000000e+01   2.4305371e-02   1.2277005e-01
   6.7100000e+01  -3.5130622e-03   1.0783486e-01
   6.7200000e+01  -1.7632290e-02   5.9260723e-02
   6.7300000e+01  -2.9913894e-03   3.0786115e-02
   6.7400000e+01   3.6806882e-02   5.6343787e-02
   6.7500000e+01   8.2930738e-02   1.1681555e-01
   6.7600000e+01   1.1030758e-01   1.5813517e-01
   6.7700000e+01   9.8906895e-02   1.4346860e-01
   6.7800000e+01   4.6667208e-02   8.8288535e-02
   6.7900000e+01  -2.3016148e-02   4.4856689e-02
   6.8000000e+01  -7.0354631e-02   5.3154328e-02
   6.8100000e+01  -6.5042088e-02   1.0646208e-01
   6.8200000e+01  -1.0972820e-02   1.6157150e-01
   6.8300000e+01   5.2726676e-02   1.7852170e-01
   6.8400000e+01   7.8963442e-02   1.5041091e-01
   6.8500000e+01   4.7959676e-02   1.0077627e-01
   6.8600000e+01  -1.7825288e-02   5.9870109e-02
   6.8700000e+01  -7.1175873e-02   4.5130512e-02
   6.8800000e+01  -7.5982622e-02   5.7168275e-02
   6.8900000e+01  -3.3356920e-02   8.4088927e-02
   6.9000000e+01   2.1947185e-02   1.0581643e-01
   6.9100000e+01   5.1102325e-02   1.0086723e-01
   6.9200000e+01   4.1807764e-02   5.9679973e-02
   6.9300000e+01   1.3596830e-02  -4.0390377e-03
   6.9400000e+01  -6.0450092e-03  -5.9794962e-02
   6.9500000e+01  -1.0279774e-02  -8.5310394e-02
   6.9600000e+01  -1.6144771e-02  -8.6857122e-02
   6.9700000e+01  -3.9359095e-02  -9.1025214e-02
   6.9800000e+01  -7.0599612e-02  -1.1414524e-01
   6.9900000e+01  -8.2946807e-02  -1.4313549e-01
   7.0000000e+01  -6.3313266e-02  -1.5067264e-01
   7.0100000e+01  -3.0048841e-02  -1.2781053e-01
   7.0200000e+01  -1.4237227e-02  -9.5919839e-02
   7.0300000e+01  -2.6733898e-02  -8.3984641e-02
   7.0400000e+01  -5.0566986e-02  -9.8075295e-02
   7.0500000e+01  -6.5551768e-02  -1.1792429e-01
   7.0600000e+01  -7.1282128e-02  -1.2235928e-01
   7.0700000e+01  -7.9523667e-02  -1.1216594e-01
   7.0800000e+01  -9.0056464e-02  -1.0458699e-01
   7.0900000e+01  -8.6300004e-02  -1.0862760e-01
   7.1000000e+01  -5.8196100e-02  -1.1199971e-01
   7.1100000e+01  -1.9905413e-02  -9.5183391e-02
   7.1200000e+01   5.0629419e-03  -5.5805644e-02
   7.1300000e+01   1.3948425e-02  -1.4682235e-02
   7.1400000e+01   2.9147603e-02   4.2661621e-03
   7.1500000e+01   6.7691972e-02  -1.4528470e-03
   7.1600000e+01   1.1346831e-01  -1.0992549e-02
   7.1700000e+01   1.2972389e-01  -3.3781042e-03
   7.1800000e+01   1.0003947e-01   1.9289961e-02
   7.1900000e+01   4.9263904e-02   3.4021712e-02
   7.2000000e+01   1.8566328e-02   2.2326608e-02
   7.2100000e+01   2.3032927e-02  -8.5499784e-03
   7.2200000e+01   3.9826683e-02  -3.1402024e-02
   7.2300000e+01   3.7769812e-02  -2.6132485e-02
   7.2400000e+01   1.2113778e-02  -6.1123695e-04
   7.2500000e+01  -1.3583170e-02   1.5534539e-02
   7.2600000e+01  -1.5709242e-02  -1.3421453e-03
   7.2700000e+01   5.7139099e-03  -4.5064108e-02
   7.2800000e+01   3.1146064e-02  -8.1618156e-02
   7.2900000e+01   4.2365337e-02  -7.6748366e-02
   7.3000000e+01   3.4751043e-02  -2.6602851e-02
   7.3100000e+01   1.2780249e-02   3.5580312e-02
   7.3200000e+01  -1.8730279e-02   6.4920854e-02
   7.3300000e+01  -5.5628207e-02   4.2089559e-02
   7.3400000e+01  -9.0401781e-02  -1.0756462e-02
   7.3500000e+01  -1.1233855e-01  -5.0152370e-02
   7.3600000e+01  -1.1345409e-01  -4.8676706e-02
   7.3700000e+01  -9.3621301e-02  -1.4787151e-02
   7.3800000e+01  -5.9930293e-02   2.0855461e-02
   7.3900000e+01  -2.1887266e-02   3.5735698e-02
   7.4000000e+01   1.3034271e-02   3.2763800e-02
   7.4100000e+01   4.0668652e-02   3.1678759e-02
   7.4200000e+01   5.8276007e-02   4.7152266e-02
   7.4300000e+01   6.2082179e-02   7.5172855e-02
   7.4400000e+01   4.7894467e-02   9.8224724e-02
   7.4500000e+01   1.5603802e-02   1.0244359e-01
   7.4600000e+01  -2.6630698e-02   9.0438698e-02
   7.4700000e+01  -6.3377519e-02   7.7804418e-02
   7.4800000e+01  -7.7846725e-02   7.6605010e-02
   7.4900000e+01  -5.8963832e-02   8.2795316e-02
   7.5000000e+01  -7.9332598e-03   8.1534666e-02
   7.5100000e+01   5.7004377e-02   6.4829569e-02
   7.5200000e+01   1.0446048e-01   4.1391913e-02
   7.5300000e+01   1.0871483e-01   2.7991779e-02
   7.5400000e+01   7.2949557e-02   3.4023075e-02
   7.5500000e+01   3.1064464e-02   5.7081127e-02
   7.5600000e+01   1.7391964e-02   8.9748407e-02
   7.5700000e+01   3.1902527e-02   1.2307318e-01
   7.5800000e+01   4.1669021e-02   1.4229976e-01
   7.5900000e+01   2.0919887e-02   1.2850450e-01
   7.6000000e+01  -1.6175454e-02   7.4767543e-02
   7.6100000e+01  -3.0420290e-02   1.1046587e-03
   7.6200000e+01  -3.4901398e-03  -5.4443741e-02
   7.6300000e+01   3.9706574e-02  -6.5010478e-02
   7.6400000e+01   5.7360856e-02  -3.4685523e-02
   7.6500000e+01   3.3237745e-02   1.0419011e-02
   7.6600000e+01  -1.1234903e-02   4.5346589e-02
   7.6700000e+01  -4.1429733e-02   5.7329382e-02
   7.6800000e+01  -3.8786522e-02   4.1344527e-02
   7.6900000e+01  -9.6046208e-03  -1.5014774e-03
   7.7000000e+01   2.3279664e-02  -5.5601004e-02
   7.7100000e+01   3.3333546e-02  -8.9797522e-02
   7.7200000e+01   5.2704911e-03  -7.8248000e-02
   7.7300000e+01  -4.9961222e-02  -2.7300162e-02
   7.7400000e+01  -9.4984719e-02   2.3347430e-02
   7.7500000e+01  -9.2396659e-02   3.2345457e-02
   7.7600000e+01  -4.0629799e-02  -8.4546720e-03
   7.7700000e+01   1.8306547e-02  -6.9580496e-02
   7.7800000e+01   3.4417344e-02  -1.1093907e-01
   7.7900000e+01  -2.9796676e-03  -1.1190329e-01
   7.8000000e+01  -5.4689438e-02  -8.0217398e-02
   7.8100000e+01  -6.9897769e-02  -4.0189463e-02
   7.8200000e+01  -3.4520145e-02  -1.5329008e-02
   7.8300000e+01   1.8646919e-02  -1.6580301e-02
   7.8400000e+01   4.5385251e-02  -3.9094372e-02
   7.8500000e+01   3.2453023e-02  -6.7618972e-02
   7.8600000e+01   4.7433685e-03  -8.7736831e-02
   7.8700000e+01  -5.5727403e-03  -9.4706777e-02
   7.8800000e+01   7.9192151e-03  -9.2453422e-02
   7.8900000e+01   2.4680185e-02  -8.5924455e-02
   7.9000000e+01   2.4669753e-02  -7.7341752e-02
   7.9100000e+01   1.0884853e-02  -6.9217669e-02
   7.9200000e+01   2.4661041e-03  -6.5373560e-02
   7.9300000e+01   9.6094882e-03  -6.4724617e-02
   7.9400000e+01   2.1477110e-02  -5.7183969e-02
   7.9500000e+01   2.0249854e-02  -3.2440569e-02
   7.9600000e+01   2.3874294e-03   5.6509897e-03
   7.9700000e+01  -1.8328258e-02   3.7953540e-02
   7.9800000e+01  -2.6657670e-02   4.6046173e-02
   7.9900000e+01  -1.9320075e-02   2.6949265e-02
   8.0000000e+01  -2.9628819e-03  -8.2224575e-03
