   1.0221618e+02   2.8602761e+01   2.5212700e+03
   1.0220838e+02   2.8313083e+01   1.8256300e+03
   0.0000000e+00  -2.9244575e-01  -2.9244575e-01
   1.0000000e-01  -2.7775672e-01  -2.8721200e-01
   2.0000000e-01  -2.2715132e-01  -2.7327264e-01
   3.0000000e-01  -1.3903397e-01  -2.4659826e-01
   4.0000000e-01  -3.2936846e-02  -2.0010262e-01
   5.0000000e-01   6.3230412e-02  -1.4421734e-01
   6.0000000e-01   1.3509226e-01  -1.0530672e-01
   7.0000000e-01   1.9425652e-01  -9.6366135e-02
   8.0000000e-01   2.6821315e-01  -9.5898451e-02
   9.0000000e-01   3.7344550e-01  -6.9635383e-02
   1.0000000e+00   4.9613828e-01  -1.6083419e-02
   1.1000000e+00   6.0181042e-01   2.1210517e-02
   1.2000000e+00   6.6756208e-01  -4.1316026e-03
   1.3000000e+00   7.0559049e-01  -9.2559443e-02
   1.4000000e+00   7.5286585e-01  -2.0076784e-01
   1.5000000e+00   8.3449405e-01  -2.8746731e-01
   1.6000000e+00   9.3419057e-01  -3.4436392e-01
   1.7000000e+00   1.0000000e+00  -3.8356661e-01
   1.8000000e+00   9.8314147e-01  -4.1376077e-01
   1.9000000e+00   8.7870857e-01  -4.4084861e-01
   2.0000000e+00   7.3265110e-01  -4.7822652e-01
   2.1000000e+00   6.0593094e-01  -5.3364169e-01
   2.2000000e+00   5.2495362e-01  -5.8479673e-01
   2.3000000e+00   4.6256218e-01  -5.8957657e-01
   2.4000000e+00   3.6710415e-01  -5.3499258e-01
   2.5000000e+00   2.1166516e-01  -4.6519368e-01
   2.6000000e+00   1.7952060e-02  -4.4169505e-01
   2.7000000e+00  -1.6316713e-01  -4.7329005e-01
   2.8000000e+00  -2.9187383e-01  -4.9839609e-01
   2.9000000e+00  -3.6527148e-01  -4.4496797e-01
   3.0000000e+00  -4.1304127e-01  -3.0362938e-01
   3.1000000e+00  -4.7102453e-01  -1.3720202e-01
   3.2000000e+00  -5.5208399e-01  -2.1711627e-02
   3.3000000e+00  -6.3445243e-01   1.9109217e-02
   3.4000000e+00  -6.7926468e-01   2.7928646e-02
   3.5000000e+00  -6.6688725e-01   7.2304905e-02
   3.6000000e+00  -6.1947559e-01   1.8764190e-01
   3.7000000e+00  -5.8424320e-01   3.5031456e-01
   3.8000000e+00  -5.9123380e-01   4.9971868e-01
   3.9000000e+00  -6.2852997e-01   5.8860342e-01
   4.0000000e+00  -6.5819641e-01   6.1743045e-01
   4.1000000e+00  -6.4986958e-01   6.2450257e-01
   4.2000000e+00  -5.9474543e-01   6.4731065e-01
   4.3000000e+00  -4.9633598e-01   6.9502739e-01
   4.4000000e+00  -3.6519866e-01   7.5105130e-01
   4.5000000e+00  -2.2877903e-01   7.8970610e-01
   4.6000000e+00  -1.3178406e-01   7.8778554e-01
   4.7000000e+00  -1.0622096e-01   7.3331221e-01
   4.8000000e+00  -1.3519561e-01   6.3833816e-01
   4.9000000e+00  -1.5719216e-01   5.4266818e-01
   5.0000000e+00  -1.1807659e-01   4.9057755e-01
   5.1000000e+00  -2.1037579e-02   4.9218506e-01
   5.2000000e+00   7.7294441e-02   5.0766292e-01
   5.3000000e+00   1.1904858e-01   4.7550453e-01
   5.4000000e+00   9.2305686e-02   3.6219982e-01
   5.5000000e+00   3.3244577e-02   1.8991684e-01
   5.6000000e+00  -7.5232193e-03   1.9588527e-02
   5.7000000e+00   1.0736200e-03  -9.6573412e-02
   5.8000000e+00   5.7639036e-02  -1.5663714e-01
   5.9000000e+00   1.3443194e-01  -2.1077967e-01
   6.0000000e+00   1.9417292e-01  -3.1732978e-01
   6.1000000e+00   2.1180177e-01  -4.8666245e-01
   6.2000000e+00   1.9167299e-01  -6.6427183e-01
   6.3000000e+00   1.6640500e-01  -7.7306160e-01
   6.4000000e+00   1.7335655e-01  -7.7815973e-01
   6.5000000e+00   2.2453483e-01  -7.1525074e-01
   6.6000000e+00   2.9511389e-01  -6.6021097e-01
   6.7000000e+00   3.4259113e-01  -6.7115858e-01
   6.8000000e+00   3.4258725e-01  -7.4962174e-01
   6.9000000e+00   3.1040042e-01  -8.4277039e-01
   7.0000000e+00   2.8656635e-01  -8.7906997e-01
   7.1000000e+00   2.9685529e-01  -8.1497104e-01
   7.2000000e+00   3.2501104e-01  -6.6496426e-01
   7.3000000e+00   3.2829861e-01  -4.9233244e-01
   7.4000000e+00   2.8263451e-01  -3.6294284e-01
   7.5000000e+00   2.0992752e-01  -2.9715351e-01
   7.6000000e+00   1.5709301e-01  -2.6064951e-01
   7.7000000e+00   1.4882439e-01  -2.0107718e-01
   7.8000000e+00   1.6427807e-01  -9.6097306e-02
   7.9000000e+00   1.5903780e-01   2.9220315e-02
   8.0000000e+00   1.0454359e-01   1.2824537e-01
   8.1000000e+00   5.3900439e-03   1.7804694e-01
   8.2000000e+00  -1.1275290e-01   2.0535981e-01
   8.3000000e+00  -2.2152140e-01   2.6883649e-01
   8.4000000e+00  -2.9731182e-01   4.0729010e-01
   8.5000000e+00  -3.2443378e-01   5.9559891e-01
   8.6000000e+00  -3.0485618e-01   7.5153351e-01
   8.7000000e+00  -2.6622596e-01   7.9715771e-01
   8.8000000e+00  -2.4895527e-01   7.2621459e-01
   8.9000000e+00  -2.7246069e-01   6.1499394e-01
   9.0000000e+00  -3.1076707e-01   5.6056967e-01
   9.1000000e+00  -3.0931115e-01   5.9885022e-01
   9.2000000e+00  -2.3644430e-01   6.7791725e-01
   9.3000000e+00  -1.2129134e-01   7.1108434e-01
   9.4000000e+00  -3.4136382e-02   6.5626135e-01
   9.5000000e+00  -2.1494851e-02   5.4448275e-01
   9.6000000e+00  -5.9564034e-02   4.3768253e-01
   9.7000000e+00  -7.6052830e-02   3.6998456e-01
   9.8000000e+00  -1.9723619e-02   3.3327046e-01
   9.9000000e+00   9.3774837e-02   3.0513556e-01
   1.0000000e+01   2.0355470e-01   2.7044089e-01
   1.0100000e+01   2.6258367e-01   2.1461214e-01
   1.0200000e+01   2.7000321e-01   1.1927509e-01
   1.0300000e+01   2.5253098e-01  -1.4526295e-02
   1.0400000e+01   2.2970739e-01  -1.4582401e-01
   1.0500000e+01   2.0487665e-01  -2.2105489e-01
   1.0600000e+01   1.8102332e-01  -2.3272779e-01
   1.0700000e+01   1.6989730e-01  -2.3814068e-01
   1.0800000e+01   1.7999750e-01  -3.0505552e-01
   1.0900000e+01   2.0256381e-01  -4.4078078e-01
   1.1000000e+01   2.1734380e-01  -5.8405423e-01
   1.1100000e+01   2.1201152e-01  -6.6507737e-01
   1.1200000e+01   1.9119305e-01  -6.6495436e-01
   1.1300000e+01   1.6545123e-01  -6.1926014e-01
   1.1400000e+01   1.3566904e-01  -5.7875064e-01
   1.1500000e+01   9.2066052e-02  -5.7325022e-01
   1.1600000e+01   2.7956926e-02  -6.0041518e-01
   1.1700000e+01  -4.8306421e-02  -6.3198122e-01
   1.1800000e+01  -1.1613156e-01  -6.2979775e-01
   1.1900000e+01  -1.5718598e-01  -5.6933225e-01
   1.2000000e+01  -1.6883412e-01  -4.5811089e-01
   1.2100000e+01  -1.6682445e-01  -3.3110371e-01
   1.2200000e+01  -1.7599317e-01  -2.2452322e-01
   1.2300000e+01  -2.1406831e-01  -1.5215665e-01
   1.2400000e+01  -2.7750066e-01  -1.0300305e-01
   1.2500000e+01  -3.3985688e-01  -5.4766076e-02
   1.2600000e+01  -3.6807683e-01   1.2005547e-02
   1.2700000e+01  -3.4794866e-01   1.0414515e-01
   1.2800000e+01  -2.9807511e-01   2.0961498e-01
   1.2900000e+01  -2.5714104e-01   3.0091698e-01
   1.3000000e+01  -2.5257198e-01   3.5380133e-01
   1.3100000e+01  -2.7771975e-01   3.6909679e-01
   1.3200000e+01  -2.9788411e-01   3.7398144e-01
   1.3300000e+01  -2.7846968e-01   3.9649682e-01
   1.3400000e+01  -2.0994788e-01   4.3727054e-01
   1.3500000e+01  -1.1180595e-01   4.6820076e-01
   1.3600000e+01  -1.8203803e-02   4.6030549e-01
   1.3700000e+01   4.2071796e-02   4.1251417e-01
   1.3800000e+01   6.2375565e-02   3.5249080e-01
   1.3900000e+01   6.4626293e-02   3.0917598e-01
   1.4000000e+01   8.6021778e-02   2.8509010e-01
   1.4100000e+01   1.4673696e-01   2.5657258e-01
   1.4200000e+01   2.2385251e-01   2.0146102e-01
   1.4300000e+01   2.6450608e-01   1.2464738e-01
   1.4400000e+01   2.3650784e-01   5.3927730e-02
   1.4500000e+01   1.6710639e-01   1.1492316e-02
   1.4600000e+01   1.2244752e-01  -6.3234024e-03
   1.4700000e+01   1.4291149e-01  -1.9675986e-02
   1.4800000e+01   2.0320398e-01  -4.1347798e-02
   1.4900000e+01   2.4125251e-01  -6.8934325e-02
   1.5000000e+01   2.2173175e-01  -9.8500071e-02
   1.5100000e+01   1.6319276e-01  -1.3428930e-01
   1.5200000e+01   1.0603928e-01  -1.7616651e-01
   1.5300000e+01   6.8177404e-02  -2.0295946e-01
   1.5400000e+01   3.9785700e-02  -1.8368814e-01
   1.5500000e+01   1.1018572e-02  -1.1468478e-01
   1.5600000e+01  -1.2583031e-02  -3.9482181e-02
   1.5700000e+01  -2.5451314e-02  -1.7691640e-02
   1.5800000e+01  -3.8535759e-02  -6.6664087e-02
   1.5900000e+01  -6.6459033e-02  -1.3862241e-01
   1.6000000e+01  -9.9868205e-02  -1.6397742e-01
   1.6100000e+01  -1.0443005e-01  -1.1926987e-01
   1.6200000e+01  -5.7465209e-02  -4.8372642e-02
   1.6300000e+01   1.7303293e-02  -1.5392623e-02
   1.6400000e+01   6.2157745e-02  -4.1485008e-02
   1.6500000e+01   3.9902107e-02  -9.1369526e-02
   1.6600000e+01  -2.4698274e-02  -1.1621505e-01
   1.6700000e+01  -6.3302551e-02  -1.0003095e-01
   1.6800000e+01  -2.7946143e-02  -6.3535253e-02
   1.6900000e+01   6.2721215e-02  -3.4482786e-02
   1.7000000e+01   1.4190683e-01  -2.4632750e-02
   1.7100000e+01   1.5907419e-01  -3.0721182e-02
   1.7200000e+01   1.2511393e-01  -4.2815255e-02
   1.7300000e+01   9.4764152e-02  -4.5445309e-02
   1.7400000e+01   1.0840557e-01  -2.1105476e-02
   1.7500000e+01   1.5453769e-01   3.3460300e-02
   1.7600000e+01   1.8712631e-01   9.3824485e-02
   1.7700000e+01   1.7228914e-01   1.2183895e-01
   1.7800000e+01   1.1355441e-01   1.0120139e-01
   1.7900000e+01   3.7458956e-02   5.7129531e-02
   1.8000000e+01  -3.3011746e-02   3.5519749e-02
   1.8100000e+01  -8.5621383e-02   6.2035179e-02
   1.8200000e+01  -1.1046260e-01   1.2322150e-01
   1.8300000e+01  -1.0175233e-01   1.8491331e-01
   1.8400000e+01  -7.4292837e-02   2.2304730e-01
   1.8500000e+01  -6.7058760e-02   2.3493299e-01
   1.8600000e+01  -1.1385944e-01   2.2678209e-01
   1.8700000e+01  -2.0421956e-01   1.9912778e-01
   1.8800000e+01  -2.8027473e-01   1.4868114e-01
   1.8900000e+01  -2.8264327e-01   8.2115039e-02
   1.9000000e+01  -2.0426363e-01   2.1890046e-02
   1.9100000e+01  -9.8800796e-02  -7.5988787e-03
   1.9200000e+01  -3.4625224e-02  -2.5608611e-03
   1.9300000e+01  -3.8212265e-02   1.3140854e-02
   1.9400000e+01  -7.7876774e-02   7.8972954e-03
   1.9500000e+01  -9.7572299e-02  -2.7837215e-02
   1.9600000e+01  -6.5810364e-02  -7.2747696e-02
   1.9700000e+01   2.4179830e-03  -9.8037676e-02
   1.9800000e+01   6.3144292e-02  -9.8995049e-02
   1.9900000e+01   7.9480485e-02  -9.9737166e-02
   2.0000000e+01   4.6775588e-02  -1.2474978e-01
   2.0100000e+01  -7.4203721e-03  -1.6873487e-01
   2.0200000e+01  -4.3949073e-02  -1.9958774e-01
   2.0300000e+01  -3.8915228e-02  -1.9245141e-01
   2.0400000e+01  -4.6234934e-04  -1.5736882e-01
   2.0500000e+01   3.7399747e-02  -1.3013181e-01
   2.0600000e+01   4.2736374e-02  -1.3707949e-01
   2.0700000e+01   1.3605452e-02  -1.7168971e-01
   2.0800000e+01  -2.1269410e-02  -2.0401839e-01
   2.0900000e+01  -3.1804666e-02  -2.0697442e-01
   2.1000000e+01  -1.5717652e-02  -1.7123160e-01
   2.1100000e+01   3.8552914e-03  -1.0248387e-01
   2.1200000e+01   7.6547385e-03  -1.6121854e-02
   2.1300000e+01   1.1936751e-03   6.2699388e-02
   2.1400000e+01   4.7512197e-03   1.0458536e-01
   2.1500000e+01   2.8725425e-02   9.4950597e-02
   2.1600000e+01   6.5216219e-02   5.0634887e-02
   2.1700000e+01   1.0159818e-01   1.0222157e-02
   2.1800000e+01   1.3400250e-01   9.8866809e-04
   2.1900000e+01   1.6407584e-01   1.6060210e-02
   2.2000000e+01   1.8866813e-01   2.7807290e-02
   2.2100000e+01   2.0062749e-01   2.2491363e-02
   2.2200000e+01   1.9989424e-01   1.6036548e-02
   2.2300000e+01   1.9675975e-01   3.3292230e-02
   2.2400000e+01   1.9846323e-01   7.6276980e-02
   2.2500000e+01   1.9390381e-01   1.1857630e-01
   2.2600000e+01   1.5787367e-01   1.3096637e-01
   2.2700000e+01   7.5906028e-02   1.0815752e-01
   2.2800000e+01  -3.4065263e-02   6.9273374e-02
   2.2900000e+01  -1.2822876e-01   3.7245453e-02
   2.3000000e+01  -1.7041860e-01   2.2690295e-02
   2.3100000e+01  -1.6304341e-01   2.5026288e-02
   2.3200000e+01  -1.4498374e-01   3.9988566e-02
   2.3300000e+01  -1.5673588e-01   5.9814361e-02
   2.3400000e+01  -2.0575628e-01   6.9711774e-02
   2.3500000e+01  -2.6454978e-01   5.4237499e-02
   2.3600000e+01  -2.9974272e-01   1.4350711e-02
   2.3700000e+01  -3.0001147e-01  -2.3295948e-02
   2.3800000e+01  -2.7756246e-01  -2.2098436e-02
   2.3900000e+01  -2.5000967e-01   3.1353452e-02
   2.4000000e+01  -2.2629331e-01   1.0740121e-01
   2.4100000e+01  -2.0600379e-01   1.5105013e-01
   2.4200000e+01  -1.8283700e-01   1.2709256e-01
   2.4300000e+01  -1.4634616e-01   5.2362900e-02
   2.4400000e+01  -8.8969448e-02  -1.7363311e-02
   2.4500000e+01  -1.9489338e-02  -3.5906301e-02
   2.4600000e+01   3.4480986e-02  -5.3490875e-03
   2.4700000e+01   4.8936404e-02   3.1066908e-02
   2.4800000e+01   3.2696706e-02   3.2501920e-02
   2.4900000e+01   2.6723695e-02  -2.6146086e-03
   2.5000000e+01   6.6232712e-02  -3.9074943e-02
   2.5100000e+01   1.4517898e-01  -4.0006668e-02
   2.5200000e+01   2.2442371e-01  -7.4297860e-04
   2.5300000e+01   2.7303865e-01   4.6215852e-02
   2.5400000e+01   2.9191782e-01   5.6533844e-02
   2.5500000e+01   2.9462770e-01   8.9943507e-03
   2.5600000e+01   2.7907857e-01  -7.5754657e-02
   2.5700000e+01   2.3470234e-01  -1.4685776e-01
   2.5800000e+01   1.7566287e-01  -1.5810034e-01
   2.5900000e+01   1.4578163e-01  -1.0104578e-01
   2.6000000e+01   1.7328919e-01  -1.1990079e-02
   2.6100000e+01   2.2647102e-01   5.2083684e-02
   2.6200000e+01   2.3459356e-01   5.0897462e-02
   2.6300000e+01   1.6321680e-01  -1.3594135e-02
   2.6400000e+01   5.9435883e-02  -9.9081707e-02
   2.6500000e+01   8.6260658e-03  -1.5068612e-01
   2.6600000e+01   4.5454879e-02  -1.3770730e-01
   2.6700000e+01   1.1690617e-01  -7.4612084e-02
   2.6800000e+01   1.3719803e-01  -9.0000459e-03
   2.6900000e+01   7.3633979e-02   1.6546256e-02
   2.7000000e+01  -2.5360736e-02  -2.1497425e-03
   2.7100000e+01  -8.1021933e-02  -3.1610897e-02
   2.7200000e+01  -5.6468803e-02  -3.4399572e-02
   2.7300000e+01   1.5791255e-02  -3.7130598e-03
   2.7400000e+01   6.5338110e-02   3.2521887e-02
   2.7500000e+01   3.9861188e-02   3.8995026e-02
   2.7600000e+01  -5.7065362e-02   4.6518841e-03
   2.7700000e+01  -1.6885379e-01  -4.8584892e-02
   2.7800000e+01  -2.2549051e-01  -8.4496535e-02
   2.7900000e+01  -1.9348470e-01  -8.1011795e-02
   2.8000000e+01  -1.0013053e-01  -4.5385830e-02
   2.8100000e+01  -1.1975900e-02  -4.9164084e-03
   2.8200000e+01   1.5829405e-02   1.8171821e-02
   2.8300000e+01  -2.3051108e-02   2.5235679e-02
   2.8400000e+01  -9.1147686e-02   3.5782732e-02
   2.8500000e+01  -1.4392650e-01   6.3468575e-02
   2.8600000e+01  -1.6213768e-01   9.8175735e-02
   2.8700000e+01  -1.5573787e-01   1.1320754e-01
   2.8800000e+01  -1.4627663e-01   9.0675736e-02
   2.8900000e+01  -1.5009766e-01   3.9988473e-02
   2.9000000e+01  -1.7406840e-01  -7.2048805e-03
   2.9100000e+01  -2.1754786e-01  -1.9028826e-02
   2.9200000e+01  -2.7043575e-01   1.6771573e-02
   2.9300000e+01  -3.0881532e-01   8.7455673e-02
   2.9400000e+01  -3.0058244e-01   1.6324220e-01
   2.9500000e+01  -2.2784415e-01   2.1122164e-01
   2.9600000e+01  -1.1210268e-01   2.0945487e-01
   2.9700000e+01  -1.3572350e-02   1.5781949e-01
   2.9800000e+01   8.9138716e-03   8.1453569e-02
   2.9900000e+01  -4.9741508e-02   2.1631979e-02
   3.0000000e+01  -1.2833665e-01   1.3269941e-02
   3.0100000e+01  -1.4896980e-01   5.9642258e-02
   3.0200000e+01  -8.6467774e-02   1.2434773e-01
   3.0300000e+01   1.2445343e-02   1.5325158e-01
   3.0400000e+01   7.9993822e-02   1.1402135e-01
   3.0500000e+01   9.1743250e-02   2.0965979e-02
   3.0600000e+01   7.6976664e-02  -7.6941472e-02
   3.0700000e+01   7.4945060e-02  -1.3349951e-01
   3.0800000e+01   9.6718239e-02  -1.3529619e-01
   3.0900000e+01   1.3149846e-01  -1.0338338e-01
   3.1000000e+01   1.7175289e-01  -7.3237660e-02
   3.1100000e+01   2.1489340e-01  -7.1989932e-02
   3.1200000e+01   2.4644066e-01  -1.0461376e-01
   3.1300000e+01   2.4343661e-01  -1.5246559e-01
   3.1400000e+01   2.0459198e-01  -1.8595919e-01
   3.1500000e+01   1.6499870e-01  -1.8713525e-01
   3.1600000e+01   1.6502792e-01  -1.6526143e-01
   3.1700000e+01   2.0421637e-01  -1.4811667e-01
   3.1800000e+01   2.3686453e-01  -1.5401330e-01
   3.1900000e+01   2.1855413e-01  -1.7273867e-01
   3.2000000e+01   1.5234572e-01  -1.7666531e-01
   3.2100000e+01   8.5127074e-02  -1.5050031e-01
   3.2200000e+01   6.1621590e-02  -1.0767354e-01
   3.2300000e+01   8.5314922e-02  -7.7227419e-02
   3.2400000e+01   1.2052674e-01  -7.7081797e-02
   3.2500000e+01   1.2591482e-01  -1.0062005e-01
   3.2600000e+01   8.6220575e-02  -1.2537890e-01
   3.2700000e+01   1.9832944e-02  -1.3063110e-01
   3.2800000e+01  -3.7136018e-02  -1.0818880e-01
   3.2900000e+01  -5.5960850e-02  -6.3386107e-02
   3.3000000e+01  -3.4216816e-02  -1.1601518e-02
   3.3100000e+01   1.8361742e-03   2.7298887e-02
   3.3200000e+01   1.3754939e-02   3.8405446e-02
   3.3300000e+01  -2.2009278e-02   2.2787342e-02
   3.3400000e+01  -9.4143667e-02   5.5768395e-04
   3.3500000e+01  -1.6073168e-01  -1.2973532e-03
   3.3600000e+01  -1.7922473e-01   3.0251674e-02
   3.3700000e+01  -1.4134795e-01   8.2860901e-02
   3.3800000e+01  -8.3177690e-02   1.2889613e-01
   3.3900000e+01  -5.7992408e-02   1.4875509e-01
   3.4000000e+01  -9.1787972e-02   1.4564456e-01
   3.4100000e+01  -1.5924167e-01   1.3911472e-01
   3.4200000e+01  -2.0269290e-01   1.4650190e-01
   3.4300000e+01  -1.8022495e-01   1.7111424e-01
   3.4400000e+01  -1.0283765e-01   2.0443657e-01
   3.4500000e+01  -2.7793700e-02   2.3429088e-01
   3.4600000e+01  -1.1015546e-02   2.5056696e-01
   3.4700000e+01  -5.7781640e-02   2.4941662e-01
   3.4800000e+01  -1.1611445e-01   2.3754351e-01
   3.4900000e+01  -1.2175386e-01   2.3011541e-01
   3.5000000e+01  -5.5377648e-02   2.3730048e-01
   3.5100000e+01   4.1347002e-02   2.5038049e-01
   3.5200000e+01   1.0552919e-01   2.4627525e-01
   3.5300000e+01   1.0862460e-01   2.1098339e-01
   3.5400000e+01   7.4923315e-02   1.5680873e-01
   3.5500000e+01   5.1452083e-02   1.1097857e-01
   3.5600000e+01   6.5143241e-02   8.6268849e-02
   3.5700000e+01   1.0632259e-01   6.7413089e-02
   3.5800000e+01   1.4319356e-01   2.9464269e-02
   3.5900000e+01   1.4613235e-01  -3.3321796e-02
   3.6000000e+01   1.0520476e-01  -1.0051458e-01
   3.6100000e+01   3.7391532e-02  -1.4534342e-01
   3.6200000e+01  -2.0073994e-02  -1.5663621e-01
   3.6300000e+01  -3.4496820e-02  -1.4181170e-01
   3.6400000e+01  -7.7715972e-03  -1.1643591e-01
   3.6500000e+01   1.8874810e-02  -9.7770710e-02
   3.6600000e+01   1.8646386e-04  -1.0452663e-01
   3.6700000e+01  -6.6787078e-02  -1.4967304e-01
   3.6800000e+01  -1.3443543e-01  -2.2359085e-01
   3.6900000e+01  -1.4765327e-01  -2.8761776e-01
   3.7000000e+01  -9.6071133e-02  -2.9709654e-01
   3.7100000e+01  -2.3145978e-02  -2.4060715e-01
   3.7200000e+01   1.3473526e-02  -1.5545577e-01
   3.7300000e+01  -1.2028457e-02  -9.7219892e-02
   3.7400000e+01  -8.1117708e-02  -9.0284558e-02
   3.7500000e+01  -1.5194583e-01  -1.1062565e-01
   3.7600000e+01  -1.8752519e-01  -1.1859635e-01
   3.7700000e+01  -1.7229859e-01  -1.0358224e-01
   3.7800000e+01  -1.1575965e-01  -9.0086702e-02
   3.7900000e+01  -4.5549905e-02  -1.0184435e-01
   3.8000000e+01   9.2356530e-03  -1.2992785e-01
   3.8100000e+01   3.6387669e-02  -1.4241422e-01
   3.8200000e+01   4.5301629e-02  -1.2005739e-01
   3.8300000e+01   5.3227754e-02  -7.3401955e-02
   3.8400000e+01   6.7852749e-02  -2.5959473e-02
   3.8500000e+01   8.3923739e-02   8.3186140e-03
   3.8600000e+01   9.3307515e-02   2.5754655e-02
   3.8700000e+01   9.3396083e-02   2.2059827e-02
   3.8800000e+01   8.5996426e-02  -4.0351357e-03
   3.8900000e+01   7.3712854e-02  -3.5269722e-02
   3.9000000e+01   6.1102463e-02  -3.8356496e-02
   3.9100000e+01   5.6315310e-02   5.4745635e-03
   3.9200000e+01   6.5816683e-02   7.4259242e-02
   3.9300000e+01   8.5455202e-02   1.1903542e-01
   3.9400000e+01   9.9354017e-02   1.0751834e-01
   3.9500000e+01   9.1485203e-02   5.1607001e-02
   3.9600000e+01   6.1143764e-02  -7.3748322e-03
   3.9700000e+01   2.7911059e-02  -3.3636473e-02
   3.9800000e+01   1.8814913e-02  -1.5199902e-02
   3.9900000e+01   4.4613096e-02   4.1047970e-02
   4.0000000e+01   8.4401760e-02   1.1634794e-01
   4.0100000e+01   9.7026302e-02   1.7902244e-01
   4.0200000e+01   5.7108565e-02   1.9139597e-01
   4.0300000e+01  -1.4614871e-02   1.3663535e-01
   4.0400000e+01  -6.1442768e-02   4.4235112e-02
   4.0500000e+01  -4.0963435e-02  -2.1349773e-02
   4.0600000e+01   3.0153577e-02  -1.0864461e-02
   4.0700000e+01   8.5284636e-02   6.5633631e-02
   4.0800000e+01   6.7731830e-02   1.4702533e-01
   4.0900000e+01  -1.5979757e-02   1.7604741e-01
   4.1000000e+01  -1.0233662e-01   1.4636613e-01
   4.1100000e+01  -1.2917450e-01   9.7177904e-02
   4.1200000e+01  -8.7928695e-02   6.7463980e-02
   4.1300000e+01  -2.3304297e-02   6.1236376e-02
   4.1400000e+01   1.0538376e-02   5.6062336e-02
   4.1500000e+01  -8.6826251e-03   3.7109129e-02
   4.1600000e+01  -6.4225639e-02   1.5564093e-02
   4.1700000e+01  -1.2087925e-01   1.3987700e-02
   4.1800000e+01  -1.4860535e-01   3.8977662e-02
   4.1900000e+01  -1.3529764e-01   7.1997416e-02
   4.2000000e+01  -8.9273076e-02   8.6800850e-02
   4.2100000e+01  -3.3520282e-02   7.4146709e-02
   4.2200000e+01   8.4338497e-03   4.8579528e-02
   4.2300000e+01   2.8245145e-02   3.1124306e-02
   4.2400000e+01   3.5967518e-02   2.6443685e-02
   4.2500000e+01   4.5667240e-02   1.8950261e-02
   4.2600000e+01   5.8241754e-02  -7.8759472e-03
   4.2700000e+01   6.1391018e-02  -5.0881418e-02
   4.2800000e+01   4.6698061e-02  -8.9249711e-02
   4.2900000e+01   2.2260755e-02  -1.0655577e-01
   4.3000000e+01   4.8158541e-03  -1.0651440e-01
   4.3100000e+01   1.6861384e-03  -1.0463188e-01
   4.3200000e+01   5.5594551e-03  -1.0779592e-01
   4.3300000e+01   7.3109666e-03  -1.0703899e-01
   4.3400000e+01   8.0795266e-03  -9.0595628e-02
   4.3500000e+01   1.3957624e-02  -6.0349889e-02
   4.3600000e+01   2.1378070e-02  -3.3291032e-02
   4.3700000e+01   1.4774782e-02  -2.7334085e-02
   4.3800000e+01  -1.7370320e-02  -4.5236418e-02
   4.3900000e+01  -6.5667143e-02  -7.0548864e-02
   4.4000000e+01  -1.0196656e-01  -8.0223879e-02
   4.4100000e+01  -1.0022112e-01  -6.5367913e-02
   4.4200000e+01  -5.7714861e-02  -4.1485265e-02
   4.4300000e+01   5.6694978e-04  -3.5156495e-02
   4.4400000e+01   3.7339293e-02  -5.7567883e-02
   4.4500000e+01   2.7837338e-02  -9.2497163e-02
   4.4600000e+01  -2.2118212e-02  -1.1195092e-01
   4.4700000e+01  -7.8501394e-02  -1.0063741e-01
   4.4800000e+01  -1.0329034e-01  -6.2477340e-02
   4.4900000e+01  -8.3770808e-02  -8.9032539e-03
   4.5000000e+01  -4.1802216e-02   4.9121944e-02
   4.5100000e+01  -1.2840588e-02   9.6862213e-02
   4.5200000e+01  -1.3205924e-02   1.1560791e-01
   4.5300000e+01  -2.7084013e-02   9.7302616e-02
   4.5400000e+01  -2.5232487e-02   5.6851496e-02
   4.5500000e+01   5.2165782e-03   2.0904494e-02
   4.5600000e+01   4.9961169e-02   2.8055775e-03
   4.5700000e+01   8.2761664e-02  -5.3441753e-03
   4.5800000e+01   8.7157310e-02  -1.4227567e-02
   4.5900000e+01   6.5197301e-02  -1.8295663e-02
   4.6000000e+01   3.3376403e-02  -1.5312704e-03
   4.6100000e+01   1.5015307e-02   4.0347331e-02
   4.6200000e+01   2.9396422e-02   8.9217659e-02
   4.6300000e+01   7.5268809e-02   1.1626553e-01
   4.6400000e+01   1.2206025e-01   1.0155799e-01
   4.6500000e+01   1.2926078e-01   4.5287580e-02
   4.6600000e+01   8.6844346e-02  -3.1276070e-02
   4.6700000e+01   3.4038107e-02  -9.2326623e-02
   4.6800000e+01   2.5051527e-02  -1.0363134e-01
   4.6900000e+01   7.0150955e-02  -5.5472269e-02
   4.7000000e+01   1.1813849e-01   2.4829912e-02
   4.7100000e+01   1.0641477e-01   8.8029413e-02
   4.7200000e+01   2.7892749e-02   9.8466949e-02
   4.7300000e+01  -5.7532450e-02   5.9480518e-02
   4.7400000e+01  -7.8702144e-02   5.8797184e-03
   4.7500000e+01  -1.7529172e-02  -2.7397784e-02
   4.7600000e+01   7.8735767e-02  -3.0542703e-02
   4.7700000e+01   1.4032015e-01  -1.8677086e-02
   4.7800000e+01   1.2844052e-01  -1.2553863e-02
   4.7900000e+01   5.8394252e-02  -1.9928772e-02
   4.8000000e+01  -1.6728421e-02  -3.1367757e-02
   4.8100000e+01  -4.5670749e-02  -3.1012488e-02
   4.8200000e+01  -1.6391376e-02  -1.2920921e-02
   4.8300000e+01   3.3997213e-02   1.0678289e-02
   4.8400000e+01   4.7512714e-02   1.8691667e-02
   4.8500000e+01  -6.4703025e-03   2.5270807e-03
   4.8600000e+01  -1.0246027e-01  -2.1184085e-02
   4.8700000e+01  -1.7607494e-01  -2.3212769e-02
   4.8800000e+01  -1.7414096e-01   9.0470404e-03
   4.8900000e+01  -9.6237078e-02   5.5081203e-02
   4.9000000e+01   4.6535797e-03   7.6216769e-02
   4.9100000e+01   6.0549869e-02   4.8443977e-02
   4.9200000e+01   3.6170825e-02  -1.7992080e-02
   4.9300000e+01  -4.7716888e-02  -8.7454292e-02
   4.9400000e+01  -1.3130820e-01  -1.2363443e-01
   4.9500000e+01  -1.6136981e-01  -1.0889171e-01
   4.9600000e+01  -1.3125520e-01  -4.9692071e-02
   4.9700000e+01  -8.2294562e-02   2.8241780e-02
   4.9800000e+01  -6.4406447e-02   9.1368559e-02
   4.9900000e+01  -9.1427105e-02   1.1430782e-01
   5.0000000e+01  -1.3295161e-01   9.3164286e-02
   5.0100000e+01  -1.4830476e-01   4.6010107e-02
   5.0200000e+01  -1.2564814e-01  -7.6326960e-04
   5.0300000e+01  -8.6934352e-02  -2.9131674e-02
   5.0400000e+01  -5.9406724e-02  -3.7327194e-02
   5.0500000e+01  -4.9428156e-02  -3.6902275e-02
   5.0600000e+01  -4.5094264e-02  -4.3351735e-02
   5.0700000e+01  -3.6384538e-02  -6.3895011e-02
   5.0800000e+01  -2.4360290e-02  -8.7582650e-02
   5.0900000e+01  -1.2127281e-02  -8.8017034e-02
   5.1000000e+01   3.3675509e-03  -4.3969869e-02
   5.1100000e+01   2.4513942e-02   3.5961286e-02
   5.1200000e+01   4.3061477e-02   1.1037716e-01
   5.1300000e+01   4.6314972e-02   1.3311020e-01
   5.1400000e+01   3.5597738e-02   9.0039185e-02
   5.1500000e+01   3.1948268e-02   1.1352782e-02
   5.1600000e+01   5.6530344e-02  -5.1428316e-02
   5.1700000e+01   1.0543284e-01  -6.2957844e-02
   5.1800000e+01   1.4885965e-01  -2.5895039e-02
   5.1900000e+01   1.5837279e-01   2.7214730e-02
   5.2000000e+01   1.3371778e-01   6.2711519e-02
   5.2100000e+01   1.0084686e-01   7.1137109e-02
   5.2200000e+01   8.4684418e-02   6.7710656e-02
   5.2300000e+01   8.6919114e-02   6.8483700e-02
   5.2400000e+01   9.0926137e-02   6.8589623e-02
   5.2500000e+01   8.4105505e-02   4.9492833e-02
   5.2600000e+01   7.0272596e-02   8.4475106e-03
   5.2700000e+01   6.0480731e-02  -2.7876460e-02
   5.2800000e+01   5.8034284e-02  -2.8305317e-02
   5.2900000e+01   5.7737383e-02   6.1429938e-03
   5.3000000e+01   5.7254658e-02   4.0307781e-02
   5.3100000e+01   6.1275102e-02   4.3064350e-02
   5.3200000e+01   7.0456534e-02   1.9573652e-02
   5.3300000e+01   7.0882320e-02  -1.4654977e-03
   5.3400000e+01   4.2823725e-02  -6.9557595e-03
   5.3500000e+01  -1.5635853e-02  -1.3871291e-02
   5.3600000e+01  -7.5551205e-02  -4.2335659e-02
   5.3700000e+01  -9.3202250e-02  -8.4377716e-02
   5.3800000e+01  -4.5894138e-02  -1.0882048e-01
   5.3900000e+01   4.3042265e-02  -9.5415220e-02
   5.4000000e+01   1.1514360e-01  -5.6651464e-02
   5.4100000e+01   1.2006771e-01  -2.3997337e-02
   5.4200000e+01   5.7612652e-02  -1.7386492e-02
   5.4300000e+01  -1.9847280e-02  -3.0627260e-02
   5.4400000e+01  -5.1563338e-02  -4.2374227e-02
   5.4500000e+01  -2.2054918e-02  -3.6637487e-02
   5.4600000e+01   2.6181972e-02  -1.4593120e-02
   5.4700000e+01   3.4165441e-02   7.6626805e-03
   5.4800000e+01  -1.7587870e-02   1.1652823e-02
   5.4900000e+01  -9.1832107e-02  -7.7576503e-03
   5.5000000e+01  -1.2983391e-01  -3.4615623e-02
   5.5100000e+01  -1.0338675e-01  -4.2526529e-02
   5.5200000e+01  -3.7387003e-02  -1.8912411e-02
   5.5300000e+01   1.2149861e-02   2.0556041e-02
   5.5400000e+01   2.7855146e-03   4.6242055e-02
   5.5500000e+01  -6.2169974e-02   4.5098168e-02
   5.5600000e+01  -1.3708134e-01   3.2643226e-02
   5.5700000e+01  -1.7032109e-01   3.1067479e-02
   5.5800000e+01  -1.4542079e-01   4.0259187e-02
   5.5900000e+01  -9.2036312e-02   3.8917498e-02
   5.6000000e+01  -5.6169526e-02   1.4544874e-02
   5.6100000e+01  -5.8492243e-02  -1.7309637e-02
   5.6200000e+01  -8.2218638e-02  -3.0568852e-02
   5.6300000e+01  -9.8728835e-02  -2.0181470e-02
   5.6400000e+01  -9.6978720e-02  -6.6263487e-03
   5.6500000e+01  -8.4103477e-02  -9.0010831e-03
   5.6600000e+01  -6.6431894e-02  -2.3518224e-02
   5.6700000e+01  -4.3760313e-02  -3.4136224e-02
   5.6800000e+01  -2.2588947e-02  -3.6780680e-02
   5.6900000e+01  -1.8874933e-02  -4.1945902e-02
   5.7000000e+01  -3.4839397e-02  -5.3863895e-02
   5.7100000e+01  -4.0773731e-02  -5.8709017e-02
   5.7200000e+01   7.4133083e-04  -4.0899284e-02
   5.7300000e+01   8.5250601e-02  -5.5249220e-03
   5.7400000e+01   1.5319611e-01   2.5099856e-02
   5.7500000e+01   1.4126550e-01   3.7556257e-02
   5.7600000e+01   4.8843053e-02   4.1465804e-02
   5.7700000e+01  -5.4056293e-02   5.2783221e-02
   5.7800000e+01  -8.8524151e-02   6.8963329e-02
   5.7900000e+01  -3.4893481e-02   7.0076000e-02
   5.8000000e+01   5.7333486e-02   4.5815942e-02
   5.8100000e+01   1.1790578e-01   1.3657002e-02
   5.8200000e+01   1.1066399e-01   3.3281965e-03
   5.8300000e+01   5.1273129e-02   2.4620944e-02
   5.8400000e+01  -1.3303069e-02   5.6353519e-02
   5.8500000e+01  -3.8628139e-02   6.8852425e-02
   5.8600000e+01  -8.4822239e-03   5.3344096e-02
   5.8700000e+01   5.6788895e-02   2.6514954e-02
   5.8800000e+01   1.1238868e-01   9.8992153e-03
   5.8900000e+01   1.1850164e-01   1.0333676e-02
   5.9000000e+01   7.0795200e-02   1.9722567e-02
   5.9100000e+01   6.9823811e-03   2.6743451e-02
   5.9200000e+01  -2.2541692e-02   2.4446516e-02
   5.9300000e+01   2.9859683e-04   1.0526131e-02
   5.9400000e+01   4.2637707e-02  -1.3115021e-02
   5.9500000e+01   5.1863104e-02  -4.0313286e-02
   5.9600000e+01   1.0281086e-02  -6.4196732e-02
   5.9700000e+01  -4.3255367e-02  -8.1519799e-02
   5.9800000e+01  -5.1375855e-02  -8.9757324e-02
   5.9900000e+01   2.2617792e-03  -8.0087909e-02
   6.0000000e+01   7.6457539e-02  -4.1512694e-02
   6.0100000e+01   1.1619369e-01   2.0519936e-02
   6.0200000e+01   1.0583959e-01   7.3316686e-02
   6.0300000e+01   7.4125067e-02   7.6740650e-02
   6.0400000e+01   5.4091303e-02   2.1423739e-02
   6.0500000e+01   5.1806465e-02  -5.5000850e-02
   6.0600000e+01   5.6350946e-02  -9.5289231e-02
   6.0700000e+01   6.5052039e-02  -6.9031216e-02
   6.0800000e+01   8.2772564e-02   4.8543399e-03
   6.0900000e+01   9.8792856e-02   7.5107122e-02
   6.1000000e+01   8.2835948e-02   9.4474056e-02
   6.1100000e+01   1.7823850e-02   4.8640484e-02
   6.1200000e+01  -6.7234625e-02  -3.4536744e-02
   6.1300000e+01  -1.1090692e-01  -9.8380316e-02
   6.1400000e+01  -7.4927080e-02  -9.1986994e-02
   6.1500000e+01   1.4125244e-02  -9.8172916e-03
   6.1600000e+01   8.2459318e-02   9.6130448e-02
   6.1700000e+01   7.1212841e-02   1.5108673e-01
   6.1800000e+01  -1.5160035e-02   1.1595587e-01
   6.1900000e+01  -1.1599839e-01   1.8014442e-02
   6.2000000e+01  -1.6503096e-01  -7.4096217e-02
   6.2100000e+01  -1.3753415e-01  -1.0603575e-01
   6.2200000e+01  -5.9458189e-02  -7.3757716e-02
   6.2300000e+01   1.8211003e-02  -1.5153764e-02
   6.2400000e+01   5.3165261e-02   2.5002047e-02
   6.2500000e+01   3.2465954e-02   2.4356791e-02
   6.2600000e+01  -2.4375530e-02  -9.3635125e-03
   6.2700000e+01  -7.7362987e-02  -4.8541285e-02
   6.2800000e+01  -9.0013102e-02  -6.4430325e-02
   6.2900000e+01  -5.5281805e-02  -4.5866261e-02
   6.3000000e+01  -3.4698389e-03  -7.0881236e-03
   6.3100000e+01   2.0540708e-02   2.3534475e-02
   6.3200000e+01  -4.5200163e-03   2.7162712e-02
   6.3300000e+01  -5.8091396e-02   9.6614945e-03
   6.3400000e+01  -9.9004846e-02  -6.1717702e-03
   6.3500000e+01  -1.0560737e-01  -2.4357990e-03
   6.3600000e+01  -9.4137337e-02   2.0158967e-02
   6.3700000e+01  -9.8059641e-02   4.6904997e-02
   6.3800000e+01  -1.3156777e-01   6.2236747e-02
   6.3900000e+01  -1.7397035e-01   5.8209195e-02
   6.4000000e+01  -1.8777696e-01   3.6720798e-02
   6.4100000e+01  -1.5163281e-01   9.3648678e-03
   6.4200000e+01  -7.9905699e-02  -7.2866482e-03
   6.4300000e+01  -1.4659816e-02  -3.8487156e-03
   6.4400000e+01   3.9841239e-03   1.1420219e-02
   6.4500000e+01  -3.1509006e-02   1.8612811e-02
   6.4600000e+01  -8.8376954e-02   6.7039323e-03
   6.4700000e+01  -1.1850138e-01  -1.3869089e-02
   6.4800000e+01  -9.7541436e-02  -2.3007177e-02
   6.4900000e+01  -4.2539340e-02  -1.4483630e-02
   6.5000000e+01   9.3521838e-03  -3.5833635e-03
   6.5100000e+01   3.7718378e-02  -1.0157431e-02
   6.5200000e+01   5.1493320e-02  -3.6579785e-02
   6.5300000e+01   6.7823767e-02  -6.3519297e-02
   6.5400000e+01   8.8418854e-02  -6.5819660e-02
   6.5500000e+01   1.0365973e-01  -3.3215227e-02
   6.5600000e+01   1.1422727e-01   1.9607182e-02
   6.5700000e+01   1.3540096e-01   6.0256628e-02
   6.5800000e+01   1.7420546e-01   6.0268746e-02
   6.5900000e+01   2.0980941e-01   1.7586229e-02
   6.6000000e+01   2.0765432e-01  -3.9167899e-02
   6.6100000e+01   1.5635220e-01  -7.1744091e-02
   6.6200000e+01   8.6371733e-02  -6.1695800e-02
   6.6300000e+01   4.7717299e-02  -2.1836271e-02
   6.6400000e+01   6.7022332e-02   1.7768398e-02
   6.6500000e+01   1.2411506e-01   3.2175725e-02
   6.6600000e+01   1.6799097e-01   1.3931551e-02
   6.6700000e+01   1.5737301e-01  -2.5970354e-02
   6.6800000e+01   9.2658852e-02  -6.2584488e-02
   6.6900000e+01   1.4353050e-02  -6.8903248e-02
   6.7000000e+01  -3.0415656e-02  -3.6851838e-02
   6.7100000e+01  -2.5366300e-02   8.2237893e-03
   6.7200000e+01   5.8995955e-03   2.2344794e-02
   6.7300000e+01   2.6088079e-02  -1.6464748e-02
   6.7400000e+01   1.8354186e-02  -8.0123984e-02
   6.7500000e+01  -5.0495883e-03  -1.0975231e-01
   6.7600000e+01  -2.3162631e-02  -6.9603998e-02
   6.7700000e+01  -2.8279600e-02   1.6424869e-02
   6.7800000e+01  -2.6355017e-02   8.2876034e-02
   6.7900000e+01  -2.3087431e-02   7.8780980e-02
   6.8000000e+01  -1.7807945e-02   1.0122691e-02
   6.8100000e+01  -1.0237360e-02  -6.6471381e-02
   6.8200000e+01  -4.9462828e-03  -8.9042425e-02
   6.8300000e+01  -4.5477150e-03  -3.5659149e-02
   6.8400000e+01  -3.1477333e-03   6.2974526e-02
   6.8500000e+01   6.6853601e-03   1.4833749e-01
   6.8600000e+01   2.0694446e-02   1.7500452e-01
   6.8700000e+01   2.2761842e-02   1.3819315e-01
   6.8800000e+01   1.7330456e-03   7.0992120e-02
   6.8900000e+01  -3.3342433e-02   1.7546753e-02
   6.9000000e+01  -5.7700061e-02   4.3947594e-03
   6.9100000e+01  -5.1077133e-02   2.8748981e-02
   6.9200000e+01  -1.3897382e-02   6.6226271e-02
   6.9300000e+01   3.3379808e-02   8.8457143e-02
   6.9400000e+01   6.3666127e-02   8.0357565e-02
   6.9500000e+01   5.8285050e-02   4.9715500e-02
   6.9600000e+01   1.7009212e-02   2.2367765e-02
   6.9700000e+01  -3.9454867e-02   2.1676821e-02
   6.9800000e+01  -7.7956432e-02   4.5753840e-02
   6.9900000e+01  -7.3311917e-02   6.5163447e-02
   7.0000000e+01  -3.0233047e-02   4.8946234e-02
   7.0100000e+01   1.3422434e-02  -3.5582737e-03
   7.0200000e+01   1.3373893e-02  -5.8615366e-02
   7.0300000e+01  -4.0860053e-02  -7.8516524e-02
   7.0400000e+01  -1.0957098e-01  -5.5938574e-02
   7.0500000e+01  -1.3314238e-01  -1.7377217e-02
   7.0600000e+01  -8.7171953e-02   4.6517320e-03
   7.0700000e+01  -9.6541990e-03  -1.4113375e-03
   7.0800000e+01   3.0772042e-02  -2.5330982e-02
   7.0900000e+01  -2.4074380e-03  -5.2397926e-02
   7.1000000e+01  -8.1671500e-02  -7.4210799e-02
   7.1100000e+01  -1.4505735e-01  -8.5071565e-02
   7.1200000e+01  -1.5401679e-01  -7.8467798e-02
   7.1300000e+01  -1.2079100e-01  -5.4365987e-02
   7.1400000e+01  -8.5227543e-02  -2.6479146e-02
   7.1500000e+01  -7.4602124e-02  -1.3326067e-02
   7.1600000e+01  -8.7528657e-02  -1.8099272e-02
   7.1700000e+01  -1.0585062e-01  -2.1526933e-02
   7.1800000e+01  -1.1029619e-01  -8.2306588e-04
   7.1900000e+01  -8.6943913e-02   4.2568370e-02
   7.2000000e+01  -3.3513576e-02   7.6838119e-02
   7.2100000e+01   3.0433264e-02   6.5137011e-02
   7.2200000e+01   6.5848362e-02   2.5959907e-04
   7.2300000e+01   4.1573420e-02  -8.3552318e-02
   7.2400000e+01  -3.2955350e-02  -1.3352771e-01
   7.2500000e+01  -1.0614373e-01  -1.1744886e-01
   7.2600000e+01  -1.2271179e-01  -4.6992889e-02
   7.2700000e+01  -6.8482003e-02   3.2532926e-02
   7.2800000e+01   1.9755799e-02   7.5599864e-02
   7.2900000e+01   8.6040866e-02   6.5035797e-02
   7.3000000e+01   9.8612769e-02   1.5997327e-02
   7.3100000e+01   6.9639466e-02  -4.0749960e-02
   7.3200000e+01   3.9083150e-02  -7.7959303e-02
   7.3300000e+01   3.8419853e-02  -8.1584714e-02
   7.3400000e+01   6.4880635e-02  -5.2844115e-02
   7.3500000e+01   8.8980841e-02  -7.2677382e-03
   7.3600000e+01   8.8266505e-02   3.1198652e-02
   7.3700000e+01   7.2058436e-02   4.3311214e-02
   7.3800000e+01   6.9064381e-02   2.7553623e-02
   7.3900000e+01   9.1788082e-02   5.5896126e-04
   7.4000000e+01   1.2087905e-01  -1.7716879e-02
   7.4100000e+01   1.2899604e-01  -2.1183185e-02
   7.4200000e+01   1.1384202e-01  -2.0686150e-02
   7.4300000e+01   9.8425602e-02  -2.9385735e-02
   7.4400000e+01   9.9610977e-02  -4.4248491e-02
   7.4500000e+01   1.0691142e-01  -4.3461166e-02
   7.4600000e+01   9.8513662e-02  -6.7727104e-03
   7.4700000e+01   7.2041806e-02   5.7914353e-02
   7.4800000e+01   4.9144424e-02   1.1073497e-01
   7.4900000e+01   4.7595351e-02   1.1018658e-01
   7.5000000e+01   5.5930726e-02   5.2490846e-02
   7.5100000e+01   4.2974904e-02  -2.0579997e-02
   7.5200000e+01  -6.1428758e-03  -5.6549529e-02
   7.5300000e+01  -6.6605433e-02  -3.5600081e-02
   7.5400000e+01  -9.0862446e-02   1.9562396e-02
   7.5500000e+01  -5.3405961e-02   7.0185436e-02
   7.5600000e+01   1.8766180e-02   9.0232573e-02
   7.5700000e+01   6.2661794e-02   7.2296956e-02
   7.5800000e+01   3.3011336e-02   2.0828549e-02
   7.5900000e+01  -5.4259835e-02  -4.7000404e-02
   7.6000000e+01  -1.3120534e-01  -9.7062117e-02
   7.6100000e+01  -1.3472063e-01  -9.1732738e-02
   7.6200000e+01  -6.0668606e-02  -2.1525544e-02
   7.6300000e+01   3.3335451e-02   7.5637843e-02
   7.6400000e+01   7.7480509e-02   1.3485637e-01
   7.6500000e+01   4.6187182e-02   1.1342538e-01
   7.6600000e+01  -2.6461631e-02   2.6919752e-02
   7.6700000e+01  -8.0604132e-02  -6.0646273e-02
   7.6800000e+01  -8.0065359e-02  -8.6646906e-02
   7.6900000e+01  -3.5400900e-02  -4.0005535e-02
   7.7000000e+01   1.3467023e-02   3.0049297e-02
   7.7100000e+01   3.3493709e-02   5.6109140e-02
   7.7200000e+01   2.0956703e-02   1.1166248e-02
   7.7300000e+01  -3.5291573e-03  -6.8509502e-02
   7.7400000e+01  -1.5323108e-02  -1.1773050e-01
   7.7500000e+01  -2.3766669e-03  -1.0082298e-01
   7.7600000e+01   2.9449385e-02  -3.7964576e-02
   7.7700000e+01   6.0272431e-02   2.1619518e-02
   7.7800000e+01   6.7723516e-02   4.6057473e-02
   7.7900000e+01   4.3343055e-02   3.9948754e-02
   7.8000000e+01   1.8749417e-03   2.6825060e-02
   7.8100000e+01  -2.9480691e-02   2.3852677e-02
   7.8200000e+01  -3.5413715e-02   3.3966598e-02
   7.8300000e+01  -2.4826341e-02   5.1107688e-02
   7.8400000e+01  -1.6658975e-02   6.3425966e-02
   7.8500000e+01  -1.7403529e-02   5.5698344e-02
   7.8600000e+01  -1.8962223e-02   2.1660113e-02
   7.8700000e+01  -1.6833819e-02  -2.0794381e-02
   7.8800000e+01  -1.9943424e-02  -3.5903768e-02
   7.8900000e+01  -3.6411745e-02  -3.9580175e-03
   7.9000000e+01  -5.6214390e-02   4.9918534e-02
   7.9100000e+01  -5.8315629e-02   7.1271620e-02
   7.9200000e+01  -3.5555154e-02   2.9720499e-02
   7.9300000e+01  -4.3778206e-03  -4.4354102e-02
   7.9400000e+01   1.3717560e-02  -8.3618541e-02
   7.9500000e+01   1.4575358e-02  -4.7615939e-02
   7.9600000e+01   1.0297827e-02   3.9048833e-02
   7.9700000e+01   1.0460759e-02   1.1209375e-01
   7.9800000e+01   1.2189863e-02   1.2512386e-01
   7.9900000e+01   8.2651879e-03   7.8230962e-02
   8.0000000e+01  -2.1263695e-03  -3.4915108e-05
