   1.0221618e+02   2.8602761e+01   2.5212700e+03
   1.0215293e+02   2.8444311e+01   1.8168300e+03
   0.0000000e+00   2.8843171e-01   2.8843171e-01
   1.0000000e-01   3.6385762e-01   2.2632260e-01
   2.0000000e-01   4.5680103e-01   1.5955868e-01
   3.0000000e-01   5.5222591e-01   7.4457881e-02
   4.0000000e-01   6.3131290e-01  -2.8078256e-02
   5.0000000e-01   6.9137469e-01  -1.3686258e-01
   6.0000000e-01   7.4790471e-01  -2.3876502e-01
   7.0000000e-01   8.1687306e-01  -3.2201740e-01
   8.0000000e-01   8.9648773e-01  -3.7786105e-01
   9.0000000e-01   9.6590783e-01  -4.0552872e-01
   1.0000000e+00   1.0000000e+00  -4.1567530e-01
   1.1000000e+00   9.8607288e-01  -4.2498380e-01
   1.2000000e+00   9.3012816e-01  -4.4553911e-01
   1.3000000e+00   8.4968203e-01  -4.7970626e-01
   1.4000000e+00   7.5930741e-01  -5.2321683e-01
   1.5000000e+00   6.6013901e-01  -5.6885803e-01
   1.6000000e+00   5.4229818e-01  -6.0658254e-01
   1.7000000e+00   3.9842022e-01  -6.2587796e-01
   1.8000000e+00   2.3558629e-01  -6.2437198e-01
   1.9000000e+00   7.4249021e-02  -6.1401832e-01
   2.0000000e+00  -6.3987616e-02  -6.1344296e-01
   2.1000000e+00  -1.6762206e-01  -6.3017478e-01
   2.2000000e+00  -2.3728913e-01  -6.5071498e-01
   2.3000000e+00  -2.8132579e-01  -6.4998664e-01
   2.4000000e+00  -3.1153573e-01  -6.1157441e-01
   2.5000000e+00  -3.4047655e-01  -5.3985316e-01
   2.6000000e+00  -3.7731226e-01  -4.5433138e-01
   2.7000000e+00  -4.2249942e-01  -3.7290479e-01
   2.8000000e+00  -4.6664691e-01  -2.9861542e-01
   2.9000000e+00  -4.9736994e-01  -2.2037024e-01
   3.0000000e+00  -5.1010154e-01  -1.2690541e-01
   3.1000000e+00  -5.1298330e-01  -2.1887792e-02
   3.2000000e+00  -5.1946168e-01   7.4956889e-02
   3.3000000e+00  -5.3385066e-01   1.4420615e-01
   3.4000000e+00  -5.4439199e-01   1.8558617e-01
   3.5000000e+00  -5.3355364e-01   2.1904031e-01
   3.6000000e+00  -4.9737413e-01   2.6538506e-01
   3.7000000e+00  -4.5280484e-01   3.2653963e-01
   3.8000000e+00  -4.2212855e-01   3.8592732e-01
   3.9000000e+00  -4.0938397e-01   4.2669840e-01
   4.0000000e+00  -3.9544765e-01   4.4652247e-01
   4.1000000e+00  -3.5891464e-01   4.5470598e-01
   4.2000000e+00  -3.0010178e-01   4.5920911e-01
   4.3000000e+00  -2.4147772e-01   4.6023412e-01
   4.4000000e+00  -2.0501858e-01   4.5534797e-01
   4.5000000e+00  -1.9217948e-01   4.4670975e-01
   4.6000000e+00  -1.8596580e-01   4.4109352e-01
   4.7000000e+00  -1.6797567e-01   4.4371458e-01
   4.8000000e+00  -1.3029327e-01   4.5263867e-01
   4.9000000e+00  -7.4688024e-02   4.5777290e-01
   5.0000000e+00  -8.1036974e-03   4.4459958e-01
   5.1000000e+00   5.7832710e-02   4.0187332e-01
   5.2000000e+00   1.0786431e-01   3.3044790e-01
   5.3000000e+00   1.3133692e-01   2.4632624e-01
   5.4000000e+00   1.3231502e-01   1.7216639e-01
   5.5000000e+00   1.2872867e-01   1.2153648e-01
   5.6000000e+00   1.3763209e-01   8.9512162e-02
   5.7000000e+00   1.6001689e-01   5.8932408e-02
   5.8000000e+00   1.8068421e-01   1.6178586e-02
   5.9000000e+00   1.8319308e-01  -3.8994567e-02
   6.0000000e+00   1.6495163e-01  -9.7302992e-02
   6.1000000e+00   1.3943703e-01  -1.5011077e-01
   6.2000000e+00   1.2662031e-01  -1.9430793e-01
   6.3000000e+00   1.4150500e-01  -2.2999240e-01
   6.4000000e+00   1.8712944e-01  -2.5811098e-01
   6.5000000e+00   2.5224387e-01  -2.8177447e-01
   6.6000000e+00   3.1461780e-01  -3.0612603e-01
   6.7000000e+00   3.5281875e-01  -3.3229881e-01
   6.8000000e+00   3.6208705e-01  -3.5137780e-01
   6.9000000e+00   3.5954564e-01  -3.4852153e-01
   7.0000000e+00   3.6871582e-01  -3.1644296e-01
   7.1000000e+00   3.9533520e-01  -2.6409853e-01
   7.2000000e+00   4.2051430e-01  -2.0950753e-01
   7.3000000e+00   4.2080719e-01  -1.6347684e-01
   7.4000000e+00   3.9308317e-01  -1.2175718e-01
   7.5000000e+00   3.5489183e-01  -7.3106394e-02
   7.6000000e+00   3.2062954e-01  -1.2653996e-02
   7.7000000e+00   2.8422350e-01   5.3927561e-02
   7.8000000e+00   2.3033794e-01   1.1683095e-01
   7.9000000e+00   1.5851696e-01   1.6873070e-01
   8.0000000e+00   8.7402626e-02   2.0462676e-01
   8.1000000e+00   3.2457542e-02   2.1900093e-01
   8.2000000e+00  -1.3956504e-02   2.0738563e-01
   8.3000000e+00  -7.3471911e-02   1.7189522e-01
   8.4000000e+00  -1.5383827e-01   1.2367904e-01
   8.5000000e+00  -2.3627550e-01   7.8067252e-02
   8.6000000e+00  -2.9305070e-01   4.6002675e-02
   8.7000000e+00  -3.1420685e-01   2.8815229e-02
   8.8000000e+00  -3.1404521e-01   1.9728354e-02
   8.9000000e+00  -3.1395757e-01   9.6476321e-03
   9.0000000e+00  -3.2337198e-01  -7.5775647e-03
   9.1000000e+00  -3.3669955e-01  -3.3155145e-02
   9.2000000e+00  -3.4266127e-01  -6.4101262e-02
   9.3000000e+00  -3.3237961e-01  -9.5154335e-02
   9.4000000e+00  -3.0149290e-01  -1.2125556e-01
   9.5000000e+00  -2.5123867e-01  -1.4022301e-01
   9.6000000e+00  -1.9050471e-01  -1.5376997e-01
   9.7000000e+00  -1.3379286e-01  -1.6492299e-01
   9.8000000e+00  -9.2719049e-02  -1.7351728e-01
   9.9000000e+00  -6.8185127e-02  -1.7503700e-01
   1.0000000e+01  -5.2028161e-02  -1.6554516e-01
   1.0100000e+01  -3.6736221e-02  -1.4799541e-01
   1.0200000e+01  -2.2588752e-02  -1.3208301e-01
   1.0300000e+01  -1.5135240e-02  -1.2634423e-01
   1.0400000e+01  -1.7261683e-02  -1.3027435e-01
   1.0500000e+01  -2.5117191e-02  -1.3452003e-01
   1.0600000e+01  -3.1282740e-02  -1.2837832e-01
   1.0700000e+01  -3.0617245e-02  -1.0696087e-01
   1.0800000e+01  -2.3217367e-02  -7.2868015e-02
   1.0900000e+01  -1.3494987e-02  -3.3742586e-02
   1.1000000e+01  -7.4815616e-03   1.2084677e-03
   1.1100000e+01  -9.7055445e-03   2.5304742e-02
   1.1200000e+01  -1.9908135e-02   3.8657742e-02
   1.1300000e+01  -3.1095330e-02   4.8656629e-02
   1.1400000e+01  -3.1774623e-02   6.3342691e-02
   1.1500000e+01  -1.3228732e-02   8.2243749e-02
   1.1600000e+01   2.2274259e-02   9.5045100e-02
   1.1700000e+01   5.9660827e-02   9.1911164e-02
   1.1800000e+01   7.9772053e-02   7.5617380e-02
   1.1900000e+01   7.3787595e-02   6.1863006e-02
   1.2000000e+01   5.1231323e-02   6.6656975e-02
   1.2100000e+01   3.2693713e-02   9.3936490e-02
   1.2200000e+01   3.2098617e-02   1.3504470e-01
   1.2300000e+01   4.4823316e-02   1.7726584e-01
   1.2400000e+01   5.3659231e-02   2.1050948e-01
   1.2500000e+01   4.6742467e-02   2.2822929e-01
   1.2600000e+01   2.8912028e-02   2.2782710e-01
   1.2700000e+01   1.5213397e-02   2.1307743e-01
   1.2800000e+01   1.4866914e-02   1.9287661e-01
   1.2900000e+01   2.3751612e-02   1.7296757e-01
   1.3000000e+01   3.2552619e-02   1.4909044e-01
   1.3100000e+01   3.9533818e-02   1.1235281e-01
   1.3200000e+01   5.2536907e-02   6.3002503e-02
   1.3300000e+01   7.8282149e-02   1.5821644e-02
   1.3400000e+01   1.1184329e-01  -1.1277755e-02
   1.3500000e+01   1.3859788e-01  -1.3183335e-02
   1.3600000e+01   1.4681135e-01   6.6873361e-05
   1.3700000e+01   1.3780719e-01   1.5685047e-02
   1.3800000e+01   1.2403747e-01   2.9183485e-02
   1.3900000e+01   1.1802265e-01   4.2119777e-02
   1.4000000e+01   1.2287751e-01   5.2619516e-02
   1.4100000e+01   1.3147103e-01   5.2433602e-02
   1.4200000e+01   1.3269180e-01   3.3836722e-02
   1.4300000e+01   1.1906996e-01  -2.7900284e-03
   1.4400000e+01   9.1359898e-02  -4.8820300e-02
   1.4500000e+01   5.7958954e-02  -9.2735342e-02
   1.4600000e+01   2.8805753e-02  -1.2442072e-01
   1.4700000e+01   7.1409278e-03  -1.3668345e-01
   1.4800000e+01  -1.3459560e-02  -1.2716895e-01
   1.4900000e+01  -4.2035049e-02  -1.0146034e-01
   1.5000000e+01  -7.8918914e-02  -7.2973492e-02
   1.5100000e+01  -1.1292287e-01  -5.6161926e-02
   1.5200000e+01  -1.3215275e-01  -5.6861293e-02
   1.5300000e+01  -1.3743128e-01  -6.8422882e-02
   1.5400000e+01  -1.4222990e-01  -7.7930567e-02
   1.5500000e+01  -1.5748151e-01  -7.7387116e-02
   1.5600000e+01  -1.7778638e-01  -7.0260125e-02
   1.5700000e+01  -1.8515307e-01  -6.8294966e-02
   1.5800000e+01  -1.6695435e-01  -8.1632130e-02
   1.5900000e+01  -1.2887006e-01  -1.0970614e-01
   1.6000000e+01  -8.9579123e-02  -1.3929617e-01
   1.6100000e+01  -6.3988388e-02  -1.5169276e-01
   1.6200000e+01  -5.2516758e-02  -1.3519710e-01
   1.6300000e+01  -4.4986952e-02  -9.4348557e-02
   1.6400000e+01  -3.1877808e-02  -4.7907692e-02
   1.6500000e+01  -1.1046695e-02  -1.5988007e-02
   1.6600000e+01   1.3617223e-02  -6.6304058e-03
   1.6700000e+01   3.6618579e-02  -1.3021713e-02
   1.6800000e+01   5.3692728e-02  -2.2391611e-02
   1.6900000e+01   6.3215643e-02  -2.6947849e-02
   1.7000000e+01   6.7348534e-02  -2.7146748e-02
   1.7100000e+01   7.1298212e-02  -2.6713657e-02
   1.7200000e+01   7.9093948e-02  -2.6261006e-02
   1.7300000e+01   8.8844668e-02  -2.1590807e-02
   1.7400000e+01   9.3079045e-02  -7.2443859e-03
   1.7500000e+01   8.5237116e-02   1.8215690e-02
   1.7600000e+01   6.6112687e-02   4.9371242e-02
   1.7700000e+01   4.3269311e-02   7.6008740e-02
   1.7800000e+01   2.4031094e-02   8.9164734e-02
   1.7900000e+01   9.8723615e-03   8.6840035e-02
   1.8000000e+01  -1.9159302e-03   7.4861059e-02
   1.8100000e+01  -1.2292879e-02   6.2417883e-02
   1.8200000e+01  -1.8235267e-02   5.6150621e-02
   1.8300000e+01  -1.7073666e-02   5.6861170e-02
   1.8400000e+01  -1.1535806e-02   6.0003715e-02
   1.8500000e+01  -8.3838900e-03   5.9198058e-02
   1.8600000e+01  -1.1501738e-02   5.1588902e-02
   1.8700000e+01  -1.7527720e-02   4.2145426e-02
   1.8800000e+01  -1.9545314e-02   4.2022472e-02
   1.8900000e+01  -1.5036537e-02   5.9309713e-02
   1.9000000e+01  -9.3700814e-03   8.9012409e-02
   1.9100000e+01  -1.0945830e-02   1.1323883e-01
   1.9200000e+01  -2.2836538e-02   1.1421267e-01
   1.9300000e+01  -3.9121011e-02   8.8863120e-02
   1.9400000e+01  -4.9506667e-02   5.0732299e-02
   1.9500000e+01  -4.8192815e-02   1.7816634e-02
   1.9600000e+01  -3.8835890e-02  -7.1105674e-04
   1.9700000e+01  -3.0525534e-02  -6.7672565e-03
   1.9800000e+01  -2.8170601e-02  -6.2594622e-03
   1.9900000e+01  -2.7262626e-02  -3.3528710e-03
   2.0000000e+01  -1.9596759e-02  -1.1996567e-03
   2.0100000e+01  -4.3733146e-03  -3.6419861e-03
   2.0200000e+01   8.6878434e-03  -1.2004358e-02
   2.0300000e+01   9.6255524e-03  -2.0677551e-02
   2.0400000e+01   6.9447996e-04  -2.0021128e-02
   2.0500000e+01  -4.8182440e-03  -6.7195794e-03
   2.0600000e+01   2.4174899e-03   9.5983119e-03
   2.0700000e+01   1.6654954e-02   1.2993641e-02
   2.0800000e+01   2.4037304e-02  -4.0017342e-03
   2.0900000e+01   1.9684388e-02  -3.2800912e-02
   2.1000000e+01   1.3748731e-02  -5.6548859e-02
   2.1100000e+01   1.8673920e-02  -6.4984840e-02
   2.1200000e+01   3.3427967e-02  -6.1511938e-02
   2.1300000e+01   4.4296489e-02  -5.7351759e-02
   2.1400000e+01   4.1190257e-02  -6.0714440e-02
   2.1500000e+01   2.9578285e-02  -7.0883509e-02
   2.1600000e+01   2.4153787e-02  -7.9535669e-02
   2.1700000e+01   3.2446817e-02  -7.6116135e-02
   2.1800000e+01   4.7318780e-02  -5.4710985e-02
   2.1900000e+01   5.5417488e-02  -2.0141222e-02
   2.2000000e+01   5.0686974e-02   1.1927766e-02
   2.2100000e+01   3.8649079e-02   2.4881155e-02
   2.2200000e+01   2.9003880e-02   1.5224012e-02
   2.2300000e+01   2.5497766e-02  -3.2680036e-03
   2.2400000e+01   2.2372733e-02  -1.2234766e-02
   2.2500000e+01   9.5838803e-03  -6.7364576e-03
   2.2600000e+01  -1.7574052e-02   9.6067051e-04
   2.2700000e+01  -5.1703656e-02  -3.3508727e-03
   2.2800000e+01  -7.5697331e-02  -1.8542867e-02
   2.2900000e+01  -7.4488369e-02  -2.8646282e-02
   2.3000000e+01  -4.7460049e-02  -2.0448373e-02
   2.3100000e+01  -9.9904494e-03   1.9422541e-03
   2.3200000e+01   1.8165706e-02   2.1329684e-02
   2.3300000e+01   2.6816378e-02   2.4330406e-02
   2.3400000e+01   1.8944731e-02   1.1909223e-02
   2.3500000e+01   3.4084605e-03  -5.6697027e-03
   2.3600000e+01  -1.2892003e-02  -2.0381414e-02
   2.3700000e+01  -2.6048683e-02  -3.0718314e-02
   2.3800000e+01  -3.2863289e-02  -3.6835282e-02
   2.3900000e+01  -3.1706928e-02  -3.6005320e-02
   2.4000000e+01  -2.5578604e-02  -2.5083964e-02
   2.4100000e+01  -2.1249955e-02  -5.8381993e-03
   2.4200000e+01  -2.3475028e-02   1.4853675e-02
   2.4300000e+01  -3.0695540e-02   3.0742932e-02
   2.4400000e+01  -3.7439357e-02   4.1020705e-02
   2.4500000e+01  -4.0517945e-02   4.8962845e-02
   2.4600000e+01  -4.1970667e-02   5.6946589e-02
   2.4700000e+01  -4.5863572e-02   6.3923529e-02
   2.4800000e+01  -5.2587816e-02   6.7280831e-02
   2.4900000e+01  -5.6521557e-02   6.5753611e-02
   2.5000000e+01  -4.9989213e-02   6.0149024e-02
   2.5100000e+01  -3.0991766e-02   5.2323220e-02
   2.5200000e+01  -7.6487369e-03   4.4330647e-02
   2.5300000e+01   6.7064245e-03   3.7923145e-02
   2.5400000e+01   5.3539096e-03   3.3623500e-02
   2.5500000e+01  -4.4209461e-03   3.0167594e-02
   2.5600000e+01  -7.5208462e-03   2.5864516e-02
   2.5700000e+01   4.1497756e-03   2.0930172e-02
   2.5800000e+01   2.3897353e-02   1.7496369e-02
   2.5900000e+01   3.8272464e-02   1.6342479e-02
   2.6000000e+01   4.1967791e-02   1.4370161e-02
   2.6100000e+01   4.3023909e-02   7.2418763e-03
   2.6200000e+01   5.3422422e-02  -4.7129082e-03
   2.6300000e+01   7.6485645e-02  -1.4728696e-02
   2.6400000e+01   1.0428160e-01  -1.5819724e-02
   2.6500000e+01   1.2543378e-01  -8.9690406e-03
   2.6600000e+01   1.3334152e-01  -3.2498733e-03
   2.6700000e+01   1.2775530e-01  -6.2544266e-03
   2.6800000e+01   1.1189010e-01  -1.5261818e-02
   2.6900000e+01   9.0339712e-02  -2.0170908e-02
   2.7000000e+01   6.8669654e-02  -1.5893738e-02
   2.7100000e+01   5.2162851e-02  -9.9336514e-03
   2.7200000e+01   4.3292133e-02  -1.5622568e-02
   2.7300000e+01   4.0552968e-02  -3.8265056e-02
   2.7400000e+01   4.0165194e-02  -6.9718201e-02
   2.7500000e+01   3.8671995e-02  -9.6282958e-02
   2.7600000e+01   3.3744164e-02  -1.0913298e-01
   2.7700000e+01   2.3258302e-02  -1.0611494e-01
   2.7800000e+01   4.9720825e-03  -8.7689244e-02
   2.7900000e+01  -2.1834327e-02  -5.7277860e-02
   2.8000000e+01  -5.3990205e-02  -2.6437644e-02
   2.8100000e+01  -8.3937768e-02  -1.3335054e-02
   2.8200000e+01  -1.0277228e-01  -2.8779170e-02
   2.8300000e+01  -1.0592584e-01  -6.2276101e-02
   2.8400000e+01  -9.7768578e-02  -8.6089725e-02
   2.8500000e+01  -9.0535570e-02  -7.7598328e-02
   2.8600000e+01  -9.6301630e-02  -3.9190733e-02
   2.8700000e+01  -1.1706327e-01   4.0587046e-03
   2.8800000e+01  -1.4159597e-01   2.6549880e-02
   2.8900000e+01  -1.5337819e-01   2.3120211e-02
   2.9000000e+01  -1.4383757e-01   1.0816130e-02
   2.9100000e+01  -1.1914379e-01   1.2006953e-02
   2.9200000e+01  -9.4045492e-02   3.4602606e-02
   2.9300000e+01  -7.8661332e-02   6.5806207e-02
   2.9400000e+01  -7.1080669e-02   8.4020507e-02
   2.9500000e+01  -6.2452022e-02   7.8644763e-02
   2.9600000e+01  -4.8232023e-02   6.0379339e-02
   2.9700000e+01  -3.3324183e-02   5.2133581e-02
   2.9800000e+01  -2.6127363e-02   6.8221114e-02
   2.9900000e+01  -2.8598201e-02   1.0122589e-01
   3.0000000e+01  -3.3002028e-02   1.2882578e-01
   3.0100000e+01  -2.8044575e-02   1.3315141e-01
   3.0200000e+01  -7.4891789e-03   1.1363983e-01
   3.0300000e+01   2.6399585e-02   8.2823269e-02
   3.0400000e+01   6.5293149e-02   5.2529626e-02
   3.0500000e+01   9.8771151e-02   2.5621324e-02
   3.0600000e+01   1.1735358e-01  -4.9265960e-04
   3.0700000e+01   1.1582293e-01  -2.5469601e-02
   3.0800000e+01   9.7046844e-02  -4.2974914e-02
   3.0900000e+01   7.2589412e-02  -4.5778246e-02
   3.1000000e+01   5.6831897e-02  -3.3292466e-02
   3.1100000e+01   5.7632072e-02  -1.3960047e-02
   3.1200000e+01   7.1351746e-02   1.1230582e-04
   3.1300000e+01   8.6729717e-02   1.8319795e-03
   3.1400000e+01   9.3803621e-02  -6.6004852e-03
   3.1500000e+01   9.0054334e-02  -1.7708726e-02
   3.1600000e+01   7.9859176e-02  -2.6785425e-02
   3.1700000e+01   6.9760841e-02  -3.5407622e-02
   3.1800000e+01   6.4187738e-02  -4.6932437e-02
   3.1900000e+01   6.3784494e-02  -5.9823684e-02
   3.2000000e+01   6.5877961e-02  -6.7223607e-02
   3.2100000e+01   6.6151145e-02  -6.3595732e-02
   3.2200000e+01   6.0802441e-02  -5.0768790e-02
   3.2300000e+01   4.8145588e-02  -3.6635355e-02
   3.2400000e+01   2.8936883e-02  -2.8390829e-02
   3.2500000e+01   6.1066136e-03  -2.7642808e-02
   3.2600000e+01  -1.5155539e-02  -3.1262259e-02
   3.2700000e+01  -2.7956939e-02  -3.5198348e-02
   3.2800000e+01  -2.7018970e-02  -3.6830541e-02
   3.2900000e+01  -1.3946380e-02  -3.4997525e-02
   3.3000000e+01   7.2860512e-04  -2.9564703e-02
   3.3100000e+01   3.2146935e-03  -2.1309458e-02
   3.3200000e+01  -1.2860038e-02  -1.1257339e-02
   3.3300000e+01  -3.9909360e-02   3.5385830e-04
   3.3400000e+01  -6.0890193e-02   1.3521300e-02
   3.3500000e+01  -6.2049756e-02   2.5743743e-02
   3.3600000e+01  -4.3526945e-02   3.0356712e-02
   3.3700000e+01  -1.9212382e-02   2.0097539e-02
   3.3800000e+01  -6.2562247e-03  -5.0320986e-03
   3.3900000e+01  -1.2563633e-02  -3.3086658e-02
   3.4000000e+01  -3.1591947e-02  -4.5875004e-02
   3.4100000e+01  -4.7982723e-02  -3.2895275e-02
   3.4200000e+01  -4.9579009e-02  -1.4302949e-03
   3.4300000e+01  -3.6688637e-02   2.8199873e-02
   3.4400000e+01  -2.1496010e-02   3.9694130e-02
   3.4500000e+01  -1.8122822e-02   3.4455524e-02
   3.4600000e+01  -3.1212621e-02   2.8309071e-02
   3.4700000e+01  -5.2057481e-02   3.4534743e-02
   3.4800000e+01  -6.5319695e-02   5.0709735e-02
   3.4900000e+01  -6.1184967e-02   6.2479298e-02
   3.5000000e+01  -4.3447657e-02   5.8916483e-02
   3.5100000e+01  -2.6681673e-02   4.2381270e-02
   3.5200000e+01  -2.4059180e-02   2.3696664e-02
   3.5300000e+01  -3.5949319e-02   1.0666116e-02
   3.5400000e+01  -5.0181591e-02   3.7028576e-03
   3.5500000e+01  -5.4492848e-02   1.1286145e-03
   3.5600000e+01  -4.8671964e-02   4.2759645e-03
   3.5700000e+01  -4.3137777e-02   1.4750866e-02
   3.5800000e+01  -4.5615672e-02   2.8630152e-02
   3.5900000e+01  -5.1888877e-02   3.7269329e-02
   3.6000000e+01  -5.1796676e-02   3.5234100e-02
   3.6100000e+01  -4.2306704e-02   2.5733982e-02
   3.6200000e+01  -3.0369376e-02   1.6874144e-02
   3.6300000e+01  -2.2134997e-02   1.3668723e-02
   3.6400000e+01  -1.3816870e-02   1.5108692e-02
   3.6500000e+01   2.7131007e-03   1.7700488e-02
   3.6600000e+01   2.7113069e-02   1.8859233e-02
   3.6700000e+01   4.8671607e-02   1.6198287e-02
   3.6800000e+01   5.8892538e-02   6.5281689e-03
   3.6900000e+01   6.2093224e-02  -1.1201362e-02
   3.7000000e+01   6.9625501e-02  -3.2089395e-02
   3.7100000e+01   8.4937134e-02  -4.6966806e-02
   3.7200000e+01   9.8747919e-02  -4.9433309e-02
   3.7300000e+01   1.0031731e-01  -4.0720369e-02
   3.7400000e+01   9.0245955e-02  -2.7094724e-02
   3.7500000e+01   7.9158646e-02  -1.3480405e-02
   3.7600000e+01   7.5077469e-02  -8.5503500e-04
   3.7700000e+01   7.5644674e-02   1.0575857e-02
   3.7800000e+01   7.3548471e-02   1.7492733e-02
   3.7900000e+01   6.6483059e-02   1.4025837e-02
   3.8000000e+01   5.8793454e-02  -3.6310669e-03
   3.8100000e+01   5.4169695e-02  -3.2904038e-02
   3.8200000e+01   5.0143571e-02  -6.4245242e-02
   3.8300000e+01   4.1579658e-02  -8.4718611e-02
   3.8400000e+01   2.7999373e-02  -8.4226232e-02
   3.8500000e+01   1.4868634e-02  -6.1629555e-02
   3.8600000e+01   7.1091378e-03  -2.7045738e-02
   3.8700000e+01   2.8540694e-03   2.4818419e-03
   3.8800000e+01  -5.1778039e-03   1.2627042e-02
   3.8900000e+01  -2.2519203e-02   6.8062213e-04
   3.9000000e+01  -4.7825323e-02  -2.2978465e-02
   3.9100000e+01  -7.4102716e-02  -4.2423459e-02
   3.9200000e+01  -9.3401454e-02  -4.7295755e-02
   3.9300000e+01  -1.0003173e-01  -3.9018368e-02
   3.9400000e+01  -9.1342051e-02  -2.7409235e-02
   3.9500000e+01  -6.8450894e-02  -2.0922960e-02
   3.9600000e+01  -3.7651441e-02  -1.9295493e-02
   3.9700000e+01  -9.7868432e-03  -1.5201142e-02
   3.9800000e+01   4.5220526e-03  -2.9153331e-03
   3.9900000e+01   1.2710183e-03   1.4968490e-02
   4.0000000e+01  -1.4246999e-02   2.9570832e-02
   4.0100000e+01  -3.0814297e-02   3.4047835e-02
   4.0200000e+01  -3.7662529e-02   2.9492824e-02
   4.0300000e+01  -2.9359087e-02   2.3115941e-02
   4.0400000e+01  -7.8920511e-03   2.1704064e-02
   4.0500000e+01   1.7211479e-02   2.6882911e-02
   4.0600000e+01   3.1813321e-02   3.5088674e-02
   4.0700000e+01   2.5210399e-02   4.0660531e-02
   4.0800000e+01   8.7446117e-05   3.9774555e-02
   4.0900000e+01  -2.5424473e-02   3.3655176e-02
   4.1000000e+01  -2.9959809e-02   2.8726691e-02
   4.1100000e+01  -7.4268422e-03   3.1875054e-02
   4.1200000e+01   2.5962510e-02   4.3638544e-02
   4.1300000e+01   4.4859748e-02   5.6195155e-02
   4.1400000e+01   3.6277328e-02   5.9395911e-02
   4.1500000e+01   8.5957544e-03   4.9354319e-02
   4.1600000e+01  -1.9097211e-02   3.1154297e-02
   4.1700000e+01  -3.4022090e-02   1.4167954e-02
   4.1800000e+01  -3.5856243e-02   5.9741951e-03
   4.1900000e+01  -2.9955086e-02   9.5569596e-03
   4.2000000e+01  -1.9816254e-02   2.2479709e-02
   4.2100000e+01  -7.9294296e-03   3.6399882e-02
   4.2200000e+01  -4.7529070e-04   4.0020907e-02
   4.2300000e+01  -5.7710178e-03   2.7612542e-02
   4.2400000e+01  -2.5436658e-02   6.3238439e-03
   4.2500000e+01  -4.8498856e-02  -8.1604563e-03
   4.2600000e+01  -5.7436531e-02  -6.7904356e-03
   4.2700000e+01  -4.2457214e-02   2.3380122e-03
   4.2800000e+01  -1.0606309e-02   1.3224080e-03
   4.2900000e+01   1.9386636e-02  -1.8839639e-02
   4.3000000e+01   3.1843332e-02  -4.8391859e-02
   4.3100000e+01   2.4959175e-02  -6.8219116e-02
   4.3200000e+01   9.0506953e-03  -6.7349698e-02
   4.3300000e+01  -3.8191142e-03  -5.0187356e-02
   4.3400000e+01  -7.9314059e-03  -2.9062024e-02
   4.3500000e+01  -3.8047757e-03  -1.3447368e-02
   4.3600000e+01   6.2169220e-03  -6.4470070e-03
   4.3700000e+01   1.9717645e-02  -7.2627300e-03
   4.3800000e+01   3.2360282e-02  -1.3003075e-02
   4.3900000e+01   3.7713723e-02  -1.8804961e-02
   4.4000000e+01   3.1969064e-02  -2.0003644e-02
   4.4100000e+01   1.9123463e-02  -1.6191909e-02
   4.4200000e+01   9.3928366e-03  -1.1910458e-02
   4.4300000e+01   1.0348714e-02  -1.1867639e-02
   4.4400000e+01   1.9239454e-02  -1.6031341e-02
   4.4500000e+01   2.5243950e-02  -2.0447790e-02
   4.4600000e+01   2.0523131e-02  -2.2112984e-02
   4.4700000e+01   9.0316514e-03  -2.1356573e-02
   4.4800000e+01   3.1565177e-03  -1.9496642e-02
   4.4900000e+01   1.0382898e-02  -1.6129776e-02
   4.5000000e+01   2.3515474e-02  -9.9611910e-03
   4.5100000e+01   2.6058727e-02  -1.3209630e-03
   4.5200000e+01   9.2669342e-03   7.4595574e-03
   4.5300000e+01  -1.6279811e-02   1.3669921e-02
   4.5400000e+01  -2.8325938e-02   1.5000237e-02
   4.5500000e+01  -1.4186484e-02   9.4455620e-03
   4.5600000e+01   1.5658132e-02  -3.0112255e-03
   4.5700000e+01   3.6414753e-02  -1.7503050e-02
   4.5800000e+01   3.1890381e-02  -2.5162711e-02
   4.5900000e+01   8.4393833e-03  -1.9812733e-02
   4.6000000e+01  -1.2804419e-02  -4.2637715e-03
   4.6100000e+01  -1.5333011e-02   1.1560498e-02
   4.6200000e+01   1.1926769e-03   1.9280862e-02
   4.6300000e+01   2.4800118e-02   1.7782595e-02
   4.6400000e+01   4.2024635e-02   1.0528988e-02
   4.6500000e+01   4.5214561e-02   1.9952016e-04
   4.6600000e+01   3.4566446e-02  -1.1242214e-02
   4.6700000e+01   1.7691433e-02  -1.8582882e-02
   4.6800000e+01   6.2954134e-03  -1.4238826e-02
   4.6900000e+01   8.5324909e-03   3.7507475e-03
   4.7000000e+01   2.1516663e-02   2.5912527e-02
   4.7100000e+01   3.2210574e-02   3.6993921e-02
   4.7200000e+01   2.8101049e-02   2.9407200e-02
   4.7300000e+01   8.4063435e-03   1.0858768e-02
   4.7400000e+01  -1.4737014e-02  -2.0998481e-03
   4.7500000e+01  -2.5973125e-02   1.3827052e-03
   4.7600000e+01  -1.8712051e-02   1.7319109e-02
   4.7700000e+01  -2.4603063e-04   3.0871853e-02
   4.7800000e+01   1.3155191e-02   2.9250499e-02
   4.7900000e+01   7.9041828e-03   1.2236950e-02
   4.8000000e+01  -1.6194482e-02  -8.1363417e-03
   4.8100000e+01  -4.4852966e-02  -1.7740611e-02
   4.8200000e+01  -6.0554258e-02  -1.1173247e-02
   4.8300000e+01  -5.7467388e-02   5.7706823e-03
   4.8400000e+01  -4.5601007e-02   2.2795965e-02
   4.8500000e+01  -3.9315138e-02   3.3610193e-02
   4.8600000e+01  -4.2419558e-02   3.8679132e-02
   4.8700000e+01  -4.6617050e-02   4.1600758e-02
   4.8800000e+01  -4.4458713e-02   4.4267284e-02
   4.8900000e+01  -4.0124139e-02   4.5251559e-02
   4.9000000e+01  -4.3966790e-02   4.1446986e-02
   4.9100000e+01  -5.7556070e-02   3.0610453e-02
   4.9200000e+01  -6.8685767e-02   1.3224881e-02
   4.9300000e+01  -6.3751575e-02  -6.8964238e-03
   4.9400000e+01  -4.3051468e-02  -2.3884451e-02
   4.9500000e+01  -2.0675408e-02  -3.2934695e-02
   4.9600000e+01  -9.3981095e-03  -3.3207396e-02
   4.9700000e+01  -8.5240188e-03  -2.7649750e-02
   4.9800000e+01  -7.7728489e-03  -1.9602982e-02
   4.9900000e+01  -6.3065853e-04  -9.9649151e-03
   5.0000000e+01   9.1888360e-03   1.3163301e-03
   5.0100000e+01   1.4208347e-02   1.0829068e-02
   5.0200000e+01   1.2861418e-02   1.0584994e-02
   5.0300000e+01   1.0445621e-02  -5.9726830e-03
   5.0400000e+01   1.1427963e-02  -3.5645934e-02
   5.0500000e+01   1.3713468e-02  -6.4635735e-02
   5.0600000e+01   1.2424326e-02  -7.8490712e-02
   5.0700000e+01   8.5269164e-03  -7.3798735e-02
   5.0800000e+01   1.0942999e-02  -5.9079274e-02
   5.0900000e+01   2.7799218e-02  -4.3765439e-02
   5.1000000e+01   5.5656435e-02  -2.8103921e-02
   5.1100000e+01   7.9389009e-02  -6.0177315e-03
   5.1200000e+01   8.4219492e-02   2.2608062e-02
   5.1300000e+01   6.7670358e-02   4.5582954e-02
   5.1400000e+01   3.9560067e-02   4.6956696e-02
   5.1500000e+01   1.2299472e-02   2.2426006e-02
   5.1600000e+01  -6.4258917e-03  -1.4111950e-02
   5.1700000e+01  -1.3007956e-02  -3.9383475e-02
   5.1800000e+01  -5.8688876e-03  -3.7161522e-02
   5.1900000e+01   1.1708121e-02  -9.4725478e-03
   5.2000000e+01   2.8999622e-02   2.4729101e-02
   5.2100000e+01   3.4067867e-02   4.2406159e-02
   5.2200000e+01   2.5179490e-02   3.3139424e-02
   5.2300000e+01   1.3342217e-02   7.8721743e-03
   5.2400000e+01   1.0682288e-02  -9.5199654e-03
   5.2500000e+01   1.7684696e-02  -3.7461612e-03
   5.2600000e+01   2.4744845e-02   1.6595710e-02
   5.2700000e+01   2.5242551e-02   2.7470720e-02
   5.2800000e+01   2.2585147e-02   1.5572110e-02
   5.2900000e+01   2.2505692e-02  -5.7357464e-03
   5.3000000e+01   2.2350594e-02  -1.0372273e-02
   5.3100000e+01   1.3332659e-02   1.0527462e-02
   5.3200000e+01  -6.0502324e-03   3.6861921e-02
   5.3300000e+01  -2.3308129e-02   4.0467782e-02
   5.3400000e+01  -2.2744281e-02   1.5275383e-02
   5.3500000e+01  -2.7965421e-03  -1.7125779e-02
   5.3600000e+01   2.0264002e-02  -3.0972089e-02
   5.3700000e+01   2.7657496e-02  -2.0739354e-02
   5.3800000e+01   1.6269399e-02  -1.1440457e-03
   5.3900000e+01   1.4447595e-04   1.1762064e-02
   5.4000000e+01  -5.7745057e-03   1.4044599e-02
   5.4100000e+01  -1.4320374e-03   1.0395494e-02
   5.4200000e+01   7.7423648e-05   4.7649755e-03
   5.4300000e+01  -1.1021963e-02  -1.1842511e-03
   5.4400000e+01  -2.8911724e-02  -3.8415047e-03
   5.4500000e+01  -3.7795168e-02   1.4703105e-03
   5.4600000e+01  -2.9041489e-02   1.3222183e-02
   5.4700000e+01  -1.1214476e-02   2.0927334e-02
   5.4800000e+01  -2.6463019e-03   1.3978062e-02
   5.4900000e+01  -1.4587803e-02  -6.1604439e-03
   5.5000000e+01  -4.1305945e-02  -2.4924563e-02
   5.5100000e+01  -6.5034028e-02  -2.7692629e-02
   5.5200000e+01  -6.9779194e-02  -1.3745884e-02
   5.5300000e+01  -5.2394304e-02   3.7026173e-03
   5.5400000e+01  -2.3912420e-02   1.1545252e-02
   5.5500000e+01  -1.6740680e-03   9.9091477e-03
   5.5600000e+01   2.2885385e-03   1.0106185e-02
   5.5700000e+01  -1.0623687e-02   1.9281738e-02
   5.5800000e+01  -2.6687268e-02   2.8784486e-02
   5.5900000e+01  -3.0247712e-02   2.0960506e-02
   5.6000000e+01  -1.5990213e-02  -1.0238353e-02
   5.6100000e+01   6.8452414e-03  -4.6609147e-02
   5.6200000e+01   2.1980612e-02  -5.7846605e-02
   5.6300000e+01   1.8920308e-02  -2.9997890e-02
   5.6400000e+01   3.2824723e-04   1.8145990e-02
   5.6500000e+01  -2.1273019e-02   4.9676063e-02
   5.6600000e+01  -3.3187930e-02   4.2534249e-02
   5.6700000e+01  -3.0030834e-02   8.2374843e-03
   5.6800000e+01  -1.4471136e-02  -2.1499162e-02
   5.6900000e+01   6.3649933e-03  -2.4815058e-02
   5.7000000e+01   2.4117259e-02  -6.1483861e-03
   5.7100000e+01   3.0933175e-02   1.3446912e-02
   5.7200000e+01   2.2306984e-02   1.7557994e-02
   5.7300000e+01   1.6513265e-03   5.9607950e-03
   5.7400000e+01  -1.8153791e-02  -9.7761650e-03
   5.7500000e+01  -2.1583027e-02  -1.7779433e-02
   5.7600000e+01  -3.1002414e-03  -1.4295961e-02
   5.7700000e+01   2.5738314e-02  -5.0972091e-03
   5.7800000e+01   4.4024150e-02  -1.0075986e-04
   5.7900000e+01   3.9480531e-02  -4.4935095e-03
   5.8000000e+01   2.0048995e-02  -1.3696622e-02
   5.8100000e+01   6.7573415e-03  -1.8347547e-02
   5.8200000e+01   1.3826980e-02  -1.5087874e-02
   5.8300000e+01   3.5385945e-02  -1.0319515e-02
   5.8400000e+01   5.1756355e-02  -1.1208070e-02
   5.8500000e+01   4.8439779e-02  -1.5031028e-02
   5.8600000e+01   2.8748191e-02  -1.1965599e-02
   5.8700000e+01   8.8226860e-03   5.3547204e-04
   5.8800000e+01   1.9166864e-03   1.0554597e-02
   5.8900000e+01   7.8639462e-03   3.5638176e-03
   5.9000000e+01   1.6112251e-02  -1.8965950e-02
   5.9100000e+01   1.6896422e-02  -3.7267436e-02
   5.9200000e+01   9.1847172e-03  -3.2557430e-02
   5.9300000e+01  -7.1262471e-04  -7.3810224e-03
   5.9400000e+01  -6.8313330e-03   1.6079711e-02
   5.9500000e+01  -9.6299662e-03   1.8651401e-02
   5.9600000e+01  -1.4812927e-02   3.5468197e-03
   5.9700000e+01  -2.6250730e-02  -7.9008176e-03
   5.9800000e+01  -4.0301749e-02   1.1960389e-03
   5.9900000e+01  -4.7901571e-02   2.6552122e-02
   6.0000000e+01  -4.2875749e-02   4.8198180e-02
   6.0100000e+01  -2.8032342e-02   5.0362106e-02
   6.0200000e+01  -1.2864781e-02   3.4275772e-02
   6.0300000e+01  -5.8085031e-03   1.2843434e-02
   6.0400000e+01  -9.0117480e-03  -3.3326790e-03
   6.0500000e+01  -1.9095110e-02  -1.2205464e-02
   6.0600000e+01  -3.0470330e-02  -1.5117232e-02
   6.0700000e+01  -3.7407773e-02  -1.1002233e-02
   6.0800000e+01  -3.5474612e-02   1.0697624e-03
   6.0900000e+01  -2.3993343e-02   1.5924084e-02
   6.1000000e+01  -7.5071937e-03   2.3818360e-02
   6.1100000e+01   7.0044080e-03   2.0038988e-02
   6.1200000e+01   1.5790615e-02   1.0758463e-02
   6.1300000e+01   2.1151081e-02   6.6472731e-03
   6.1400000e+01   2.8143771e-02   1.1083179e-02
   6.1500000e+01   3.8514717e-02   1.6898448e-02
   6.1600000e+01   4.8111592e-02   1.4971359e-02
   6.1700000e+01   5.0448840e-02   3.7753840e-03
   6.1800000e+01   4.3204959e-02  -1.0501355e-02
   6.1900000e+01   3.1602872e-02  -2.0768011e-02
   6.2000000e+01   2.4943586e-02  -2.3332667e-02
   6.2100000e+01   2.8564734e-02  -1.7172760e-02
   6.2200000e+01   3.8490576e-02  -3.8287379e-03
   6.2300000e+01   4.4461827e-02   9.9832118e-03
   6.2400000e+01   3.8852906e-02   1.3591941e-02
   6.2500000e+01   2.2594076e-02   1.7108854e-03
   6.2600000e+01   2.7217763e-03  -1.6693678e-02
   6.2700000e+01  -1.4095582e-02  -2.3254407e-02
   6.2800000e+01  -2.4117675e-02  -7.8838288e-03
   6.2900000e+01  -2.4381064e-02   1.8933772e-02
   6.3000000e+01  -1.2555972e-02   3.4586391e-02
   6.3100000e+01   7.9197014e-03   2.6299903e-02
   6.3200000e+01   2.4271942e-02   3.3660898e-03
   6.3300000e+01   2.0962536e-02  -1.3364099e-02
   6.3400000e+01  -6.5178557e-03  -1.2727006e-02
   6.3500000e+01  -4.4692717e-02  -2.4133139e-03
   6.3600000e+01  -7.1458143e-02   1.9722371e-03
   6.3700000e+01  -7.4163677e-02  -6.0412877e-03
   6.3800000e+01  -5.8641749e-02  -1.9013021e-02
   6.3900000e+01  -4.0683320e-02  -2.5631955e-02
   6.4000000e+01  -3.0215901e-02  -2.2285495e-02
   6.4100000e+01  -2.5231899e-02  -1.4303894e-02
   6.4200000e+01  -1.9771772e-02  -8.8505267e-03
   6.4300000e+01  -1.3722835e-02  -9.4170239e-03
   6.4400000e+01  -1.1907413e-02  -1.6128796e-02
   6.4500000e+01  -1.5257827e-02  -2.7142806e-02
   6.4600000e+01  -1.7287526e-02  -3.7239642e-02
   6.4700000e+01  -1.1077520e-02  -3.7603635e-02
   6.4800000e+01   2.8141408e-03  -2.2029154e-02
   6.4900000e+01   1.8024482e-02   4.6453659e-03
   6.5000000e+01   3.0260735e-02   2.6981581e-02
   6.5100000e+01   3.9593197e-02   3.1343679e-02
   6.5200000e+01   4.4706241e-02   1.8277260e-02
   6.5300000e+01   3.9757462e-02   8.1166006e-04
   6.5400000e+01   2.1281019e-02  -9.5739449e-03
   6.5500000e+01  -3.2384340e-03  -1.2959992e-02
   6.5600000e+01  -1.8675561e-02  -1.6030448e-02
   6.5700000e+01  -1.6420708e-02  -1.9978643e-02
   6.5800000e+01  -3.1873771e-03  -1.7298685e-02
   6.5900000e+01   6.3105177e-03  -1.3029387e-03
   6.6000000e+01   4.2048772e-03   2.3915030e-02
   6.6100000e+01  -4.9097744e-03   4.5251611e-02
   6.6200000e+01  -1.1782605e-02   5.1730169e-02
   6.6300000e+01  -1.2305523e-02   4.2671600e-02
   6.6400000e+01  -8.4881379e-03   2.5826448e-02
   6.6500000e+01  -2.8026068e-03   9.8563270e-03
   6.6600000e+01   4.9248548e-03  -7.1933598e-04
   6.6700000e+01   1.4999238e-02  -5.4767219e-03
   6.6800000e+01   2.4913635e-02  -5.9220750e-03
   6.6900000e+01   3.0564620e-02  -4.0990228e-03
   6.7000000e+01   2.9708060e-02  -1.9432910e-03
   6.7100000e+01   2.3188608e-02  -4.1385213e-04
   6.7200000e+01   1.3242336e-02   1.2701674e-03
   6.7300000e+01   1.8992516e-03   5.0690785e-03
   6.7400000e+01  -8.5909403e-03   1.1875331e-02
   6.7500000e+01  -1.4834034e-02   1.9051482e-02
   6.7600000e+01  -1.3266836e-02   2.0458711e-02
   6.7700000e+01  -2.9325574e-03   1.0599804e-02
   6.7800000e+01   1.2601362e-02  -9.3011621e-03
   6.7900000e+01   2.6486871e-02  -2.9003841e-02
   6.8000000e+01   3.2405802e-02  -3.4947391e-02
   6.8100000e+01   2.7946654e-02  -2.0966632e-02
   6.8200000e+01   1.5193593e-02   5.1648535e-03
   6.8300000e+01  -9.8755088e-04   2.6282195e-02
   6.8400000e+01  -1.4957191e-02   2.8578699e-02
   6.8500000e+01  -2.1959157e-02   1.1983678e-02
   6.8600000e+01  -2.0216867e-02  -1.0218207e-02
   6.8700000e+01  -1.2780403e-02  -2.1558071e-02
   6.8800000e+01  -6.3192707e-03  -1.4142357e-02
   6.8900000e+01  -6.1081749e-03   6.0431256e-03
   6.9000000e+01  -1.1617688e-02   2.3288659e-02
   6.9100000e+01  -1.7939325e-02   2.3291811e-02
   6.9200000e+01  -2.1687595e-02   4.3630241e-03
   6.9300000e+01  -2.3978619e-02  -2.0068104e-02
   6.9400000e+01  -2.6665674e-02  -3.1751566e-02
   6.9500000e+01  -2.7468993e-02  -2.3434020e-02
   6.9600000e+01  -2.1849001e-02  -5.0219572e-03
   6.9700000e+01  -1.0298098e-02   7.4251646e-03
   6.9800000e+01  -1.1829604e-03   8.5698724e-03
   6.9900000e+01  -3.6170692e-03   7.0124676e-03
   7.0000000e+01  -1.7276329e-02   1.0943557e-02
   7.0100000e+01  -3.0735423e-02   1.4931196e-02
   7.0200000e+01  -3.0882254e-02   6.3764657e-03
   7.0300000e+01  -1.4289488e-02  -1.5417718e-02
   7.0400000e+01   9.9490127e-03  -3.3143564e-02
   7.0500000e+01   2.7665143e-02  -2.9009336e-02
   7.0600000e+01   3.0357970e-02  -5.6361262e-03
   7.0700000e+01   2.0672944e-02   1.5976396e-02
   7.0800000e+01   8.9923380e-03   1.9545850e-02
   7.0900000e+01   4.5654972e-03   9.6567129e-03
   7.1000000e+01   8.9587697e-03   2.7085459e-03
   7.1100000e+01   1.7264994e-02   6.2399781e-03
   7.1200000e+01   2.4523951e-02   1.2372255e-02
   7.1300000e+01   2.9426210e-02   1.0336018e-02
   7.1400000e+01   3.1755462e-02  -4.9441410e-04
   7.1500000e+01   2.9151605e-02  -1.2196325e-02
   7.1600000e+01   1.9796873e-02  -1.8587102e-02
   7.1700000e+01   7.9739144e-03  -1.9797843e-02
   7.1800000e+01   2.8649543e-03  -1.8499433e-02
   7.1900000e+01   8.8592987e-03  -1.6306858e-02
   7.2000000e+01   1.8672342e-02  -1.4467394e-02
   7.2100000e+01   1.9656875e-02  -1.3997418e-02
   7.2200000e+01   7.6233416e-03  -1.2778693e-02
   7.2300000e+01  -7.9652112e-03  -5.5718390e-03
   7.2400000e+01  -1.3747471e-02   8.9793833e-03
   7.2500000e+01  -5.8263773e-03   2.2126235e-02
   7.2600000e+01   7.5276762e-03   2.0583268e-02
   7.2700000e+01   1.4331925e-02   1.1047848e-03
   7.2800000e+01   7.9669427e-03  -2.2564551e-02
   7.2900000e+01  -9.8522375e-03  -3.0765685e-02
   7.3000000e+01  -3.0330672e-02  -1.6653970e-02
   7.3100000e+01  -4.0999741e-02   7.4973628e-03
   7.3200000e+01  -3.3028347e-02   2.2680366e-02
   7.3300000e+01  -1.0269761e-02   2.0014185e-02
   7.3400000e+01   9.9759484e-03   5.0549910e-03
   7.3500000e+01   1.0458674e-02  -1.1276853e-02
   7.3600000e+01  -9.0778247e-03  -2.2069622e-02
   7.3700000e+01  -3.0500695e-02  -2.5009420e-02
   7.3800000e+01  -3.5112326e-02  -1.8540966e-02
   7.3900000e+01  -2.1699930e-02  -2.1276806e-03
   7.4000000e+01  -4.8482833e-03   1.9635772e-02
   7.4100000e+01   3.0032724e-03   3.6833874e-02
   7.4200000e+01   3.5843786e-03   4.1077131e-02
   7.4300000e+01   6.0167483e-03   3.2626654e-02
   7.4400000e+01   1.2548611e-02   1.9812055e-02
   7.4500000e+01   1.5843955e-02   1.1498047e-02
   7.4600000e+01   9.9201336e-03   1.0399229e-02
   7.4700000e+01  -8.5695566e-04   1.2679521e-02
   7.4800000e+01  -6.1425160e-03   1.2541162e-02
   7.4900000e+01  -6.3546130e-04   7.4558747e-03
   7.5000000e+01   1.2065228e-02   6.9551480e-04
   7.5100000e+01   2.5156678e-02  -7.5386567e-04
   7.5200000e+01   3.4132956e-02   7.3942794e-03
   7.5300000e+01   3.5768688e-02   2.0742364e-02
   7.5400000e+01   2.5937706e-02   2.7616981e-02
   7.5500000e+01   3.3422002e-03   1.8886346e-02
   7.5600000e+01  -2.4246007e-02  -2.6256425e-03
   7.5700000e+01  -4.1285219e-02  -2.3297789e-02
   7.5800000e+01  -3.5659887e-02  -2.9866664e-02
   7.5900000e+01  -9.7643638e-03  -1.9422482e-02
   7.6000000e+01   1.9708593e-02   5.3219862e-04
   7.6100000e+01   3.3488339e-02   1.9255976e-02
   7.6200000e+01   2.3166027e-02   2.8670066e-02
   7.6300000e+01  -3.3544457e-03   2.4808359e-02
   7.6400000e+01  -2.7341178e-02   8.2640863e-03
   7.6500000e+01  -3.2127631e-02  -1.4481288e-02
   7.6600000e+01  -1.5625714e-02  -3.2478567e-02
   7.6700000e+01   6.8644043e-03  -3.7203085e-02
   7.6800000e+01   1.4022384e-02  -2.9990165e-02
   7.6900000e+01  -3.1678163e-03  -2.1511889e-02
   7.7000000e+01  -3.2123848e-02  -2.1993507e-02
   7.7100000e+01  -4.8449401e-02  -3.1366974e-02
   7.7200000e+01  -3.6954183e-02  -3.9572066e-02
   7.7300000e+01  -4.4340635e-03  -3.6715106e-02
   7.7400000e+01   2.7203599e-02  -2.2403406e-02
   7.7500000e+01   3.9474793e-02  -4.9804357e-03
   7.7600000e+01   2.9767558e-02   7.2423974e-03
   7.7700000e+01   8.8697196e-03   1.2448751e-02
   7.7800000e+01  -9.9601756e-03   1.3239306e-02
   7.7900000e+01  -1.9105932e-02   1.0667390e-02
   7.8000000e+01  -1.7895775e-02   3.2351643e-03
   7.8100000e+01  -1.0447822e-02  -7.9278499e-03
   7.8200000e+01  -3.0330605e-03  -1.5915414e-02
   7.8300000e+01  -6.5615528e-04  -1.3434778e-02
   7.8400000e+01  -3.4612518e-03  -1.5909795e-03
   7.8500000e+01  -6.4844400e-03   9.5488840e-03
   7.8600000e+01  -4.3361058e-03   1.1517870e-02
   7.8700000e+01   3.5722049e-03   7.6590350e-03
   7.8800000e+01   1.3043594e-02   9.9335884e-03
   7.8900000e+01   1.9772917e-02   2.4301692e-02
   7.9000000e+01   2.2339090e-02   4.1011158e-02
   7.9100000e+01   2.0382670e-02   4.2105721e-02
   7.9200000e+01   1.2495067e-02   1.9798736e-02
   7.9300000e+01  -1.1682303e-03  -1.3062957e-02
   7.9400000e+01  -1.4613574e-02  -3.1838902e-02
   7.9500000e+01  -1.7884459e-02  -2.0666644e-02
   7.9600000e+01  -6.0914196e-03   1.3925692e-02
   7.9700000e+01   1.3596504e-02   4.8145254e-02
   7.9800000e+01   2.5895622e-02   5.9216193e-02
   7.9900000e+01   1.9916141e-02   4.0356349e-02
   8.0000000e+01  -1.1738254e-03   2.0380073e-03
