   1.0221618e+02   2.8602761e+01   2.5212700e+03
   1.0221702e+02   2.8153938e+01   1.8763400e+03
   0.0000000e+00  -8.2648126e-01  -8.2648126e-01
   1.0000000e-01  -9.1372324e-01  -6.6726075e-01
   2.0000000e-01  -9.2011299e-01  -4.9648867e-01
   3.0000000e-01  -8.8590451e-01  -3.7643043e-01
   4.0000000e-01  -8.5791541e-01  -3.1600671e-01
   5.0000000e-01  -8.5385535e-01  -2.6929410e-01
   6.0000000e-01  -8.6102174e-01  -1.9058742e-01
   7.0000000e-01  -8.5724051e-01  -8.5173451e-02
   8.0000000e-01  -8.2825938e-01   3.5085917e-04
   9.0000000e-01  -7.7132797e-01   3.4865205e-02
   1.0000000e+00  -6.9072513e-01   4.0271339e-02
   1.1000000e+00  -5.9187826e-01   6.8014733e-02
   1.2000000e+00  -4.7655323e-01   1.4335052e-01
   1.3000000e+00  -3.4219989e-01   2.3978823e-01
   1.4000000e+00  -1.8782066e-01   3.0823352e-01
   1.5000000e+00  -2.1177024e-02   3.2477987e-01
   1.6000000e+00   1.4235236e-01   3.0647978e-01
   1.7000000e+00   2.9013705e-01   2.8533098e-01
   1.8000000e+00   4.2018004e-01   2.7528779e-01
   1.9000000e+00   5.3697130e-01   2.6750748e-01
   2.0000000e+00   6.4158414e-01   2.5222036e-01
   2.1000000e+00   7.2990386e-01   2.3692066e-01
   2.2000000e+00   8.0081386e-01   2.3936610e-01
   2.3000000e+00   8.6123873e-01   2.6521659e-01
   2.4000000e+00   9.1873284e-01   2.9737448e-01
   2.5000000e+00   9.6992463e-01   3.1013956e-01
   2.6000000e+00   1.0000000e+00   2.9374456e-01
   2.7000000e+00   9.9496179e-01   2.6381432e-01
   2.8000000e+00   9.5279575e-01   2.4634165e-01
   2.9000000e+00   8.8195411e-01   2.5374984e-01
   3.0000000e+00   7.9134708e-01   2.7540603e-01
   3.1000000e+00   6.8475770e-01   2.8989991e-01
   3.2000000e+00   5.6505139e-01   2.8486225e-01
   3.3000000e+00   4.4094422e-01   2.6536299e-01
   3.4000000e+00   3.2645382e-01   2.4627217e-01
   3.5000000e+00   2.3213331e-01   2.3939119e-01
   3.6000000e+00   1.5694981e-01   2.4685409e-01
   3.7000000e+00   8.9774382e-02   2.6203446e-01
   3.8000000e+00   1.9740903e-02   2.7312827e-01
   3.9000000e+00  -5.4821777e-02   2.6797366e-01
   4.0000000e+00  -1.2788448e-01   2.4157744e-01
   4.1000000e+00  -1.9488006e-01   2.0233956e-01
   4.2000000e+00  -2.5772090e-01   1.6747638e-01
   4.3000000e+00  -3.1917600e-01   1.4614630e-01
   4.4000000e+00  -3.7426910e-01   1.2593258e-01
   4.5000000e+00  -4.1138840e-01   8.1804174e-02
   4.6000000e+00  -4.2405772e-01   4.4166489e-03
   4.7000000e+00  -4.1993044e-01  -8.1797151e-02
   4.8000000e+00  -4.1521032e-01  -1.3597201e-01
   4.9000000e+00  -4.1923164e-01  -1.4110251e-01
   5.0000000e+00  -4.2542601e-01  -1.2485416e-01
   5.1000000e+00  -4.1781040e-01  -1.3515759e-01
   5.2000000e+00  -3.8547006e-01  -1.9369658e-01
   5.3000000e+00  -3.3052446e-01  -2.7567627e-01
   5.4000000e+00  -2.6407459e-01  -3.3555498e-01
   5.5000000e+00  -1.9755547e-01  -3.4920323e-01
   5.6000000e+00  -1.3914136e-01  -3.2985080e-01
   5.7000000e+00  -9.5774261e-02  -3.0879425e-01
   5.8000000e+00  -7.3665336e-02  -3.0774631e-01
   5.9000000e+00  -7.3795652e-02  -3.2844749e-01
   6.0000000e+00  -8.8675462e-02  -3.5887657e-01
   6.1000000e+00  -1.0784158e-01  -3.8212868e-01
   6.2000000e+00  -1.2814100e-01  -3.8320158e-01
   6.3000000e+00  -1.5532952e-01  -3.5661993e-01
   6.4000000e+00  -1.9152899e-01  -3.1080221e-01
   6.5000000e+00  -2.2199669e-01  -2.6085796e-01
   6.6000000e+00  -2.2012490e-01  -2.1459376e-01
   6.7000000e+00  -1.7094081e-01  -1.6892491e-01
   6.8000000e+00  -9.0660371e-02  -1.2202501e-01
   6.9000000e+00  -2.0504915e-02  -8.3418855e-02
   7.0000000e+00   2.5741567e-03  -6.5195723e-02
   7.1000000e+00  -2.6106879e-02  -6.5037765e-02
   7.2000000e+00  -7.4769209e-02  -6.5953767e-02
   7.3000000e+00  -9.7364608e-02  -5.4652068e-02
   7.4000000e+00  -6.5787337e-02  -3.2468509e-02
   7.5000000e+00   1.0447295e-02  -2.9956200e-03
   7.6000000e+00   9.1626850e-02   4.3428805e-02
   7.7000000e+00   1.3816283e-01   1.2044735e-01
   7.8000000e+00   1.4044045e-01   2.1954137e-01
   7.9000000e+00   1.2270550e-01   3.0407139e-01
   8.0000000e+00   1.1778410e-01   3.3819390e-01
   8.1000000e+00   1.3729855e-01   3.1948694e-01
   8.2000000e+00   1.6562547e-01   2.7794628e-01
   8.3000000e+00   1.8005493e-01   2.4611035e-01
   8.4000000e+00   1.7328491e-01   2.3754105e-01
   8.5000000e+00   1.5616157e-01   2.5211055e-01
   8.6000000e+00   1.4274666e-01   2.8805723e-01
   8.7000000e+00   1.3656109e-01   3.3814809e-01
   8.8000000e+00   1.3057366e-01   3.7972880e-01
   8.9000000e+00   1.1724530e-01   3.8362929e-01
   9.0000000e+00   9.7639140e-02   3.4020789e-01
   9.1000000e+00   8.2398279e-02   2.7146737e-01
   9.2000000e+00   8.3691797e-02   2.1105620e-01
   9.3000000e+00   1.0294033e-01   1.7375168e-01
   9.4000000e+00   1.2481710e-01   1.4859061e-01
   9.5000000e+00   1.2717246e-01   1.1866197e-01
   9.6000000e+00   1.0250474e-01   7.8822770e-02
   9.7000000e+00   7.0175196e-02   3.1618606e-02
   9.8000000e+00   6.2229456e-02  -2.5072637e-02
   9.9000000e+00   9.2633811e-02  -9.5792174e-02
   1.0000000e+01   1.4123930e-01  -1.7351224e-01
   1.0100000e+01   1.7132517e-01  -2.3814740e-01
   1.0200000e+01   1.6382466e-01  -2.7613669e-01
   1.0300000e+01   1.3311542e-01  -2.9778945e-01
   1.0400000e+01   1.0977633e-01  -3.2672447e-01
   1.0500000e+01   1.1049904e-01  -3.6997291e-01
   1.0600000e+01   1.2544127e-01  -4.0488725e-01
   1.0700000e+01   1.3153038e-01  -4.0222496e-01
   1.0800000e+01   1.1449269e-01  -3.6153783e-01
   1.0900000e+01   7.8693143e-02  -3.1780012e-01
   1.1000000e+01   3.9723761e-02  -3.0917762e-01
   1.1100000e+01   1.0082234e-02  -3.3936300e-01
   1.1200000e+01  -9.2989468e-03  -3.7379261e-01
   1.1300000e+01  -2.6795573e-02  -3.7193047e-01
   1.1400000e+01  -5.1466449e-02  -3.2115743e-01
   1.1500000e+01  -8.6220901e-02  -2.4103042e-01
   1.1600000e+01  -1.2742687e-01  -1.6099529e-01
   1.1700000e+01  -1.6874495e-01  -9.8527664e-02
   1.1800000e+01  -2.0397806e-01  -5.5103834e-02
   1.1900000e+01  -2.2737424e-01  -2.3227123e-02
   1.2000000e+01  -2.3446182e-01   9.2900264e-03
   1.2100000e+01  -2.2542542e-01   5.7670961e-02
   1.2200000e+01  -2.0802853e-01   1.3140381e-01
   1.2300000e+01  -1.9567520e-01   2.2021576e-01
   1.2400000e+01  -2.0050382e-01   2.9302150e-01
   1.2500000e+01  -2.2580459e-01   3.2098439e-01
   1.2600000e+01  -2.6233650e-01   3.0672253e-01
   1.2700000e+01  -2.9125006e-01   2.8643160e-01
   1.2800000e+01  -2.9402426e-01   2.9624347e-01
   1.2900000e+01  -2.6499414e-01   3.3542088e-01
   1.3000000e+01  -2.1635558e-01   3.6690107e-01
   1.3100000e+01  -1.6806015e-01   3.5594424e-01
   1.3200000e+01  -1.2928678e-01   3.0505188e-01
   1.3300000e+01  -9.0336526e-02   2.4892548e-01
   1.3400000e+01  -3.5883955e-02   2.1928034e-01
   1.3500000e+01   3.3181066e-02   2.1903612e-01
   1.3600000e+01   9.4229806e-02   2.2681768e-01
   1.3700000e+01   1.2184147e-01   2.1698908e-01
   1.3800000e+01   1.1156798e-01   1.7365397e-01
   1.3900000e+01   8.3333364e-02   9.6844209e-02
   1.4000000e+01   6.2774342e-02   7.2383964e-03
   1.4100000e+01   6.2362755e-02  -5.7933953e-02
   1.4200000e+01   7.9964122e-02  -6.8346347e-02
   1.4300000e+01   1.0892011e-01  -2.9267988e-02
   1.4400000e+01   1.4251378e-01   1.7462103e-02
   1.4500000e+01   1.6940971e-01   2.9413646e-02
   1.4600000e+01   1.7345147e-01   1.7273671e-03
   1.4700000e+01   1.4594962e-01  -3.3595661e-02
   1.4800000e+01   9.8155599e-02  -4.4585158e-02
   1.4900000e+01   5.5693866e-02  -2.9967735e-02
   1.5000000e+01   3.6530892e-02  -1.3514210e-02
   1.5100000e+01   3.5305722e-02  -1.5800000e-02
   1.5200000e+01   3.1283056e-02  -3.6692490e-02
   1.5300000e+01   1.0534377e-02  -6.1129276e-02
   1.5400000e+01  -2.2113657e-02  -7.4432307e-02
   1.5500000e+01  -5.1937242e-02  -7.1425297e-02
   1.5600000e+01  -7.0506432e-02  -5.6709636e-02
   1.5700000e+01  -8.0327915e-02  -4.0014835e-02
   1.5800000e+01  -8.5485748e-02  -2.9582977e-02
   1.5900000e+01  -8.1977875e-02  -2.7747723e-02
   1.6000000e+01  -5.9798448e-02  -3.3377234e-02
   1.6100000e+01  -1.4569253e-02  -4.8223300e-02
   1.6200000e+01   4.3687338e-02  -7.6881189e-02
   1.6300000e+01   9.4490873e-02  -1.1745547e-01
   1.6400000e+01   1.2202600e-01  -1.5541323e-01
   1.6500000e+01   1.2921395e-01  -1.7314192e-01
   1.6600000e+01   1.3717816e-01  -1.6800485e-01
   1.6700000e+01   1.6770720e-01  -1.5778488e-01
   1.6800000e+01   2.2254606e-01  -1.6496440e-01
   1.6900000e+01   2.7912547e-01  -1.9560620e-01
   1.7000000e+01   3.0878407e-01  -2.3437402e-01
   1.7100000e+01   3.0151758e-01  -2.5900560e-01
   1.7200000e+01   2.7347868e-01  -2.5855394e-01
   1.7300000e+01   2.4977066e-01  -2.3925747e-01
   1.7400000e+01   2.3971734e-01  -2.1542938e-01
   1.7500000e+01   2.2914819e-01  -1.9510123e-01
   1.7600000e+01   1.9671410e-01  -1.7328895e-01
   1.7700000e+01   1.3723838e-01  -1.3902285e-01
   1.7800000e+01   6.8821435e-02  -8.9125464e-02
   1.7900000e+01   1.6997133e-02  -3.3268273e-02
   1.8000000e+01  -8.6322246e-03   1.6350229e-02
   1.8100000e+01  -2.3196188e-02   5.7464646e-02
   1.8200000e+01  -5.2608509e-02   9.4314062e-02
   1.8300000e+01  -1.0961292e-01   1.2245549e-01
   1.8400000e+01  -1.8165010e-01   1.2721204e-01
   1.8500000e+01  -2.4163369e-01   1.0638019e-01
   1.8600000e+01  -2.7166482e-01   8.9708363e-02
   1.8700000e+01  -2.7758565e-01   1.2010597e-01
   1.8800000e+01  -2.8102438e-01   2.0591220e-01
   1.8900000e+01  -2.9749700e-01   2.9817086e-01
   1.9000000e+01  -3.2254824e-01   3.2821328e-01
   1.9100000e+01  -3.3870976e-01   2.7250743e-01
   1.9200000e+01  -3.3375321e-01   1.7589994e-01
   1.9300000e+01  -3.0969081e-01   1.0814010e-01
   1.9400000e+01  -2.7449892e-01   1.0106764e-01
   1.9500000e+01  -2.2979548e-01   1.2996828e-01
   1.9600000e+01  -1.7214977e-01   1.4891604e-01
   1.9700000e+01  -1.0742447e-01   1.3476978e-01
   1.9800000e+01  -5.8410858e-02   9.7290425e-02
   1.9900000e+01  -5.0461194e-02   5.7341556e-02
   2.0000000e+01  -8.5211144e-02   2.4347480e-02
   2.0100000e+01  -1.3034125e-01  -5.9957207e-03
   2.0200000e+01  -1.4114546e-01  -3.8460853e-02
   2.0300000e+01  -9.7531776e-02  -6.6601576e-02
   2.0400000e+01  -2.1563433e-02  -7.4837269e-02
   2.0500000e+01   4.2897889e-02  -5.3658232e-02
   2.0600000e+01   7.0229154e-02  -1.4285225e-02
   2.0700000e+01   7.4499597e-02   1.4471579e-02
   2.0800000e+01   9.1828054e-02   9.5543392e-03
   2.0900000e+01   1.4179466e-01  -2.3927282e-02
   2.1000000e+01   2.0680693e-01  -5.6415555e-02
   2.1100000e+01   2.4969169e-01  -6.2373022e-02
   2.1200000e+01   2.5053753e-01  -4.3570928e-02
   2.1300000e+01   2.2461942e-01  -2.2961776e-02
   2.1400000e+01   2.0419599e-01  -1.8836976e-02
   2.1500000e+01   2.0535482e-01  -2.8768793e-02
   2.1600000e+01   2.1527432e-01  -3.6541476e-02
   2.1700000e+01   2.1074794e-01  -2.8554966e-02
   2.1800000e+01   1.8440601e-01  -2.5155787e-03
   2.1900000e+01   1.4941909e-01   3.3254052e-02
   2.2000000e+01   1.2053871e-01   6.3794417e-02
   2.2100000e+01   9.5901348e-02   7.4410663e-02
   2.2200000e+01   6.0627247e-02   6.0839573e-02
   2.2300000e+01   7.0882130e-03   3.3558310e-02
   2.2400000e+01  -5.1246311e-02   7.0749596e-03
   2.2500000e+01  -8.7841695e-02  -1.6702627e-02
   2.2600000e+01  -8.6402353e-02  -4.9510671e-02
   2.2700000e+01  -5.8227611e-02  -9.7553545e-02
   2.2800000e+01  -3.6357754e-02  -1.4562539e-01
   2.2900000e+01  -4.8195046e-02  -1.6761678e-01
   2.3000000e+01  -8.8936680e-02  -1.5348257e-01
   2.3100000e+01  -1.2245758e-01  -1.1984274e-01
   2.3200000e+01  -1.1405852e-01  -9.0861200e-02
   2.3300000e+01  -6.6195875e-02  -7.3486036e-02
   2.3400000e+01  -1.9703064e-02  -5.7029474e-02
   2.3500000e+01  -1.5913834e-02  -3.4040949e-02
   2.3600000e+01  -5.7836608e-02  -1.2295968e-02
   2.3700000e+01  -1.1082382e-01  -2.4341648e-03
   2.3800000e+01  -1.3924786e-01  -8.8338498e-04
   2.3900000e+01  -1.3700957e-01   5.6914153e-03
   2.4000000e+01  -1.2192300e-01   1.9283403e-02
   2.4100000e+01  -1.0852940e-01   2.3256560e-02
   2.4200000e+01  -9.4120635e-02   2.8269319e-03
   2.4300000e+01  -6.9126340e-02  -3.0775578e-02
   2.4400000e+01  -3.2916797e-02  -4.4951717e-02
   2.4500000e+01   3.5740281e-03  -1.7315756e-02
   2.4600000e+01   2.6753671e-02   4.1464875e-02
   2.4700000e+01   3.0334130e-02   9.9370063e-02
   2.4800000e+01   2.1647161e-02   1.3430630e-01
   2.4900000e+01   2.0996446e-02   1.4918530e-01
   2.5000000e+01   4.7804588e-02   1.5746706e-01
   2.5100000e+01   9.8462478e-02   1.6087809e-01
   2.5200000e+01   1.4017041e-01   1.4663114e-01
   2.5300000e+01   1.3840773e-01   1.0554876e-01
   2.5400000e+01   9.6042910e-02   4.8821010e-02
   2.5500000e+01   5.7690631e-02   4.4141912e-03
   2.5600000e+01   6.6461385e-02  -4.3246392e-03
   2.5700000e+01   1.1884256e-01   2.0872971e-02
   2.5800000e+01   1.7082608e-01   5.1573098e-02
   2.5900000e+01   1.8834475e-01   5.3519260e-02
   2.6000000e+01   1.8125776e-01   1.5472506e-02
   2.6100000e+01   1.8184232e-01  -3.8559216e-02
   2.6200000e+01   1.9812844e-01  -6.8109404e-02
   2.6300000e+01   2.0095534e-01  -5.2564950e-02
   2.6400000e+01   1.5828047e-01  -1.1036465e-02
   2.6500000e+01   7.2524455e-02   1.5428088e-02
   2.6600000e+01  -2.2061086e-02   2.6450872e-03
   2.6700000e+01  -9.3400617e-02  -3.5997187e-02
   2.6800000e+01  -1.3488724e-01  -6.6370350e-02
   2.6900000e+01  -1.5705114e-01  -6.7540901e-02
   2.7000000e+01  -1.6727530e-01  -4.7688368e-02
   2.7100000e+01  -1.6488351e-01  -3.0798633e-02
   2.7200000e+01  -1.5149873e-01  -3.3257886e-02
   2.7300000e+01  -1.3600089e-01  -5.2720002e-02
   2.7400000e+01  -1.2517029e-01  -7.2866634e-02
   2.7500000e+01  -1.1404871e-01  -7.4920631e-02
   2.7600000e+01  -9.1029664e-02  -4.9467062e-02
   2.7700000e+01  -5.2285672e-02  -5.4110793e-03
   2.7800000e+01  -7.9094600e-03   3.1123358e-02
   2.7900000e+01   2.6477094e-02   3.3525896e-02
   2.8000000e+01   4.1604420e-02  -2.7722279e-03
   2.8100000e+01   3.8309842e-02  -5.3657242e-02
   2.8200000e+01   2.4150797e-02  -8.5038387e-02
   2.8300000e+01   9.5564757e-03  -7.9983421e-02
   2.8400000e+01   3.8922671e-03  -4.8453557e-02
   2.8500000e+01   8.3339921e-03  -1.3531831e-02
   2.8600000e+01   1.0126858e-02   8.1686488e-03
   2.8700000e+01  -1.1225346e-02   1.3522831e-02
   2.8800000e+01  -6.5074750e-02   7.1759426e-03
   2.8900000e+01  -1.3427222e-01  -4.9658132e-03
   2.9000000e+01  -1.8149509e-01  -1.6532765e-02
   2.9100000e+01  -1.7603922e-01  -1.9965890e-02
   2.9200000e+01  -1.1874666e-01  -9.8078955e-03
   2.9300000e+01  -4.2791624e-02   1.1425436e-02
   2.9400000e+01   1.0319541e-02   3.1322556e-02
   2.9500000e+01   1.8640489e-02   3.4086621e-02
   2.9600000e+01  -1.0349371e-02   1.3008252e-02
   2.9700000e+01  -5.1459797e-02  -2.0428548e-02
   2.9800000e+01  -8.0792242e-02  -4.0872136e-02
   2.9900000e+01  -8.7067264e-02  -2.7379774e-02
   3.0000000e+01  -7.2787752e-02   1.8168466e-02
   3.0100000e+01  -5.0858334e-02   7.0216355e-02
   3.0200000e+01  -3.8486905e-02   9.9099819e-02
   3.0300000e+01  -4.5937967e-02   9.3701225e-02
   3.0400000e+01  -6.4494145e-02   6.6917697e-02
   3.0500000e+01  -6.7095702e-02   4.1572186e-02
   3.0600000e+01  -2.8238395e-02   3.2149425e-02
   3.0700000e+01   5.1638961e-02   3.6873346e-02
   3.0800000e+01   1.4219352e-01   4.1511978e-02
   3.0900000e+01   2.0636488e-01   2.8980459e-02
   3.1000000e+01   2.2871953e-01  -9.3842334e-03
   3.1100000e+01   2.2151253e-01  -6.5072850e-02
   3.1200000e+01   2.0603105e-01  -1.1434184e-01
   3.1300000e+01   1.9263468e-01  -1.3470807e-01
   3.1400000e+01   1.7962130e-01  -1.2412530e-01
   3.1500000e+01   1.6511052e-01  -1.0250061e-01
   3.1600000e+01   1.5142197e-01  -9.0874654e-02
   3.1700000e+01   1.3605108e-01  -8.9494078e-02
   3.1800000e+01   1.0641255e-01  -7.9715345e-02
   3.1900000e+01   5.3591813e-02  -4.7988828e-02
   3.2000000e+01  -7.6585215e-03  -3.9795497e-03
   3.2100000e+01  -4.2393194e-02   2.8237371e-02
   3.2200000e+01  -2.9060198e-02   3.5035081e-02
   3.2300000e+01   1.0766478e-02   2.5426087e-02
   3.2400000e+01   2.5526957e-02   1.8730969e-02
   3.2500000e+01  -1.7107359e-02   2.4649192e-02
   3.2600000e+01  -9.7288301e-02   3.8188862e-02
   3.2700000e+01  -1.6471380e-01   5.1026875e-02
   3.2800000e+01  -1.9102584e-01   6.2468138e-02
   3.2900000e+01  -1.9276835e-01   7.8179479e-02
   3.3000000e+01  -2.0089162e-01   1.0189729e-01
   3.3100000e+01  -2.1733901e-01   1.3111123e-01
   3.3200000e+01  -2.1245065e-01   1.5900661e-01
   3.3300000e+01  -1.6429637e-01   1.7764312e-01
   3.3400000e+01  -9.0185227e-02   1.8029444e-01
   3.3500000e+01  -3.2839123e-02   1.6511330e-01
   3.3600000e+01  -1.8773703e-02   1.3882768e-01
   3.3700000e+01  -3.5209436e-02   1.1436117e-01
   3.3800000e+01  -4.5838810e-02   1.0081655e-01
   3.3900000e+01  -2.4069895e-02   9.4579067e-02
   3.4000000e+01   2.7775742e-02   8.1963950e-02
   3.4100000e+01   8.3794288e-02   5.2365134e-02
   3.4200000e+01   1.1462720e-01   9.1431391e-03
   3.4300000e+01   1.0852338e-01  -3.2551661e-02
   3.4400000e+01   8.1608969e-02  -5.8471243e-02
   3.4500000e+01   6.8355673e-02  -6.6012024e-02
   3.4600000e+01   9.4550857e-02  -6.3828252e-02
   3.4700000e+01   1.5307084e-01  -6.2771034e-02
   3.4800000e+01   2.0613119e-01  -6.8126272e-02
   3.4900000e+01   2.1474381e-01  -7.9737680e-02
   3.5000000e+01   1.6888344e-01  -9.7075523e-02
   3.5100000e+01   9.2112268e-02  -1.2128063e-01
   3.5200000e+01   2.1271292e-02  -1.5099302e-01
   3.5300000e+01  -1.7222070e-02  -1.7757984e-01
   3.5400000e+01  -1.8387807e-02  -1.8757288e-01
   3.5500000e+01   2.4197453e-03  -1.7252677e-01
   3.5600000e+01   1.7544296e-02  -1.3749035e-01
   3.5700000e+01   1.9217085e-03  -9.9201438e-02
   3.5800000e+01  -4.8270506e-02  -7.4412796e-02
   3.5900000e+01  -1.0751084e-01  -6.7926036e-02
   3.6000000e+01  -1.3668003e-01  -7.0262206e-02
   3.6100000e+01  -1.1476734e-01  -6.6683550e-02
   3.6200000e+01  -5.8807895e-02  -4.9808490e-02
   3.6300000e+01  -1.1301483e-02  -2.4923225e-02
   3.6400000e+01  -4.3060651e-03  -3.1488093e-03
   3.6500000e+01  -3.2223040e-02   1.1181736e-02
   3.6600000e+01  -5.8014097e-02   2.5944440e-02
   3.6700000e+01  -4.7180102e-02   5.2379509e-02
   3.6800000e+01   1.4763256e-03   8.9865595e-02
   3.6900000e+01   5.6206054e-02   1.2097634e-01
   3.7000000e+01   8.2274653e-02   1.2449587e-01
   3.7100000e+01   7.1656468e-02   9.4880986e-02
   3.7200000e+01   4.4244662e-02   4.8477086e-02
   3.7300000e+01   2.3452753e-02   1.0139425e-02
   3.7400000e+01   1.5542338e-02  -5.6646722e-03
   3.7500000e+01   1.3364064e-02  -1.0552144e-03
   3.7600000e+01   1.3193551e-02   1.3953881e-02
   3.7700000e+01   1.9304552e-02   3.1344134e-02
   3.7800000e+01   3.1972048e-02   4.5409456e-02
   3.7900000e+01   4.0073118e-02   4.8325671e-02
   3.8000000e+01   3.3067536e-02   3.2365135e-02
   3.8100000e+01   1.7906816e-02  -6.1066835e-04
   3.8200000e+01   1.5970713e-02  -3.4589032e-02
   3.8300000e+01   3.9112464e-02  -4.9043382e-02
   3.8400000e+01   7.0885284e-02  -3.6078710e-02
   3.8500000e+01   7.4787409e-02  -8.5780630e-03
   3.8600000e+01   2.3082549e-02   9.4002878e-03
   3.8700000e+01  -7.8895396e-02   2.2037340e-03
   3.8800000e+01  -1.9163345e-01  -2.4193788e-02
   3.8900000e+01  -2.6412110e-01  -4.5990027e-02
   3.9000000e+01  -2.6672164e-01  -3.9985369e-02
   3.9100000e+01  -2.1320020e-01  -3.6047388e-03
   3.9200000e+01  -1.5298345e-01   3.9076133e-02
   3.9300000e+01  -1.3360870e-01   5.2921127e-02
   3.9400000e+01  -1.6133258e-01   2.0119016e-02
   3.9500000e+01  -1.9620943e-01  -4.1408931e-02
   3.9600000e+01  -1.8901741e-01  -8.8471023e-02
   3.9700000e+01  -1.2603755e-01  -8.6698057e-02
   3.9800000e+01  -3.9297988e-02  -3.9107215e-02
   3.9900000e+01   2.4471086e-02   1.7620382e-02
   4.0000000e+01   4.2620351e-02   4.5941387e-02
   4.0100000e+01   2.7661444e-02   3.8226251e-02
   4.0200000e+01   8.4876139e-03   1.7888831e-02
   4.0300000e+01   7.0494128e-03   1.3670713e-02
   4.0400000e+01   3.0459128e-02   3.4242962e-02
   4.0500000e+01   7.5291753e-02   6.4908388e-02
   4.0600000e+01   1.3105568e-01   8.3502986e-02
   4.0700000e+01   1.8070482e-01   7.7113581e-02
   4.0800000e+01   2.0669796e-01   4.7525246e-02
   4.0900000e+01   2.0404463e-01   7.7278860e-03
   4.1000000e+01   1.8699754e-01  -2.3819595e-02
   4.1100000e+01   1.7705094e-01  -3.0205121e-02
   4.1200000e+01   1.8067821e-01  -5.6139853e-03
   4.1300000e+01   1.8124161e-01   3.7861929e-02
   4.1400000e+01   1.5706748e-01   7.5371149e-02
   4.1500000e+01   1.0726280e-01   8.6270495e-02
   4.1600000e+01   5.5219076e-02   6.8558047e-02
   4.1700000e+01   2.4625464e-02   3.6624760e-02
   4.1800000e+01   1.6041891e-02   6.0261166e-03
   4.1900000e+01   1.1535898e-02  -1.6756123e-02
   4.2000000e+01  -4.0037299e-04  -3.0156937e-02
   4.2100000e+01  -1.2465257e-02  -3.0217721e-02
   4.2200000e+01  -1.3248984e-02  -1.5014825e-02
   4.2300000e+01  -6.5310294e-03   4.4784656e-03
   4.2400000e+01  -7.2852667e-03   7.6378279e-03
   4.2500000e+01  -2.0089403e-02  -1.3729618e-02
   4.2600000e+01  -3.1272401e-02  -3.9312527e-02
   4.2700000e+01  -2.7345750e-02  -3.5884205e-02
   4.2800000e+01  -1.4728085e-02   6.4674399e-03
   4.2900000e+01  -1.2444061e-02   5.8605201e-02
   4.3000000e+01  -2.6301604e-02   7.9283437e-02
   4.3100000e+01  -3.9472497e-02   5.7141324e-02
   4.3200000e+01  -3.3214964e-02   2.0367901e-02
   4.3300000e+01  -1.0897920e-02   3.4566840e-03
   4.3400000e+01   6.2930781e-03   1.0101733e-02
   4.3500000e+01   5.9518175e-03   1.3934982e-02
   4.3600000e+01  -2.0524345e-03  -6.9290706e-03
   4.3700000e+01  -2.5658218e-03  -4.3270761e-02
   4.3800000e+01   1.0199928e-03  -6.4922714e-02
   4.3900000e+01  -1.0666987e-02  -5.3466263e-02
   4.4000000e+01  -4.5268306e-02  -2.1567914e-02
   4.4100000e+01  -8.1025297e-02  -1.9234394e-03
   4.4200000e+01  -8.4242578e-02  -1.9888243e-02
   4.4300000e+01  -4.5073481e-02  -7.4007034e-02
   4.4400000e+01   7.9853519e-03  -1.3624249e-01
   4.4500000e+01   3.1739797e-02  -1.6852423e-01
   4.4600000e+01   6.2837588e-03  -1.4557421e-01
   4.4700000e+01  -4.9393658e-02  -7.2308891e-02
   4.4800000e+01  -9.5686794e-02   1.5266926e-02
   4.4900000e+01  -1.0413692e-01   6.9637811e-02
   4.5000000e+01  -7.5735095e-02   6.1923093e-02
   4.5100000e+01  -3.6271686e-02   2.4056156e-03
   4.5200000e+01  -1.6885245e-02  -6.4550192e-02
   4.5300000e+01  -3.2643086e-02  -8.9663623e-02
   4.5400000e+01  -7.0335823e-02  -5.2344601e-02
   4.5500000e+01  -9.4941325e-02   2.5666310e-02
   4.5600000e+01  -7.5928712e-02   9.7240036e-02
   4.5700000e+01  -1.6527247e-02   1.2427285e-01
   4.5800000e+01   4.1995469e-02   1.0203396e-01
   4.5900000e+01   5.2367753e-02   5.5233824e-02
   4.6000000e+01   4.7009509e-03   1.3316571e-02
   4.6100000e+01  -6.1451235e-02  -1.0718177e-02
   4.6200000e+01  -9.2300239e-02  -2.1855378e-02
   4.6300000e+01  -7.0028654e-02  -3.0181428e-02
   4.6400000e+01  -2.7933023e-02  -3.9143630e-02
   4.6500000e+01  -1.5155641e-02  -4.3336782e-02
   4.6600000e+01  -4.7231349e-02  -3.3786379e-02
   4.6700000e+01  -9.1995645e-02  -6.1586871e-03
   4.6800000e+01  -1.0226455e-01   3.2208649e-02
   4.6900000e+01  -5.9569130e-02   6.2675729e-02
   4.7000000e+01   1.3368381e-02   6.7134046e-02
   4.7100000e+01   7.7271751e-02   4.3615714e-02
   4.7200000e+01   1.0768756e-01   9.3223826e-03
   4.7300000e+01   1.0417692e-01  -1.4820712e-02
   4.7400000e+01   7.8718346e-02  -2.2764295e-02
   4.7500000e+01   4.4656334e-02  -2.4944845e-02
   4.7600000e+01   1.6655383e-02  -3.2760277e-02
   4.7700000e+01   1.0961625e-02  -4.5556746e-02
   4.7800000e+01   3.5045466e-02  -5.4099987e-02
   4.7900000e+01   7.5899253e-02  -5.2655804e-02
   4.8000000e+01   1.0592817e-01  -4.3498353e-02
   4.8100000e+01   1.0679323e-01  -3.1267416e-02
   4.8200000e+01   8.7144497e-02  -1.8148405e-02
   4.8300000e+01   7.3683531e-02  -6.0386963e-03
   4.8400000e+01   8.4763982e-02   9.5898141e-04
   4.8500000e+01   1.1493084e-01   6.8302779e-04
   4.8600000e+01   1.4404312e-01  -1.2508272e-03
   4.8700000e+01   1.5647646e-01   5.8834035e-03
   4.8800000e+01   1.4945179e-01   2.6719537e-02
   4.8900000e+01   1.2785917e-01   5.2162540e-02
   4.9000000e+01   9.7946054e-02   6.5312402e-02
   4.9100000e+01   6.6718033e-02   5.6682528e-02
   4.9200000e+01   4.1822249e-02   3.4225280e-02
   4.9300000e+01   2.7119694e-02   1.8020698e-02
   4.9400000e+01   1.8492330e-02   2.3528425e-02
   4.9500000e+01   6.5481042e-03   4.8016154e-02
   4.9600000e+01  -1.4988128e-02   7.2816622e-02
   4.9700000e+01  -4.2783477e-02   8.0349655e-02
   4.9800000e+01  -6.5101565e-02   7.0519405e-02
   4.9900000e+01  -7.0660749e-02   6.0090668e-02
   5.0000000e+01  -5.9503705e-02   6.4528780e-02
   5.0100000e+01  -4.6276339e-02   8.0528775e-02
   5.0200000e+01  -4.9223763e-02   8.8595936e-02
   5.0300000e+01  -7.1875858e-02   7.4385027e-02
   5.0400000e+01  -9.7039747e-02   4.5815640e-02
   5.0500000e+01  -1.0430780e-01   2.5615088e-02
   5.0600000e+01  -9.4935049e-02   2.5817102e-02
   5.0700000e+01  -9.3811604e-02   3.2621392e-02
   5.0800000e+01  -1.2106863e-01   2.0287575e-02
   5.0900000e+01  -1.6326881e-01  -1.9799429e-02
   5.1000000e+01  -1.7949630e-01  -6.7174424e-02
   5.1100000e+01  -1.4007282e-01  -9.1638682e-02
   5.1200000e+01  -5.7954262e-02  -8.3451258e-02
   5.1300000e+01   2.0198178e-02  -6.2374800e-02
   5.1400000e+01   5.3453578e-02  -5.7468447e-02
   5.1500000e+01   3.7517096e-02  -8.0102646e-02
   5.1600000e+01   1.5649367e-03  -1.1629022e-01
   5.1700000e+01  -1.9687272e-02  -1.4147447e-01
   5.1800000e+01  -1.1802867e-02  -1.4017682e-01
   5.1900000e+01   1.2761344e-02  -1.1408934e-01
   5.2000000e+01   2.6750782e-02  -7.6985220e-02
   5.2100000e+01   9.3180191e-03  -4.4651307e-02
   5.2200000e+01  -3.6288133e-02  -2.7275708e-02
   5.2300000e+01  -8.2060667e-02  -2.6926997e-02
   5.2400000e+01  -9.6547732e-02  -3.8976758e-02
   5.2500000e+01  -7.2884228e-02  -5.4095058e-02
   5.2600000e+01  -3.5967628e-02  -5.8668871e-02
   5.2700000e+01  -1.8230854e-02  -3.7010415e-02
   5.2800000e+01  -2.7730149e-02   1.8786342e-02
   5.2900000e+01  -4.3250881e-02   9.4581342e-02
   5.3000000e+01  -4.0921538e-02   1.5208200e-01
   5.3100000e+01  -1.9872688e-02   1.5190848e-01
   5.3200000e+01   2.5690778e-03   8.8679786e-02
   5.3300000e+01   1.6207148e-02   3.4412635e-03
   5.3400000e+01   2.9240208e-02  -4.6072893e-02
   5.3500000e+01   5.2248121e-02  -3.3525830e-02
   5.3600000e+01   7.8603214e-02   1.6615935e-02
   5.3700000e+01   8.8314260e-02   5.7300044e-02
   5.3800000e+01   7.0504709e-02   6.3327826e-02
   5.3900000e+01   3.6939194e-02   4.5978330e-02
   5.4000000e+01   1.2358592e-02   2.8830415e-02
   5.4100000e+01   1.4544780e-02   1.8768257e-02
   5.4200000e+01   4.3513126e-02   5.2275065e-03
   5.4300000e+01   8.4285991e-02  -1.7637003e-02
   5.4400000e+01   1.1593734e-01  -3.7352038e-02
   5.4500000e+01   1.2157911e-01  -3.4942000e-02
   5.4600000e+01   9.7638035e-02  -6.7442404e-03
   5.4700000e+01   5.7883592e-02   2.9429611e-02
   5.4800000e+01   2.6684173e-02   4.9857263e-02
   5.4900000e+01   2.3873883e-02   4.5222704e-02
   5.5000000e+01   5.1813382e-02   2.6581575e-02
   5.5100000e+01   9.3285095e-02   1.4116858e-02
   5.5200000e+01   1.2056126e-01   2.0842078e-02
   5.5300000e+01   1.1089304e-01   4.4243936e-02
   5.5400000e+01   6.1717746e-02   6.9170374e-02
   5.5500000e+01  -4.1570514e-03   7.6910879e-02
   5.5600000e+01  -5.1667874e-02   5.4822317e-02
   5.5700000e+01  -5.9381326e-02   4.0244504e-03
   5.5800000e+01  -3.6392669e-02  -5.7300521e-02
   5.5900000e+01  -1.2102274e-02  -9.9745126e-02
   5.6000000e+01  -7.1979397e-03  -9.9082441e-02
   5.6100000e+01  -1.5373324e-02  -5.4154765e-02
   5.6200000e+01  -1.4472727e-02   9.1136250e-03
   5.6300000e+01   6.4823396e-03   5.3731869e-02
   5.6400000e+01   3.4447972e-02   5.5753400e-02
   5.6500000e+01   4.6455418e-02   1.7141121e-02
   5.6600000e+01   3.3844713e-02  -4.0399166e-02
   5.6700000e+01   1.0860199e-02  -9.1617975e-02
   5.6800000e+01  -5.1115919e-05  -1.2053059e-01
   5.6900000e+01   9.3418470e-03  -1.2440632e-01
   5.7000000e+01   2.4427622e-02  -1.1094015e-01
   5.7100000e+01   2.0718123e-02  -9.1564411e-02
   5.7200000e+01  -1.3114519e-02  -7.3890628e-02
   5.7300000e+01  -6.2679553e-02  -5.8176241e-02
   5.7400000e+01  -9.7779414e-02  -4.0776834e-02
   5.7500000e+01  -9.6884795e-02  -2.0218806e-02
   5.7600000e+01  -6.4471992e-02   1.4926279e-03
   5.7700000e+01  -2.6231656e-02   2.2110950e-02
   5.7800000e+01  -8.7127722e-03   3.9154762e-02
   5.7900000e+01  -2.3288727e-02   4.5054650e-02
   5.8000000e+01  -6.5144840e-02   2.8227775e-02
   5.8100000e+01  -1.1975610e-01  -1.2514665e-02
   5.8200000e+01  -1.6634963e-01  -5.4070644e-02
   5.8300000e+01  -1.8153263e-01  -5.9516893e-02
   5.8400000e+01  -1.5227756e-01  -1.3006765e-02
   5.8500000e+01  -9.1990344e-02   5.5785090e-02
   5.8600000e+01  -3.7906553e-02   9.1556236e-02
   5.8700000e+01  -2.1730193e-02   6.5518810e-02
   5.8800000e+01  -3.9094045e-02   6.8446084e-03
   5.8900000e+01  -5.3359561e-02  -2.3076809e-02
   5.9000000e+01  -3.4634372e-02   1.0493437e-02
   5.9100000e+01   7.2929433e-03   8.4232063e-02
   5.9200000e+01   3.3885441e-02   1.4324311e-01
   5.9300000e+01   2.1171435e-02   1.5367791e-01
   5.9400000e+01  -1.3420422e-02   1.2601816e-01
   5.9500000e+01  -3.0141882e-02   9.1776240e-02
   5.9600000e+01  -8.8773214e-03   6.8260512e-02
   5.9700000e+01   3.2466303e-02   5.2047012e-02
   5.9800000e+01   5.9519172e-02   4.0483896e-02
   5.9900000e+01   5.5115651e-02   4.5730944e-02
   6.0000000e+01   2.9553016e-02   7.9222402e-02
   6.0100000e+01   3.3641076e-03   1.2659392e-01
   6.0200000e+01  -1.2316654e-02   1.4954950e-01
   6.0300000e+01  -1.7255621e-02   1.1992425e-01
   6.0400000e+01  -1.1179827e-02   5.0013455e-02
   6.0500000e+01   1.0133797e-02  -1.6488186e-02
   6.0600000e+01   4.5138682e-02  -4.5051275e-02
   6.0700000e+01   7.7520707e-02  -3.8913668e-02
   6.0800000e+01   8.4677312e-02  -2.7024791e-02
   6.0900000e+01   6.0142617e-02  -2.9439601e-02
   6.1000000e+01   2.6334826e-02  -4.0765867e-02
   6.1100000e+01   1.9216705e-02  -4.5754042e-02
   6.1200000e+01   5.5320429e-02  -4.1702207e-02
   6.1300000e+01   1.1371135e-01  -3.9123625e-02
   6.1400000e+01   1.5352165e-01  -4.4810917e-02
   6.1500000e+01   1.5105350e-01  -5.4081342e-02
   6.1600000e+01   1.1909830e-01  -6.2587101e-02
   6.1700000e+01   9.0355120e-02  -7.7894005e-02
   6.1800000e+01   8.5246565e-02  -1.1025342e-01
   6.1900000e+01   9.7924499e-02  -1.5227672e-01
   6.2000000e+01   1.0955989e-01  -1.7663339e-01
   6.2100000e+01   1.0783152e-01  -1.6102286e-01
   6.2200000e+01   9.1467778e-02  -1.1435545e-01
   6.2300000e+01   6.2922766e-02  -7.2629646e-02
   6.2400000e+01   2.5669697e-02  -6.5874917e-02
   6.2500000e+01  -1.0251462e-02  -9.0126365e-02
   6.2600000e+01  -2.7660496e-02  -1.1311697e-01
   6.2700000e+01  -1.5131242e-02  -1.0651590e-01
   6.2800000e+01   1.7994620e-02  -7.1506028e-02
   6.2900000e+01   4.3133494e-02  -3.4256978e-02
   6.3000000e+01   3.3218012e-02  -1.9393291e-02
   6.3100000e+01  -1.5150236e-02  -2.8964194e-02
   6.3200000e+01  -7.8163891e-02  -4.4734126e-02
   6.3300000e+01  -1.2280891e-01  -4.6791117e-02
   6.3400000e+01  -1.3106913e-01  -2.8123471e-02
   6.3500000e+01  -1.1137719e-01   5.8523072e-03
   6.3600000e+01  -8.9929571e-02   4.5691358e-02
   6.3700000e+01  -9.0214014e-02   8.1828790e-02
   6.3800000e+01  -1.1675164e-01   1.0315342e-01
   6.3900000e+01  -1.5388779e-01   9.9996290e-02
   6.4000000e+01  -1.7817803e-01   7.4651136e-02
   6.4100000e+01  -1.7416589e-01   4.7021509e-02
   6.4200000e+01  -1.4354229e-01   4.2291259e-02
   6.4300000e+01  -1.0340985e-01   6.7901839e-02
   6.4400000e+01  -7.5329655e-02   1.0446842e-01
   6.4500000e+01  -7.1689749e-02   1.2396527e-01
   6.4600000e+01  -8.8692896e-02   1.1758956e-01
   6.4700000e+01  -1.1151746e-01   1.0228400e-01
   6.4800000e+01  -1.2638644e-01   9.8203968e-02
   6.4900000e+01  -1.2695231e-01   1.0353136e-01
   6.5000000e+01  -1.0981864e-01   9.6531455e-02
   6.5100000e+01  -6.9466591e-02   6.2410208e-02
   6.5200000e+01  -5.1346006e-03   1.3194204e-02
   6.5300000e+01   6.5722383e-02  -2.2259444e-02
   6.5400000e+01   1.0859515e-01  -2.5786831e-02
   6.5500000e+01   9.7222503e-02  -4.2825743e-03
   6.5600000e+01   4.2036173e-02   2.1103007e-02
   6.5700000e+01  -1.0843160e-02   3.3587805e-02
   6.5800000e+01  -1.5613313e-02   2.6554662e-02
   6.5900000e+01   3.4799485e-02  -1.5845415e-03
   6.6000000e+01   1.0531818e-01  -4.7117820e-02
   6.6100000e+01   1.5196132e-01  -9.2618073e-02
   6.6200000e+01   1.5712075e-01  -1.0791911e-01
   6.6300000e+01   1.3464796e-01  -7.2168087e-02
   6.6400000e+01   1.0727068e-01   5.6997216e-04
   6.6500000e+01   8.4959692e-02   6.3842190e-02
   6.6600000e+01   6.4448319e-02   7.5801350e-02
   6.6700000e+01   4.2876504e-02   3.7193516e-02
   6.6800000e+01   2.5610985e-02  -9.5163039e-03
   6.6900000e+01   2.0438936e-02  -2.0863063e-02
   6.7000000e+01   2.8259769e-02   8.2890165e-03
   6.7100000e+01   4.2425361e-02   4.5713258e-02
   6.7200000e+01   5.6078898e-02   5.8012384e-02
   6.7300000e+01   6.7335447e-02   4.1494013e-02
   6.7400000e+01   7.6708063e-02   1.8192212e-02
   6.7500000e+01   8.1894930e-02   8.0000256e-03
   6.7600000e+01   7.7915881e-02   1.0102023e-02
   6.7700000e+01   6.3120863e-02   1.0034262e-02
   6.7800000e+01   4.3857325e-02  -1.4297506e-03
   6.7900000e+01   3.1585578e-02  -1.9614816e-02
   6.8000000e+01   3.4091582e-02  -3.2926235e-02
   6.8100000e+01   4.8516863e-02  -3.4191790e-02
   6.8200000e+01   6.2763258e-02  -2.5373278e-02
   6.8300000e+01   6.5018168e-02  -1.4775076e-02
   6.8400000e+01   5.4070575e-02  -1.1443284e-02
   6.8500000e+01   4.1132327e-02  -2.0269417e-02
   6.8600000e+01   3.9899736e-02  -3.9680753e-02
   6.8700000e+01   5.2567746e-02  -6.3201629e-02
   6.8800000e+01   6.5627088e-02  -8.3607532e-02
   6.8900000e+01   6.1767436e-02  -9.5702003e-02
   6.9000000e+01   3.7473417e-02  -9.6076951e-02
   6.9100000e+01   7.5260807e-03  -8.3359666e-02
   6.9200000e+01  -1.0170365e-02  -6.1654619e-02
   6.9300000e+01  -1.4039568e-02  -4.2445312e-02
   6.9400000e+01  -2.0606502e-02  -3.7867943e-02
   6.9500000e+01  -4.5433079e-02  -4.8256788e-02
   6.9600000e+01  -8.4108041e-02  -5.7833351e-02
   6.9700000e+01  -1.1511760e-01  -4.7429362e-02
   6.9800000e+01  -1.2192115e-01  -1.4320217e-02
   6.9900000e+01  -1.0972002e-01   2.1563309e-02
   7.0000000e+01  -9.8805009e-02   3.3847298e-02
   7.0100000e+01  -1.0316353e-01   1.4121307e-02
   7.0200000e+01  -1.1852901e-01  -1.9048693e-02
   7.0300000e+01  -1.3115625e-01  -3.5855366e-02
   7.0400000e+01  -1.3443690e-01  -2.1554045e-02
   7.0500000e+01  -1.3387663e-01   1.1153150e-02
   7.0600000e+01  -1.3735498e-01   3.5497659e-02
   7.0700000e+01  -1.4477067e-01   3.7019737e-02
   7.0800000e+01  -1.4897678e-01   2.6656009e-02
   7.0900000e+01  -1.4434784e-01   2.6907879e-02
   7.1000000e+01  -1.3153694e-01   4.5840466e-02
   7.1100000e+01  -1.1461459e-01   6.7714371e-02
   7.1200000e+01  -9.6622469e-02   7.0904261e-02
   7.1300000e+01  -7.8644233e-02   5.2287906e-02
   7.1400000e+01  -6.0483674e-02   2.9766479e-02
   7.1500000e+01  -4.0209862e-02   2.0978527e-02
   7.1600000e+01  -1.5043685e-02   2.4470686e-02
   7.1700000e+01   1.3973110e-02   2.5069282e-02
   7.1800000e+01   3.8802886e-02   1.5016358e-02
   7.1900000e+01   5.0463839e-02   4.7616041e-03
   7.2000000e+01   5.0772732e-02   1.1653876e-02
   7.2100000e+01   5.4471900e-02   4.0348949e-02
   7.2200000e+01   7.3851785e-02   7.5582366e-02
   7.2300000e+01   1.0046532e-01   9.3261360e-02
   7.2400000e+01   1.0759677e-01   7.9364138e-02
   7.2500000e+01   7.6328744e-02   4.1676268e-02
   7.2600000e+01   1.9013357e-02   5.2157576e-03
   7.2700000e+01  -2.7007894e-02  -6.8592358e-03
   7.2800000e+01  -3.1142726e-02   7.1639779e-03
   7.2900000e+01   5.4749027e-03   2.5640572e-02
   7.3000000e+01   5.5696572e-02   2.3890971e-02
   7.3100000e+01   9.2937143e-02  -1.6412530e-03
   7.3200000e+01   1.0936675e-01  -3.0564158e-02
   7.3300000e+01   1.1103647e-01  -4.0673952e-02
   7.3400000e+01   1.0257976e-01  -3.0978908e-02
   7.3500000e+01   8.1977732e-02  -2.0470128e-02
   7.3600000e+01   4.9382105e-02  -2.5150709e-02
   7.3700000e+01   1.6136348e-02  -3.9703729e-02
   7.3800000e+01   8.7762535e-04  -4.3279785e-02
   7.3900000e+01   1.5029371e-02  -2.1590495e-02
   7.4000000e+01   5.1801436e-02   1.8137945e-02
   7.4100000e+01   8.9744721e-02   5.2271545e-02
   7.4200000e+01   1.0842034e-01   5.8219597e-02
   7.4300000e+01   1.0281386e-01   2.8534166e-02
   7.4400000e+01   8.4447822e-02  -2.5948200e-02
   7.4500000e+01   6.9424573e-02  -8.1484777e-02
   7.4600000e+01   6.5219725e-02  -1.1132338e-01
   7.4700000e+01   6.7507886e-02  -9.8576234e-02
   7.4800000e+01   6.6973970e-02  -4.8171007e-02
   7.4900000e+01   5.7275045e-02   1.1383344e-02
   7.5000000e+01   3.8109945e-02   4.3271519e-02
   7.5100000e+01   1.5062753e-02   2.7849788e-02
   7.5200000e+01  -1.3537291e-03  -2.1297568e-02
   7.5300000e+01  -6.3615182e-05  -6.6491394e-02
   7.5400000e+01   2.1364167e-02  -7.5409672e-02
   7.5500000e+01   5.0485500e-02  -4.6894507e-02
   7.5600000e+01   6.6992035e-02  -1.0587776e-02
   7.5700000e+01   5.9536045e-02  -1.0062050e-04
   7.5800000e+01   3.4505699e-02  -2.3024330e-02
   7.5900000e+01   5.9464634e-03  -5.4532516e-02
   7.6000000e+01  -2.0812863e-02  -6.0487136e-02
   7.6100000e+01  -5.0623105e-02  -2.8923062e-02
   7.6200000e+01  -8.4228078e-02   1.9178824e-02
   7.6300000e+01  -1.1013277e-01   4.9238983e-02
   7.6400000e+01  -1.1660687e-01   4.3212405e-02
   7.6500000e+01  -1.0830551e-01   1.2078677e-02
   7.6600000e+01  -1.0274639e-01  -1.8444202e-02
   7.6700000e+01  -1.0841008e-01  -3.1652721e-02
   7.6800000e+01  -1.1286313e-01  -2.9765291e-02
   7.6900000e+01  -9.7830365e-02  -2.4469414e-02
   7.7000000e+01  -6.2796326e-02  -2.2132078e-02
   7.7100000e+01  -2.7587207e-02  -1.9065871e-02
   7.7200000e+01  -1.2087970e-02  -8.4399654e-03
   7.7300000e+01  -1.9141311e-02   1.1179640e-02
   7.7400000e+01  -3.8367754e-02   3.4708517e-02
   7.7500000e+01  -5.9747467e-02   5.6506858e-02
   7.7600000e+01  -7.7700385e-02   7.5560578e-02
   7.7700000e+01  -8.6024914e-02   9.3192102e-02
   7.7800000e+01  -7.8190691e-02   1.0576103e-01
   7.7900000e+01  -5.5546867e-02   1.0285587e-01
   7.8000000e+01  -2.9576690e-02   7.7320559e-02
   7.8100000e+01  -1.1134684e-02   3.8160902e-02
   7.8200000e+01   2.0426419e-04   9.0160227e-03
   7.8300000e+01   1.1970279e-02   8.5789532e-03
   7.8400000e+01   2.6264350e-02   3.2562715e-02
   7.8500000e+01   3.7811516e-02   5.8892528e-02
   7.8600000e+01   4.5339992e-02   7.1012580e-02
   7.8700000e+01   5.7235334e-02   7.0769111e-02
   7.8800000e+01   7.8831941e-02   6.5251722e-02
   7.8900000e+01   9.7099499e-02   4.7307497e-02
   7.9000000e+01   8.8085036e-02  -1.1883380e-05
   7.9100000e+01   4.4953707e-02  -7.6171680e-02
   7.9200000e+01  -6.4703194e-03  -1.4772019e-01
   7.9300000e+01  -2.8458342e-02  -1.6960333e-01
   7.9400000e+01  -9.2076011e-03  -1.2499112e-01
   7.9500000e+01   2.5081503e-02  -4.2107825e-02
   7.9600000e+01   3.8510274e-02   2.9159528e-02
   7.9700000e+01   2.1670643e-02   5.6534360e-02
   7.9800000e+01  -4.2549581e-03   4.3494397e-02
   7.9900000e+01  -1.5077449e-02   1.3946200e-02
   8.0000000e+01  -8.1459739e-03  -1.5603956e-02
