   1.0221618e+02   2.8602761e+01   2.5212700e+03
   1.0224352e+02   2.8442986e+01   2.2430600e+03
   0.0000000e+00   8.2285157e-01   8.2285157e-01
   1.0000000e-01   9.3640038e-01   6.6636109e-01
   2.0000000e-01   9.8309790e-01   5.1152887e-01
   3.0000000e-01   9.7950921e-01   3.8543140e-01
   4.0000000e-01   9.6625507e-01   2.7735724e-01
   5.0000000e-01   9.7187493e-01   1.5626967e-01
   6.0000000e-01   9.9157830e-01   7.3071771e-03
   7.0000000e-01   1.0000000e+00  -1.5203255e-01
   8.0000000e-01   9.8171465e-01  -2.9251091e-01
   9.0000000e-01   9.4463568e-01  -4.0429435e-01
   1.0000000e+00   9.0235869e-01  -5.0136154e-01
   1.1000000e+00   8.5009380e-01  -5.9762829e-01
   1.2000000e+00   7.6773168e-01  -6.8935853e-01
   1.3000000e+00   6.4839064e-01  -7.6631399e-01
   1.4000000e+00   5.1460701e-01  -8.3134419e-01
   1.5000000e+00   3.9663372e-01  -8.9657866e-01
   1.6000000e+00   2.9648306e-01  -9.6140146e-01
   1.7000000e+00   1.8391712e-01  -1.0077192e+00
   1.8000000e+00   3.3404498e-02  -1.0237968e+00
   1.9000000e+00  -1.4099855e-01  -1.0227952e+00
   2.0000000e+00  -2.9544135e-01  -1.0253354e+00
   2.1000000e+00  -3.9933098e-01  -1.0272392e+00
   2.2000000e+00  -4.6087694e-01  -9.9911428e-01
   2.3000000e+00  -5.0852424e-01  -9.2230824e-01
   2.4000000e+00  -5.5610942e-01  -8.1343690e-01
   2.5000000e+00  -5.9462203e-01  -7.0338990e-01
   2.6000000e+00  -6.1411911e-01  -5.9932448e-01
   2.7000000e+00  -6.2095786e-01  -4.8144879e-01
   2.8000000e+00  -6.2725008e-01  -3.3757291e-01
   2.9000000e+00  -6.3082351e-01  -1.8677404e-01
   3.0000000e+00  -6.1680979e-01  -6.0257875e-02
   3.1000000e+00  -5.8013088e-01   3.3958910e-02
   3.2000000e+00  -5.3714688e-01   1.1724426e-01
   3.3000000e+00  -5.0802629e-01   2.1380150e-01
   3.4000000e+00  -4.9141724e-01   3.2759676e-01
   3.5000000e+00  -4.6538120e-01   4.4625105e-01
   3.6000000e+00  -4.1552398e-01   5.5708675e-01
   3.7000000e+00  -3.5554129e-01   6.5199705e-01
   3.8000000e+00  -3.1367269e-01   7.2262962e-01
   3.9000000e+00  -3.0046200e-01   7.6238999e-01
   4.0000000e+00  -2.9584403e-01   7.7646898e-01
   4.1000000e+00  -2.7001771e-01   7.8335381e-01
   4.2000000e+00  -2.1380971e-01   7.9996111e-01
   4.3000000e+00  -1.4643635e-01   8.2517655e-01
   4.4000000e+00  -9.6170276e-02   8.4087668e-01
   4.5000000e+00  -7.6368311e-02   8.2955755e-01
   4.6000000e+00  -7.8157204e-02   7.8927090e-01
   4.7000000e+00  -8.1227346e-02   7.3124407e-01
   4.8000000e+00  -7.0262774e-02   6.6559565e-01
   4.9000000e+00  -4.4874324e-02   5.9206834e-01
   5.0000000e+00  -1.7581807e-02   5.0439938e-01
   5.1000000e+00  -1.6596744e-03   4.0059002e-01
   5.2000000e+00   1.9800982e-03   2.8628046e-01
   5.3000000e+00   7.3140572e-03   1.6929380e-01
   5.4000000e+00   3.2397086e-02   5.5103380e-02
   5.5000000e+00   8.5696846e-02  -5.0260048e-02
   5.6000000e+00   1.6180608e-01  -1.3674809e-01
   5.7000000e+00   2.4670282e-01  -1.9654777e-01
   5.8000000e+00   3.2380477e-01  -2.3613439e-01
   5.9000000e+00   3.7773889e-01  -2.7707288e-01
   6.0000000e+00   4.0082349e-01  -3.3766482e-01
   6.1000000e+00   4.0155208e-01  -4.1167187e-01
   6.2000000e+00   4.0313631e-01  -4.6920576e-01
   6.3000000e+00   4.2569600e-01  -4.8369271e-01
   6.4000000e+00   4.6693187e-01  -4.5948336e-01
   6.5000000e+00   5.0371134e-01  -4.3101013e-01
   6.6000000e+00   5.1495269e-01  -4.3223793e-01
   6.7000000e+00   5.0016913e-01  -4.6543706e-01
   6.8000000e+00   4.7331649e-01  -4.9926995e-01
   6.9000000e+00   4.4271097e-01  -4.9706100e-01
   7.0000000e+00   4.0363764e-01  -4.4710767e-01
   7.1000000e+00   3.5051837e-01  -3.6736822e-01
   7.2000000e+00   2.8866625e-01  -2.8480364e-01
   7.3000000e+00   2.2853930e-01  -2.1399925e-01
   7.4000000e+00   1.7188400e-01  -1.5483305e-01
   7.5000000e+00   1.1071292e-01  -1.0391251e-01
   7.6000000e+00   4.1156746e-02  -6.1101648e-02
   7.7000000e+00  -2.7233311e-02  -2.5038000e-02
   7.8000000e+00  -8.0131127e-02   1.0480986e-02
   7.9000000e+00  -1.1434987e-01   4.9951518e-02
   8.0000000e+00  -1.4136255e-01   8.8164411e-02
   8.1000000e+00  -1.7499628e-01   1.1462912e-01
   8.2000000e+00  -2.1782527e-01   1.2706593e-01
   8.3000000e+00  -2.5907435e-01   1.3535965e-01
   8.4000000e+00  -2.8291351e-01   1.4801632e-01
   8.5000000e+00  -2.7912481e-01   1.5760947e-01
   8.6000000e+00  -2.5085380e-01   1.4639624e-01
   8.7000000e+00  -2.1574764e-01   1.0898597e-01
   8.8000000e+00  -1.9618340e-01   6.5226511e-02
   8.9000000e+00  -2.0124836e-01   4.4758270e-02
   9.0000000e+00  -2.1580297e-01   5.7494606e-02
   9.1000000e+00  -2.1181137e-01   8.2687397e-02
   9.2000000e+00  -1.7589298e-01   8.9706171e-02
   9.3000000e+00  -1.2605897e-01   6.7681400e-02
   9.4000000e+00  -9.7807107e-02   3.1303085e-02
   9.5000000e+00  -1.1142244e-01  -9.5564467e-04
   9.6000000e+00  -1.5319277e-01  -2.6829376e-02
   9.7000000e+00  -1.8879501e-01  -5.3502061e-02
   9.8000000e+00  -1.9387616e-01  -7.6311704e-02
   9.9000000e+00  -1.7178267e-01  -7.6430415e-02
   1.0000000e+01  -1.4500809e-01  -4.5696985e-02
   1.0100000e+01  -1.3317921e-01  -6.2837251e-03
   1.0200000e+01  -1.3865905e-01   6.3955280e-03
   1.0300000e+01  -1.4844616e-01  -1.7263646e-02
   1.0400000e+01  -1.4617876e-01  -4.7386291e-02
   1.0500000e+01  -1.2400329e-01  -4.5986544e-02
   1.0600000e+01  -8.7746801e-02  -7.5110458e-03
   1.0700000e+01  -5.2756366e-02   3.8874674e-02
   1.0800000e+01  -3.1990245e-02   6.4818860e-02
   1.0900000e+01  -2.4463005e-02   7.0775690e-02
   1.1000000e+01  -1.5041330e-02   7.5704644e-02
   1.1100000e+01   1.1903770e-02   8.8309819e-02
   1.1200000e+01   5.6995631e-02   9.8328254e-02
   1.1300000e+01   1.0422328e-01   9.3725794e-02
   1.1400000e+01   1.3498092e-01   7.5623095e-02
   1.1500000e+01   1.4313530e-01   5.2456652e-02
   1.1600000e+01   1.3699294e-01   2.8035194e-02
   1.1700000e+01   1.2980707e-01   4.2919497e-03
   1.1800000e+01   1.3099153e-01  -7.8332155e-03
   1.1900000e+01   1.4406793e-01   7.2229824e-03
   1.2000000e+01   1.6660843e-01   4.8323277e-02
   1.2100000e+01   1.8843781e-01   8.7781073e-02
   1.2200000e+01   1.9354786e-01   9.3629443e-02
   1.2300000e+01   1.7121922e-01   6.3715161e-02
   1.2400000e+01   1.2897266e-01   3.0696945e-02
   1.2500000e+01   9.1762781e-02   2.8137143e-02
   1.2600000e+01   8.3018530e-02   5.5073966e-02
   1.2700000e+01   1.0340915e-01   7.9944043e-02
   1.2800000e+01   1.2854447e-01   7.7988344e-02
   1.2900000e+01   1.2948071e-01   5.6863324e-02
   1.3000000e+01   9.7844238e-02   4.2082538e-02
   1.3100000e+01   5.2924180e-02   4.4465218e-02
   1.3200000e+01   2.4414416e-02   5.1136543e-02
   1.3300000e+01   2.5669315e-02   4.7334206e-02
   1.3400000e+01   4.0590561e-02   3.6216109e-02
   1.3500000e+01   3.6488458e-02   3.0670114e-02
   1.3600000e+01  -6.6618323e-03   3.2022169e-02
   1.3700000e+01  -7.6018726e-02   2.7581509e-02
   1.3800000e+01  -1.3445351e-01   1.0053874e-02
   1.3900000e+01  -1.5189781e-01  -1.0279802e-02
   1.4000000e+01  -1.3078586e-01  -1.9303291e-02
   1.4100000e+01  -1.0168986e-01  -1.9856166e-02
   1.4200000e+01  -9.4634769e-02  -2.9658319e-02
   1.4300000e+01  -1.1485040e-01  -5.7773522e-02
   1.4400000e+01  -1.4416834e-01  -9.1055685e-02
   1.4500000e+01  -1.6133415e-01  -1.0899056e-01
   1.4600000e+01  -1.5836841e-01  -1.0712618e-01
   1.4700000e+01  -1.4046742e-01  -9.8267697e-02
   1.4800000e+01  -1.1648700e-01  -9.1693130e-02
   1.4900000e+01  -9.2589235e-02  -8.1029580e-02
   1.5000000e+01  -7.2346417e-02  -5.8928003e-02
   1.5100000e+01  -5.8519649e-02  -3.7508903e-02
   1.5200000e+01  -5.2963282e-02  -4.1796806e-02
   1.5300000e+01  -5.5122093e-02  -7.8229671e-02
   1.5400000e+01  -6.0284954e-02  -1.1758808e-01
   1.5500000e+01  -5.8848447e-02  -1.1966148e-01
   1.5600000e+01  -3.9434698e-02  -7.6218229e-02
   1.5700000e+01   3.0207751e-03  -2.2739233e-02
   1.5800000e+01   5.9988666e-02  -3.4886768e-03
   1.5900000e+01   1.1186064e-01  -2.8533894e-02
   1.6000000e+01   1.4097176e-01  -6.8951048e-02
   1.6100000e+01   1.4393323e-01  -9.0057904e-02
   1.6200000e+01   1.3194992e-01  -8.1546281e-02
   1.6300000e+01   1.2056441e-01  -5.5724354e-02
   1.6400000e+01   1.1993590e-01  -2.7404721e-02
   1.6500000e+01   1.3225709e-01  -4.1515895e-03
   1.6600000e+01   1.5296837e-01   8.9732689e-03
   1.6700000e+01   1.7156505e-01   8.0483000e-03
   1.6800000e+01   1.7477345e-01  -1.5516199e-03
   1.6900000e+01   1.5569858e-01  -3.5998655e-03
   1.7000000e+01   1.2297357e-01   1.3350646e-02
   1.7100000e+01   9.7684083e-02   3.9624066e-02
   1.7200000e+01   9.5641483e-02   5.0883535e-02
   1.7300000e+01   1.1026330e-01   3.3746276e-02
   1.7400000e+01   1.1518388e-01   1.1597578e-03
   1.7500000e+01   8.7511896e-02  -2.0747408e-02
   1.7600000e+01   3.0295131e-02  -1.8787533e-02
   1.7700000e+01  -2.8484346e-02  -2.7687592e-03
   1.7800000e+01  -6.0018061e-02   8.5223041e-03
   1.7900000e+01  -5.8352541e-02   7.0206735e-03
   1.8000000e+01  -4.1694293e-02   7.8925602e-04
   1.8100000e+01  -3.3068096e-02   3.8156426e-03
   1.8200000e+01  -4.1316630e-02   2.2818741e-02
   1.8300000e+01  -5.8994681e-02   5.1782158e-02
   1.8400000e+01  -7.4261513e-02   7.6258145e-02
   1.8500000e+01  -8.2291722e-02   8.3677846e-02
   1.8600000e+01  -8.7068266e-02   7.2951546e-02
   1.8700000e+01  -9.5563410e-02   5.5796682e-02
   1.8800000e+01  -1.1071058e-01   4.7302270e-02
   1.8900000e+01  -1.2763364e-01   5.3355517e-02
   1.9000000e+01  -1.3543645e-01   6.7015733e-02
   1.9100000e+01  -1.2460059e-01   7.7052346e-02
   1.9200000e+01  -9.5362584e-02   7.8537651e-02
   1.9300000e+01  -5.9554030e-02   7.4106127e-02
   1.9400000e+01  -3.3330605e-02   6.7171836e-02
   1.9500000e+01  -2.7035438e-02   5.8211271e-02
   1.9600000e+01  -4.0244607e-02   4.8884557e-02
   1.9700000e+01  -6.3127539e-02   4.5516845e-02
   1.9800000e+01  -8.0367654e-02   5.3083224e-02
   1.9900000e+01  -7.7133805e-02   6.5449486e-02
   2.0000000e+01  -4.8953376e-02   6.6669579e-02
   2.0100000e+01  -1.0140361e-02   4.6273189e-02
   2.0200000e+01   1.1527140e-02   1.2103017e-02
   2.0300000e+01  -3.5464297e-03  -1.5996654e-02
   2.0400000e+01  -4.7088204e-02  -2.6170080e-02
   2.0500000e+01  -8.8006929e-02  -2.5433790e-02
   2.0600000e+01  -1.0058593e-01  -2.9136150e-02
   2.0700000e+01  -8.6938189e-02  -4.2323487e-02
   2.0800000e+01  -6.9710042e-02  -5.4965878e-02
   2.0900000e+01  -6.4873436e-02  -5.4956422e-02
   2.1000000e+01  -6.6430435e-02  -4.2262734e-02
   2.1100000e+01  -5.8340851e-02  -2.9081649e-02
   2.1200000e+01  -3.6057419e-02  -2.8543949e-02
   2.1300000e+01  -1.1708112e-02  -4.4680949e-02
   2.1400000e+01  -5.2063066e-06  -7.0460440e-02
   2.1500000e+01  -3.9354432e-03  -9.1833284e-02
   2.1600000e+01  -1.4476455e-02  -9.4831774e-02
   2.1700000e+01  -1.9331967e-02  -7.4346068e-02
   2.1800000e+01  -9.2878707e-03  -3.9833323e-02
   2.1900000e+01   1.9442103e-02  -1.0795318e-02
   2.2000000e+01   6.2371029e-02  -2.4620280e-03
   2.2100000e+01   1.0550564e-01  -1.3707115e-02
   2.2200000e+01   1.3272492e-01  -2.9093352e-02
   2.2300000e+01   1.3938939e-01  -3.2830030e-02
   2.2400000e+01   1.3795632e-01  -2.0805394e-02
   2.2500000e+01   1.4669996e-01  -1.0667341e-03
   2.2600000e+01   1.7177565e-01   1.4106398e-02
   2.2700000e+01   2.0149357e-01   1.6154813e-02
   2.2800000e+01   2.1789512e-01   4.7481811e-03
   2.2900000e+01   2.1193189e-01  -1.0765658e-02
   2.3000000e+01   1.8763806e-01  -1.5100803e-02
   2.3100000e+01   1.5587883e-01   1.7428417e-03
   2.3200000e+01   1.2804733e-01   3.2342150e-02
   2.3300000e+01   1.1389635e-01   5.2954125e-02
   2.3400000e+01   1.1837227e-01   4.2913533e-02
   2.3500000e+01   1.3515616e-01   6.1429795e-03
   2.3600000e+01   1.4484426e-01  -2.9285723e-02
   2.3700000e+01   1.2598307e-01  -3.6951388e-02
   2.3800000e+01   7.3266093e-02  -1.7476560e-02
   2.3900000e+01   5.5366926e-03   4.2571007e-03
   2.4000000e+01  -4.6876567e-02   6.6964839e-03
   2.4100000e+01  -6.5917593e-02  -7.5725622e-03
   2.4200000e+01  -5.9468960e-02  -1.9717656e-02
   2.4300000e+01  -5.3207193e-02  -1.7977199e-02
   2.4400000e+01  -6.9085553e-02  -7.3344043e-03
   2.4500000e+01  -1.0917297e-01   1.7296127e-03
   2.4600000e+01  -1.5611251e-01   5.5968854e-03
   2.4700000e+01  -1.8685537e-01   5.3537004e-03
   2.4800000e+01  -1.8849902e-01  -3.7853633e-04
   2.4900000e+01  -1.6662814e-01  -1.1686638e-02
   2.5000000e+01  -1.4173702e-01  -1.8096452e-02
   2.5100000e+01  -1.3509932e-01  -3.3719411e-03
   2.5200000e+01  -1.5248963e-01   3.4375622e-02
   2.5300000e+01  -1.7856068e-01   7.2176875e-02
   2.5400000e+01  -1.8864845e-01   8.0007693e-02
   2.5500000e+01  -1.6942775e-01   5.1091906e-02
   2.5600000e+01  -1.2998139e-01   1.1004337e-02
   2.5700000e+01  -9.3109847e-02  -5.2901288e-03
   2.5800000e+01  -7.5857250e-02   1.5419162e-02
   2.5900000e+01  -7.7640343e-02   5.4766404e-02
   2.6000000e+01  -8.4697248e-02   7.9269902e-02
   2.6100000e+01  -8.3373833e-02   6.5630464e-02
   2.6200000e+01  -6.9499307e-02   1.6609343e-02
   2.6300000e+01  -4.8487170e-02  -4.0171357e-02
   2.6400000e+01  -2.9128378e-02  -6.9724339e-02
   2.6500000e+01  -1.6112311e-02  -5.4698215e-02
   2.6600000e+01  -5.6486628e-03  -9.9496541e-03
   2.6700000e+01   1.1705870e-02   2.8790892e-02
   2.6800000e+01   4.0829126e-02   3.5517756e-02
   2.6900000e+01   7.3027341e-02   1.4939268e-02
   2.7000000e+01   9.0217137e-02  -7.8714910e-03
   2.7100000e+01   8.2442995e-02  -1.6850578e-02
   2.7200000e+01   6.1388751e-02  -1.9289719e-02
   2.7300000e+01   5.2296641e-02  -2.9934546e-02
   2.7400000e+01   6.9577160e-02  -4.7144475e-02
   2.7500000e+01   1.0218299e-01  -5.2686917e-02
   2.7600000e+01   1.2578219e-01  -3.5724947e-02
   2.7700000e+01   1.2785983e-01  -9.7466146e-03
   2.7800000e+01   1.1692697e-01   5.9229908e-04
   2.7900000e+01   1.0754497e-01  -1.2284006e-02
   2.8000000e+01   1.0266656e-01  -3.0122740e-02
   2.8100000e+01   9.5364278e-02  -3.0547745e-02
   2.8200000e+01   8.4082850e-02  -1.2973823e-02
   2.8300000e+01   7.7782828e-02   2.1221027e-03
   2.8400000e+01   8.3190452e-02  -1.4926758e-03
   2.8500000e+01   9.2582593e-02  -1.7192831e-02
   2.8600000e+01   9.0549081e-02  -2.5113352e-02
   2.8700000e+01   7.2511049e-02  -1.6485889e-02
   2.8800000e+01   5.1616469e-02  -2.5278487e-03
   2.8900000e+01   4.4922228e-02   1.3950346e-03
   2.9000000e+01   5.4921896e-02  -5.1238549e-03
   2.9100000e+01   6.7092140e-02  -8.8734125e-03
   2.9200000e+01   6.4954485e-02  -1.2135364e-03
   2.9300000e+01   4.5647878e-02   1.1451487e-02
   2.9400000e+01   2.0726254e-02   1.7804121e-02
   2.9500000e+01   3.5775577e-03   1.7556988e-02
   2.9600000e+01  -2.4520395e-03   2.1485655e-02
   2.9700000e+01  -3.9352082e-03   3.5891757e-02
   2.9800000e+01  -7.6244526e-03   5.2556228e-02
   2.9900000e+01  -1.3554312e-02   5.7321730e-02
   3.0000000e+01  -1.8996960e-02   4.5960916e-02
   3.0100000e+01  -2.6822727e-02   2.8037855e-02
   3.0200000e+01  -4.4950317e-02   1.6296742e-02
   3.0300000e+01  -7.4887385e-02   1.5624662e-02
   3.0400000e+01  -1.0396078e-01   2.1565280e-02
   3.0500000e+01  -1.1454602e-01   2.4920877e-02
   3.0600000e+01  -1.0266269e-01   1.6734544e-02
   3.0700000e+01  -8.4021839e-02  -5.6215851e-03
   3.0800000e+01  -7.8852289e-02  -3.2205378e-02
   3.0900000e+01  -9.2448195e-02  -4.3311090e-02
   3.1000000e+01  -1.1309378e-01  -2.6013015e-02
   3.1100000e+01  -1.2669801e-01   9.7451142e-03
   3.1200000e+01  -1.2831701e-01   3.6306772e-02
   3.1300000e+01  -1.1941246e-01   3.3551704e-02
   3.1400000e+01  -1.0113891e-01   7.3842586e-03
   3.1500000e+01  -7.6381246e-02  -1.9182859e-02
   3.1600000e+01  -5.5041735e-02  -3.0340504e-02
   3.1700000e+01  -4.8509163e-02  -2.8455355e-02
   3.1800000e+01  -5.5921088e-02  -2.3110161e-02
   3.1900000e+01  -6.1948367e-02  -1.7367602e-02
   3.2000000e+01  -5.4047093e-02  -8.8391314e-03
   3.2100000e+01  -3.9024481e-02   1.0237335e-03
   3.2200000e+01  -3.5124897e-02   5.9553409e-03
   3.2300000e+01  -4.6746128e-02   2.7883921e-03
   3.2400000e+01  -5.4420885e-02  -5.5530571e-03
   3.2500000e+01  -3.5776891e-02  -1.6442359e-02
   3.2600000e+01   6.8090416e-03  -3.1333956e-02
   3.2700000e+01   4.6465390e-02  -4.9001227e-02
   3.2800000e+01   6.0283541e-02  -5.9156093e-02
   3.2900000e+01   5.1576702e-02  -5.0265903e-02
   3.3000000e+01   4.0906898e-02  -2.4760037e-02
   3.3100000e+01   4.0321484e-02  -5.9784977e-04
   3.3200000e+01   4.3291339e-02   6.0342608e-03
   3.3300000e+01   3.9356699e-02  -3.6873821e-03
   3.3400000e+01   3.1459223e-02  -1.6707511e-02
   3.3500000e+01   3.4159723e-02  -2.5695029e-02
   3.3600000e+01   5.6891326e-02  -3.3765004e-02
   3.3700000e+01   9.2695565e-02  -4.0916586e-02
   3.3800000e+01   1.2327972e-01  -3.4710336e-02
   3.3900000e+01   1.3315606e-01  -3.2816345e-03
   3.4000000e+01   1.2001836e-01   4.3788929e-02
   3.4100000e+01   9.5128747e-02   7.6617303e-02
   3.4200000e+01   7.4946398e-02   7.2382760e-02
   3.4300000e+01   6.9524637e-02   3.8720078e-02
   3.4400000e+01   7.5804382e-02   5.6569131e-03
   3.4500000e+01   8.1837778e-02  -4.0951449e-03
   3.4600000e+01   7.8638505e-02   7.5046736e-03
   3.4700000e+01   6.7929539e-02   2.4673351e-02
   3.4800000e+01   5.7985481e-02   3.8327636e-02
   3.4900000e+01   5.3212427e-02   5.1091958e-02
   3.5000000e+01   4.9868090e-02   6.6418436e-02
   3.5100000e+01   4.2087890e-02   8.1090413e-02
   3.5200000e+01   2.9963945e-02   9.0486666e-02
   3.5300000e+01   1.9898183e-02   9.5152135e-02
   3.5400000e+01   1.7180708e-02   9.6651226e-02
   3.5500000e+01   1.9413148e-02   8.9507451e-02
   3.5600000e+01   1.8170786e-02   6.4672878e-02
   3.5700000e+01   7.6516099e-03   2.3852993e-02
   3.5800000e+01  -8.4999117e-03  -1.4768824e-02
   3.5900000e+01  -2.0338284e-02  -3.1817734e-02
   3.6000000e+01  -2.3004821e-02  -2.8247575e-02
   3.6100000e+01  -2.4015383e-02  -2.6232205e-02
   3.6200000e+01  -3.5913070e-02  -4.4775780e-02
   3.6300000e+01  -6.0082337e-02  -7.7126395e-02
   3.6400000e+01  -8.0841690e-02  -9.7801773e-02
   3.6500000e+01  -8.0038580e-02  -9.2332127e-02
   3.6600000e+01  -5.7926736e-02  -7.4017829e-02
   3.6700000e+01  -3.5803662e-02  -6.6645054e-02
   3.6800000e+01  -3.5348725e-02  -7.4459834e-02
   3.6900000e+01  -5.6895856e-02  -7.7698132e-02
   3.7000000e+01  -8.0313951e-02  -6.0070161e-02
   3.7100000e+01  -8.5942973e-02  -3.3037932e-02
   3.7200000e+01  -7.1734047e-02  -2.4539373e-02
   3.7300000e+01  -5.0793935e-02  -4.4944567e-02
   3.7400000e+01  -3.7197118e-02  -7.2680842e-02
   3.7500000e+01  -3.6861109e-02  -7.7475749e-02
   3.7600000e+01  -4.8063304e-02  -5.2342671e-02
   3.7700000e+01  -6.4132386e-02  -1.6632574e-02
   3.7800000e+01  -7.4436696e-02   9.0653049e-03
   3.7900000e+01  -6.8368311e-02   2.1916379e-02
   3.8000000e+01  -4.3906793e-02   2.9144870e-02
   3.8100000e+01  -1.2000808e-02   3.1059788e-02
   3.8200000e+01   1.1189037e-02   2.1597807e-02
   3.8300000e+01   1.7719995e-02   4.1257893e-03
   3.8400000e+01   1.2106006e-02  -3.7198171e-03
   3.8500000e+01   2.5592078e-03   1.2619275e-02
   3.8600000e+01  -8.0869797e-03   4.5928366e-02
   3.8700000e+01  -2.0060259e-02   7.2107326e-02
   3.8800000e+01  -2.8482222e-02   7.3999194e-02
   3.8900000e+01  -2.3968143e-02   5.6064014e-02
   3.9000000e+01  -4.1417130e-03   3.4621955e-02
   3.9100000e+01   1.8757830e-02   1.8908657e-02
   3.9200000e+01   2.6489628e-02   6.4471592e-03
   3.9300000e+01   1.2184594e-02  -5.7870792e-03
   3.9400000e+01  -1.2601261e-02  -1.3504190e-02
   3.9500000e+01  -2.8908708e-02  -1.1841483e-02
   3.9600000e+01  -2.7243425e-02  -5.0250881e-03
   3.9700000e+01  -1.3137737e-02  -2.3855189e-03
   3.9800000e+01   1.7868330e-03  -4.4701310e-03
   3.9900000e+01   1.1530754e-02   3.7744130e-04
   4.0000000e+01   1.8500618e-02   2.0717552e-02
   4.0100000e+01   2.7325655e-02   4.6233907e-02
   4.0200000e+01   3.8202527e-02   5.4277935e-02
   4.0300000e+01   4.6086307e-02   3.4856931e-02
   4.0400000e+01   4.4889339e-02   4.9263986e-03
   4.0500000e+01   3.2448335e-02  -7.3048910e-03
   4.0600000e+01   1.3313681e-02   7.7406476e-03
   4.0700000e+01  -2.2177905e-03   3.0527705e-02
   4.0800000e+01  -3.8430648e-03   3.3336439e-02
   4.0900000e+01   1.0590392e-02   9.2482116e-03
   4.1000000e+01   3.1933162e-02  -2.2160931e-02
   4.1100000e+01   4.7315561e-02  -3.6805316e-02
   4.1200000e+01   5.2740021e-02  -3.0306669e-02
   4.1300000e+01   5.6297377e-02  -1.8725496e-02
   4.1400000e+01   6.6282837e-02  -1.7127956e-02
   4.1500000e+01   7.7685005e-02  -2.1013630e-02
   4.1600000e+01   7.5331129e-02  -1.1441521e-02
   4.1700000e+01   5.2362905e-02   2.1703095e-02
   4.1800000e+01   2.1828777e-02   6.4118354e-02
   4.1900000e+01   5.4472305e-03   8.7399306e-02
   4.2000000e+01   1.1120807e-02   7.5637384e-02
   4.2100000e+01   2.4857112e-02   4.0591389e-02
   4.2200000e+01   2.5759240e-02   9.7272394e-03
   4.2300000e+01   6.8803314e-03   4.7433016e-04
   4.2400000e+01  -1.9123762e-02   7.4552199e-03
   4.2500000e+01  -3.2166445e-02   1.3056915e-02
   4.2600000e+01  -2.1296323e-02   6.3755918e-03
   4.2700000e+01   7.1447991e-03  -9.4761731e-03
   4.2800000e+01   3.3621726e-02  -2.4579734e-02
   4.2900000e+01   3.8985630e-02  -3.1810555e-02
   4.3000000e+01   1.9679716e-02  -3.0170437e-02
   4.3100000e+01  -7.4362000e-03  -2.4351325e-02
   4.3200000e+01  -1.7784517e-02  -2.3952440e-02
   4.3300000e+01  -4.0970810e-04  -3.8673848e-02
   4.3400000e+01   3.2133269e-02  -6.7318272e-02
   4.3500000e+01   5.5473259e-02  -9.0763447e-02
   4.3600000e+01   5.4444823e-02  -8.2888039e-02
   4.3700000e+01   3.2632581e-02  -3.5913057e-02
   4.3800000e+01   4.4791874e-03   2.4806773e-02
   4.3900000e+01  -1.7583738e-02   5.7187913e-02
   4.4000000e+01  -2.8347685e-02   3.8954263e-02
   4.4100000e+01  -2.8306752e-02  -1.1396342e-02
   4.4200000e+01  -2.2650271e-02  -5.1602001e-02
   4.4300000e+01  -2.0755554e-02  -5.4061019e-02
   4.4400000e+01  -3.0476989e-02  -2.7596400e-02
   4.4500000e+01  -4.8987984e-02  -3.6535496e-03
   4.4600000e+01  -6.1823762e-02  -4.6490471e-03
   4.4700000e+01  -5.6315953e-02  -2.6166211e-02
   4.4800000e+01  -3.7551974e-02  -4.5647011e-02
   4.4900000e+01  -2.7463603e-02  -4.3993500e-02
   4.5000000e+01  -4.3959583e-02  -1.9628982e-02
   4.5100000e+01  -8.0436966e-02   1.3411970e-02
   4.5200000e+01  -1.0833432e-01   3.8132150e-02
   4.5300000e+01  -1.0209705e-01   4.7221486e-02
   4.5400000e+01  -6.2698249e-02   4.6234206e-02
   4.5500000e+01  -1.7829075e-02   4.4559521e-02
   4.5600000e+01   1.8149123e-04   4.2730267e-02
   4.5700000e+01  -2.0935412e-02   3.0922257e-02
   4.5800000e+01  -6.4484416e-02   3.2520098e-03
   4.5900000e+01  -9.6233868e-02  -2.7715702e-02
   4.6000000e+01  -8.8070320e-02  -3.7056217e-02
   4.6100000e+01  -3.9018717e-02  -1.3033518e-02
   4.6200000e+01   2.1797718e-02   2.5207453e-02
   4.6300000e+01   5.5842527e-02   4.1467694e-02
   4.6400000e+01   4.5563383e-02   1.7521454e-02
   4.6500000e+01   7.9249122e-03  -2.6898016e-02
   4.6600000e+01  -2.2942157e-02  -5.1511554e-02
   4.6700000e+01  -2.7596955e-02  -3.3395244e-02
   4.6800000e+01  -1.5461124e-02   1.2475937e-02
   4.6900000e+01  -8.0738594e-03   4.8788439e-02
   4.7000000e+01  -1.1950631e-02   4.9971247e-02
   4.7100000e+01  -1.1662623e-02   2.1780847e-02
   4.7200000e+01   1.0487922e-02  -9.0014400e-03
   4.7300000e+01   5.1393997e-02  -2.0934252e-02
   4.7400000e+01   8.6206629e-02  -1.4296362e-02
   4.7500000e+01   9.0577977e-02  -4.5341189e-03
   4.7600000e+01   6.3793066e-02  -2.7388521e-03
   4.7700000e+01   3.0624312e-02  -3.9107078e-03
   4.7800000e+01   2.0285986e-02   5.9836655e-03
   4.7900000e+01   4.1698383e-02   3.2381095e-02
   4.8000000e+01   7.7314041e-02   6.2094827e-02
   4.8100000e+01   1.0036871e-01   7.1335470e-02
   4.8200000e+01   9.8089196e-02   4.5440445e-02
   4.8300000e+01   7.8327520e-02  -6.4079117e-03
   4.8400000e+01   5.5858764e-02  -5.4369744e-02
   4.8500000e+01   3.6875520e-02  -6.8070309e-02
   4.8600000e+01   1.9457685e-02  -3.9203444e-02
   4.8700000e+01   5.0486151e-03   1.1191921e-02
   4.8800000e+01   1.4471767e-03   4.7862684e-02
   4.8900000e+01   1.1474694e-02   4.7629346e-02
   4.9000000e+01   2.4134656e-02   1.5246321e-02
   4.9100000e+01   2.3769199e-02  -2.3687639e-02
   4.9200000e+01   7.7798285e-03  -4.4287849e-02
   4.9300000e+01  -1.0107375e-02  -3.8413644e-02
   4.9400000e+01  -1.5934122e-02  -1.4470421e-02
   4.9500000e+01  -1.0363538e-02   1.2399789e-02
   4.9600000e+01  -4.1716494e-03   2.8229383e-02
   4.9700000e+01  -2.9575165e-03   2.4058833e-02
   4.9800000e+01  -3.0633957e-03   1.9176634e-04
   4.9900000e+01  -2.6709974e-03  -3.0351488e-02
   5.0000000e+01  -9.0628976e-03  -4.7127771e-02
   5.0100000e+01  -2.8355913e-02  -3.7557151e-02
   5.0200000e+01  -5.0697286e-02  -9.2553731e-03
   5.0300000e+01  -5.4229843e-02   1.5149124e-02
   5.0400000e+01  -2.8541497e-02   1.8258882e-02
   5.0500000e+01   9.0781079e-03   3.6950514e-03
   5.0600000e+01   2.6894758e-02  -8.4659974e-03
   5.0700000e+01   1.0356472e-02  -1.5495549e-03
   5.0800000e+01  -2.2071479e-02   2.2509828e-02
   5.0900000e+01  -3.7365820e-02   4.6083770e-02
   5.1000000e+01  -2.1855531e-02   5.1793533e-02
   5.1100000e+01   5.3277244e-03   3.6055565e-02
   5.1200000e+01   1.3222563e-02   1.0459223e-02
   5.1300000e+01  -8.1567844e-03  -7.1266700e-03
   5.1400000e+01  -3.7730141e-02  -4.2723383e-03
   5.1500000e+01  -4.6127790e-02   1.7616352e-02
   5.1600000e+01  -2.7136650e-02   4.2492362e-02
   5.1700000e+01  -4.9117473e-03   4.9222022e-02
   5.1800000e+01  -9.3553963e-03   2.8215305e-02
   5.1900000e+01  -4.4932459e-02  -7.5514767e-03
   5.2000000e+01  -8.4742477e-02  -3.0556278e-02
   5.2100000e+01  -9.5434294e-02  -2.3291334e-02
   5.2200000e+01  -6.7338058e-02   3.1219551e-03
   5.2300000e+01  -2.0652775e-02   1.7993145e-02
   5.2400000e+01   1.5215517e-02   2.0937952e-03
   5.2500000e+01   2.5970043e-02  -3.1501324e-02
   5.2600000e+01   1.8287322e-02  -5.1199775e-02
   5.2700000e+01   7.5072165e-03  -4.1771138e-02
   5.2800000e+01   3.3337922e-03  -2.1270668e-02
   5.2900000e+01   5.0940480e-03  -2.0085851e-02
   5.3000000e+01   5.4894326e-03  -4.5677546e-02
   5.3100000e+01  -2.4790099e-03  -7.3226767e-02
   5.3200000e+01  -1.8356312e-02  -7.2299941e-02
   5.3300000e+01  -3.0913447e-02  -3.9017454e-02
   5.3400000e+01  -2.4868301e-02   6.8074275e-04
   5.3500000e+01   3.7493654e-03   1.7030161e-02
   5.3600000e+01   3.8381756e-02   2.3123863e-03
   5.3700000e+01   5.3046358e-02  -2.7005841e-02
   5.3800000e+01   3.6765141e-02  -4.7810840e-02
   5.3900000e+01   5.7996720e-03  -4.7649603e-02
   5.4000000e+01  -1.1691711e-02  -2.9215364e-02
   5.4100000e+01  -3.3851285e-03  -3.9320029e-03
   5.4200000e+01   1.7012693e-02   1.7332300e-02
   5.4300000e+01   2.7119335e-02   3.0073092e-02
   5.4400000e+01   1.9875850e-02   3.5611220e-02
   5.4500000e+01   7.8777809e-03   3.6002391e-02
   5.4600000e+01   6.1763349e-03   3.0857987e-02
   5.4700000e+01   1.5322383e-02   2.0714316e-02
   5.4800000e+01   2.3036472e-02   1.2169430e-02
   5.4900000e+01   2.0037757e-02   1.4918371e-02
   5.5000000e+01   1.0875721e-02   3.0223277e-02
   5.5100000e+01   8.3640113e-03   4.4343696e-02
   5.5200000e+01   1.8971306e-02   3.8748203e-02
   5.5300000e+01   3.5615181e-02   9.7485498e-03
   5.5400000e+01   4.5494393e-02  -2.3595701e-02
   5.5500000e+01   4.3977831e-02  -3.4163223e-02
   5.5600000e+01   3.8668295e-02  -1.1095291e-02
   5.5700000e+01   3.8563276e-02   2.9662324e-02
   5.5800000e+01   4.0938557e-02   5.8471672e-02
   5.5900000e+01   3.2817050e-02   5.6509477e-02
   5.6000000e+01   7.4889677e-03   3.0077341e-02
   5.6100000e+01  -2.2825598e-02   2.9989122e-03
   5.6200000e+01  -3.5177555e-02  -5.4580721e-03
   5.6300000e+01  -1.8446882e-02   2.9537991e-03
   5.6400000e+01   1.4130822e-02   9.7852061e-03
   5.6500000e+01   3.6704672e-02   3.8155818e-04
   5.6600000e+01   3.4223357e-02  -2.0536465e-02
   5.6700000e+01   1.3179812e-02  -3.4136406e-02
   5.6800000e+01  -8.7719947e-03  -2.6856680e-02
   5.6900000e+01  -2.0117309e-02  -2.6479818e-03
   5.7000000e+01  -2.2028487e-02   2.2848726e-02
   5.7100000e+01  -2.1891256e-02   3.6171637e-02
   5.7200000e+01  -2.4436293e-02   3.2750747e-02
   5.7300000e+01  -2.8843387e-02   1.4770660e-02
   5.7400000e+01  -3.1072958e-02  -1.1195331e-02
   5.7500000e+01  -2.7353666e-02  -3.4110077e-02
   5.7600000e+01  -1.7300025e-02  -4.2110658e-02
   5.7700000e+01  -6.0151345e-03  -3.1437649e-02
   5.7800000e+01  -2.5483878e-03  -1.1347394e-02
   5.7900000e+01  -1.3103198e-02   2.8526913e-03
   5.8000000e+01  -3.3295422e-02   2.5218374e-03
   5.8100000e+01  -4.7806824e-02  -9.2084192e-03
   5.8200000e+01  -4.1100327e-02  -2.3695610e-02
   5.8300000e+01  -1.2047092e-02  -3.5008493e-02
   5.8400000e+01   2.1029472e-02  -4.0869006e-02
   5.8500000e+01   3.2197521e-02  -3.8361262e-02
   5.8600000e+01   8.8038931e-03  -2.3146594e-02
   5.8700000e+01  -3.6657601e-02   4.6584848e-03
   5.8800000e+01  -7.5383751e-02   3.4774226e-02
   5.8900000e+01  -8.4570288e-02   5.0370304e-02
   5.9000000e+01  -6.3094179e-02   4.1255567e-02
   5.9100000e+01  -2.7812755e-02   1.4890169e-02
   5.9200000e+01   2.4887455e-03  -8.1109625e-03
   5.9300000e+01   1.8487980e-02  -1.2762237e-02
   5.9400000e+01   1.9893103e-02  -3.9666514e-03
   5.9500000e+01   1.0871749e-02   8.3516898e-04
   5.9600000e+01  -7.3598496e-04  -6.5282436e-03
   5.9700000e+01  -4.1356714e-03  -1.5066267e-02
   5.9800000e+01   7.0292154e-03  -9.9526050e-03
   5.9900000e+01   2.6079956e-02   6.1998978e-03
   6.0000000e+01   3.7000303e-02   1.5014191e-02
   6.0100000e+01   3.0956186e-02   6.5568743e-03
   6.0200000e+01   1.6964233e-02  -5.6147965e-03
   6.0300000e+01   1.1631555e-02  -2.3633585e-04
   6.0400000e+01   1.9062345e-02   2.3773376e-02
   6.0500000e+01   2.6327402e-02   4.3282878e-02
   6.0600000e+01   2.0581083e-02   3.6800641e-02
   6.0700000e+01   5.4885674e-03   8.3122946e-03
   6.0800000e+01  -4.0722611e-03  -1.8880570e-02
   6.0900000e+01  -7.8258040e-04  -2.7377489e-02
   6.1000000e+01   7.9035817e-03  -1.7747066e-02
   6.1100000e+01   1.1526048e-02   2.3657361e-03
   6.1200000e+01   9.3991310e-03   3.0020170e-02
   6.1300000e+01   8.2055993e-03   6.0749249e-02
   6.1400000e+01   1.0941940e-02   7.6887133e-02
   6.1500000e+01   1.3335844e-02   5.5870267e-02
   6.1600000e+01   9.9185794e-03  -2.6670445e-03
   6.1700000e+01  -1.0123305e-03  -6.3362365e-02
   6.1800000e+01  -1.8263055e-02  -7.9085482e-02
   6.1900000e+01  -3.8356372e-02  -3.4025834e-02
   6.2000000e+01  -5.3197299e-02   3.8333283e-02
   6.2100000e+01  -5.1744124e-02   8.3266052e-02
   6.2200000e+01  -2.9173755e-02   7.2051649e-02
   6.2300000e+01   5.9252147e-03   2.2460792e-02
   6.2400000e+01   3.6638793e-02  -2.3987057e-02
   6.2500000e+01   5.0433759e-02  -4.0496113e-02
   6.2600000e+01   4.5635109e-02  -3.0813149e-02
   6.2700000e+01   2.7629086e-02  -1.3858363e-02
   6.2800000e+01   3.9180262e-03  -1.6540447e-03
   6.2900000e+01  -1.5679935e-02   5.2053940e-03
   6.3000000e+01  -1.9422680e-02   7.3418437e-03
   6.3100000e+01  -8.7361546e-04   1.1986611e-03
   6.3200000e+01   3.2975683e-02  -1.4347203e-02
   6.3300000e+01   6.3817259e-02  -3.2210272e-02
   6.3400000e+01   7.4484755e-02  -4.3364190e-02
   6.3500000e+01   5.9980459e-02  -4.7010341e-02
   6.3600000e+01   2.8450428e-02  -4.9364081e-02
   6.3700000e+01  -4.9142956e-03  -5.2226291e-02
   6.3800000e+01  -2.4677579e-02  -4.8431696e-02
   6.3900000e+01  -2.1805210e-02  -3.2371271e-02
   6.4000000e+01  -2.7871269e-04  -1.1722949e-02
   6.4100000e+01   2.2613539e-02  -2.8849436e-03
   6.4200000e+01   2.8377807e-02  -1.3725816e-02
   6.4300000e+01   1.4147633e-02  -3.4722470e-02
   6.4400000e+01  -4.1132379e-03  -4.9512629e-02
   6.4500000e+01  -8.8887017e-03  -5.1593602e-02
   6.4600000e+01  -1.1522015e-03  -4.7190175e-02
   6.4700000e+01   9.5944719e-04  -4.3100420e-02
   6.4800000e+01  -1.5086343e-02  -3.7295718e-02
   6.4900000e+01  -3.9058832e-02  -2.4691584e-02
   6.5000000e+01  -4.8477032e-02  -8.6226735e-03
   6.5100000e+01  -3.5295337e-02   3.0294155e-04
   6.5200000e+01  -1.6235567e-02  -8.7108649e-04
   6.5300000e+01  -1.3307094e-02   9.2173356e-04
   6.5400000e+01  -2.7711003e-02   2.0835224e-02
   6.5500000e+01  -3.8908421e-02   5.3257758e-02
   6.5600000e+01  -2.9969125e-02   7.0454661e-02
   6.5700000e+01  -8.2768461e-03   5.1078933e-02
   6.5800000e+01   3.3432178e-03   8.3645324e-03
   6.5900000e+01  -6.0122382e-03  -1.7646858e-02
   6.6000000e+01  -2.2320089e-02   4.9733657e-04
   6.6100000e+01  -2.2956537e-02   4.9501707e-02
   6.6200000e+01  -2.7556704e-03   8.9394068e-02
   6.6300000e+01   2.0019551e-02   9.2527202e-02
   6.6400000e+01   2.3496568e-02   6.5171511e-02
   6.6500000e+01   4.8142680e-03   3.4704855e-02
   6.6600000e+01  -1.8569244e-02   2.3697179e-02
   6.6700000e+01  -2.8017786e-02   3.7007060e-02
   6.6800000e+01  -2.1208340e-02   6.4372080e-02
   6.6900000e+01  -1.0819893e-02   8.7313948e-02
   6.7000000e+01  -9.5344242e-03   8.7273053e-02
   6.7100000e+01  -1.9158364e-02   5.7489121e-02
   6.7200000e+01  -3.2466035e-02   1.1177839e-02
   6.7300000e+01  -4.0390295e-02  -2.6616968e-02
   6.7400000e+01  -3.5355447e-02  -3.9901323e-02
   6.7500000e+01  -1.2666874e-02  -3.3716037e-02
   6.7600000e+01   2.3964795e-02  -2.3853075e-02
   6.7700000e+01   5.7387889e-02  -1.7521935e-02
   6.7800000e+01   6.4746589e-02  -8.2690820e-03
   6.7900000e+01   3.7525759e-02   1.0593403e-02
   6.8000000e+01  -6.3818063e-03   3.2314378e-02
   6.8100000e+01  -3.5863631e-02   3.9842809e-02
   6.8200000e+01  -3.4120689e-02   2.2544453e-02
   6.8300000e+01  -1.1041362e-02  -1.1348924e-02
   6.8400000e+01   1.1757924e-02  -3.9647874e-02
   6.8500000e+01   2.3166505e-02  -4.4593310e-02
   6.8600000e+01   2.6714804e-02  -2.7663036e-02
   6.8700000e+01   2.7821730e-02  -6.3007412e-03
   6.8800000e+01   2.5775226e-02   4.1714406e-03
   6.8900000e+01   1.9976495e-02   3.8705163e-03
   6.9000000e+01   1.6742753e-02   2.2088513e-03
   6.9100000e+01   2.3349906e-02   1.2292394e-03
   6.9200000e+01   3.6986009e-02  -8.7583433e-03
   6.9300000e+01   4.4881773e-02  -3.4289272e-02
   6.9400000e+01   3.6258822e-02  -6.4221746e-02
   6.9500000e+01   1.1567786e-02  -7.6387447e-02
   6.9600000e+01  -1.9292066e-02  -5.9196457e-02
   6.9700000e+01  -4.3503633e-02  -2.3013622e-02
   6.9800000e+01  -4.9751290e-02   9.9668864e-03
   6.9900000e+01  -3.2867372e-02   2.2912198e-02
   7.0000000e+01  -1.6603869e-04   1.1272856e-02
   7.0100000e+01   2.9075920e-02  -1.9549594e-02
   7.0200000e+01   3.7429770e-02  -5.5878404e-02
   7.0300000e+01   2.5070156e-02  -7.7832645e-02
   7.0400000e+01   8.3344748e-03  -7.0091806e-02
   7.0500000e+01   7.8722925e-04  -3.6819608e-02
   7.0600000e+01  -4.5885942e-04  -2.7496822e-03
   7.0700000e+01  -6.0956647e-03   6.5477459e-03
   7.0800000e+01  -1.5935217e-02  -1.2707861e-02
   7.0900000e+01  -1.6316432e-02  -4.0290443e-02
   7.1000000e+01   1.6056238e-03  -5.1208989e-02
   7.1100000e+01   2.6496754e-02  -3.5906982e-02
   7.1200000e+01   3.5883171e-02  -4.4800818e-03
   7.1300000e+01   2.0407184e-02   2.3381305e-02
   7.1400000e+01  -5.4781047e-03   3.1576582e-02
   7.1500000e+01  -1.9129170e-02   1.6870969e-02
   7.1600000e+01  -1.3336405e-02  -8.4927803e-03
   7.1700000e+01  -1.3966422e-03  -2.3709364e-02
   7.1800000e+01   8.5771640e-05  -1.4471966e-02
   7.1900000e+01  -1.0674752e-02   1.4774684e-02
   7.2000000e+01  -2.1289171e-02   4.3805423e-02
   7.2100000e+01  -2.0670385e-02   5.3718431e-02
   7.2200000e+01  -9.5205817e-03   4.2400472e-02
   7.2300000e+01   4.5700610e-03   2.4178923e-02
   7.2400000e+01   1.7461589e-02   1.5359016e-02
   7.2500000e+01   2.9309160e-02   1.9877111e-02
   7.2600000e+01   3.6301383e-02   2.7432614e-02
   7.2700000e+01   2.7784832e-02   2.4788045e-02
   7.2800000e+01  -3.1894186e-03   9.9528054e-03
   7.2900000e+01  -4.6869016e-02  -3.9939882e-03
   7.3000000e+01  -7.8869579e-02  -6.0582530e-04
   7.3100000e+01  -7.9135984e-02   2.2560630e-02
   7.3200000e+01  -4.9806425e-02   4.8913143e-02
   7.3300000e+01  -1.3596483e-02   5.7442126e-02
   7.3400000e+01   5.9804203e-03   4.2920005e-02
   7.3500000e+01   3.3328407e-03   2.0044490e-02
   7.3600000e+01  -8.4031509e-03   7.3106110e-03
   7.3700000e+01  -1.2845751e-02   9.1462889e-03
   7.3800000e+01  -5.5803154e-03   1.5383964e-02
   7.3900000e+01   5.0010115e-03   1.5648410e-02
   7.4000000e+01   9.6639558e-03   1.0134003e-02
   7.4100000e+01   8.8582344e-03   5.9455339e-03
   7.4200000e+01   1.0323425e-02   6.8235870e-03
   7.4300000e+01   1.7301095e-02   9.5677240e-03
   7.4400000e+01   2.1940156e-02   9.2241330e-03
   7.4500000e+01   1.2896036e-02   4.6286010e-03
   7.4600000e+01  -1.0460483e-02  -1.6242266e-03
   7.4700000e+01  -3.3360776e-02  -6.4215618e-03
   7.4800000e+01  -3.6760949e-02  -8.1861768e-03
   7.4900000e+01  -1.3622936e-02  -7.2912912e-03
   7.5000000e+01   2.4941044e-02  -6.0568008e-03
   7.5100000e+01   5.7682850e-02  -7.5332508e-03
   7.5200000e+01   6.6930451e-02  -1.2545965e-02
   7.5300000e+01   4.8305414e-02  -1.8006726e-02
   7.5400000e+01   1.2829962e-02  -1.9580906e-02
   7.5500000e+01  -1.8700060e-02  -1.6182906e-02
   7.5600000e+01  -2.8125641e-02  -1.0616797e-02
   7.5700000e+01  -1.3228772e-02  -5.9651429e-03
   7.5800000e+01   9.4907305e-03  -3.4929821e-03
   7.5900000e+01   1.8517523e-02  -4.5559249e-03
   7.6000000e+01   6.9350920e-03  -1.1127763e-02
   7.6100000e+01  -1.1749461e-02  -2.1296409e-02
   7.6200000e+01  -1.8456746e-02  -2.6775425e-02
   7.6300000e+01  -8.3228043e-03  -2.0731192e-02
   7.6400000e+01   5.8095659e-03  -8.9226941e-03
   7.6500000e+01   8.5544601e-03  -6.6587605e-03
   7.6600000e+01  -2.1807830e-03  -1.9567512e-02
   7.6700000e+01  -1.4799086e-02  -3.1507058e-02
   7.6800000e+01  -1.6305292e-02  -2.0278280e-02
   7.6900000e+01  -3.0946357e-03   1.3010466e-02
   7.7000000e+01   1.7590323e-02   3.7972665e-02
   7.7100000e+01   3.2690962e-02   2.5128275e-02
   7.7200000e+01   3.0657419e-02  -2.0064574e-02
   7.7300000e+01   9.8147144e-03  -5.9584435e-02
   7.7400000e+01  -1.6620491e-02  -6.0289357e-02
   7.7500000e+01  -2.7253034e-02  -2.5071671e-02
   7.7600000e+01  -1.0914949e-02   1.4066819e-02
   7.7700000e+01   1.9666467e-02   2.8943352e-02
   7.7800000e+01   3.6824386e-02   1.7753101e-02
   7.7900000e+01   2.4697145e-02  -9.3323804e-04
   7.8000000e+01  -3.8577445e-03  -9.2371406e-03
   7.8100000e+01  -2.0196012e-02  -3.4706569e-03
   7.8200000e+01  -9.7162492e-03   7.8190083e-03
   7.8300000e+01   1.4029172e-02   1.3728552e-02
   7.8400000e+01   2.5430938e-02   9.0791312e-03
   7.8500000e+01   1.3379762e-02  -3.2137336e-03
   7.8600000e+01  -1.0940221e-02  -1.4674390e-02
   7.8700000e+01  -2.9966986e-02  -1.6428634e-02
   7.8800000e+01  -3.7975149e-02  -4.7109801e-03
   7.8900000e+01  -4.1886520e-02   1.5569466e-02
   7.9000000e+01  -4.7802470e-02   3.2021787e-02
   7.9100000e+01  -5.0885471e-02   3.2680094e-02
   7.9200000e+01  -3.9102989e-02   1.7053348e-02
   7.9300000e+01  -5.9843210e-03  -3.1760836e-04
   7.9400000e+01   3.9490320e-02  -1.6954439e-03
   7.9500000e+01   7.4766065e-02   1.5150765e-02
   7.9600000e+01   7.8643138e-02   3.2657225e-02
   7.9700000e+01   5.0055134e-02   3.2442113e-02
   7.9800000e+01   1.2930901e-02   1.7046669e-02
   7.9900000e+01  -3.7939462e-03   5.6106855e-03
   8.0000000e+01   4.4156030e-03   7.0397362e-03
