   1.0221618e+02   2.8602761e+01   2.5212700e+03
   1.0214893e+02   2.8221461e+01   1.6104400e+03
   0.0000000e+00  -7.0956528e-01  -7.0956528e-01
   1.0000000e-01  -7.2852199e-01  -6.5201154e-01
   2.0000000e-01  -7.2415930e-01  -5.6003426e-01
   3.0000000e-01  -7.1491706e-01  -4.5760202e-01
   4.0000000e-01  -7.0334096e-01  -3.7307623e-01
   5.0000000e-01  -6.7306398e-01  -3.2013642e-01
   6.0000000e-01  -6.0853386e-01  -2.9011881e-01
   7.0000000e-01  -5.1841925e-01  -2.6158345e-01
   8.0000000e-01  -4.3213638e-01  -2.1856256e-01
   9.0000000e-01  -3.6574983e-01  -1.6274923e-01
   1.0000000e+00  -2.9582383e-01  -1.1134660e-01
   1.1000000e+00  -1.8061844e-01  -8.3305121e-02
   1.2000000e+00  -1.2047375e-02  -8.3597158e-02
   1.3000000e+00   1.6553511e-01  -9.6485559e-02
   1.4000000e+00   3.0143974e-01  -9.4398791e-02
   1.5000000e+00   3.9826579e-01  -5.8229384e-02
   1.6000000e+00   5.0779026e-01   6.2738954e-03
   1.7000000e+00   6.6230231e-01   7.0673225e-02
   1.8000000e+00   8.2657363e-01   1.0429052e-01
   1.9000000e+00   9.3431734e-01   9.7527669e-02
   2.0000000e+00   9.6501198e-01   7.1161044e-02
   2.1000000e+00   9.6330323e-01   6.4751151e-02
   2.2000000e+00   9.7766080e-01   1.0929395e-01
   2.3000000e+00   1.0000000e+00   2.0004605e-01
   2.4000000e+00   9.8360074e-01   2.9184152e-01
   2.5000000e+00   9.1057685e-01   3.2883377e-01
   2.6000000e+00   8.1653309e-01   2.9019744e-01
   2.7000000e+00   7.4190089e-01   2.1038089e-01
   2.8000000e+00   6.7855953e-01   1.5101121e-01
   2.9000000e+00   5.8330732e-01   1.5044121e-01
   3.0000000e+00   4.3872991e-01   2.0048318e-01
   3.1000000e+00   2.8233368e-01   2.6715616e-01
   3.2000000e+00   1.6962943e-01   3.2328649e-01
   3.3000000e+00   1.1814400e-01   3.5660699e-01
   3.4000000e+00   9.3902510e-02   3.5760592e-01
   3.5000000e+00   4.6314305e-02   3.1762311e-01
   3.6000000e+00  -4.9425150e-02   2.4516448e-01
   3.7000000e+00  -1.7649263e-01   1.7361739e-01
   3.8000000e+00  -2.9071303e-01   1.3897111e-01
   3.9000000e+00  -3.5209979e-01   1.4593732e-01
   4.0000000e+00  -3.5540142e-01   1.6095533e-01
   4.1000000e+00  -3.3653256e-01   1.4319079e-01
   4.2000000e+00  -3.4296699e-01   8.2868201e-02
   4.3000000e+00  -3.9070209e-01   8.7297744e-03
   4.4000000e+00  -4.5194879e-01  -4.1006294e-02
   4.5000000e+00  -4.8883811e-01  -5.4355774e-02
   4.6000000e+00  -4.9525772e-01  -5.4388001e-02
   4.7000000e+00  -4.9843342e-01  -7.4840016e-02
   4.8000000e+00  -5.2098517e-01  -1.2648910e-01
   4.9000000e+00  -5.5162199e-01  -1.8528945e-01
   5.0000000e+00  -5.5914661e-01  -2.1281782e-01
   5.1000000e+00  -5.3016542e-01  -1.9034442e-01
   5.2000000e+00  -4.8475795e-01  -1.3589824e-01
   5.3000000e+00  -4.5391416e-01  -8.9876865e-02
   5.4000000e+00  -4.4646027e-01  -8.3439136e-02
   5.5000000e+00  -4.4082621e-01  -1.1734257e-01
   5.6000000e+00  -4.0703487e-01  -1.6579819e-01
   5.7000000e+00  -3.3481821e-01  -1.9679346e-01
   5.8000000e+00  -2.4296746e-01  -1.9093092e-01
   5.9000000e+00  -1.6605115e-01  -1.4918351e-01
   6.0000000e+00  -1.3245092e-01  -9.0536564e-02
   6.1000000e+00  -1.4837380e-01  -4.2291212e-02
   6.2000000e+00  -1.9349021e-01  -2.5118194e-02
   6.3000000e+00  -2.2887135e-01  -3.9972913e-02
   6.4000000e+00  -2.1729418e-01  -6.8034302e-02
   6.5000000e+00  -1.4875957e-01  -8.6400297e-02
   6.6000000e+00  -5.1374319e-02  -8.6529241e-02
   6.7000000e+00   2.9295069e-02  -7.8323162e-02
   6.8000000e+00   7.0067138e-02  -7.7070266e-02
   6.9000000e+00   9.0017234e-02  -8.7088141e-02
   7.0000000e+00   1.2653455e-01  -9.6921601e-02
   7.1000000e+00   1.9256355e-01  -8.8488440e-02
   7.2000000e+00   2.6354789e-01  -5.1566209e-02
   7.3000000e+00   3.0708594e-01   7.2350592e-03
   7.4000000e+00   3.1691517e-01   6.7981381e-02
   7.5000000e+00   3.1184572e-01   1.1203334e-01
   7.6000000e+00   3.0846953e-01   1.3585007e-01
   7.7000000e+00   3.0726684e-01   1.4999149e-01
   7.8000000e+00   3.0648816e-01   1.6385978e-01
   7.9000000e+00   3.1712528e-01   1.7430604e-01
   8.0000000e+00   3.5314598e-01   1.7273771e-01
   8.1000000e+00   4.0877794e-01   1.6161482e-01
   8.2000000e+00   4.5445015e-01   1.5816215e-01
   8.3000000e+00   4.6000270e-01   1.7948695e-01
   8.4000000e+00   4.2120584e-01   2.2645970e-01
   8.5000000e+00   3.6329363e-01   2.8222474e-01
   8.6000000e+00   3.2011669e-01   3.2145247e-01
   8.7000000e+00   3.0852033e-01   3.1981091e-01
   8.8000000e+00   3.1754861e-01   2.6426420e-01
   8.9000000e+00   3.1843012e-01   1.6660497e-01
   9.0000000e+00   2.8694576e-01   6.6973426e-02
   9.1000000e+00   2.2170091e-01   1.1249348e-02
   9.2000000e+00   1.4422199e-01   1.4145164e-02
   9.3000000e+00   8.0371085e-02   4.5054559e-02
   9.4000000e+00   3.8510422e-02   5.5097703e-02
   9.5000000e+00   3.9177396e-03   1.8321607e-02
   9.6000000e+00  -4.4416381e-02  -5.4533688e-02
   9.7000000e+00  -1.0910929e-01  -1.3671568e-01
   9.8000000e+00  -1.6611958e-01  -2.1031391e-01
   9.9000000e+00  -1.8484689e-01  -2.6990880e-01
   1.0000000e+01  -1.6101880e-01  -3.1188131e-01
   1.0100000e+01  -1.2889335e-01  -3.3057640e-01
   1.0200000e+01  -1.3407838e-01  -3.2676182e-01
   1.0300000e+01  -1.8838703e-01  -3.1533937e-01
   1.0400000e+01  -2.5318004e-01  -3.2002484e-01
   1.0500000e+01  -2.7434546e-01  -3.5634979e-01
   1.0600000e+01  -2.3821242e-01  -4.1557274e-01
   1.0700000e+01  -1.9075116e-01  -4.6445388e-01
   1.0800000e+01  -1.9620576e-01  -4.6689783e-01
   1.0900000e+01  -2.7361096e-01  -4.1405690e-01
   1.1000000e+01  -3.7448443e-01  -3.3509260e-01
   1.1100000e+01  -4.2485175e-01  -2.7319700e-01
   1.1200000e+01  -3.9090911e-01  -2.4635285e-01
   1.1300000e+01  -3.0576226e-01  -2.3210111e-01
   1.1400000e+01  -2.3558561e-01  -1.9278879e-01
   1.1500000e+01  -2.2253914e-01  -1.1482322e-01
   1.1600000e+01  -2.5790091e-01  -2.1187620e-02
   1.1700000e+01  -3.0077243e-01   5.3768040e-02
   1.1800000e+01  -3.1300444e-01   9.9502092e-02
   1.1900000e+01  -2.7768823e-01   1.3949714e-01
   1.2000000e+01  -1.9906987e-01   2.0802195e-01
   1.2100000e+01  -9.9627400e-02   3.1550959e-01
   1.2200000e+01  -1.6045618e-02   4.3359614e-01
   1.2300000e+01   1.8479654e-02   5.1420534e-01
   1.2400000e+01   2.1887593e-03   5.2828451e-01
   1.2500000e+01  -2.5899097e-02   4.9125058e-01
   1.2600000e+01  -1.5036657e-02   4.5179142e-01
   1.2700000e+01   5.2436445e-02   4.5296086e-01
   1.2800000e+01   1.4633206e-01   4.9934307e-01
   1.2900000e+01   2.1971798e-01   5.5658153e-01
   1.3000000e+01   2.5192593e-01   5.7933372e-01
   1.3100000e+01   2.5912091e-01   5.4253141e-01
   1.3200000e+01   2.6723764e-01   4.5472573e-01
   1.3300000e+01   2.8260639e-01   3.4918802e-01
   1.3400000e+01   2.9263586e-01   2.6147110e-01
   1.3500000e+01   2.9080462e-01   2.0770040e-01
   1.3600000e+01   2.9217866e-01   1.7707895e-01
   1.3700000e+01   3.1775511e-01   1.4266591e-01
   1.3800000e+01   3.6387703e-01   8.0594743e-02
   1.3900000e+01   3.9470227e-01  -1.6692840e-02
   1.4000000e+01   3.7411813e-01  -1.3827950e-01
   1.4100000e+01   3.0768868e-01  -2.5960158e-01
   1.4200000e+01   2.4657825e-01  -3.5220140e-01
   1.4300000e+01   2.4170852e-01  -3.9884901e-01
   1.4400000e+01   2.9226798e-01  -4.0589069e-01
   1.4500000e+01   3.4322887e-01  -3.9836330e-01
   1.4600000e+01   3.3548445e-01  -3.9820589e-01
   1.4700000e+01   2.5677184e-01  -4.0794823e-01
   1.4800000e+01   1.4479445e-01  -4.1794124e-01
   1.4900000e+01   4.8175939e-02  -4.2488186e-01
   1.5000000e+01  -9.5341052e-03  -4.3478995e-01
   1.5100000e+01  -3.3011011e-02  -4.4731093e-01
   1.5200000e+01  -3.7557980e-02  -4.4646939e-01
   1.5300000e+01  -3.8693559e-02  -4.1413244e-01
   1.5400000e+01  -5.5690006e-02  -3.4964776e-01
   1.5500000e+01  -1.1208981e-01  -2.7037976e-01
   1.5600000e+01  -2.2028493e-01  -1.9417017e-01
   1.5700000e+01  -3.6146476e-01  -1.2660194e-01
   1.5800000e+01  -4.8589535e-01  -6.4717539e-02
   1.5900000e+01  -5.4363119e-01  -5.8753441e-03
   1.6000000e+01  -5.2483937e-01   5.0916291e-02
   1.6100000e+01  -4.7282772e-01   1.0742768e-01
   1.6200000e+01  -4.5189954e-01   1.6281185e-01
   1.6300000e+01  -4.9327832e-01   2.0691538e-01
   1.6400000e+01  -5.6654531e-01   2.2246713e-01
   1.6500000e+01  -6.0409610e-01   2.0045505e-01
   1.6600000e+01  -5.5830935e-01   1.5654452e-01
   1.6700000e+01  -4.4155486e-01   1.2965641e-01
   1.6800000e+01  -3.1573302e-01   1.5583872e-01
   1.6900000e+01  -2.4241859e-01   2.3475424e-01
   1.7000000e+01  -2.3527578e-01   3.2100952e-01
   1.7100000e+01  -2.5079146e-01   3.5618139e-01
   1.7200000e+01  -2.2229058e-01   3.1684960e-01
   1.7300000e+01  -1.1098230e-01   2.3210547e-01
   1.7400000e+01   6.3886046e-02   1.5301032e-01
   1.7500000e+01   2.3860147e-01   1.0807165e-01
   1.7600000e+01   3.5162827e-01   9.0765832e-02
   1.7700000e+01   3.8550772e-01   8.2835499e-02
   1.7800000e+01   3.7080727e-01   7.6645780e-02
   1.7900000e+01   3.5383103e-01   7.2097958e-02
   1.8000000e+01   3.6132453e-01   6.4433751e-02
   1.8100000e+01   3.9165938e-01   4.8103036e-02
   1.8200000e+01   4.3031254e-01   3.0287827e-02
   1.8300000e+01   4.6566927e-01   2.7624196e-02
   1.8400000e+01   4.9070760e-01   4.3167203e-02
   1.8500000e+01   4.9804245e-01   5.3164034e-02
   1.8600000e+01   4.8044062e-01   2.6109261e-02
   1.8700000e+01   4.3568257e-01  -4.3020869e-02
   1.8800000e+01   3.6723598e-01  -1.2133964e-01
   1.8900000e+01   2.8071209e-01  -1.6379765e-01
   1.9000000e+01   1.8390153e-01  -1.5142004e-01
   1.9100000e+01   9.0886162e-02  -1.0593252e-01
   1.9200000e+01   2.0045126e-02  -6.9208239e-02
   1.9300000e+01  -1.8673252e-02  -6.8661889e-02
   1.9400000e+01  -3.4843074e-02  -9.9885235e-02
   1.9500000e+01  -5.1212821e-02  -1.3858241e-01
   1.9600000e+01  -8.3023000e-02  -1.6501128e-01
   1.9700000e+01  -1.2443663e-01  -1.7458226e-01
   1.9800000e+01  -1.5660554e-01  -1.6820473e-01
   1.9900000e+01  -1.6737511e-01  -1.4221205e-01
   2.0000000e+01  -1.6091790e-01  -9.6521365e-02
   2.0100000e+01  -1.4979280e-01  -5.0329881e-02
   2.0200000e+01  -1.4221836e-01  -3.6756094e-02
   2.0300000e+01  -1.3896767e-01  -7.1367589e-02
   2.0400000e+01  -1.3910106e-01  -1.2830671e-01
   2.0500000e+01  -1.4386390e-01  -1.5748599e-01
   2.0600000e+01  -1.5427561e-01  -1.2966158e-01
   2.0700000e+01  -1.6786309e-01  -6.0515526e-02
   2.0800000e+01  -1.7928243e-01   1.1180829e-02
   2.0900000e+01  -1.8233161e-01   6.1632341e-02
   2.1000000e+01  -1.7037291e-01   9.2102394e-02
   2.1100000e+01  -1.3855258e-01   1.0876401e-01
   2.1200000e+01  -9.1184101e-02   1.0841948e-01
   2.1300000e+01  -4.7266728e-02   8.9661567e-02
   2.1400000e+01  -3.1683746e-02   6.6719542e-02
   2.1500000e+01  -5.2930653e-02   5.9299086e-02
   2.1600000e+01  -8.8516583e-02   7.0448800e-02
   2.1700000e+01  -9.8931623e-02   8.5350646e-02
   2.1800000e+01  -6.2987418e-02   9.3755707e-02
   2.1900000e+01  -1.5306378e-04   1.0273700e-01
   2.2000000e+01   4.6315264e-02   1.2029203e-01
   2.2100000e+01   5.1498216e-02   1.3497787e-01
   2.2200000e+01   3.3196751e-02   1.2490127e-01
   2.2300000e+01   3.2528654e-02   8.6705321e-02
   2.2400000e+01   7.1151920e-02   4.3936628e-02
   2.2500000e+01   1.2985085e-01   2.1487255e-02
   2.2600000e+01   1.6855750e-01   1.9886466e-02
   2.2700000e+01   1.6379697e-01   2.1953128e-02
   2.2800000e+01   1.2560055e-01   1.7761448e-02
   2.2900000e+01   8.2872495e-02   1.0940955e-02
   2.3000000e+01   5.8090105e-02   1.9874102e-03
   2.3100000e+01   5.5111496e-02  -1.9031945e-02
   2.3200000e+01   6.4074997e-02  -5.3765487e-02
   2.3300000e+01   7.3221648e-02  -7.8856119e-02
   2.3400000e+01   7.8834325e-02  -6.3872339e-02
   2.3500000e+01   8.8617539e-02  -9.5614348e-03
   2.3600000e+01   1.1426742e-01   4.2072529e-02
   2.3700000e+01   1.5518340e-01   4.5499424e-02
   2.3800000e+01   1.8854468e-01  -1.0375031e-03
   2.3900000e+01   1.8215176e-01  -5.1193145e-02
   2.4000000e+01   1.2386141e-01  -5.5124381e-02
   2.4100000e+01   3.7779982e-02  -7.1186659e-03
   2.4200000e+01  -3.3928349e-02   5.0096019e-02
   2.4300000e+01  -6.7632147e-02   6.5025031e-02
   2.4400000e+01  -7.5159269e-02   2.1608040e-02
   2.4500000e+01  -8.4677498e-02  -4.9435978e-02
   2.4600000e+01  -1.0933775e-01  -9.6098800e-02
   2.4700000e+01  -1.3808459e-01  -8.2875592e-02
   2.4800000e+01  -1.5393533e-01  -1.3717323e-02
   2.4900000e+01  -1.5436772e-01   7.1487433e-02
   2.5000000e+01  -1.5162554e-01   1.2213615e-01
   2.5100000e+01  -1.5783677e-01   1.0847059e-01
   2.5200000e+01  -1.7453977e-01   3.9447211e-02
   2.5300000e+01  -1.9478459e-01  -4.6230716e-02
   2.5400000e+01  -2.0966425e-01  -1.0823239e-01
   2.5500000e+01  -2.1151348e-01  -1.2669580e-01
   2.5600000e+01  -1.9634576e-01  -1.0225131e-01
   2.5700000e+01  -1.6877948e-01  -4.5913845e-02
   2.5800000e+01  -1.4322172e-01   2.0930967e-02
   2.5900000e+01  -1.3390163e-01   6.2470620e-02
   2.6000000e+01  -1.4036009e-01   4.6270965e-02
   2.6100000e+01  -1.4564873e-01  -1.9143490e-02
   2.6200000e+01  -1.3315883e-01  -7.3826248e-02
   2.6300000e+01  -1.0511290e-01  -5.7168371e-02
   2.6400000e+01  -8.0493662e-02   2.1729839e-02
   2.6500000e+01  -7.2377032e-02   7.9309655e-02
   2.6600000e+01  -6.9589979e-02   4.0359784e-02
   2.6700000e+01  -4.4992916e-02  -7.6965811e-02
   2.6800000e+01   1.6424339e-02  -1.7384034e-01
   2.6900000e+01   9.9465895e-02  -1.7225010e-01
   2.7000000e+01   1.7046216e-01  -9.2109765e-02
   2.7100000e+01   2.0593191e-01  -1.9975807e-02
   2.7200000e+01   2.0748939e-01  -1.2066897e-02
   2.7300000e+01   1.9051158e-01  -4.4210578e-02
   2.7400000e+01   1.6583452e-01  -5.6291378e-02
   2.7500000e+01   1.3855713e-01  -2.7053058e-02
   2.7600000e+01   1.1981366e-01   9.0611808e-03
   2.7700000e+01   1.2599464e-01   1.1840823e-02
   2.7800000e+01   1.5860099e-01  -1.6304280e-02
   2.7900000e+01   1.9277496e-01  -3.8757012e-02
   2.8000000e+01   1.9991170e-01  -3.1032508e-02
   2.8100000e+01   1.8398594e-01  -5.4161317e-03
   2.8200000e+01   1.8296709e-01   1.1430941e-02
   2.8300000e+01   2.2330586e-01   1.4285767e-02
   2.8400000e+01   2.7782980e-01   2.3123684e-02
   2.8500000e+01   2.8286610e-01   5.3015128e-02
   2.8600000e+01   2.0374561e-01   9.0436817e-02
   2.8700000e+01   7.8121828e-02   1.0659938e-01
   2.8800000e+01  -1.2226466e-02   9.1647407e-02
   2.8900000e+01  -1.3423597e-02   6.7920274e-02
   2.9000000e+01   5.5710803e-02   6.6187486e-02
   2.9100000e+01   1.2430485e-01   9.3103100e-02
   2.9200000e+01   1.2981022e-01   1.2702027e-01
   2.9300000e+01   6.3960603e-02   1.4386983e-01
   2.9400000e+01  -2.7895445e-02   1.4021594e-01
   2.9500000e+01  -8.6489476e-02   1.2827147e-01
   2.9600000e+01  -8.4289776e-02   1.1472988e-01
   2.9700000e+01  -4.3231839e-02   9.3621213e-02
   2.9800000e+01  -1.2028801e-02   6.1286499e-02
   2.9900000e+01  -2.2595229e-02   2.9755279e-02
   3.0000000e+01  -6.3851998e-02   1.6043662e-02
   3.0100000e+01  -9.6220786e-02   1.8571319e-02
   3.0200000e+01  -9.1418220e-02   1.3543708e-02
   3.0300000e+01  -5.7718482e-02  -1.8087128e-02
   3.0400000e+01  -2.7161900e-02  -6.3655260e-02
   3.0500000e+01  -2.1435381e-02  -8.8155609e-02
   3.0600000e+01  -3.3859440e-02  -7.3567922e-02
   3.0700000e+01  -4.4069695e-02  -4.2106914e-02
   3.0800000e+01  -4.4170538e-02  -3.4247973e-02
   3.0900000e+01  -4.4261191e-02  -6.7556699e-02
   3.1000000e+01  -5.3574672e-02  -1.2459779e-01
   3.1100000e+01  -6.5475021e-02  -1.7810380e-01
   3.1200000e+01  -6.8656861e-02  -2.1457366e-01
   3.1300000e+01  -6.9301991e-02  -2.2825924e-01
   3.1400000e+01  -8.9943401e-02  -2.0730376e-01
   3.1500000e+01  -1.4003669e-01  -1.4602717e-01
   3.1600000e+01  -1.9524057e-01  -7.1026136e-02
   3.1700000e+01  -2.1811874e-01  -3.4265162e-02
   3.1800000e+01  -2.0093411e-01  -6.3651868e-02
   3.1900000e+01  -1.7751106e-01  -1.2565275e-01
   3.2000000e+01  -1.8483578e-01  -1.5214357e-01
   3.2100000e+01  -2.1822856e-01  -1.0780322e-01
   3.2200000e+01  -2.3561544e-01  -2.1888940e-02
   3.2300000e+01  -2.0805440e-01   4.9879239e-02
   3.2400000e+01  -1.5627732e-01   8.4150941e-02
   3.2500000e+01  -1.2826545e-01   1.0123601e-01
   3.2600000e+01  -1.4296263e-01   1.2503020e-01
   3.2700000e+01  -1.6602293e-01   1.4889885e-01
   3.2800000e+01  -1.4739914e-01   1.4860621e-01
   3.2900000e+01  -8.0169830e-02   1.1944450e-01
   3.3000000e+01  -1.4628509e-02   8.7288273e-02
   3.3100000e+01  -8.5003467e-03   8.0902406e-02
   3.3200000e+01  -6.2924812e-02   1.0149139e-01
   3.3300000e+01  -1.1245610e-01   1.2526514e-01
   3.3400000e+01  -8.4823206e-02   1.3207684e-01
   3.3500000e+01   2.6351874e-02   1.2397677e-01
   3.3600000e+01   1.5058180e-01   1.1486195e-01
   3.3700000e+01   2.0607812e-01   1.0985837e-01
   3.3800000e+01   1.7707391e-01   1.0251566e-01
   3.3900000e+01   1.2386998e-01   9.0191228e-02
   3.4000000e+01   1.1691196e-01   8.2168977e-02
   3.4100000e+01   1.6641345e-01   8.6101049e-02
   3.4200000e+01   2.2022964e-01   9.0910973e-02
   3.4300000e+01   2.2517607e-01   7.3033221e-02
   3.4400000e+01   1.8106398e-01   2.3779510e-02
   3.4500000e+01   1.3432214e-01  -3.4074193e-02
   3.4600000e+01   1.2904080e-01  -6.3345549e-02
   3.4700000e+01   1.7100448e-01  -4.8183406e-02
   3.4800000e+01   2.3186669e-01  -1.1766244e-02
   3.4900000e+01   2.7551222e-01   3.0825811e-03
   3.5000000e+01   2.7988182e-01  -2.6520986e-02
   3.5100000e+01   2.4628851e-01  -7.9677881e-02
   3.5200000e+01   1.9713542e-01  -1.0746628e-01
   3.5300000e+01   1.5982460e-01  -7.8991068e-02
   3.5400000e+01   1.4386851e-01  -1.7533610e-02
   3.5500000e+01   1.3443276e-01   1.3503663e-02
   3.5600000e+01   1.1480646e-01  -2.8178921e-02
   3.5700000e+01   9.3128240e-02  -1.1320660e-01
   3.5800000e+01   9.5933131e-02  -1.6135664e-01
   3.5900000e+01   1.3096446e-01  -1.2373018e-01
   3.6000000e+01   1.6626749e-01  -4.0477757e-02
   3.6100000e+01   1.5747246e-01  -3.2279142e-03
   3.6200000e+01   9.4417430e-02  -5.6013613e-02
   3.6300000e+01   1.1625271e-02  -1.4492780e-01
   3.6400000e+01  -4.8942901e-02  -1.7627108e-01
   3.6500000e+01  -7.7462616e-02  -1.1796584e-01
   3.6600000e+01  -9.4828149e-02  -2.9305102e-02
   3.6700000e+01  -1.1978805e-01   9.2276570e-03
   3.6800000e+01  -1.4767738e-01  -2.1214850e-02
   3.6900000e+01  -1.6171153e-01  -7.4055491e-02
   3.7000000e+01  -1.5670762e-01  -1.0157400e-01
   3.7100000e+01  -1.4609604e-01  -1.0138501e-01
   3.7200000e+01  -1.4815660e-01  -9.8219029e-02
   3.7300000e+01  -1.6967378e-01  -1.0122833e-01
   3.7400000e+01  -2.0205464e-01  -9.6328784e-02
   3.7500000e+01  -2.2881877e-01  -7.3474021e-02
   3.7600000e+01  -2.3552437e-01  -4.2753117e-02
   3.7700000e+01  -2.1678507e-01  -1.8886065e-02
   3.7800000e+01  -1.7933707e-01  -2.3086192e-03
   3.7900000e+01  -1.3986592e-01   1.5371660e-02
   3.8000000e+01  -1.1666522e-01   3.4244629e-02
   3.8100000e+01  -1.1901802e-01   4.5196210e-02
   3.8200000e+01  -1.4208706e-01   4.4237061e-02
   3.8300000e+01  -1.7127357e-01   3.7973491e-02
   3.8400000e+01  -1.9138287e-01   3.3921645e-02
   3.8500000e+01  -1.9254514e-01   3.4885964e-02
   3.8600000e+01  -1.7048868e-01   4.6329537e-02
   3.8700000e+01  -1.2578418e-01   7.8147564e-02
   3.8800000e+01  -6.6078799e-02   1.2788533e-01
   3.8900000e+01  -8.3039022e-03   1.6787688e-01
   3.9000000e+01   2.6145628e-02   1.6542172e-01
   3.9100000e+01   2.4814955e-02   1.2134174e-01
   3.9200000e+01  -3.1200643e-03   7.7190149e-02
   3.9300000e+01  -2.8830207e-02   7.3260981e-02
   3.9400000e+01  -2.4273974e-02   1.0389232e-01
   3.9500000e+01   1.4226013e-02   1.2570963e-01
   3.9600000e+01   6.2614037e-02   1.1033212e-01
   3.9700000e+01   9.2190126e-02   7.7449367e-02
   3.9800000e+01   9.7219623e-02   6.9449470e-02
   3.9900000e+01   9.8112207e-02   1.0098947e-01
   4.0000000e+01   1.1684363e-01   1.4386086e-01
   4.0100000e+01   1.5146073e-01   1.6049587e-01
   4.0200000e+01   1.7620835e-01   1.4289471e-01
   4.0300000e+01   1.6512031e-01   1.1443431e-01
   4.0400000e+01   1.1452464e-01   9.9154135e-02
   4.0500000e+01   4.5810106e-02   9.6005167e-02
   4.0600000e+01  -9.4616543e-03   8.3113386e-02
   4.0700000e+01  -2.8247850e-02   4.3192075e-02
   4.0800000e+01  -6.8570605e-03  -1.6746289e-02
   4.0900000e+01   4.0558297e-02  -6.9181662e-02
   4.1000000e+01   9.2883856e-02  -8.9097013e-02
   4.1100000e+01   1.3303076e-01  -7.5655296e-02
   4.1200000e+01   1.5087434e-01  -5.3199544e-02
   4.1300000e+01   1.4060717e-01  -5.0290515e-02
   4.1400000e+01   1.0229476e-01  -7.5602544e-02
   4.1500000e+01   4.9057418e-02  -1.1257869e-01
   4.1600000e+01   7.6741399e-03  -1.3667632e-01
   4.1700000e+01   3.5698210e-03  -1.3739319e-01
   4.1800000e+01   4.0750272e-02  -1.2401082e-01
   4.1900000e+01   9.7154739e-02  -1.1202997e-01
   4.2000000e+01   1.4100058e-01  -1.0707905e-01
   4.2100000e+01   1.5227809e-01  -1.0338618e-01
   4.2200000e+01   1.3141003e-01  -9.5145139e-02
   4.2300000e+01   9.3067924e-02  -8.4026462e-02
   4.2400000e+01   5.5374795e-02  -7.3507883e-02
   4.2500000e+01   3.2459606e-02  -6.0657032e-02
   4.2600000e+01   3.0863742e-02  -4.0369478e-02
   4.2700000e+01   4.7838375e-02  -1.7868758e-02
   4.2800000e+01   7.1211846e-02  -9.3658294e-03
   4.2900000e+01   8.2203100e-02  -2.4080487e-02
   4.3000000e+01   6.3335772e-02  -4.8281663e-02
   4.3100000e+01   1.1058088e-02  -5.4481588e-02
   4.3200000e+01  -5.5218040e-02  -2.8950717e-02
   4.3300000e+01  -1.0079147e-01   1.3439964e-02
   4.3400000e+01  -1.0186017e-01   4.4081137e-02
   4.3500000e+01  -6.9681101e-02   4.8041883e-02
   4.3600000e+01  -4.5739867e-02   3.4738000e-02
   4.3700000e+01  -6.6062462e-02   2.3333510e-02
   4.3800000e+01  -1.2636684e-01   2.0166117e-02
   4.3900000e+01  -1.8300987e-01   1.0508876e-02
   4.4000000e+01  -1.9097253e-01  -2.7281816e-02
   4.4100000e+01  -1.4420419e-01  -9.6153490e-02
   4.4200000e+01  -8.1454590e-02  -1.6644552e-01
   4.4300000e+01  -5.2428405e-02  -1.9211887e-01
   4.4400000e+01  -7.4475973e-02  -1.4978248e-01
   4.4500000e+01  -1.1875321e-01  -6.5507324e-02
   4.4600000e+01  -1.3891891e-01   1.4812726e-03
   4.4700000e+01  -1.1536874e-01   8.1203632e-03
   4.4800000e+01  -7.1051630e-02  -3.6412395e-02
   4.4900000e+01  -4.2894129e-02  -8.2412952e-02
   4.5000000e+01  -4.1095353e-02  -8.5690096e-02
   4.5100000e+01  -4.2588318e-02  -4.3314918e-02
   4.5200000e+01  -2.4270665e-02   1.0020314e-02
   4.5300000e+01   6.6747680e-03   3.5411110e-02
   4.5400000e+01   2.2920686e-02   2.1296925e-02
   4.5500000e+01   1.2504087e-02  -1.0917126e-02
   4.5600000e+01  -6.8498589e-03  -2.8046255e-02
   4.5700000e+01  -1.0978538e-02  -1.3141226e-02
   4.5800000e+01   2.8497435e-03   2.4506651e-02
   4.5900000e+01   1.8807905e-02   6.4827949e-02
   4.6000000e+01   2.7401159e-02   9.8749797e-02
   4.6100000e+01   3.5686951e-02   1.3061341e-01
   4.6200000e+01   5.0227438e-02   1.6059000e-01
   4.6300000e+01   5.9409978e-02   1.7356780e-01
   4.6400000e+01   4.2166087e-02   1.5327388e-01
   4.6500000e+01  -6.1241677e-03   1.0596443e-01
   4.6600000e+01  -6.2901453e-02   6.3022260e-02
   4.6700000e+01  -9.6982420e-02   5.6891653e-02
   4.6800000e+01  -9.6349543e-02   9.5922668e-02
   4.6900000e+01  -7.5976815e-02   1.6117049e-01
   4.7000000e+01  -5.9560011e-02   2.2109772e-01
   4.7100000e+01  -5.6142069e-02   2.4723690e-01
   4.7200000e+01  -5.5606456e-02   2.2503015e-01
   4.7300000e+01  -4.5069509e-02   1.6241910e-01
   4.7400000e+01  -2.5475318e-02   8.9933064e-02
   4.7500000e+01  -8.7266831e-03   4.1969843e-02
   4.7600000e+01   1.4598859e-04   2.8365970e-02
   4.7700000e+01   1.1832687e-02   2.5640895e-02
   4.7800000e+01   3.8934769e-02   3.2030148e-03
   4.7900000e+01   7.5316448e-02  -4.0334534e-02
   4.8000000e+01   9.6144479e-02  -7.2163571e-02
   4.8100000e+01   8.3045326e-02  -6.0017726e-02
   4.8200000e+01   4.8023460e-02  -8.9215244e-03
   4.8300000e+01   2.8830438e-02   4.0949011e-02
   4.8400000e+01   5.7928664e-02   5.1891497e-02
   4.8500000e+01   1.3303389e-01   1.9861098e-02
   4.8600000e+01   2.1465403e-01  -3.0918572e-02
   4.8700000e+01   2.5296906e-01  -7.6128025e-02
   4.8800000e+01   2.2451901e-01  -1.0728579e-01
   4.8900000e+01   1.5141425e-01  -1.2351382e-01
   4.9000000e+01   8.6265465e-02  -1.1978509e-01
   4.9100000e+01   7.1926339e-02  -9.2265401e-02
   4.9200000e+01   1.0843984e-01  -5.2970126e-02
   4.9300000e+01   1.5526945e-01  -2.9592467e-02
   4.9400000e+01   1.6466386e-01  -4.3609228e-02
   4.9500000e+01   1.1542956e-01  -8.7860127e-02
   4.9600000e+01   2.3094853e-02  -1.2870641e-01
   4.9700000e+01  -7.2262895e-02  -1.3324741e-01
   4.9800000e+01  -1.2811451e-01  -9.6707034e-02
   4.9900000e+01  -1.2418634e-01  -4.5031655e-02
   5.0000000e+01  -8.0379434e-02  -1.1449651e-02
   5.0100000e+01  -4.9071986e-02  -9.5611341e-03
   5.0200000e+01  -7.4788067e-02  -2.7300929e-02
   5.0300000e+01  -1.5055838e-01  -4.4536587e-02
   5.0400000e+01  -2.1666495e-01  -5.3295763e-02
   5.0500000e+01  -2.1077059e-01  -5.8532082e-02
   5.0600000e+01  -1.2381056e-01  -6.1260536e-02
   5.0700000e+01  -8.2594453e-03  -4.8417222e-02
   5.0800000e+01   6.6069085e-02  -7.0537290e-03
   5.0900000e+01   6.5190391e-02   5.0727745e-02
   5.1000000e+01   9.5362796e-03   8.4998478e-02
   5.1100000e+01  -4.9258326e-02   6.0462102e-02
   5.1200000e+01  -6.9115182e-02  -1.4544380e-02
   5.1300000e+01  -4.4674408e-02  -8.7122323e-02
   5.1400000e+01  -2.6009547e-03  -1.0640614e-01
   5.1500000e+01   2.8687891e-02  -7.3336810e-02
   5.1600000e+01   4.5471561e-02  -3.8527964e-02
   5.1700000e+01   6.3718987e-02  -4.5994863e-02
   5.1800000e+01   8.8932146e-02  -8.2971869e-02
   5.1900000e+01   9.9053209e-02  -9.3920267e-02
   5.2000000e+01   6.5822216e-02  -4.5688014e-02
   5.2100000e+01  -7.9097270e-03   2.9530173e-02
   5.2200000e+01  -8.1018554e-02   6.3550090e-02
   5.2300000e+01  -1.0958904e-01   2.2181936e-02
   5.2400000e+01  -8.7083508e-02  -6.0835780e-02
   5.2500000e+01  -4.6443001e-02  -1.2003079e-01
   5.2600000e+01  -2.5789266e-02  -1.2121504e-01
   5.2700000e+01  -3.6714201e-02  -8.4403912e-02
   5.2800000e+01  -6.3516254e-02  -4.9927874e-02
   5.2900000e+01  -8.4555544e-02  -3.2181067e-02
   5.3000000e+01  -8.9613884e-02  -1.1486370e-02
   5.3100000e+01  -8.1380114e-02   3.3057058e-02
   5.3200000e+01  -6.8170877e-02   9.1185150e-02
   5.3300000e+01  -5.7274306e-02   1.2625035e-01
   5.3400000e+01  -5.1046987e-02   1.1063541e-01
   5.3500000e+01  -4.5829837e-02   5.3090978e-02
   5.3600000e+01  -3.5430620e-02  -8.5742667e-03
   5.3700000e+01  -1.7380179e-02  -3.7505025e-02
   5.3800000e+01   5.1183320e-03  -1.9311954e-02
   5.3900000e+01   2.8581779e-02   3.8150318e-02
   5.4000000e+01   5.4342775e-02   1.1399603e-01
   5.4100000e+01   8.4713322e-02   1.7975027e-01
   5.4200000e+01   1.1448672e-01   2.0643115e-01
   5.4300000e+01   1.3066316e-01   1.8102661e-01
   5.4400000e+01   1.2304066e-01   1.2066456e-01
   5.4500000e+01   9.2903872e-02   6.4077699e-02
   5.4600000e+01   4.9899552e-02   4.2150983e-02
   5.4700000e+01   4.4114386e-03   5.5565517e-02
   5.4800000e+01  -3.2980829e-02   8.1072510e-02
   5.4900000e+01  -4.9249645e-02   9.6128079e-02
   5.5000000e+01  -3.6806231e-02   9.5330235e-02
   5.5100000e+01  -7.3216342e-03   8.7600865e-02
   5.5200000e+01   1.0431669e-02   8.4225112e-02
   5.5300000e+01  -4.5165249e-03   8.9691227e-02
   5.5400000e+01  -4.3790056e-02   9.8355730e-02
   5.5500000e+01  -7.9354531e-02   9.7975316e-02
   5.5600000e+01  -9.3844305e-02   8.1127997e-02
   5.5700000e+01  -9.3581574e-02   5.5933525e-02
   5.5800000e+01  -9.0334660e-02   4.0590476e-02
   5.5900000e+01  -8.0861891e-02   4.1899731e-02
   5.6000000e+01  -5.4164955e-02   4.2531286e-02
   5.6100000e+01  -1.3995927e-02   1.7710706e-02
   5.6200000e+01   1.9540445e-02  -3.4432324e-02
   5.6300000e+01   3.4834175e-02  -8.6698611e-02
   5.6400000e+01   4.4235425e-02  -1.1157898e-01
   5.6500000e+01   6.4015937e-02  -1.1104383e-01
   5.6600000e+01   8.4152458e-02  -1.1078043e-01
   5.6700000e+01   7.4421418e-02  -1.2662810e-01
   5.6800000e+01   2.7884094e-02  -1.4480027e-01
   5.6900000e+01  -1.3837148e-02  -1.3873979e-01
   5.7000000e+01   2.9523118e-03  -1.0123515e-01
   5.7100000e+01   7.8955260e-02  -5.5762123e-02
   5.7200000e+01   1.4819229e-01  -3.7408987e-02
   5.7300000e+01   1.4345396e-01  -6.4238821e-02
   5.7400000e+01   7.1597840e-02  -1.2356780e-01
   5.7500000e+01   8.4577458e-03  -1.8073193e-01
   5.7600000e+01   1.3631565e-02  -2.0163752e-01
   5.7700000e+01   6.2238259e-02  -1.7321353e-01
   5.7800000e+01   7.3897455e-02  -1.0765958e-01
   5.7900000e+01   6.0851620e-03  -2.8754926e-02
   5.8000000e+01  -9.4690892e-02   4.4641959e-02
   5.8100000e+01  -1.3931711e-01   1.0057920e-01
   5.8200000e+01  -8.5501057e-02   1.2459174e-01
   5.8300000e+01   2.5083962e-02   1.0057515e-01
   5.8400000e+01   1.1250716e-01   3.0535010e-02
   5.8500000e+01   1.3123954e-01  -5.0686151e-02
   5.8600000e+01   9.7774325e-02  -9.4105826e-02
   5.8700000e+01   5.7904267e-02  -7.7867221e-02
   5.8800000e+01   3.7940167e-02  -2.5738960e-02
   5.8900000e+01   2.9392211e-02   2.0383301e-02
   5.9000000e+01   1.3573659e-02   4.1258697e-02
   5.9100000e+01  -8.6868534e-03   4.6419857e-02
   5.9200000e+01  -1.6237574e-02   4.6157395e-02
   5.9300000e+01   6.6499917e-03   3.5489317e-02
   5.9400000e+01   4.9483795e-02   1.3794319e-02
   5.9500000e+01   8.2203400e-02   5.2492679e-03
   5.9600000e+01   7.9808150e-02   3.7938035e-02
   5.9700000e+01   4.0017008e-02   9.9802341e-02
   5.9800000e+01  -1.7200060e-02   1.3335700e-01
   5.9900000e+01  -6.1469286e-02   9.0198638e-02
   6.0000000e+01  -6.7709166e-02  -1.1477380e-02
   6.0100000e+01  -3.2880634e-02  -9.5040579e-02
   6.0200000e+01   1.5742820e-02  -9.4836861e-02
   6.0300000e+01   3.5749723e-02  -1.4224440e-02
   6.0400000e+01   4.7808207e-03   8.3558148e-02
   6.0500000e+01  -5.6231470e-02   1.3350268e-01
   6.0600000e+01  -1.0067343e-01   1.1561403e-01
   6.0700000e+01  -1.0089982e-01   5.6125131e-02
   6.0800000e+01  -7.2734647e-02  -2.2967930e-03
   6.0900000e+01  -5.3942056e-02  -2.9550900e-02
   6.1000000e+01  -6.3697164e-02  -2.0403386e-02
   6.1100000e+01  -8.9029214e-02   8.3031848e-03
   6.1200000e+01  -1.0732268e-01   2.9869703e-02
   6.1300000e+01  -1.1142710e-01   2.3919661e-02
   6.1400000e+01  -1.0896545e-01  -1.1488715e-02
   6.1500000e+01  -1.0614356e-01  -5.9345340e-02
   6.1600000e+01  -1.0254528e-01  -9.4859555e-02
   6.1700000e+01  -9.9435662e-02  -1.0056012e-01
   6.1800000e+01  -1.0163880e-01  -7.6199477e-02
   6.1900000e+01  -1.0684440e-01  -3.8437606e-02
   6.2000000e+01  -1.0155415e-01  -1.0795258e-02
   6.2100000e+01  -7.6037168e-02  -9.5626365e-03
   6.2200000e+01  -3.9637985e-02  -3.4236693e-02
   6.2300000e+01  -1.2332049e-02  -6.8512290e-02
   6.2400000e+01  -1.4194308e-03  -9.0836953e-02
   6.2500000e+01   4.7382158e-03  -8.7774500e-02
   6.2600000e+01   1.7800341e-02  -6.2365333e-02
   6.2700000e+01   3.3559466e-02  -3.1972771e-02
   6.2800000e+01   4.1189121e-02  -1.5206128e-02
   6.2900000e+01   4.0827085e-02  -1.6113709e-02
   6.3000000e+01   4.1472860e-02  -1.9938251e-02
   6.3100000e+01   4.4379118e-02  -7.3961731e-03
   6.3200000e+01   4.0981754e-02   2.4581107e-02
   6.3300000e+01   3.0110964e-02   5.7567861e-02
   6.3400000e+01   2.5677674e-02   6.8714925e-02
   6.3500000e+01   3.8634640e-02   5.2053246e-02
   6.3600000e+01   5.8261927e-02   2.1653523e-02
   6.3700000e+01   6.2747277e-02  -3.6678650e-03
   6.3800000e+01   4.7051311e-02  -1.4569298e-02
   6.3900000e+01   2.9326999e-02  -1.1162880e-02
   6.4000000e+01   2.6371924e-02   4.3426385e-03
   6.4100000e+01   3.1746839e-02   2.9980686e-02
   6.4200000e+01   2.5948071e-02   6.1443997e-02
   6.4300000e+01   4.2220650e-03   9.2670724e-02
   6.4400000e+01  -1.4597898e-02   1.2005607e-01
   6.4500000e+01  -8.8697992e-03   1.4282692e-01
   6.4600000e+01   2.1110601e-02   1.5812807e-01
   6.4700000e+01   5.2527951e-02   1.5894513e-01
   6.4800000e+01   6.3471737e-02   1.3958866e-01
   6.4900000e+01   5.5685023e-02   1.0241975e-01
   6.5000000e+01   5.3466959e-02   5.8518377e-02
   6.5100000e+01   7.8479205e-02   2.3900091e-02
   6.5200000e+01   1.2449289e-01   1.5006480e-02
   6.5300000e+01   1.5947845e-01   4.0535660e-02
   6.5400000e+01   1.5659866e-01   8.8984702e-02
   6.5500000e+01   1.2257269e-01   1.2573656e-01
   6.5600000e+01   9.0289144e-02   1.1450615e-01
   6.5700000e+01   8.1628797e-02   5.0935923e-02
   6.5800000e+01   8.3577371e-02  -2.7795437e-02
   6.5900000e+01   6.7610198e-02  -7.4285330e-02
   6.6000000e+01   2.9910178e-02  -7.2852916e-02
   6.6100000e+01   1.9038108e-03  -4.7066750e-02
   6.6200000e+01   1.4671983e-02  -2.8678465e-02
   6.6300000e+01   5.8001245e-02  -2.8406470e-02
   6.6400000e+01   8.4946503e-02  -3.9465761e-02
   6.6500000e+01   6.0844461e-02  -5.7826267e-02
   6.6600000e+01   2.0074952e-03  -8.5433930e-02
   6.6700000e+01  -4.1577748e-02  -1.1515537e-01
   6.6800000e+01  -4.1378689e-02  -1.2734023e-01
   6.6900000e+01  -2.0073547e-02  -1.1095001e-01
   6.7000000e+01  -2.1132017e-02  -8.2823517e-02
   6.7100000e+01  -5.4640406e-02  -7.5475356e-02
   6.7200000e+01  -8.5411342e-02  -1.0329366e-01
   6.7300000e+01  -7.8689958e-02  -1.4555596e-01
   6.7400000e+01  -4.6704813e-02  -1.6503488e-01
   6.7500000e+01  -3.6143866e-02  -1.4093373e-01
   6.7600000e+01  -7.0335281e-02  -8.4291618e-02
   6.7700000e+01  -1.1907934e-01  -2.7943026e-02
   6.7800000e+01  -1.3571880e-01  -4.9621403e-03
   6.7900000e+01  -1.1495230e-01  -2.8601029e-02
   6.8000000e+01  -9.7448929e-02  -8.0422830e-02
   6.8100000e+01  -1.1581140e-01  -1.1676117e-01
   6.8200000e+01  -1.5174985e-01  -9.9857548e-02
   6.8300000e+01  -1.5803059e-01  -3.3994038e-02
   6.8400000e+01  -1.1478621e-01   3.2876043e-02
   6.8500000e+01  -5.0277716e-02   5.4272223e-02
   6.8600000e+01  -8.0698274e-03   3.2965628e-02
   6.8700000e+01  -8.2421743e-03   1.4394471e-02
   6.8800000e+01  -4.3016608e-02   2.9760836e-02
   6.8900000e+01  -9.1837120e-02   5.7651570e-02
   6.9000000e+01  -1.2599940e-01   5.3352822e-02
   6.9100000e+01  -1.1200788e-01   8.9894154e-03
   6.9200000e+01  -3.8412277e-02  -3.3366883e-02
   6.9300000e+01   5.4652889e-02  -3.2681798e-02
   6.9400000e+01   9.6852474e-02   2.1653794e-03
   6.9500000e+01   6.0133468e-02   2.7183338e-02
   6.9600000e+01   5.4113071e-04   1.9132048e-02
   6.9700000e+01   2.6845564e-03  -3.1817057e-04
   6.9800000e+01   7.8005917e-02   1.8826164e-03
   6.9900000e+01   1.4024794e-01   2.8198178e-02
   7.0000000e+01   9.9219429e-02   5.3305379e-02
   7.0100000e+01  -3.1556958e-02   6.0440885e-02
   7.0200000e+01  -1.4186187e-01   5.8857397e-02
   7.0300000e+01  -1.4153078e-01   6.2665373e-02
   7.0400000e+01  -5.3828978e-02   6.6100484e-02
   7.0500000e+01   1.6733432e-02   5.1983305e-02
   7.0600000e+01  -9.9839912e-04   2.1198982e-02
   7.0700000e+01  -7.5734322e-02   4.6711639e-04
   7.0800000e+01  -1.1547989e-01   1.3837127e-02
   7.0900000e+01  -6.3728148e-02   5.2081030e-02
   7.1000000e+01   5.0383465e-02   7.9884414e-02
   7.1100000e+01   1.4616301e-01   7.5429145e-02
   7.1200000e+01   1.6377390e-01   5.6482926e-02
   7.1300000e+01   1.0677290e-01   6.1417769e-02
   7.1400000e+01   2.8385628e-02   1.0588832e-01
   7.1500000e+01  -1.4373895e-02   1.6358879e-01
   7.1600000e+01   1.3010285e-03   1.9056858e-01
   7.1700000e+01   5.6631259e-02   1.6398503e-01
   7.1800000e+01   1.1208438e-01   9.6110328e-02
   7.1900000e+01   1.3840094e-01   1.8976798e-02
   7.2000000e+01   1.3592281e-01  -3.5279822e-02
   7.2100000e+01   1.2796688e-01  -4.3540150e-02
   7.2200000e+01   1.3363091e-01   6.8006375e-05
   7.2300000e+01   1.4572287e-01   7.1580710e-02
   7.2400000e+01   1.3772147e-01   1.2018247e-01
   7.2500000e+01   9.3962588e-02   1.0362262e-01
   7.2600000e+01   2.9807298e-02   3.0828352e-02
   7.2700000e+01  -2.1215193e-02  -3.8556141e-02
   7.2800000e+01  -3.7714586e-02  -4.8804241e-02
   7.2900000e+01  -2.4220169e-02  -3.2586965e-03
   7.3000000e+01   8.4579448e-04   4.0499924e-02
   7.3100000e+01   2.0833518e-02   2.9533875e-02
   7.3200000e+01   2.3089992e-02  -3.6927674e-02
   7.3300000e+01  -1.5124173e-03  -1.1697445e-01
   7.3400000e+01  -4.8339062e-02  -1.6969040e-01
   7.3500000e+01  -9.1701173e-02  -1.8118887e-01
   7.3600000e+01  -1.0232110e-01  -1.5804449e-01
   7.3700000e+01  -7.7735340e-02  -1.1438314e-01
   7.3800000e+01  -4.6057985e-02  -7.0672461e-02
   7.3900000e+01  -3.1744423e-02  -5.0935834e-02
   7.4000000e+01  -2.5258251e-02  -6.6048812e-02
   7.4100000e+01   4.0008265e-04  -1.0043209e-01
   7.4200000e+01   4.5013446e-02  -1.2513214e-01
   7.4300000e+01   6.9979126e-02  -1.2670280e-01
   7.4400000e+01   4.2800702e-02  -1.1706101e-01
   7.4500000e+01  -1.5354063e-02  -1.1295865e-01
   7.4600000e+01  -4.2309871e-02  -1.1332649e-01
   7.4700000e+01   1.4255696e-04  -1.0299979e-01
   7.4800000e+01   8.1327772e-02  -7.4086194e-02
   7.4900000e+01   1.2778543e-01  -3.5481953e-02
   7.5000000e+01   9.2699086e-02  -2.3198729e-03
   7.5100000e+01  -2.0418523e-03   1.5855892e-02
   7.5200000e+01  -8.7835620e-02   1.5204658e-02
   7.5300000e+01  -1.0847200e-01  -4.3475119e-03
   7.5400000e+01  -6.2527545e-02  -3.3420039e-02
   7.5500000e+01   1.1384620e-03  -5.0864884e-02
   7.5600000e+01   2.4563293e-02  -3.8645145e-02
   7.5700000e+01  -1.5552980e-02  -2.3758985e-03
   7.5800000e+01  -9.3145636e-02   2.9284184e-02
   7.5900000e+01  -1.5590788e-01   3.0223392e-02
   7.6000000e+01  -1.6620732e-01  -9.7428608e-04
   7.6100000e+01  -1.2649538e-01  -4.5910103e-02
   7.6200000e+01  -7.1221542e-02  -8.5846555e-02
   7.6300000e+01  -3.7496216e-02  -1.0802788e-01
   7.6400000e+01  -4.1586529e-02  -9.7950175e-02
   7.6500000e+01  -7.5329631e-02  -4.3120848e-02
   7.6600000e+01  -1.1543320e-01   4.4339693e-02
   7.6700000e+01  -1.3413861e-01   1.1813857e-01
   7.6800000e+01  -1.0986885e-01   1.3074037e-01
   7.6900000e+01  -4.0081226e-02   8.4573639e-02
   7.7000000e+01   5.1023198e-02   4.0539112e-02
   7.7100000e+01   1.2231840e-01   6.1465317e-02
   7.7200000e+01   1.4190613e-01   1.4528230e-01
   7.7300000e+01   1.0939180e-01   2.2322551e-01
   7.7400000e+01   5.4214276e-02   2.2941166e-01
   7.7500000e+01   1.1905221e-02   1.6701017e-01
   7.7600000e+01   3.9569407e-05   9.9453605e-02
   7.7700000e+01   1.2698897e-02   7.9990930e-02
   7.7800000e+01   3.2626030e-02   1.0016836e-01
   7.7900000e+01   4.6230074e-02   1.1118314e-01
   7.8000000e+01   4.9603164e-02   8.6687044e-02
   7.8100000e+01   4.5384390e-02   5.2023832e-02
   7.8200000e+01   3.7257389e-02   4.9562757e-02
   7.8300000e+01   2.7427089e-02   8.5474621e-02
   7.8400000e+01   1.7647640e-02   1.2116991e-01
   7.8500000e+01   1.1132840e-02   1.1618219e-01
   7.8600000e+01   1.2192365e-02   6.9262173e-02
   7.8700000e+01   2.2581411e-02   1.1678887e-02
   7.8800000e+01   3.7434198e-02  -3.2069348e-02
   7.8900000e+01   4.5892854e-02  -6.4141747e-02
   7.9000000e+01   3.8319159e-02  -9.3741258e-02
   7.9100000e+01   1.4848489e-02  -1.1269686e-01
   7.9200000e+01  -1.3243008e-02  -1.0397657e-01
   7.9300000e+01  -3.1940977e-02  -6.9769107e-02
   7.9400000e+01  -3.5233621e-02  -3.4773741e-02
   7.9500000e+01  -2.8013400e-02  -1.6171978e-02
   7.9600000e+01  -1.9315695e-02  -3.6205658e-03
   7.9700000e+01  -1.4066838e-02   1.8458019e-02
   7.9800000e+01  -1.1476229e-02   3.7524524e-02
   7.9900000e+01  -9.1630657e-03   2.2346069e-02
   8.0000000e+01  -6.4871770e-03  -3.1388603e-02
