   1.0221618e+02   2.8602761e+01   2.5212700e+03
   1.0215212e+02   2.8356577e+01   1.7787600e+03
   0.0000000e+00  -1.7209993e-01  -1.7209993e-01
   1.0000000e-01  -7.3521591e-02  -2.4009130e-01
   2.0000000e-01   1.7154316e-02  -2.5146573e-01
   3.0000000e-01   8.3843001e-02  -2.1698940e-01
   4.0000000e-01   1.4542148e-01  -1.7779964e-01
   5.0000000e-01   2.3359010e-01  -1.7646594e-01
   6.0000000e-01   3.5826666e-01  -2.2868884e-01
   7.0000000e-01   4.9514855e-01  -3.1233794e-01
   8.0000000e-01   6.0694097e-01  -3.7813419e-01
   9.0000000e-01   6.7597775e-01  -3.7881256e-01
   1.0000000e+00   7.1681686e-01  -3.0466422e-01
   1.1000000e+00   7.5979327e-01  -2.0071223e-01
   1.2000000e+00   8.2395755e-01  -1.4309161e-01
   1.3000000e+00   9.0293925e-01  -1.8381043e-01
   1.4000000e+00   9.7097048e-01  -3.0912660e-01
   1.5000000e+00   1.0000000e+00  -4.5169524e-01
   1.6000000e+00   9.7563919e-01  -5.4573392e-01
   1.7000000e+00   9.0438783e-01  -5.7215087e-01
   1.8000000e+00   8.0919827e-01  -5.5633386e-01
   1.9000000e+00   7.1560843e-01  -5.3405575e-01
   2.0000000e+00   6.3718846e-01  -5.2601038e-01
   2.1000000e+00   5.7014246e-01  -5.3603581e-01
   2.2000000e+00   4.9882719e-01  -5.5617643e-01
   2.3000000e+00   4.0579479e-01  -5.6637216e-01
   2.4000000e+00   2.8127791e-01  -5.4019227e-01
   2.5000000e+00   1.3158545e-01  -4.6610508e-01
   2.6000000e+00  -1.7734388e-02  -3.6594994e-01
   2.7000000e+00  -1.3340081e-01  -2.8331715e-01
   2.8000000e+00  -1.9961811e-01  -2.4558034e-01
   2.9000000e+00  -2.3494327e-01  -2.3720853e-01
   3.0000000e+00  -2.7789538e-01  -2.1334680e-01
   3.1000000e+00  -3.5028735e-01  -1.3998156e-01
   3.2000000e+00  -4.3666957e-01  -2.0904216e-02
   3.3000000e+00  -5.0329876e-01   1.1030035e-01
   3.4000000e+00  -5.3408654e-01   2.1853786e-01
   3.5000000e+00  -5.4218221e-01   2.8743000e-01
   3.6000000e+00  -5.4895893e-01   3.2020033e-01
   3.7000000e+00  -5.6213896e-01   3.3101054e-01
   3.8000000e+00  -5.7858544e-01   3.3843474e-01
   3.9000000e+00  -5.9821179e-01   3.6069824e-01
   4.0000000e+00  -6.2217434e-01   4.0674611e-01
   4.1000000e+00  -6.3870964e-01   4.6598932e-01
   4.2000000e+00  -6.2519187e-01   5.0956547e-01
   4.3000000e+00  -5.7374272e-01   5.1043406e-01
   4.4000000e+00  -5.0896515e-01   4.6972173e-01
   4.5000000e+00  -4.6881868e-01   4.2320073e-01
   4.6000000e+00  -4.6552605e-01   4.1416401e-01
   4.7000000e+00  -4.7198971e-01   4.5166634e-01
   4.8000000e+00  -4.5044667e-01   4.9441569e-01
   4.9000000e+00  -3.9001048e-01   4.8248561e-01
   5.0000000e+00  -3.1154400e-01   3.9212826e-01
   5.1000000e+00  -2.3947632e-01   2.6065830e-01
   5.2000000e+00  -1.7720541e-01   1.5409113e-01
   5.3000000e+00  -1.1299960e-01   1.0789712e-01
   5.4000000e+00  -4.4541159e-02   9.9064658e-02
   5.5000000e+00   9.5609602e-03   7.4187845e-02
   5.6000000e+00   2.5051044e-02   1.2375818e-03
   5.7000000e+00  -2.7229355e-03  -1.0573774e-01
   5.8000000e+00  -5.0131747e-02  -2.0591410e-01
   5.9000000e+00  -8.1725330e-02  -2.6957930e-01
   6.0000000e+00  -7.5686835e-02  -2.9991220e-01
   6.1000000e+00  -3.5274813e-02  -3.2471167e-01
   6.2000000e+00   2.0859359e-02  -3.6835267e-01
   6.3000000e+00   7.6026094e-02  -4.2756411e-01
   6.4000000e+00   1.2342676e-01  -4.7337937e-01
   6.5000000e+00   1.6213816e-01  -4.8067394e-01
   6.6000000e+00   1.9185358e-01  -4.5589749e-01
   6.7000000e+00   2.1380989e-01  -4.2847788e-01
   6.8000000e+00   2.3353022e-01  -4.1133852e-01
   6.9000000e+00   2.5827320e-01  -3.7927900e-01
   7.0000000e+00   2.9046398e-01  -2.9819025e-01
   7.1000000e+00   3.2432678e-01  -1.7258611e-01
   7.2000000e+00   3.4918773e-01  -4.9408458e-02
   7.3000000e+00   3.5674606e-01   3.0395270e-02
   7.4000000e+00   3.4783548e-01   7.2222676e-02
   7.5000000e+00   3.3411137e-01   1.1103660e-01
   7.6000000e+00   3.3046769e-01   1.6535654e-01
   7.7000000e+00   3.4067846e-01   2.2485286e-01
   7.8000000e+00   3.4987381e-01   2.8043433e-01
   7.9000000e+00   3.3647167e-01   3.4442715e-01
   8.0000000e+00   2.9557273e-01   4.2857819e-01
   8.1000000e+00   2.4777759e-01   5.1505084e-01
   8.2000000e+00   2.1969550e-01   5.6763461e-01
   8.3000000e+00   2.1577033e-01   5.7045306e-01
   8.4000000e+00   2.1382097e-01   5.4089816e-01
   8.5000000e+00   1.8972034e-01   5.0187504e-01
   8.6000000e+00   1.4245798e-01   4.5605619e-01
   8.7000000e+00   9.2271878e-02   3.9660901e-01
   8.8000000e+00   5.8081598e-02   3.3154792e-01
   8.9000000e+00   4.2461378e-02   2.8047757e-01
   9.0000000e+00   3.7775796e-02   2.4746357e-01
   9.1000000e+00   3.9273437e-02   2.1093939e-01
   9.2000000e+00   4.6388015e-02   1.4636028e-01
   9.3000000e+00   5.4059203e-02   5.1081396e-02
   9.4000000e+00   5.1137252e-02  -5.8284570e-02
   9.5000000e+00   3.2761890e-02  -1.6536561e-01
   9.6000000e+00   1.2405712e-02  -2.6239021e-01
   9.7000000e+00   1.5204042e-02  -3.4398140e-01
   9.8000000e+00   5.4155333e-02  -4.0413353e-01
   9.9000000e+00   1.1263067e-01  -4.4166875e-01
   1.0000000e+01   1.5432559e-01  -4.6184160e-01
   1.0100000e+01   1.5462462e-01  -4.7032709e-01
   1.0200000e+01   1.2286029e-01  -4.7155521e-01
   1.0300000e+01   9.1134017e-02  -4.7467237e-01
   1.0400000e+01   7.9171878e-02  -4.9199725e-01
   1.0500000e+01   7.1484044e-02  -5.2322778e-01
   1.0600000e+01   3.2404770e-02  -5.4558747e-01
   1.0700000e+01  -5.4727439e-02  -5.3021616e-01
   1.0800000e+01  -1.6460050e-01  -4.7087148e-01
   1.0900000e+01  -2.4821358e-01  -3.9107277e-01
   1.1000000e+01  -2.7580392e-01  -3.2150394e-01
   1.1100000e+01  -2.6326966e-01  -2.7506090e-01
   1.1200000e+01  -2.5782512e-01  -2.4380655e-01
   1.1300000e+01  -2.9775907e-01  -2.1105518e-01
   1.1400000e+01  -3.8301222e-01  -1.6059916e-01
   1.1500000e+01  -4.7942265e-01  -8.2333284e-02
   1.1600000e+01  -5.4763382e-01   1.8090929e-02
   1.1700000e+01  -5.6924310e-01   1.1414339e-01
   1.1800000e+01  -5.5129805e-01   1.7443168e-01
   1.1900000e+01  -5.1242570e-01   1.9263286e-01
   1.2000000e+01  -4.6732458e-01   1.9877000e-01
   1.2100000e+01  -4.2184096e-01   2.3351316e-01
   1.2200000e+01  -3.7744206e-01   3.0854826e-01
   1.2300000e+01  -3.3603587e-01   3.9321344e-01
   1.2400000e+01  -2.9914076e-01   4.4045178e-01
   1.2500000e+01  -2.6347428e-01   4.2711056e-01
   1.2600000e+01  -2.1945313e-01   3.7354092e-01
   1.2700000e+01  -1.5649770e-01   3.2754764e-01
   1.2800000e+01  -7.2314878e-02   3.2571463e-01
   1.2900000e+01   2.1743554e-02   3.6238955e-01
   1.3000000e+01   1.0566690e-01   3.9303541e-01
   1.3100000e+01   1.6415561e-01   3.7198597e-01
   1.3200000e+01   1.9769705e-01   2.9242031e-01
   1.3300000e+01   2.2095452e-01   1.9148951e-01
   1.3400000e+01   2.4922700e-01   1.1676076e-01
   1.3500000e+01   2.8530969e-01   8.7761088e-02
   1.3600000e+01   3.1846248e-01   8.6859164e-02
   1.3700000e+01   3.3489957e-01   8.0385479e-02
   1.3800000e+01   3.2898679e-01   4.5349134e-02
   1.3900000e+01   3.0617390e-01  -1.7429952e-02
   1.4000000e+01   2.7763870e-01  -8.5500099e-02
   1.4100000e+01   2.5214914e-01  -1.2816876e-01
   1.4200000e+01   2.3072302e-01  -1.2728199e-01
   1.4300000e+01   2.0828794e-01  -9.3860322e-02
   1.4400000e+01   1.8290056e-01  -6.3293273e-02
   1.4500000e+01   1.6473154e-01  -6.7100296e-02
   1.4600000e+01   1.7202182e-01  -1.0556134e-01
   1.4700000e+01   2.1200248e-01  -1.4896118e-01
   1.4800000e+01   2.6512943e-01  -1.6613015e-01
   1.4900000e+01   2.9455478e-01  -1.5044585e-01
   1.5000000e+01   2.7736881e-01  -1.1924138e-01
   1.5100000e+01   2.2641347e-01  -9.3214259e-02
   1.5200000e+01   1.7791459e-01  -8.0131345e-02
   1.5300000e+01   1.5713185e-01  -7.5302002e-02
   1.5400000e+01   1.5795913e-01  -7.0701021e-02
   1.5500000e+01   1.5482921e-01  -6.0554673e-02
   1.5600000e+01   1.2980798e-01  -4.2128541e-02
   1.5700000e+01   8.6423222e-02  -1.7187865e-02
   1.5800000e+01   4.1602105e-02   5.6204165e-03
   1.5900000e+01   8.8531200e-03   1.3316100e-02
   1.6000000e+01  -1.2102545e-02  -1.9813817e-03
   1.6100000e+01  -3.3879084e-02  -3.4139752e-02
   1.6200000e+01  -7.0133408e-02  -6.4413961e-02
   1.6300000e+01  -1.2137856e-01  -7.4447425e-02
   1.6400000e+01  -1.7001488e-01  -6.1055848e-02
   1.6500000e+01  -1.9310883e-01  -3.9846701e-02
   1.6600000e+01  -1.8423100e-01  -3.2876384e-02
   1.6700000e+01  -1.6209837e-01  -4.9250626e-02
   1.6800000e+01  -1.5476373e-01  -7.5649348e-02
   1.6900000e+01  -1.7476892e-01  -8.7045170e-02
   1.7000000e+01  -2.1056756e-01  -6.9376545e-02
   1.7100000e+01  -2.4005669e-01  -3.2879479e-02
   1.7200000e+01  -2.4865750e-01  -2.8222961e-03
   1.7300000e+01  -2.3514174e-01   2.8369090e-03
   1.7400000e+01  -2.0675495e-01  -1.3241912e-02
   1.7500000e+01  -1.7395160e-01  -3.3933330e-02
   1.7600000e+01  -1.4710563e-01  -4.2939758e-02
   1.7700000e+01  -1.3141804e-01  -3.3826261e-02
   1.7800000e+01  -1.2267021e-01  -9.8034290e-03
   1.7900000e+01  -1.1160334e-01   1.9252909e-02
   1.8000000e+01  -9.5267444e-02   4.0475419e-02
   1.8100000e+01  -8.1621715e-02   4.5745876e-02
   1.8200000e+01  -7.9317801e-02   4.0414887e-02
   1.8300000e+01  -8.3875133e-02   4.1680329e-02
   1.8400000e+01  -7.8501482e-02   6.2964968e-02
   1.8500000e+01  -5.1047798e-02   9.8703033e-02
   1.8600000e+01  -8.2240483e-03   1.2743896e-01
   1.8700000e+01   2.9870339e-02   1.3154421e-01
   1.8800000e+01   4.9533043e-02   1.1249189e-01
   1.8900000e+01   5.6058921e-02   8.6448162e-02
   1.9000000e+01   6.5995445e-02   6.8211637e-02
   1.9100000e+01   8.8393591e-02   6.2175132e-02
   1.9200000e+01   1.1580988e-01   6.5528202e-02
   1.9300000e+01   1.3424670e-01   7.2825165e-02
   1.9400000e+01   1.3984043e-01   7.4834204e-02
   1.9500000e+01   1.4256329e-01   5.9567002e-02
   1.9600000e+01   1.5235199e-01   2.3428493e-02
   1.9700000e+01   1.6437333e-01  -1.7646170e-02
   1.9800000e+01   1.6248807e-01  -3.5838239e-02
   1.9900000e+01   1.3877958e-01  -1.7132162e-02
   2.0000000e+01   1.0632135e-01   2.1530451e-02
   2.0100000e+01   8.8162736e-02   4.5584558e-02
   2.0200000e+01   9.3066144e-02   3.4188831e-02
   2.0300000e+01   1.0544416e-01  -4.4870346e-03
   2.0400000e+01   1.0187598e-01  -4.7919131e-02
   2.0500000e+01   7.6308458e-02  -8.1733355e-02
   2.0600000e+01   4.5990682e-02  -1.0341644e-01
   2.0700000e+01   3.1968035e-02  -1.1093731e-01
   2.0800000e+01   3.6184605e-02  -1.0028627e-01
   2.0900000e+01   4.0118281e-02  -7.7445261e-02
   2.1000000e+01   2.5307479e-02  -6.2437003e-02
   2.1100000e+01  -7.6503347e-03  -7.0563174e-02
   2.1200000e+01  -4.1978719e-02  -9.1234601e-02
   2.1300000e+01  -6.4338522e-02  -9.5723467e-02
   2.1400000e+01  -7.7489525e-02  -7.0262375e-02
   2.1500000e+01  -9.2030141e-02  -3.4765553e-02
   2.1600000e+01  -1.0945119e-01  -2.1473174e-02
   2.1700000e+01  -1.1908766e-01  -3.7358257e-02
   2.1800000e+01  -1.1257786e-01  -5.5350873e-02
   2.1900000e+01  -9.5615662e-02  -4.4595229e-02
   2.2000000e+01  -8.0533031e-02  -3.8668715e-03
   2.2100000e+01  -7.0504835e-02   3.8441689e-02
   2.2200000e+01  -5.8861670e-02   5.3623490e-02
   2.2300000e+01  -4.5240025e-02   3.7619096e-02
   2.2400000e+01  -4.3618556e-02   9.9136085e-03
   2.2500000e+01  -6.5828459e-02  -5.6057034e-03
   2.2600000e+01  -9.9670863e-02   1.8629040e-03
   2.2700000e+01  -1.1363244e-01   2.4475895e-02
   2.2800000e+01  -8.8348546e-02   4.2008915e-02
   2.2900000e+01  -3.8772784e-02   3.6392837e-02
   2.3000000e+01   2.6225896e-05   6.7297406e-03
   2.3100000e+01   6.8072325e-03  -2.7592975e-02
   2.3200000e+01  -1.0283776e-02  -4.1380857e-02
   2.3300000e+01  -2.8351784e-02  -2.4255966e-02
   2.3400000e+01  -3.0875445e-02   1.1707015e-02
   2.3500000e+01  -1.2747886e-02   4.3034619e-02
   2.3600000e+01   2.4964196e-02   5.1853739e-02
   2.3700000e+01   7.4138696e-02   3.4863164e-02
   2.3800000e+01   1.1544184e-01   3.2033583e-03
   2.3900000e+01   1.2729213e-01  -2.1957356e-02
   2.4000000e+01   1.0664961e-01  -1.9220981e-02
   2.4100000e+01   7.6835557e-02   1.6779471e-02
   2.4200000e+01   6.6908140e-02   6.4924521e-02
   2.4300000e+01   8.1714862e-02   9.0588572e-02
   2.4400000e+01   9.5845540e-02   7.8164609e-02
   2.4500000e+01   7.8407770e-02   5.0939435e-02
   2.4600000e+01   2.2168885e-02   5.1256692e-02
   2.4700000e+01  -5.0063727e-02   9.6058120e-02
   2.4800000e+01  -1.0230053e-01   1.5463977e-01
   2.4900000e+01  -1.0787989e-01   1.7503324e-01
   2.5000000e+01  -6.4764244e-02   1.3304552e-01
   2.5100000e+01   6.0770871e-04   5.4147136e-02
   2.5200000e+01   4.5673710e-02  -1.0779446e-02
   2.5300000e+01   4.0811576e-02  -2.7883172e-02
   2.5400000e+01  -3.5234921e-03  -1.8348530e-03
   2.5500000e+01  -4.1319281e-02   3.4918621e-02
   2.5600000e+01  -3.2437371e-02   4.8254225e-02
   2.5700000e+01   1.6320620e-02   2.3965937e-02
   2.5800000e+01   5.5671689e-02  -2.4466736e-02
   2.5900000e+01   4.3219424e-02  -6.5102712e-02
   2.6000000e+01  -1.3412335e-02  -7.1428883e-02
   2.6100000e+01  -6.5240389e-02  -4.5657814e-02
   2.6200000e+01  -7.1054478e-02  -1.9118942e-02
   2.6300000e+01  -3.3782156e-02  -2.4839660e-02
   2.6400000e+01   1.0126386e-02  -6.7253927e-02
   2.6500000e+01   2.9915851e-02  -1.1984538e-01
   2.6600000e+01   2.5082085e-02  -1.5163958e-01
   2.6700000e+01   1.5898684e-02  -1.5230908e-01
   2.6800000e+01   1.8211019e-02  -1.3139015e-01
   2.6900000e+01   3.0879531e-02  -1.0061414e-01
   2.7000000e+01   4.3812895e-02  -6.5552053e-02
   2.7100000e+01   5.1718200e-02  -3.3782604e-02
   2.7200000e+01   5.6693296e-02  -2.0724607e-02
   2.7300000e+01   5.9326527e-02  -3.7658634e-02
   2.7400000e+01   5.2890062e-02  -7.4038636e-02
   2.7500000e+01   3.1459681e-02  -9.9424786e-02
   2.7600000e+01   3.6990991e-03  -8.9422938e-02
   2.7700000e+01  -7.5967133e-03  -4.9856237e-02
   2.7800000e+01   1.3669580e-02  -1.1978947e-02
   2.7900000e+01   5.6248961e-02  -2.3123877e-03
   2.8000000e+01   8.7333298e-02  -1.8275645e-02
   2.8100000e+01   8.3037578e-02  -3.3683644e-02
   2.8200000e+01   5.1246672e-02  -2.5697670e-02
   2.8300000e+01   2.0918909e-02   5.5826743e-03
   2.8400000e+01   1.0497931e-02   4.1562723e-02
   2.8500000e+01   1.1806261e-02   6.3955523e-02
   2.8600000e+01   5.4221724e-03   6.8232090e-02
   2.8700000e+01  -1.4227135e-02   6.3561012e-02
   2.8800000e+01  -3.3960860e-02   6.4299235e-02
   2.8900000e+01  -3.9107156e-02   7.9548138e-02
   2.9000000e+01  -2.9506371e-02   1.0478345e-01
   2.9100000e+01  -1.7606458e-02   1.2186432e-01
   2.9200000e+01  -1.5842272e-02   1.1272129e-01
   2.9300000e+01  -2.8707330e-02   7.8743819e-02
   2.9400000e+01  -5.2783323e-02   4.5332188e-02
   2.9500000e+01  -7.8497213e-02   4.1080378e-02
   2.9600000e+01  -9.2692699e-02   6.9068726e-02
   2.9700000e+01  -8.6514289e-02   1.0074628e-01
   2.9800000e+01  -6.5054118e-02   1.0124546e-01
   2.9900000e+01  -4.6185606e-02   6.1579798e-02
   3.0000000e+01  -4.5162858e-02   6.4517529e-03
   3.0100000e+01  -6.0741504e-02  -2.7599033e-02
   3.0200000e+01  -7.9542101e-02  -2.1382851e-02
   3.0300000e+01  -9.2521278e-02   1.4461136e-02
   3.0400000e+01  -1.0133733e-01   4.9077676e-02
   3.0500000e+01  -1.0770588e-01   5.2418708e-02
   3.0600000e+01  -1.0502547e-01   1.4050627e-02
   3.0700000e+01  -8.9029076e-02  -4.9722580e-02
   3.0800000e+01  -7.3433790e-02  -1.0455292e-01
   3.0900000e+01  -8.2498863e-02  -1.1913732e-01
   3.1000000e+01  -1.2097526e-01  -8.6397269e-02
   3.1100000e+01  -1.5766309e-01  -2.9697479e-02
   3.1200000e+01  -1.4978991e-01   1.2111984e-02
   3.1300000e+01  -8.7034182e-02   1.1568803e-02
   3.1400000e+01  -6.5815304e-03  -2.7959103e-02
   3.1500000e+01   3.9351177e-02  -7.5343670e-02
   3.1600000e+01   3.0190624e-02  -9.5442841e-02
   3.1700000e+01  -8.1434220e-03  -7.4839037e-02
   3.1800000e+01  -2.9566292e-02  -2.9131733e-02
   3.1900000e+01  -5.3059095e-03   1.2351723e-02
   3.2000000e+01   5.9330818e-02   2.9158008e-02
   3.2100000e+01   1.3452099e-01   2.0803153e-02
   3.2200000e+01   1.8750065e-01   1.5339878e-03
   3.2300000e+01   2.0160173e-01  -1.1867017e-02
   3.2400000e+01   1.8498647e-01  -9.6263178e-03
   3.2500000e+01   1.6490405e-01   5.9033631e-03
   3.2600000e+01   1.6862919e-01   1.9662361e-02
   3.2700000e+01   2.0272713e-01   1.2123063e-02
   3.2800000e+01   2.4741838e-01  -2.3149722e-02
   3.2900000e+01   2.7207666e-01  -6.6299897e-02
   3.3000000e+01   2.5901502e-01  -8.1279015e-02
   3.3100000e+01   2.1532976e-01  -4.8322184e-02
   3.3200000e+01   1.6456323e-01   1.1040268e-02
   3.3300000e+01   1.2805244e-01   4.7537190e-02
   3.3400000e+01   1.1194618e-01   2.9849319e-02
   3.3500000e+01   1.0711749e-01  -2.2756366e-02
   3.3600000e+01   9.7832113e-02  -5.7978182e-02
   3.3700000e+01   7.1763922e-02  -4.2512843e-02
   3.3800000e+01   2.7042337e-02   6.5370697e-03
   3.3900000e+01  -2.6031712e-02   4.3837115e-02
   3.4000000e+01  -7.0962399e-02   4.4408204e-02
   3.4100000e+01  -9.7217054e-02   2.4139557e-02
   3.4200000e+01  -1.0921436e-01   1.4524372e-02
   3.4300000e+01  -1.2155073e-01   2.7253702e-02
   3.4400000e+01  -1.4253322e-01   4.9168666e-02
   3.4500000e+01  -1.6329768e-01   6.4676826e-02
   3.4600000e+01  -1.6690498e-01   7.1355148e-02
   3.4700000e+01  -1.4924662e-01   7.2286429e-02
   3.4800000e+01  -1.2728486e-01   6.3976275e-02
   3.4900000e+01  -1.2300113e-01   4.1226468e-02
   3.5000000e+01  -1.4039648e-01   1.1351989e-02
   3.5100000e+01  -1.6191894e-01  -5.6793252e-03
   3.5200000e+01  -1.6755663e-01   4.1990592e-03
   3.5300000e+01  -1.5375754e-01   3.2436420e-02
   3.5400000e+01  -1.3256251e-01   5.1887291e-02
   3.5500000e+01  -1.1665116e-01   3.7980345e-02
   3.5600000e+01  -1.0919887e-01  -1.1163529e-02
   3.5700000e+01  -1.0537405e-01  -7.0039032e-02
   3.5800000e+01  -9.7206030e-02  -1.0020544e-01
   3.5900000e+01  -7.6256398e-02  -7.7685345e-02
   3.6000000e+01  -3.8486456e-02  -1.6024629e-02
   3.6100000e+01   7.8585223e-03   3.7200755e-02
   3.6200000e+01   4.2380434e-02   3.5929770e-02
   3.6300000e+01   4.8068804e-02  -2.3662424e-02
   3.6400000e+01   2.8922586e-02  -9.7089548e-02
   3.6500000e+01   7.6758506e-03  -1.3012944e-01
   3.6600000e+01   2.9785125e-03  -1.0608000e-01
   3.6700000e+01   1.2005464e-02  -5.5592014e-02
   3.6800000e+01   1.9422212e-02  -2.2477419e-02
   3.6900000e+01   2.0483509e-02  -2.3742412e-02
   3.7000000e+01   2.7714527e-02  -4.2625402e-02
   3.7100000e+01   5.2128024e-02  -5.3506450e-02
   3.7200000e+01   8.3532374e-02  -4.6093832e-02
   3.7300000e+01   9.6367080e-02  -2.5900380e-02
   3.7400000e+01   7.5772985e-02   1.3803836e-04
   3.7500000e+01   3.4138026e-02   3.0405817e-02
   3.7600000e+01   1.9440678e-04   6.1425173e-02
   3.7700000e+01  -6.6044157e-03   8.1126232e-02
   3.7800000e+01   9.2025830e-03   7.5911796e-02
   3.7900000e+01   2.6341478e-02   4.5833338e-02
   3.8000000e+01   2.6345436e-02   9.8300937e-03
   3.8100000e+01   8.6199207e-03  -7.8735598e-03
   3.8200000e+01  -9.4872341e-03   1.3746969e-03
   3.8300000e+01  -7.3070920e-03   2.3538459e-02
   3.8400000e+01   2.0832706e-02   3.6742401e-02
   3.8500000e+01   5.9599670e-02   3.3371544e-02
   3.8600000e+01   8.6089190e-02   2.5967379e-02
   3.8700000e+01   9.0516561e-02   3.0394531e-02
   3.8800000e+01   8.2774489e-02   4.5492301e-02
   3.8900000e+01   7.8446894e-02   5.3315187e-02
   3.9000000e+01   8.1330125e-02   4.0347127e-02
   3.9100000e+01   8.2348625e-02   1.4729672e-02
   3.9200000e+01   7.3569265e-02  -1.3405500e-03
   3.9300000e+01   5.8752822e-02   4.4203056e-03
   3.9400000e+01   4.9426876e-02   2.1406472e-02
   3.9500000e+01   5.4176350e-02   2.7847714e-02
   3.9600000e+01   7.3049758e-02   1.3126287e-02
   3.9700000e+01   9.7905031e-02  -1.2434180e-02
   3.9800000e+01   1.1376804e-01  -2.7374905e-02
   3.9900000e+01   1.0306214e-01  -1.6930990e-02
   4.0000000e+01   5.7633680e-02   1.5689418e-02
   4.0100000e+01  -7.8973437e-03   5.0800983e-02
   4.0200000e+01  -5.8404866e-02   6.4691162e-02
   4.0300000e+01  -6.2517104e-02   4.5813344e-02
   4.0400000e+01  -2.0695401e-02   3.7949778e-03
   4.0500000e+01   3.0565432e-02  -3.6714749e-02
   4.0600000e+01   4.6080142e-02  -5.3430056e-02
   4.0700000e+01   8.1470024e-03  -4.0888536e-02
   4.0800000e+01  -6.0405163e-02  -1.1380484e-02
   4.0900000e+01  -1.1704877e-01   1.5282802e-02
   4.1000000e+01  -1.3456125e-01   2.3697895e-02
   4.1100000e+01  -1.1950423e-01   1.0424772e-02
   4.1200000e+01  -1.0054701e-01  -1.4539508e-02
   4.1300000e+01  -1.0047125e-01  -3.3883134e-02
   4.1400000e+01  -1.1803750e-01  -3.5482146e-02
   4.1500000e+01  -1.3373827e-01  -2.2376337e-02
   4.1600000e+01  -1.3068532e-01  -9.8562911e-03
   4.1700000e+01  -1.1015791e-01  -1.1340219e-02
   4.1800000e+01  -8.9094045e-02  -2.7308884e-02
   4.1900000e+01  -8.3947339e-02  -4.7462074e-02
   4.2000000e+01  -9.6013574e-02  -6.0446241e-02
   4.2100000e+01  -1.1037885e-01  -5.9482269e-02
   4.2200000e+01  -1.0853781e-01  -4.2361690e-02
   4.2300000e+01  -8.3572939e-02  -1.2831162e-02
   4.2400000e+01  -4.5128296e-02   1.6250972e-02
   4.2500000e+01  -1.0711435e-02   2.7155594e-02
   4.2600000e+01   7.8525721e-03   1.1726410e-02
   4.2700000e+01   1.0510980e-02  -1.7645021e-02
   4.2800000e+01   4.2570972e-03  -3.6042121e-02
   4.2900000e+01  -4.4278705e-03  -2.8481485e-02
   4.3000000e+01  -1.1250710e-02  -3.9432338e-03
   4.3100000e+01  -1.1077894e-02   1.4165289e-02
   4.3200000e+01   1.6397123e-03   1.0681660e-02
   4.3300000e+01   2.6449608e-02  -8.9017725e-03
   4.3400000e+01   5.2717709e-02  -2.6272383e-02
   4.3500000e+01   6.6324329e-02  -2.6986025e-02
   4.3600000e+01   6.3081781e-02  -9.8410805e-03
   4.3700000e+01   5.4090522e-02   1.5018821e-02
   4.3800000e+01   5.4910988e-02   3.3060248e-02
   4.3900000e+01   6.8809222e-02   3.2920918e-02
   4.4000000e+01   8.2658089e-02   1.4017332e-02
   4.4100000e+01   8.0835256e-02  -9.9494256e-03
   4.4200000e+01   6.2279192e-02  -1.8941698e-02
   4.4300000e+01   4.2610986e-02  -4.0727930e-03
   4.4400000e+01   4.0180047e-02   2.1672609e-02
   4.4500000e+01   6.0960068e-02   3.3893916e-02
   4.4600000e+01   9.4804419e-02   2.0672350e-02
   4.4700000e+01   1.2212021e-01  -5.0878658e-03
   4.4800000e+01   1.2411648e-01  -1.8735557e-02
   4.4900000e+01   9.3711150e-02  -8.1166582e-03
   4.5000000e+01   4.4399626e-02   1.6426007e-02
   4.5100000e+01   7.7897852e-03   3.3610525e-02
   4.5200000e+01   1.2829126e-02   2.8908385e-02
   4.5300000e+01   5.8932087e-02   2.5046347e-03
   4.5400000e+01   1.1038190e-01  -3.2506763e-02
   4.5500000e+01   1.2439533e-01  -5.5098025e-02
   4.5600000e+01   8.9410283e-02  -4.5589990e-02
   4.5700000e+01   3.4991463e-02  -1.8324773e-03
   4.5800000e+01   2.5521547e-03   4.9530251e-02
   4.5900000e+01   7.4118845e-03   6.6372607e-02
   4.6000000e+01   3.0013484e-02   2.7498590e-02
   4.6100000e+01   4.0409476e-02  -4.1254526e-02
   4.6200000e+01   2.6316699e-02  -8.3923803e-02
   4.6300000e+01  -2.1115343e-03  -6.4261190e-02
   4.6400000e+01  -2.8039848e-02   3.3092961e-04
   4.6500000e+01  -4.2841812e-02   5.6069017e-02
   4.6600000e+01  -4.7746466e-02   6.3050033e-02
   4.6700000e+01  -4.7926414e-02   2.7589374e-02
   4.6800000e+01  -4.8876736e-02  -1.1036040e-02
   4.6900000e+01  -5.5989523e-02  -1.9062086e-02
   4.7000000e+01  -7.2483563e-02   6.7900061e-03
   4.7100000e+01  -9.5301477e-02   4.3501806e-02
   4.7200000e+01  -1.1461576e-01   6.1989669e-02
   4.7300000e+01  -1.2057068e-01   4.5769693e-02
   4.7400000e+01  -1.1245396e-01   1.4040383e-03
   4.7500000e+01  -1.0053887e-01  -4.1845395e-02
   4.7600000e+01  -9.6513731e-02  -4.7752474e-02
   4.7700000e+01  -1.0096874e-01  -4.8003820e-04
   4.7800000e+01  -1.0237811e-01   7.6883951e-02
   4.7900000e+01  -9.1237027e-02   1.3386548e-01
   4.8000000e+01  -7.4026148e-02   1.3001778e-01
   4.8100000e+01  -6.7902829e-02   6.6881611e-02
   4.8200000e+01  -7.8579568e-02  -1.3801290e-02
   4.8300000e+01  -8.7749097e-02  -6.2545827e-02
   4.8400000e+01  -6.9746344e-02  -5.6223930e-02
   4.8500000e+01  -2.2192281e-02  -8.7452110e-03
   4.8600000e+01   2.5639905e-02   4.3320601e-02
   4.8700000e+01   3.9951528e-02   6.5207272e-02
   4.8800000e+01   1.6407845e-02   4.3563750e-02
   4.8900000e+01  -1.6419573e-02  -6.9046142e-03
   4.9000000e+01  -2.6104464e-02  -5.2714222e-02
   4.9100000e+01  -4.6016722e-03  -6.3367588e-02
   4.9200000e+01   3.1316219e-02  -3.2775474e-02
   4.9300000e+01   6.0050242e-02   1.5982475e-02
   4.9400000e+01   7.0719262e-02   4.7892587e-02
   4.9500000e+01   6.3994673e-02   4.2152509e-02
   4.9600000e+01   4.7276713e-02   6.1275603e-03
   4.9700000e+01   3.2262164e-02  -3.3210707e-02
   4.9800000e+01   3.1450885e-02  -5.1699206e-02
   4.9900000e+01   5.0068348e-02  -4.5661737e-02
   5.0000000e+01   7.9935467e-02  -3.2069076e-02
   5.0100000e+01   1.0347906e-01  -3.2678802e-02
   5.0200000e+01   1.0536036e-01  -5.4993134e-02
   5.0300000e+01   8.1652877e-02  -8.4633806e-02
   5.0400000e+01   4.1182052e-02  -9.5600176e-02
   5.0500000e+01   8.7808029e-04  -7.1577362e-02
   5.0600000e+01  -2.2568073e-02  -2.1721846e-02
   5.0700000e+01  -2.2956968e-02   2.3253926e-02
   5.0800000e+01  -9.8928513e-03   3.3767715e-02
   5.0900000e+01  -7.7558612e-04   5.2392031e-03
   5.1000000e+01  -3.3876493e-03  -3.7397477e-02
   5.1100000e+01  -7.3814457e-03  -5.9581871e-02
   5.1200000e+01   3.1986325e-03  -4.5026747e-02
   5.1300000e+01   2.9067865e-02  -7.6207406e-03
   5.1400000e+01   5.1759331e-02   2.2502016e-02
   5.1500000e+01   5.2704153e-02   2.5340808e-02
   5.1600000e+01   3.3048538e-02   6.1184157e-03
   5.1700000e+01   1.0997816e-02  -1.2772512e-02
   5.1800000e+01   1.5146961e-03  -1.3231987e-02
   5.1900000e+01   3.6963838e-03   3.7798403e-03
   5.2000000e+01   8.5347145e-03   2.1555595e-02
   5.2100000e+01   1.2769470e-02   2.3573000e-02
   5.2200000e+01   1.9411612e-02   7.3742012e-03
   5.2300000e+01   2.7060729e-02  -1.4418028e-02
   5.2400000e+01   2.6939125e-02  -2.5545179e-02
   5.2500000e+01   1.4830598e-02  -1.9848997e-02
   5.2600000e+01   1.3423846e-03  -5.4751555e-03
   5.2700000e+01   2.5941021e-03   3.7367516e-03
   5.2800000e+01   1.9317323e-02   6.0077062e-04
   5.2900000e+01   3.1400251e-02  -1.1714444e-02
   5.3000000e+01   1.8721215e-02  -2.6103946e-02
   5.3100000e+01  -1.4610004e-02  -3.7404878e-02
   5.3200000e+01  -4.2706352e-02  -4.0625688e-02
   5.3300000e+01  -4.5673945e-02  -2.9014142e-02
   5.3400000e+01  -3.0042205e-02  -1.6777752e-03
   5.3500000e+01  -1.8602195e-02   2.6909910e-02
   5.3600000e+01  -2.4220835e-02   3.4396294e-02
   5.3700000e+01  -3.9373427e-02   1.5203815e-02
   5.3800000e+01  -4.9761689e-02  -6.2214298e-03
   5.3900000e+01  -5.0586064e-02   2.7725251e-03
   5.4000000e+01  -4.6400343e-02   4.4632247e-02
   5.4100000e+01  -4.1033745e-02   8.2226204e-02
   5.4200000e+01  -3.4461091e-02   7.5029618e-02
   5.4300000e+01  -2.7995397e-02   2.3010686e-02
   5.4400000e+01  -2.5640895e-02  -3.1019806e-02
   5.4500000e+01  -2.8088865e-02  -4.2574891e-02
   5.4600000e+01  -2.9835302e-02  -4.7203869e-03
   5.4700000e+01  -2.5503332e-02   5.2206849e-02
   5.4800000e+01  -1.6350045e-02   9.1434483e-02
   5.4900000e+01  -7.3076004e-03   9.6056201e-02
   5.5000000e+01   1.0119612e-04   7.2403421e-02
   5.5100000e+01   7.5787718e-03   3.9129300e-02
   5.5200000e+01   1.4072997e-02   1.5555989e-02
   5.5300000e+01   1.5930413e-02   1.2872940e-02
   5.5400000e+01   1.4952874e-02   2.8894422e-02
   5.5500000e+01   2.0881445e-02   5.0609410e-02
   5.5600000e+01   4.0317969e-02   6.4464257e-02
   5.5700000e+01   6.4699516e-02   6.5011431e-02
   5.5800000e+01   7.4889725e-02   5.4229477e-02
   5.5900000e+01   5.9665373e-02   3.6083566e-02
   5.6000000e+01   2.7143946e-02   1.5198625e-02
   5.6100000e+01  -3.0912577e-03  -1.2937422e-03
   5.6200000e+01  -1.6537899e-02  -6.4414551e-03
   5.6300000e+01  -1.1652549e-02  -1.3379765e-04
   5.6400000e+01   3.9671821e-03   1.0157416e-02
   5.6500000e+01   1.9831852e-02   1.7550078e-02
   5.6600000e+01   2.6037014e-02   2.1802850e-02
   5.6700000e+01   1.7052305e-02   2.3930974e-02
   5.6800000e+01  -3.4117055e-03   1.7435882e-02
   5.6900000e+01  -2.2708045e-02  -8.2784592e-03
   5.7000000e+01  -2.8336139e-02  -5.2336429e-02
   5.7100000e+01  -1.8809761e-02  -9.3527947e-02
   5.7200000e+01  -5.7079010e-03  -1.0298831e-01
   5.7300000e+01  -4.8345289e-03  -6.9645852e-02
   5.7400000e+01  -2.4148859e-02  -1.4055851e-02
   5.7500000e+01  -5.7191986e-02   2.4158580e-02
   5.7600000e+01  -8.5722298e-02   1.5994637e-02
   5.7700000e+01  -9.0416069e-02  -3.4621111e-02
   5.7800000e+01  -6.4135096e-02  -9.4355992e-02
   5.7900000e+01  -1.8369229e-02  -1.2684645e-01
   5.8000000e+01   2.4159680e-02  -1.1981307e-01
   5.8100000e+01   4.6254167e-02  -9.0568502e-02
   5.8200000e+01   4.7576219e-02  -6.7460732e-02
   5.8300000e+01   4.0260595e-02  -6.6253549e-02
   5.8400000e+01   3.4872121e-02  -8.1939935e-02
   5.8500000e+01   3.2159630e-02  -9.8103988e-02
   5.8600000e+01   2.7422671e-02  -1.0009427e-01
   5.8700000e+01   1.9145999e-02  -8.1396747e-02
   5.8800000e+01   1.0607255e-02  -4.4954050e-02
   5.8900000e+01   4.2248951e-03  -3.4463323e-03
   5.9000000e+01  -2.1606273e-03   2.5016763e-02
   5.9100000e+01  -1.1547562e-02   2.9192951e-02
   5.9200000e+01  -2.1565732e-02   1.6019721e-02
   5.9300000e+01  -2.4402316e-02   6.3655310e-03
   5.9400000e+01  -1.4292999e-02   1.5672923e-02
   5.9500000e+01   5.0571789e-03   3.9177333e-02
   5.9600000e+01   2.1591506e-02   5.7975612e-02
   5.9700000e+01   2.4717192e-02   5.8195087e-02
   5.9800000e+01   1.4788936e-02   4.1727061e-02
   5.9900000e+01   2.4944450e-03   2.0544842e-02
   6.0000000e+01  -2.1909305e-03   6.8695471e-03
   6.0100000e+01  -6.6843130e-04   1.0470822e-02
   6.0200000e+01  -4.1074403e-03   3.7658522e-02
   6.0300000e+01  -1.9773900e-02   8.3165085e-02
   6.0400000e+01  -3.9697104e-02   1.2305611e-01
   6.0500000e+01  -4.6287041e-02   1.2609263e-01
   6.0600000e+01  -3.2181595e-02   8.1685297e-02
   6.0700000e+01  -1.3205663e-02   1.6324090e-02
   6.0800000e+01  -1.6085736e-02  -2.4695571e-02
   6.0900000e+01  -4.8790025e-02  -1.6660884e-02
   6.1000000e+01  -8.4717558e-02   2.3415788e-02
   6.1100000e+01  -8.2749518e-02   5.5276071e-02
   6.1200000e+01  -2.7521286e-02   5.3050551e-02
   6.1300000e+01   5.1190553e-02   2.4016045e-02
   6.1400000e+01   1.0201725e-01  -5.3804761e-03
   6.1500000e+01   9.5446842e-02  -1.5630147e-02
   6.1600000e+01   4.4463469e-02  -5.7534836e-03
   6.1700000e+01  -1.2846122e-02   1.3605805e-02
   6.1800000e+01  -4.4588881e-02   3.0406935e-02
   6.1900000e+01  -4.0624896e-02   3.4694567e-02
   6.2000000e+01  -9.0241846e-03   2.0541243e-02
   6.2100000e+01   3.1966309e-02  -7.6903194e-03
   6.2200000e+01   6.0561091e-02  -3.2395544e-02
   6.2300000e+01   6.2110401e-02  -3.4308432e-02
   6.2400000e+01   4.0946497e-02  -1.2406274e-02
   6.2500000e+01   1.8804457e-02   1.0739688e-02
   6.2600000e+01   1.5852650e-02   9.8796924e-03
   6.2700000e+01   3.2983752e-02  -1.5144390e-02
   6.2800000e+01   5.4781307e-02  -3.6817538e-02
   6.2900000e+01   6.7250799e-02  -2.8624886e-02
   6.3000000e+01   6.7672634e-02   5.3636499e-03
   6.3100000e+01   5.8472488e-02   3.3032799e-02
   6.3200000e+01   3.9965082e-02   2.6422575e-02
   6.3300000e+01   1.4701487e-02  -1.0952707e-02
   6.3400000e+01  -5.6129987e-03  -4.8774012e-02
   6.3500000e+01  -6.5286899e-03  -5.8637001e-02
   6.3600000e+01   1.2818563e-02  -3.7176274e-02
   6.3700000e+01   3.4189229e-02  -4.9679201e-03
   6.3800000e+01   3.5668926e-02   1.2483799e-02
   6.3900000e+01   1.2710949e-02   3.4198973e-03
   6.4000000e+01  -1.7931021e-02  -2.4110021e-02
   6.4100000e+01  -3.4833876e-02  -4.9749730e-02
   6.4200000e+01  -3.0926997e-02  -5.5580338e-02
   6.4300000e+01  -1.6760760e-02  -3.8774283e-02
   6.4400000e+01  -7.9710813e-03  -1.3569606e-02
   6.4500000e+01  -1.1326397e-02  -1.6121049e-04
   6.4600000e+01  -2.1549698e-02  -7.8920055e-03
   6.4700000e+01  -2.8694925e-02  -2.6187617e-02
   6.4800000e+01  -2.7265491e-02  -3.2419072e-02
   6.4900000e+01  -1.9683600e-02  -1.2267679e-02
   6.5000000e+01  -1.3367933e-02   2.4792358e-02
   6.5100000e+01  -1.5068174e-02   5.1258522e-02
   6.5200000e+01  -2.6146024e-02   4.6201841e-02
   6.5300000e+01  -4.1085764e-02   1.5539396e-02
   6.5400000e+01  -5.0481674e-02  -1.3662288e-02
   6.5500000e+01  -4.7557469e-02  -1.9471509e-02
   6.5600000e+01  -3.3702564e-02  -3.3595626e-03
   6.5700000e+01  -1.7751083e-02   1.8005946e-02
   6.5800000e+01  -8.9221990e-03   3.3447969e-02
   6.5900000e+01  -9.9683257e-03   4.3425825e-02
   6.6000000e+01  -1.7047512e-02   4.7939790e-02
   6.6100000e+01  -2.5451457e-02   3.9051265e-02
   6.6200000e+01  -3.4184059e-02   1.2746650e-02
   6.6300000e+01  -4.4494662e-02  -1.6317934e-02
   6.6400000e+01  -5.4665226e-02  -2.2291794e-02
   6.6500000e+01  -5.7437343e-02   5.4650652e-03
   6.6600000e+01  -4.4139156e-02   4.7608582e-02
   6.6700000e+01  -1.3640240e-02   7.0708529e-02
   6.6800000e+01   2.1278659e-02   5.7135656e-02
   6.6900000e+01   3.8619629e-02   1.7851110e-02
   6.7000000e+01   2.3862677e-02  -2.0978430e-02
   6.7100000e+01  -1.3896276e-02  -3.9308520e-02
   6.7200000e+01  -4.4306545e-02  -3.3213940e-02
   6.7300000e+01  -3.9804719e-02  -1.2471568e-02
   6.7400000e+01  -4.2123689e-04   5.7102827e-03
   6.7500000e+01   4.6429193e-02   4.4608297e-03
   6.7600000e+01   7.1694091e-02  -2.1575014e-02
   6.7700000e+01   6.8433290e-02  -5.7812928e-02
   6.7800000e+01   5.0098344e-02  -7.6308462e-02
   6.7900000e+01   3.1312623e-02  -5.7870931e-02
   6.8000000e+01   1.7031746e-02  -1.1007653e-02
   6.8100000e+01   8.4701234e-03   3.2210887e-02
   6.8200000e+01   9.0322774e-03   4.1200387e-02
   6.8300000e+01   1.7587172e-02   9.9513699e-03
   6.8400000e+01   2.1470186e-02  -4.0784891e-02
   6.8500000e+01   6.7571330e-03  -7.9860565e-02
   6.8600000e+01  -2.2282470e-02  -8.5090585e-02
   6.8700000e+01  -4.1406185e-02  -5.4504584e-02
   6.8800000e+01  -2.9980104e-02  -7.0752099e-03
   6.8900000e+01   5.9957660e-03   2.7465391e-02
   6.9000000e+01   3.8918889e-02   2.7795881e-02
   6.9100000e+01   4.6364035e-02  -2.2103581e-03
   6.9200000e+01   2.8663741e-02  -3.5367130e-02
   6.9300000e+01   1.2663488e-03  -4.4005315e-02
   6.9400000e+01  -2.2896515e-02  -2.3675767e-02
   6.9500000e+01  -3.9248916e-02   5.4162328e-03
   6.9600000e+01  -4.5201930e-02   1.9313461e-02
   6.9700000e+01  -3.7290418e-02   1.1085566e-02
   6.9800000e+01  -1.7975107e-02  -7.0690542e-03
   6.9900000e+01  -3.2120395e-04  -1.7060138e-02
   7.0000000e+01   8.8934803e-04  -8.3730500e-03
   7.0100000e+01  -1.5116720e-02   1.6311888e-02
   7.0200000e+01  -3.0883887e-02   4.2349974e-02
   7.0300000e+01  -2.5872622e-02   5.0618710e-02
   7.0400000e+01   2.3230306e-03   3.1062375e-02
   7.0500000e+01   3.2289571e-02  -6.0687218e-03
   7.0600000e+01   3.6315871e-02  -3.4479310e-02
   7.0700000e+01   6.2173588e-03  -3.2241920e-02
   7.0800000e+01  -3.6513223e-02  -1.5388909e-04
   7.0900000e+01  -5.6645258e-02   4.0172062e-02
   7.1000000e+01  -3.3967550e-02   6.5246822e-02
   7.1100000e+01   2.0068916e-02   6.5877997e-02
   7.1200000e+01   7.1727319e-02   4.8358307e-02
   7.1300000e+01   9.1345675e-02   2.6552932e-02
   7.1400000e+01   7.4058867e-02   1.4922623e-02
   7.1500000e+01   3.9296045e-02   2.2759075e-02
   7.1600000e+01   1.2768784e-02   4.6660681e-02
   7.1700000e+01   7.8688502e-03   6.7633909e-02
   7.1800000e+01   2.0204140e-02   6.2808706e-02
   7.1900000e+01   3.5548573e-02   2.7014671e-02
   7.2000000e+01   4.1781610e-02  -1.7071558e-02
   7.2100000e+01   3.6298216e-02  -3.4936889e-02
   7.2200000e+01   2.6620302e-02  -1.0371402e-02
   7.2300000e+01   2.5471486e-02   3.9047645e-02
   7.2400000e+01   4.1895978e-02   7.6472403e-02
   7.2500000e+01   7.2048715e-02   7.6377806e-02
   7.2600000e+01   9.7076097e-02   4.3165227e-02
   7.2700000e+01   9.3896252e-02   3.3195708e-03
   7.2800000e+01   5.4093006e-02  -1.8279611e-02
   7.2900000e+01  -4.6412274e-03  -1.5601500e-02
   7.3000000e+01  -4.7578936e-02  -2.9082113e-05
   7.3100000e+01  -4.8542599e-02   1.3317813e-02
   7.3200000e+01  -1.1667157e-02   1.6681949e-02
   7.3300000e+01   2.9890397e-02   1.0719685e-02
   7.3400000e+01   3.8747792e-02  -3.7511364e-04
   7.3500000e+01   2.2700273e-03  -1.2829508e-02
   7.3600000e+01  -5.7242049e-02  -2.4843139e-02
   7.3700000e+01  -9.9211974e-02  -3.7122552e-02
   7.3800000e+01  -9.5619872e-02  -5.1153400e-02
   7.3900000e+01  -5.2553290e-02  -6.4232706e-02
   7.4000000e+01  -5.6155594e-03  -6.6948376e-02
   7.4100000e+01   8.2272008e-03  -5.0711634e-02
   7.4200000e+01  -1.9260153e-02  -2.1171727e-02
   7.4300000e+01  -6.0856057e-02  -6.1228437e-04
   7.4400000e+01  -7.8011763e-02  -1.0040896e-02
   7.4500000e+01  -5.5782912e-02  -4.6431921e-02
   7.4600000e+01  -1.6373580e-02  -8.1739394e-02
   7.4700000e+01   2.2367521e-03  -8.8826834e-02
   7.4800000e+01  -1.8021882e-02  -6.7843874e-02
   7.4900000e+01  -6.0200240e-02  -4.3988826e-02
   7.5000000e+01  -9.0598613e-02  -3.9426599e-02
   7.5100000e+01  -8.9063914e-02  -5.1049027e-02
   7.5200000e+01  -6.1687291e-02  -5.7598980e-02
   7.5300000e+01  -2.9561363e-02  -4.5260254e-02
   7.5400000e+01  -1.0758852e-02  -2.1416990e-02
   7.5500000e+01  -1.1031446e-02  -3.0850342e-03
   7.5600000e+01  -2.3278255e-02   3.0099310e-03
   7.5700000e+01  -3.1463116e-02   4.3306134e-03
   7.5800000e+01  -2.0779717e-02   8.4139407e-03
   7.5900000e+01   7.5771789e-03   1.1508899e-02
   7.6000000e+01   3.1872114e-02   5.5735813e-03
   7.6100000e+01   2.7988507e-02  -6.2751190e-03
   7.6200000e+01  -3.4272556e-03  -8.2170572e-03
   7.6300000e+01  -3.2393216e-02   1.0920847e-02
   7.6400000e+01  -2.7799698e-02   4.1730282e-02
   7.6500000e+01   1.0959403e-02   6.0332111e-02
   7.6600000e+01   5.4554799e-02   5.1291068e-02
   7.6700000e+01   7.4131215e-02   2.2407436e-02
   7.6800000e+01   6.5464802e-02  -3.2082409e-03
   7.6900000e+01   4.3751783e-02  -6.8387826e-03
   7.7000000e+01   2.4026316e-02   1.4219752e-02
   7.7100000e+01   1.3023507e-02   4.8716986e-02
   7.7200000e+01   1.3542939e-02   7.8606057e-02
   7.7300000e+01   2.4642865e-02   8.5731722e-02
   7.7400000e+01   3.5797214e-02   6.0956572e-02
   7.7500000e+01   3.1384931e-02   1.4314072e-02
   7.7600000e+01   8.9860340e-03  -2.6059119e-02
   7.7700000e+01  -1.1534446e-02  -3.3715777e-02
   7.7800000e+01  -6.7170471e-03  -8.0640731e-03
   7.7900000e+01   2.1722985e-02   2.2996438e-02
   7.8000000e+01   4.4040277e-02   2.8855323e-02
   7.8100000e+01   3.2446772e-02   5.9336818e-03
   7.8200000e+01  -9.7078120e-03  -1.9413260e-02
   7.8300000e+01  -5.2264865e-02  -1.7705879e-02
   7.8400000e+01  -6.8461361e-02   1.4955485e-02
   7.8500000e+01  -5.5951585e-02   5.3776246e-02
   7.8600000e+01  -3.0155891e-02   6.7513689e-02
   7.8700000e+01  -5.1799738e-03   4.3434926e-02
   7.8800000e+01   1.4155310e-02  -4.3881787e-03
   7.8900000e+01   2.6126590e-02  -4.5217714e-02
   7.9000000e+01   2.6452697e-02  -5.1011140e-02
   7.9100000e+01   1.2565696e-02  -1.4908295e-02
   7.9200000e+01  -8.8431184e-03   4.1215729e-02
   7.9300000e+01  -2.2671838e-02   7.8942852e-02
   7.9400000e+01  -1.6448583e-02   7.1926076e-02
   7.9500000e+01   8.3497332e-03   2.8729784e-02
   7.9600000e+01   3.6092500e-02  -1.4382535e-02
   7.9700000e+01   4.9451842e-02  -2.7725659e-02
   7.9800000e+01   4.3268230e-02  -1.4927244e-02
   7.9900000e+01   2.5504449e-02  -1.8830834e-03
   8.0000000e+01   5.1535794e-03  -1.6613926e-03
