   1.0221618e+02   2.8602761e+01   2.5212700e+03
   1.0224103e+02   2.8502080e+01   2.3520000e+03
   0.0000000e+00   8.0507710e-01   8.0507710e-01
   1.0000000e-01   8.5561370e-01   7.1348176e-01
   2.0000000e-01   8.9253634e-01   5.7169596e-01
   3.0000000e-01   9.3731059e-01   3.9529885e-01
   4.0000000e-01   9.8345976e-01   2.1031884e-01
   5.0000000e-01   1.0000000e+00   3.3767142e-02
   6.0000000e-01   9.6259960e-01  -1.3129254e-01
   7.0000000e-01   8.8346775e-01  -2.8334855e-01
   8.0000000e-01   8.0534079e-01  -4.1169170e-01
   9.0000000e-01   7.6170599e-01  -5.0407377e-01
   1.0000000e+00   7.4589094e-01  -5.6295605e-01
   1.1000000e+00   7.2242332e-01  -6.0603286e-01
   1.2000000e+00   6.6329617e-01  -6.4737579e-01
   1.3000000e+00   5.6571119e-01  -6.8315749e-01
   1.4000000e+00   4.3919669e-01  -7.0000395e-01
   1.5000000e+00   2.9056329e-01  -6.9314428e-01
   1.6000000e+00   1.2809574e-01  -6.7075259e-01
   1.7000000e+00  -3.0246044e-02  -6.4320669e-01
   1.8000000e+00  -1.6579786e-01  -6.1514024e-01
   1.9000000e+00  -2.7500342e-01  -5.8777533e-01
   2.0000000e+00  -3.6679790e-01  -5.6139609e-01
   2.1000000e+00  -4.4362702e-01  -5.3252837e-01
   2.2000000e+00  -4.9414858e-01  -4.9515953e-01
   2.3000000e+00  -5.0842188e-01  -4.5037349e-01
   2.4000000e+00  -4.9260920e-01  -4.1052676e-01
   2.5000000e+00  -4.6190100e-01  -3.8604691e-01
   2.6000000e+00  -4.2349874e-01  -3.6806067e-01
   2.7000000e+00  -3.7492109e-01  -3.3124056e-01
   2.8000000e+00  -3.1851508e-01  -2.5806347e-01
   2.9000000e+00  -2.6967081e-01  -1.5780988e-01
   3.0000000e+00  -2.4672107e-01  -5.8788243e-02
   3.1000000e+00  -2.5552312e-01   1.6706833e-02
   3.2000000e+00  -2.8571543e-01   6.7565427e-02
   3.3000000e+00  -3.1906454e-01   1.0606897e-01
   3.4000000e+00  -3.3961237e-01   1.3941116e-01
   3.5000000e+00  -3.3952484e-01   1.6161641e-01
   3.6000000e+00  -3.2015850e-01   1.6357582e-01
   3.7000000e+00  -2.8825068e-01   1.4892457e-01
   3.8000000e+00  -2.4948323e-01   1.3653537e-01
   3.9000000e+00  -2.0602716e-01   1.4456377e-01
   4.0000000e+00  -1.6083842e-01   1.7301117e-01
   4.1000000e+00  -1.2108274e-01   2.0571642e-01
   4.2000000e+00  -9.2799075e-02   2.3014378e-01
   4.3000000e+00  -7.2770410e-02   2.5060486e-01
   4.4000000e+00  -5.1365476e-02   2.7863467e-01
   4.5000000e+00  -2.7043710e-02   3.1426674e-01
   4.6000000e+00  -1.5503978e-02   3.4326294e-01
   4.7000000e+00  -3.9754475e-02   3.5251357e-01
   4.8000000e+00  -1.0906571e-01   3.4189682e-01
   4.9000000e+00  -2.0742303e-01   3.1907680e-01
   5.0000000e+00  -3.0162514e-01   2.8890983e-01
   5.1000000e+00  -3.6067584e-01   2.5310054e-01
   5.2000000e+00  -3.7145739e-01   2.1595818e-01
   5.3000000e+00  -3.4197220e-01   1.8259153e-01
   5.4000000e+00  -2.9233189e-01   1.5141452e-01
   5.5000000e+00  -2.4005724e-01   1.1609662e-01
   5.6000000e+00  -1.8968322e-01   7.8878551e-02
   5.7000000e+00  -1.3392887e-01   5.6433872e-02
   5.8000000e+00  -6.3996682e-02   6.4858999e-02
   5.9000000e+00   2.1236869e-02   9.8063091e-02
   6.0000000e+00   1.1414144e-01   1.2619445e-01
   6.1000000e+00   2.0276244e-01   1.1947693e-01
   6.2000000e+00   2.7492256e-01   7.3800352e-02
   6.3000000e+00   3.2132144e-01   1.2442644e-02
   6.4000000e+00   3.3988644e-01  -3.5983640e-02
   6.5000000e+00   3.3907835e-01  -6.0136933e-02
   6.6000000e+00   3.3455521e-01  -6.8783659e-02
   6.7000000e+00   3.3939926e-01  -7.5731739e-02
   6.8000000e+00   3.5619530e-01  -8.5200543e-02
   6.9000000e+00   3.7792557e-01  -9.1301443e-02
   7.0000000e+00   3.9523549e-01  -8.7906463e-02
   7.1000000e+00   4.0238902e-01  -7.5800191e-02
   7.2000000e+00   3.9840740e-01  -6.1384813e-02
   7.3000000e+00   3.8572040e-01  -5.2616115e-02
   7.4000000e+00   3.6867743e-01  -5.7364939e-02
   7.5000000e+00   3.5143582e-01  -8.0634819e-02
   7.6000000e+00   3.3516339e-01  -1.1713357e-01
   7.7000000e+00   3.1689080e-01  -1.4704214e-01
   7.8000000e+00   2.9147029e-01  -1.4628025e-01
   7.9000000e+00   2.5461471e-01  -1.0672030e-01
   8.0000000e+00   2.0449320e-01  -4.5512536e-02
   8.1000000e+00   1.4249213e-01   8.5206346e-03
   8.2000000e+00   7.4731558e-02   3.6934699e-02
   8.3000000e+00   1.2484959e-02   3.8167800e-02
   8.4000000e+00  -3.2158803e-02   1.5938855e-02
   8.5000000e+00  -5.4210298e-02  -2.9647214e-02
   8.6000000e+00  -6.0021891e-02  -9.4545667e-02
   8.7000000e+00  -6.2689120e-02  -1.5999700e-01
   8.8000000e+00  -7.2736581e-02  -1.9936835e-01
   8.9000000e+00  -9.3068888e-02  -1.9963673e-01
   9.0000000e+00  -1.2106830e-01  -1.7229240e-01
   9.1000000e+00  -1.5210153e-01  -1.3968716e-01
   9.2000000e+00  -1.7951733e-01  -1.1340950e-01
   9.3000000e+00  -1.9460216e-01  -9.0126735e-02
   9.4000000e+00  -1.9227431e-01  -6.6073935e-02
   9.5000000e+00  -1.7914775e-01  -4.7396566e-02
   9.6000000e+00  -1.7251447e-01  -4.1886554e-02
   9.7000000e+00  -1.8593660e-01  -4.5441777e-02
   9.8000000e+00  -2.1397417e-01  -4.4598323e-02
   9.9000000e+00  -2.3393760e-01  -3.3525523e-02
   1.0000000e+01  -2.2644375e-01  -2.2250921e-02
   1.0100000e+01  -1.9524111e-01  -2.3570773e-02
   1.0200000e+01  -1.6511791e-01  -3.5142001e-02
   1.0300000e+01  -1.5848788e-01  -4.0416526e-02
   1.0400000e+01  -1.7365667e-01  -2.7027033e-02
   1.0500000e+01  -1.8661650e-01   1.3790112e-03
   1.0600000e+01  -1.7440935e-01   3.3003184e-02
   1.0700000e+01  -1.3640802e-01   6.1032750e-02
   1.0800000e+01  -9.2630436e-02   8.3410104e-02
   1.0900000e+01  -6.2246219e-02   9.4319901e-02
   1.1000000e+01  -4.5546681e-02   8.6549766e-02
   1.1100000e+01  -2.7860460e-02   6.5457650e-02
   1.1200000e+01   3.0480851e-04   5.2371691e-02
   1.1300000e+01   2.9912109e-02   6.5525305e-02
   1.1400000e+01   4.1698691e-02   9.8705371e-02
   1.1500000e+01   2.7004595e-02   1.2500440e-01
   1.1600000e+01  -1.2881163e-03   1.2243872e-01
   1.1700000e+01  -1.9126631e-02   9.1521586e-02
   1.1800000e+01  -1.2324770e-02   4.8417058e-02
   1.1900000e+01   1.2155319e-02   9.3509468e-03
   1.2000000e+01   3.4360483e-02  -1.3384321e-02
   1.2100000e+01   4.0023642e-02  -8.1924238e-03
   1.2200000e+01   3.2267813e-02   2.9640021e-02
   1.2300000e+01   2.6586482e-02   8.5266818e-02
   1.2400000e+01   3.5033712e-02   1.2696071e-01
   1.2500000e+01   5.4983386e-02   1.3071161e-01
   1.2600000e+01   7.2693618e-02   1.0231596e-01
   1.2700000e+01   7.7076416e-02   7.0659728e-02
   1.2800000e+01   6.9192872e-02   5.8862746e-02
   1.2900000e+01   5.8517708e-02   6.5373830e-02
   1.3000000e+01   5.1944041e-02   7.3129746e-02
   1.3100000e+01   4.8753787e-02   7.1550594e-02
   1.3200000e+01   4.6018571e-02   6.5191450e-02
   1.3300000e+01   4.5277954e-02   6.3322942e-02
   1.3400000e+01   5.0241694e-02   6.7056788e-02
   1.3500000e+01   5.8253535e-02   6.9069036e-02
   1.3600000e+01   5.8376102e-02   6.2972152e-02
   1.3700000e+01   4.1924675e-02   4.9454313e-02
   1.3800000e+01   1.4565905e-02   3.3527079e-02
   1.3900000e+01  -5.8986986e-03   1.8665042e-02
   1.4000000e+01  -6.6088330e-03   4.9934066e-03
   1.4100000e+01   6.5738449e-03  -8.5917514e-03
   1.4200000e+01   1.5214085e-02  -2.2963199e-02
   1.4300000e+01   8.7182751e-03  -3.9296243e-02
   1.4400000e+01  -4.0355416e-03  -5.8492465e-02
   1.4500000e+01  -5.6082090e-03  -7.8053761e-02
   1.4600000e+01   8.9082484e-03  -9.0323204e-02
   1.4700000e+01   2.4955844e-02  -8.6694754e-02
   1.4800000e+01   2.3542559e-02  -6.5975784e-02
   1.4900000e+01   9.9109808e-04  -3.8841328e-02
   1.5000000e+01  -2.7979952e-02  -2.2338959e-02
   1.5100000e+01  -4.5302875e-02  -2.7722427e-02
   1.5200000e+01  -4.5113537e-02  -5.2218499e-02
   1.5300000e+01  -3.4791210e-02  -8.2655755e-02
   1.5400000e+01  -2.4118660e-02  -1.0775013e-01
   1.5500000e+01  -1.6076769e-02  -1.2683596e-01
   1.5600000e+01  -7.3946054e-03  -1.4602345e-01
   1.5700000e+01   4.5889977e-03  -1.6635322e-01
   1.5800000e+01   1.6828014e-02  -1.7805020e-01
   1.5900000e+01   2.1543410e-02  -1.6840417e-01
   1.6000000e+01   1.2070081e-02  -1.3466313e-01
   1.6100000e+01  -1.0713216e-02  -8.7321385e-02
   1.6200000e+01  -3.6471407e-02  -4.1226504e-02
   1.6300000e+01  -5.1084352e-02  -6.2022660e-03
   1.6400000e+01  -4.6982108e-02   1.3361726e-02
   1.6500000e+01  -2.9164657e-02   1.4561864e-02
   1.6600000e+01  -9.7823301e-03  -2.9907979e-03
   1.6700000e+01   4.5550572e-03  -3.2436526e-02
   1.6800000e+01   1.9045949e-02  -6.0611551e-02
   1.6900000e+01   4.2153675e-02  -7.6241132e-02
   1.7000000e+01   7.1019308e-02  -7.5657106e-02
   1.7100000e+01   8.8966497e-02  -6.0089259e-02
   1.7200000e+01   8.1128537e-02  -3.1710228e-02
   1.7300000e+01   5.2482029e-02   3.5846896e-03
   1.7400000e+01   2.7275397e-02   3.2517278e-02
   1.7500000e+01   2.8306681e-02   4.1373860e-02
   1.7600000e+01   5.6839155e-02   3.0169864e-02
   1.7700000e+01   9.2884835e-02   1.5740896e-02
   1.7800000e+01   1.1316239e-01   1.5385663e-02
   1.7900000e+01   1.0745911e-01   2.7875054e-02
   1.8000000e+01   8.0838758e-02   3.5164698e-02
   1.8100000e+01   4.6445888e-02   2.4574781e-02
   1.8200000e+01   1.8896685e-02   6.0459670e-03
   1.8300000e+01   9.5874972e-03   3.9891442e-03
   1.8400000e+01   2.0304144e-02   3.2385159e-02
   1.8500000e+01   3.8552188e-02   8.0351053e-02
   1.8600000e+01   4.3566215e-02   1.2286416e-01
   1.8700000e+01   2.2677198e-02   1.4384266e-01
   1.8800000e+01  -1.6805400e-02   1.4723159e-01
   1.8900000e+01  -5.3826676e-02   1.4672509e-01
   1.9000000e+01  -7.2596612e-02   1.4789871e-01
   1.9100000e+01  -7.4686809e-02   1.4290222e-01
   1.9200000e+01  -7.2844362e-02   1.2229375e-01
   1.9300000e+01  -7.5926617e-02   8.9373162e-02
   1.9400000e+01  -8.2315541e-02   6.0458002e-02
   1.9500000e+01  -8.6306941e-02   5.0835842e-02
   1.9600000e+01  -8.6275567e-02   6.1454217e-02
   1.9700000e+01  -8.4232354e-02   7.9227098e-02
   1.9800000e+01  -8.0141600e-02   8.8775561e-02
   1.9900000e+01  -7.1366055e-02   8.3550187e-02
   2.0000000e+01  -5.8863223e-02   6.8259284e-02
   2.0100000e+01  -5.0254464e-02   5.3750246e-02
   2.0200000e+01  -5.2607308e-02   4.9157163e-02
   2.0300000e+01  -6.2404652e-02   5.5070653e-02
   2.0400000e+01  -6.6972529e-02   6.1632687e-02
   2.0500000e+01  -5.9038650e-02   5.5015687e-02
   2.0600000e+01  -4.7942165e-02   2.9189489e-02
   2.0700000e+01  -5.1449105e-02  -8.0410965e-03
   2.0800000e+01  -7.4287060e-02  -4.2479496e-02
   2.0900000e+01  -9.7900259e-02  -6.7284794e-02
   2.1000000e+01  -9.6040413e-02  -8.7088666e-02
   2.1100000e+01  -6.1448198e-02  -1.0754412e-01
   2.1200000e+01  -1.4499118e-02  -1.2397785e-01
   2.1300000e+01   1.6247985e-02  -1.2467024e-01
   2.1400000e+01   2.0696026e-02  -1.0583604e-01
   2.1500000e+01   1.3317884e-02  -8.0033763e-02
   2.1600000e+01   1.5036280e-02  -6.7023225e-02
   2.1700000e+01   3.2629829e-02  -7.6331295e-02
   2.1800000e+01   5.6036350e-02  -9.9277617e-02
   2.1900000e+01   7.1513544e-02  -1.1711116e-01
   2.2000000e+01   7.3579238e-02  -1.1637505e-01
   2.2100000e+01   6.5460410e-02  -9.8342919e-02
   2.2200000e+01   5.3048447e-02  -7.6280633e-02
   2.2300000e+01   4.1540606e-02  -6.3720275e-02
   2.2400000e+01   3.5883772e-02  -6.3238350e-02
   2.2500000e+01   3.9953849e-02  -6.5356125e-02
   2.2600000e+01   5.3097723e-02  -5.8864048e-02
   2.2700000e+01   6.8862274e-02  -4.2204121e-02
   2.2800000e+01   7.9337449e-02  -2.3594507e-02
   2.2900000e+01   8.1295508e-02  -1.0375800e-02
   2.3000000e+01   7.7609243e-02  -1.1227420e-03
   2.3100000e+01   7.3268791e-02   1.0125567e-02
   2.3200000e+01   7.1653756e-02   2.4585960e-02
   2.3300000e+01   7.4821137e-02   3.7352362e-02
   2.3400000e+01   8.4506924e-02   4.4204938e-02
   2.3500000e+01   9.9175820e-02   4.5012727e-02
   2.3600000e+01   1.0978514e-01   3.9079370e-02
   2.3700000e+01   1.0252293e-01   2.2378079e-02
   2.3800000e+01   7.0514407e-02  -5.1236260e-03
   2.3900000e+01   2.3996751e-02  -3.1189684e-02
   2.4000000e+01  -1.3899455e-02  -3.7543729e-02
   2.4100000e+01  -2.4984898e-02  -1.8326277e-02
   2.4200000e+01  -1.1373705e-02   1.0676964e-02
   2.4300000e+01   6.5812616e-03   2.5989873e-02
   2.4400000e+01   7.7582327e-03   2.0086108e-02
   2.4500000e+01  -1.3003239e-02   8.4036919e-03
   2.4600000e+01  -4.2327465e-02   1.2094054e-02
   2.4700000e+01  -5.9541548e-02   3.6211484e-02
   2.4800000e+01  -5.1846342e-02   6.6513176e-02
   2.4900000e+01  -2.3921122e-02   8.5576040e-02
   2.5000000e+01   3.0662215e-03   8.8561592e-02
   2.5100000e+01   3.8392152e-03   8.2773475e-02
   2.5200000e+01  -3.2719052e-02   7.5197181e-02
   2.5300000e+01  -9.2348366e-02   6.4142612e-02
   2.5400000e+01  -1.4322621e-01   4.3596353e-02
   2.5500000e+01  -1.5990518e-01   1.3401503e-02
   2.5600000e+01  -1.4348080e-01  -1.7195521e-02
   2.5700000e+01  -1.1872793e-01  -3.6393265e-02
   2.5800000e+01  -1.1018966e-01  -3.9223421e-02
   2.5900000e+01  -1.2013198e-01  -2.9805558e-02
   2.6000000e+01  -1.2937651e-01  -1.5389211e-02
   2.6100000e+01  -1.1891303e-01   3.3370976e-04
   2.6200000e+01  -8.9884592e-02   1.7639414e-02
   2.6300000e+01  -6.2253685e-02   3.5671986e-02
   2.6400000e+01  -5.4301467e-02   4.8582703e-02
   2.6500000e+01  -6.3821765e-02   4.7984361e-02
   2.6600000e+01  -6.9619644e-02   3.0066079e-02
   2.6700000e+01  -5.1756351e-02   7.9074982e-04
   2.6800000e+01  -1.0870140e-02  -2.6294224e-02
   2.6900000e+01   3.1693774e-02  -3.9018216e-02
   2.7000000e+01   5.2311137e-02  -3.5451141e-02
   2.7100000e+01   4.4407951e-02  -2.4832935e-02
   2.7200000e+01   2.2324106e-02  -1.9055871e-02
   2.7300000e+01   9.2636043e-03  -2.2081177e-02
   2.7400000e+01   2.1457943e-02  -2.7301088e-02
   2.7500000e+01   5.9340489e-02  -2.5336803e-02
   2.7600000e+01   1.0816221e-01  -1.4129440e-02
   2.7700000e+01   1.4606760e-01  -9.0258922e-04
   2.7800000e+01   1.5687036e-01   5.6350002e-03
   2.7900000e+01   1.4122260e-01   4.2613603e-03
   2.8000000e+01   1.1647510e-01   2.0495808e-03
   2.8100000e+01   1.0229560e-01   6.4284066e-03
   2.8200000e+01   1.0404609e-01   1.6544782e-02
   2.8300000e+01   1.1091609e-01   2.2400047e-02
   2.8400000e+01   1.1052142e-01   1.3063711e-02
   2.8500000e+01   1.0254268e-01  -1.2807663e-02
   2.8600000e+01   9.5800382e-02  -4.3420738e-02
   2.8700000e+01   9.4628558e-02  -6.1220303e-02
   2.8800000e+01   9.3415057e-02  -5.5759324e-02
   2.8900000e+01   8.5623227e-02  -3.1382052e-02
   2.9000000e+01   7.3362330e-02  -3.5062011e-03
   2.9100000e+01   6.3652357e-02   1.2563720e-02
   2.9200000e+01   5.7033905e-02   1.0907753e-02
   2.9300000e+01   4.5243276e-02  -3.1849370e-03
   2.9400000e+01   2.2020084e-02  -1.7521319e-02
   2.9500000e+01  -7.2416925e-03  -1.9933374e-02
   2.9600000e+01  -3.0089400e-02  -5.5214701e-03
   2.9700000e+01  -4.0314619e-02   1.9052286e-02
   2.9800000e+01  -4.3540380e-02   3.9015817e-02
   2.9900000e+01  -4.9127432e-02   4.2825963e-02
   3.0000000e+01  -5.9485608e-02   3.2318508e-02
   3.0100000e+01  -6.9671159e-02   2.0814393e-02
   3.0200000e+01  -7.5976359e-02   1.9781648e-02
   3.0300000e+01  -8.1292130e-02   2.7577940e-02
   3.0400000e+01  -9.0581283e-02   3.2198804e-02
   3.0500000e+01  -1.0328767e-01   2.4841224e-02
   3.0600000e+01  -1.1322881e-01   9.8176791e-03
   3.0700000e+01  -1.1634669e-01   9.6078369e-04
   3.0800000e+01  -1.1621604e-01   8.5769428e-03
   3.0900000e+01  -1.1979558e-01   2.9330330e-02
   3.1000000e+01  -1.2811177e-01   4.7817534e-02
   3.1100000e+01  -1.3312674e-01   4.8364758e-02
   3.1200000e+01  -1.2506913e-01   2.7411079e-02
   3.1300000e+01  -1.0260116e-01  -3.7378839e-03
   3.1400000e+01  -7.5161563e-02  -2.8307645e-02
   3.1500000e+01  -5.5255701e-02  -3.7494920e-02
   3.1600000e+01  -4.8244793e-02  -3.5849020e-02
   3.1700000e+01  -4.8566261e-02  -3.4216308e-02
   3.1800000e+01  -4.4855893e-02  -3.8232970e-02
   3.1900000e+01  -2.9419226e-02  -4.4099845e-02
   3.2000000e+01  -4.9215646e-03  -4.4517425e-02
   3.2100000e+01   1.6794248e-02  -3.6821191e-02
   3.2200000e+01   2.3694158e-02  -2.4788446e-02
   3.2300000e+01   1.4137673e-02  -1.4292426e-02
   3.2400000e+01   5.2303249e-05  -9.2403764e-03
   3.2500000e+01  -1.5647646e-03  -1.1305513e-02
   3.2600000e+01   1.7188998e-02  -2.0731424e-02
   3.2700000e+01   4.7779676e-02  -3.5047731e-02
   3.2800000e+01   7.2121583e-02  -4.7689460e-02
   3.2900000e+01   7.7963245e-02  -5.0842895e-02
   3.3000000e+01   6.8694498e-02  -4.1919334e-02
   3.3100000e+01   5.8746042e-02  -2.6976991e-02
   3.3200000e+01   5.9587154e-02  -1.5998306e-02
   3.3300000e+01   6.9904658e-02  -1.3742961e-02
   3.3400000e+01   7.8666143e-02  -1.5675833e-02
   3.3500000e+01   7.6938246e-02  -1.3502963e-02
   3.3600000e+01   6.6433865e-02  -4.1487883e-03
   3.3700000e+01   5.6983151e-02   7.9226301e-03
   3.3800000e+01   5.6518401e-02   1.7298550e-02
   3.3900000e+01   6.4184521e-02   2.4763354e-02
   3.4000000e+01   7.3043631e-02   3.5896029e-02
   3.4100000e+01   7.8169515e-02   5.2353637e-02
   3.4200000e+01   8.0357519e-02   6.6515714e-02
   3.4300000e+01   8.1600679e-02   6.7284928e-02
   3.4400000e+01   7.9148902e-02   5.2162241e-02
   3.4500000e+01   6.7166678e-02   3.2378564e-02
   3.4600000e+01   4.5097411e-02   2.3998119e-02
   3.4700000e+01   2.1926150e-02   3.2861057e-02
   3.4800000e+01   9.2582561e-03   4.8841285e-02
   3.4900000e+01   1.0095403e-02   5.5926792e-02
   3.5000000e+01   1.6485064e-02   4.7882224e-02
   3.5100000e+01   1.8722532e-02   3.3083830e-02
   3.5200000e+01   1.4609171e-02   2.4007387e-02
   3.5300000e+01   8.1013201e-03   2.3812558e-02
   3.5400000e+01   1.1848623e-03   2.5070559e-02
   3.5500000e+01  -8.9498035e-03   2.0900142e-02
   3.5600000e+01  -2.4225002e-02   1.4199673e-02
   3.5700000e+01  -4.0885198e-02   1.3618365e-02
   3.5800000e+01  -5.3164340e-02   2.1409387e-02
   3.5900000e+01  -5.9953604e-02   2.8154047e-02
   3.6000000e+01  -6.4429564e-02   2.1103183e-02
   3.6100000e+01  -6.7400328e-02  -2.8080654e-03
   3.6200000e+01  -6.5163185e-02  -3.2951767e-02
   3.6300000e+01  -5.6453996e-02  -5.3567439e-02
   3.6400000e+01  -4.8902045e-02  -5.6300377e-02
   3.6500000e+01  -5.3939467e-02  -4.6039040e-02
   3.6600000e+01  -7.3771627e-02  -3.6335683e-02
   3.6700000e+01  -9.5625707e-02  -3.8427623e-02
   3.6800000e+01  -1.0140689e-01  -5.1762274e-02
   3.6900000e+01  -8.3700390e-02  -6.3571596e-02
   3.7000000e+01  -5.2440737e-02  -5.9492384e-02
   3.7100000e+01  -2.6840396e-02  -3.7471792e-02
   3.7200000e+01  -2.0954165e-02  -1.1553006e-02
   3.7300000e+01  -3.4544228e-02   1.1247892e-04
   3.7400000e+01  -5.4258061e-02  -7.9385499e-03
   3.7500000e+01  -6.2792814e-02  -2.4700277e-02
   3.7600000e+01  -5.0359388e-02  -3.6004450e-02
   3.7700000e+01  -2.1824532e-02  -3.8996203e-02
   3.7800000e+01   5.9304584e-03  -4.0616237e-02
   3.7900000e+01   1.6301998e-02  -4.3529672e-02
   3.8000000e+01   6.4192997e-03  -3.9614058e-02
   3.8100000e+01  -9.9127377e-03  -2.1247338e-02
   3.8200000e+01  -1.3725514e-02   4.1365308e-03
   3.8300000e+01   2.5424173e-03   1.7554838e-02
   3.8400000e+01   2.8709560e-02   9.2201125e-03
   3.8500000e+01   4.7187433e-02  -7.9815487e-03
   3.8600000e+01   5.0190176e-02  -1.0487208e-02
   3.8700000e+01   4.6534084e-02   1.0431103e-02
   3.8800000e+01   5.0804789e-02   3.8474152e-02
   3.8900000e+01   6.6218019e-02   4.8842581e-02
   3.9000000e+01   8.0020749e-02   3.2720958e-02
   3.9100000e+01   7.7323118e-02   3.9992480e-03
   3.9200000e+01   5.8704175e-02  -1.5711395e-02
   3.9300000e+01   4.1714217e-02  -1.5553945e-02
   3.9400000e+01   4.3474344e-02  -5.2861907e-04
   3.9500000e+01   6.2467083e-02   1.6389590e-02
   3.9600000e+01   7.8854304e-02   2.4451644e-02
   3.9700000e+01   7.3058907e-02   2.0835569e-02
   3.9800000e+01   4.3906859e-02   1.1429936e-02
   3.9900000e+01   9.4496488e-03   6.9347670e-03
   4.0000000e+01  -8.6799798e-03   1.4713967e-02
   4.0100000e+01  -2.4757188e-03   3.1563278e-02
   4.0200000e+01   1.7252569e-02   4.5075965e-02
   4.0300000e+01   2.9944736e-02   4.4088397e-02
   4.0400000e+01   2.0894858e-02   2.8393095e-02
   4.0500000e+01  -7.5580350e-03   8.1515053e-03
   4.0600000e+01  -3.7218540e-02  -5.1414067e-03
   4.0700000e+01  -4.7665375e-02  -6.1545048e-03
   4.0800000e+01  -3.2684549e-02   3.7092264e-03
   4.0900000e+01  -5.8459548e-03   1.9005189e-02
   4.1000000e+01   1.0605392e-02   3.1788561e-02
   4.1100000e+01   4.4219644e-03   3.3739426e-02
   4.1200000e+01  -1.7254523e-02   2.1816030e-02
   4.1300000e+01  -3.6065998e-02   3.5986433e-03
   4.1400000e+01  -3.9480419e-02  -5.5500963e-03
   4.1500000e+01  -3.0091638e-02   5.5413361e-03
   4.1600000e+01  -1.9679360e-02   3.2584076e-02
   4.1700000e+01  -1.6337682e-02   5.6531116e-02
   4.1800000e+01  -1.8547896e-02   5.7300291e-02
   4.1900000e+01  -2.0547560e-02   3.0031715e-02
   4.2000000e+01  -2.0560247e-02  -9.2828946e-03
   4.2100000e+01  -2.1827172e-02  -3.4439507e-02
   4.2200000e+01  -2.6570079e-02  -2.9225036e-02
   4.2300000e+01  -3.1879301e-02  -1.3864346e-03
   4.2400000e+01  -3.3291291e-02   2.2889900e-02
   4.2500000e+01  -3.1115555e-02   2.1245164e-02
   4.2600000e+01  -3.0461190e-02  -5.6315449e-03
   4.2700000e+01  -3.4065866e-02  -3.6641460e-02
   4.2800000e+01  -3.7126209e-02  -5.1624633e-02
   4.2900000e+01  -3.1858416e-02  -4.8201899e-02
   4.3000000e+01  -1.7374642e-02  -3.7263072e-02
   4.3100000e+01  -2.6810967e-03  -2.6568507e-02
   4.3200000e+01   2.2706856e-03  -1.5128300e-02
   4.3300000e+01  -1.8031313e-03  -3.7562684e-03
   4.3400000e+01  -2.9518864e-03  -2.9776393e-03
   4.3500000e+01   9.3536456e-03  -2.2554431e-02
   4.3600000e+01   3.1203917e-02  -5.4361954e-02
   4.3700000e+01   4.5458477e-02  -7.3729423e-02
   4.3800000e+01   3.7669354e-02  -6.2513954e-02
   4.3900000e+01   1.1606129e-02  -2.7932638e-02
   4.4000000e+01  -1.1740046e-02   5.3204510e-03
   4.4100000e+01  -1.2401708e-02   1.9410266e-02
   4.4200000e+01   9.7668964e-03   1.5296266e-02
   4.4300000e+01   3.4506643e-02   2.5402655e-03
   4.4400000e+01   4.0573950e-02  -1.3953682e-02
   4.4500000e+01   2.6389302e-02  -3.1919969e-02
   4.4600000e+01   1.0509090e-02  -4.2099037e-02
   4.4700000e+01   1.0945257e-02  -3.0912350e-02
   4.4800000e+01   2.5642094e-02   3.3251941e-03
   4.4900000e+01   3.6073768e-02   4.1495397e-02
   4.5000000e+01   2.9961272e-02   5.6844164e-02
   4.5100000e+01   1.6294746e-02   3.8686310e-02
   4.5200000e+01   1.4192048e-02   2.3991636e-03
   4.5300000e+01   2.8559087e-02  -2.3691570e-02
   4.5400000e+01   4.2388553e-02  -2.1303910e-02
   4.5500000e+01   3.6002226e-02   4.7150487e-03
   4.5600000e+01   1.0565750e-02   3.1982771e-02
   4.5700000e+01  -1.2442555e-02   3.8934619e-02
   4.5800000e+01  -1.5141597e-02   2.1844192e-02
   4.5900000e+01  -2.1098476e-03  -2.5556674e-03
   4.6000000e+01   7.0657863e-03  -1.1591514e-02
   4.6100000e+01   1.0394345e-03   3.4887428e-03
   4.6200000e+01  -1.1835170e-02   3.0123445e-02
   4.6300000e+01  -1.5326154e-02   4.6268276e-02
   4.6400000e+01  -4.8646864e-03   3.9583213e-02
   4.6500000e+01   7.1274333e-03   1.5832684e-02
   4.6600000e+01   4.2321104e-03  -9.0767200e-03
   4.6700000e+01  -1.7537477e-02  -2.2795980e-02
   4.6800000e+01  -4.5858331e-02  -2.3098545e-02
   4.6900000e+01  -6.2986574e-02  -1.5171004e-02
   4.7000000e+01  -6.0529845e-02  -6.1486369e-03
   4.7100000e+01  -4.5245886e-02  -1.7486005e-03
   4.7200000e+01  -3.1609831e-02  -4.4054626e-03
   4.7300000e+01  -2.8378753e-02  -1.1804257e-02
   4.7400000e+01  -3.1504539e-02  -1.7700986e-02
   4.7500000e+01  -2.9783680e-02  -1.6420820e-02
   4.7600000e+01  -1.7460655e-02  -7.8242990e-03
   4.7700000e+01  -1.1957078e-03   2.4118585e-03
   4.7800000e+01   5.6960816e-03   7.8723376e-03
   4.7900000e+01  -3.5916564e-03   6.7072326e-03
   4.8000000e+01  -2.1366559e-02   2.0912430e-03
   4.8100000e+01  -3.0702878e-02  -1.5785652e-03
   4.8200000e+01  -2.0101608e-02  -2.0137499e-03
   4.8300000e+01   5.3483668e-03   9.2826950e-04
   4.8400000e+01   2.7203859e-02   6.7188003e-03
   4.8500000e+01   2.9592756e-02   1.4231949e-02
   4.8600000e+01   1.3407540e-02   2.0699721e-02
   4.8700000e+01  -5.2810859e-03   2.2325796e-02
   4.8800000e+01  -1.1245394e-02   1.7339066e-02
   4.8900000e+01  -3.9487517e-03   8.3781729e-03
   4.9000000e+01   4.9628176e-03   8.6252675e-04
   4.9100000e+01   6.3469958e-03  -1.6063457e-03
   4.9200000e+01   3.2142003e-03  -4.3570761e-05
   4.9300000e+01   5.6273197e-03   1.8859795e-03
   4.9400000e+01   1.8921202e-02   2.2301874e-03
   4.9500000e+01   3.9144866e-02   2.6702401e-03
   4.9600000e+01   5.8321752e-02   6.1868532e-03
   4.9700000e+01   7.0629911e-02   1.3156100e-02
   4.9800000e+01   7.3273879e-02   1.9684470e-02
   4.9900000e+01   6.5539304e-02   1.9751963e-02
   5.0000000e+01   5.0599705e-02   1.0013477e-02
   5.0100000e+01   3.6732744e-02  -5.9427711e-03
   5.0200000e+01   3.2112196e-02  -1.8196693e-02
   5.0300000e+01   3.6287379e-02  -1.7941055e-02
   5.0400000e+01   3.9097841e-02  -6.7526972e-03
   5.0500000e+01   3.0980141e-02   2.5325631e-03
   5.0600000e+01   1.4246242e-02  -2.3784864e-03
   5.0700000e+01   1.8892063e-03  -1.9044090e-02
   5.0800000e+01   4.1300830e-03  -3.0180163e-02
   5.0900000e+01   1.7111663e-02  -2.0647276e-02
   5.1000000e+01   2.5861611e-02   5.5876366e-03
   5.1100000e+01   1.8122842e-02   2.7663235e-02
   5.1200000e+01  -5.0045383e-03   2.7689960e-02
   5.1300000e+01  -3.0978870e-02   7.3144987e-03
   5.1400000e+01  -4.6981100e-02  -1.5270792e-02
   5.1500000e+01  -4.9826677e-02  -2.2342173e-02
   5.1600000e+01  -4.7020495e-02  -9.7625790e-03
   5.1700000e+01  -4.9149426e-02   1.3214251e-02
   5.1800000e+01  -6.0098465e-02   3.2262504e-02
   5.1900000e+01  -7.3173577e-02   3.5961046e-02
   5.2000000e+01  -7.6969580e-02   2.1033511e-02
   5.2100000e+01  -6.6378816e-02  -4.9458738e-03
   5.2200000e+01  -4.8238276e-02  -2.6220605e-02
   5.2300000e+01  -3.5153359e-02  -2.8879177e-02
   5.2400000e+01  -3.3097578e-02  -1.2259638e-02
   5.2500000e+01  -3.5914321e-02   9.0763444e-03
   5.2600000e+01  -3.3121525e-02   1.6423830e-02
   5.2700000e+01  -2.2652189e-02   1.9926279e-03
   5.2800000e+01  -1.3999302e-02  -2.5115662e-02
   5.2900000e+01  -1.7432312e-02  -4.6333411e-02
   5.3000000e+01  -3.0670462e-02  -4.7329952e-02
   5.3100000e+01  -3.8183895e-02  -2.7463215e-02
   5.3200000e+01  -2.5537526e-02   4.8089469e-04
   5.3300000e+01   4.9704938e-03   1.8808506e-02
   5.3400000e+01   3.3744674e-02   1.6097244e-02
   5.3500000e+01   4.0451432e-02  -5.5800430e-03
   5.3600000e+01   2.2387307e-02  -3.2052901e-02
   5.3700000e+01  -3.2247396e-03  -4.6573626e-02
   5.3800000e+01  -1.5188306e-02  -4.0954931e-02
   5.3900000e+01  -6.5577125e-03  -2.0111698e-02
   5.4000000e+01   1.2216074e-02   3.0253554e-03
   5.4100000e+01   2.5998529e-02   1.7325439e-02
   5.4200000e+01   2.8683100e-02   1.9830495e-02
   5.4300000e+01   2.5119444e-02   1.4709302e-02
   5.4400000e+01   2.3238673e-02   7.7456758e-03
   5.4500000e+01   2.6962985e-02   2.1181117e-03
   5.4600000e+01   3.5149302e-02  -1.7625229e-03
   5.4700000e+01   4.3501094e-02  -4.0368870e-03
   5.4800000e+01   4.6400028e-02  -3.8393324e-03
   5.4900000e+01   3.9864992e-02   3.1113383e-04
   5.5000000e+01   2.5553164e-02   8.8233924e-03
   5.5100000e+01   1.1021949e-02   1.9380377e-02
   5.5200000e+01   3.7211633e-03   2.6778667e-02
   5.5300000e+01   4.8852233e-03   2.5438152e-02
   5.5400000e+01   1.1229692e-02   1.3925395e-02
   5.5500000e+01   2.1820347e-02  -2.0043138e-03
   5.5600000e+01   3.8923395e-02  -1.1758423e-02
   5.5700000e+01   5.9541824e-02  -7.3700943e-03
   5.5800000e+01   6.9832955e-02   9.7014461e-03
   5.5900000e+01   5.4792555e-02   2.8809464e-02
   5.6000000e+01   1.6261923e-02   3.7854587e-02
   5.6100000e+01  -2.2428015e-02   3.2155402e-02
   5.6200000e+01  -3.5096435e-02   1.7191842e-02
   5.6300000e+01  -1.7546779e-02   3.5317908e-03
   5.6400000e+01   8.0349432e-03  -1.3553959e-03
   5.6500000e+01   1.4706495e-02   2.1109563e-03
   5.6600000e+01  -3.8830400e-03   7.4349311e-03
   5.6700000e+01  -2.9729060e-02   8.4571050e-03
   5.6800000e+01  -3.9772691e-02   4.8860102e-03
   5.6900000e+01  -2.7058199e-02   2.0741037e-03
   5.7000000e+01  -4.2042960e-03   4.9864783e-03
   5.7100000e+01   1.0411680e-02   1.1989383e-02
   5.7200000e+01   8.3373107e-03   1.5126294e-02
   5.7300000e+01  -4.5588682e-03   7.6901242e-03
   5.7400000e+01  -1.5897948e-02  -7.8998725e-03
   5.7500000e+01  -1.8422074e-02  -2.0363669e-02
   5.7600000e+01  -1.5787355e-02  -1.9003582e-02
   5.7700000e+01  -1.7922705e-02  -4.0445230e-03
   5.7800000e+01  -2.9720968e-02   1.2063305e-02
   5.7900000e+01  -4.3581419e-02   1.4279581e-02
   5.8000000e+01  -4.4504625e-02  -2.6111059e-03
   5.8100000e+01  -2.4732778e-02  -2.9510280e-02
   5.8200000e+01   6.2067647e-03  -5.0012573e-02
   5.8300000e+01   2.7493967e-02  -5.2508007e-02
   5.8400000e+01   2.4668823e-02  -3.7291879e-02
   5.8500000e+01   2.2223939e-03  -1.4061895e-02
   5.8600000e+01  -2.0714730e-02   6.0603261e-03
   5.8700000e+01  -2.6826066e-02   1.6422411e-02
   5.8800000e+01  -1.3933268e-02   1.5484800e-02
   5.8900000e+01   5.2233511e-03   5.1618457e-03
   5.9000000e+01   1.4461565e-02  -9.6696407e-03
   5.9100000e+01   6.7202051e-03  -2.1578000e-02
   5.9200000e+01  -1.1204184e-02  -2.4116006e-02
   5.9300000e+01  -2.4231030e-02  -1.7318888e-02
   5.9400000e+01  -2.0580632e-02  -8.8589096e-03
   5.9500000e+01  -9.7524115e-04  -7.2010230e-03
   5.9600000e+01   2.1636326e-02  -1.2412756e-02
   5.9700000e+01   3.1806588e-02  -1.4978303e-02
   5.9800000e+01   2.2971337e-02  -5.4960452e-03
   5.9900000e+01   1.5111890e-03   1.4313292e-02
   6.0000000e+01  -1.8900100e-02   3.1560128e-02
   6.0100000e+01  -2.7339177e-02   3.3957662e-02
   6.0200000e+01  -2.2572921e-02   2.1170415e-02
   6.0300000e+01  -1.2823238e-02   3.9027679e-03
   6.0400000e+01  -9.1274934e-03  -7.4174673e-03
   6.0500000e+01  -1.6660625e-02  -1.1319020e-02
   6.0600000e+01  -3.0057669e-02  -1.2458251e-02
   6.0700000e+01  -3.7044393e-02  -1.2544885e-02
   6.0800000e+01  -2.8639470e-02  -7.2333083e-03
   6.0900000e+01  -7.7183847e-03   7.1995139e-03
   6.1000000e+01   1.2174732e-02   2.6503982e-02
   6.1100000e+01   1.7510688e-02   4.0649210e-02
   6.1200000e+01   5.7239879e-03   4.3578306e-02
   6.1300000e+01  -1.3001884e-02   3.8602415e-02
   6.1400000e+01  -2.3874489e-02   3.2772822e-02
   6.1500000e+01  -1.8102488e-02   2.7635353e-02
   6.1600000e+01   1.7560711e-03   1.8544490e-02
   6.1700000e+01   2.3984111e-02   3.5802417e-03
   6.1800000e+01   3.5226411e-02  -9.9600001e-03
   6.1900000e+01   2.9452762e-02  -1.1334808e-02
   6.2000000e+01   1.3097959e-02   1.2976736e-03
   6.2100000e+01   1.0901120e-03   1.7068677e-02
   6.2200000e+01   4.3900113e-03   2.2888760e-02
   6.2300000e+01   1.9333518e-02   1.6755640e-02
   6.2400000e+01   3.0699873e-02   8.5430537e-03
   6.2500000e+01   2.7450463e-02   7.5867713e-03
   6.2600000e+01   1.4872572e-02   1.1817266e-02
   6.2700000e+01   9.0617770e-03   1.0864085e-02
   6.2800000e+01   1.9478102e-02  -1.1309581e-03
   6.2900000e+01   3.9273677e-02  -1.8011798e-02
   6.3000000e+01   5.3328070e-02  -2.7426381e-02
   6.3100000e+01   5.2866335e-02  -2.2958836e-02
   6.3200000e+01   4.0138653e-02  -9.9573864e-03
   6.3300000e+01   2.1986217e-02  -3.8694057e-04
   6.3400000e+01   4.3567319e-03  -2.6781206e-03
   6.3500000e+01  -6.5380671e-03  -1.5496682e-02
   6.3600000e+01  -4.2493930e-03  -2.9779632e-02
   6.3700000e+01   1.0745574e-02  -3.6917879e-02
   6.3800000e+01   2.5738842e-02  -3.6304521e-02
   6.3900000e+01   2.4636131e-02  -3.5072890e-02
   6.4000000e+01   5.4793410e-03  -3.9209256e-02
   6.4100000e+01  -1.4393917e-02  -4.5080601e-02
   6.4200000e+01  -1.5275222e-02  -4.2494146e-02
   6.4300000e+01   3.3759324e-03  -2.8133245e-02
   6.4400000e+01   2.1996178e-02  -1.3476667e-02
   6.4500000e+01   2.1909594e-02  -1.4409523e-02
   6.4600000e+01   3.4627590e-03  -3.1583654e-02
   6.4700000e+01  -1.8580725e-02  -4.5379687e-02
   6.4800000e+01  -3.3407641e-02  -3.5155041e-02
   6.4900000e+01  -4.2240862e-02  -3.1228523e-03
   6.5000000e+01  -4.8917331e-02   2.5010473e-02
   6.5100000e+01  -4.9844953e-02   2.5053094e-02
   6.5200000e+01  -3.9022297e-02  -2.0118248e-03
   6.5300000e+01  -2.0624578e-02  -3.2502371e-02
   6.5400000e+01  -9.5735580e-03  -4.3347042e-02
   6.5500000e+01  -1.6294678e-02  -3.0025978e-02
   6.5600000e+01  -3.3881826e-02  -3.8003960e-03
   6.5700000e+01  -4.4417707e-02   2.2344330e-02
   6.5800000e+01  -3.8039197e-02   4.1780313e-02
   6.5900000e+01  -2.3025704e-02   5.2379935e-02
   6.6000000e+01  -1.5994770e-02   5.3220059e-02
   6.6100000e+01  -2.3811932e-02   4.5333336e-02
   6.6200000e+01  -3.6683018e-02   3.3033263e-02
   6.6300000e+01  -3.8511962e-02   2.2050052e-02
   6.6400000e+01  -2.2929890e-02   1.6925578e-02
   6.6500000e+01   5.9856060e-04   2.0865899e-02
   6.6600000e+01   1.5365832e-02   3.5618158e-02
   6.6700000e+01   1.2036504e-02   5.7902030e-02
   6.6800000e+01  -3.8162003e-03   7.6172555e-02
   6.6900000e+01  -1.7271219e-02   7.5657740e-02
   6.7000000e+01  -1.6894956e-02   5.1235774e-02
   6.7100000e+01  -3.0340538e-03   1.5590137e-02
   6.7200000e+01   1.4818730e-02  -8.6539520e-03
   6.7300000e+01   2.6871760e-02  -7.7724280e-03
   6.7400000e+01   2.8689953e-02   1.1379869e-02
   6.7500000e+01   2.0500515e-02   2.8671499e-02
   6.7600000e+01   5.1727192e-03   2.9296263e-02
   6.7700000e+01  -1.0939839e-02   1.4971347e-02
   6.7800000e+01  -1.7781371e-02  -1.8084081e-03
   6.7900000e+01  -7.4101593e-03  -1.1736874e-02
   6.8000000e+01   1.7307991e-02  -1.5182121e-02
   6.8100000e+01   4.1815300e-02  -1.6409651e-02
   6.8200000e+01   5.1259640e-02  -1.5696362e-02
   6.8300000e+01   4.3901942e-02  -1.0516192e-02
   6.8400000e+01   3.1712235e-02  -3.3336131e-03
   6.8500000e+01   2.6850244e-02  -3.1029639e-03
   6.8600000e+01   2.9141370e-02  -1.5144842e-02
   6.8700000e+01   2.8659335e-02  -3.1226496e-02
   6.8800000e+01   1.9648552e-02  -3.5135535e-02
   6.8900000e+01   8.7800251e-03  -2.0953007e-02
   6.9000000e+01   7.9825413e-03  -2.8712806e-03
   6.9100000e+01   2.0547819e-02  -2.1492990e-03
   6.9200000e+01   3.6668368e-02  -2.3584095e-02
   6.9300000e+01   4.3193394e-02  -4.8196268e-02
   6.9400000e+01   3.6607927e-02  -5.1503471e-02
   6.9500000e+01   2.5727667e-02  -2.7844299e-02
   6.9600000e+01   2.2264836e-02   4.7566679e-03
   6.9700000e+01   2.9336124e-02   2.2162963e-02
   6.9800000e+01   3.8640159e-02   1.4418508e-02
   6.9900000e+01   3.7980717e-02  -9.3703601e-03
   7.0000000e+01   2.1858435e-02  -3.1256347e-02
   7.0100000e+01  -3.7177170e-03  -3.7736796e-02
   7.0200000e+01  -2.5537239e-02  -2.7134393e-02
   7.0300000e+01  -3.2761767e-02  -9.1949311e-03
   7.0400000e+01  -2.4413157e-02   2.0771387e-03
   7.0500000e+01  -9.4584336e-03  -1.0692196e-03
   7.0600000e+01   2.4990481e-04  -1.3930606e-02
   7.0700000e+01  -1.3213777e-03  -2.4045566e-02
   7.0800000e+01  -1.0891450e-02  -2.3140834e-02
   7.0900000e+01  -2.0402330e-02  -1.3996452e-02
   7.1000000e+01  -2.5307942e-02  -5.2466449e-03
   7.1100000e+01  -2.8361014e-02  -1.2721743e-03
   7.1200000e+01  -3.4898323e-02   6.6263892e-04
   7.1300000e+01  -4.5036535e-02   4.1598088e-03
   7.1400000e+01  -5.2306301e-02   7.8399529e-03
   7.1500000e+01  -5.1006710e-02   7.3133417e-03
   7.1600000e+01  -4.3613282e-02   1.2833497e-03
   7.1700000e+01  -3.8630422e-02  -6.4575489e-03
   7.1800000e+01  -4.0614956e-02  -1.0740970e-02
   7.1900000e+01  -4.4253365e-02  -8.9185503e-03
   7.2000000e+01  -4.0404525e-02  -1.0290835e-03
   7.2100000e+01  -2.7915333e-02   1.1624215e-02
   7.2200000e+01  -1.7257505e-02   2.6244205e-02
   7.2300000e+01  -2.0155689e-02   3.7700569e-02
   7.2400000e+01  -3.5132921e-02   4.0238010e-02
   7.2500000e+01  -4.5284959e-02   3.1510579e-02
   7.2600000e+01  -3.3563286e-02   1.5080716e-02
   7.2700000e+01  -2.0313109e-03  -1.2219999e-03
   7.2800000e+01   2.5673962e-02  -9.6660931e-03
   7.2900000e+01   2.4784010e-02  -6.6074146e-03
   7.3000000e+01  -5.5357972e-03   5.7437736e-03
   7.3100000e+01  -3.8798409e-02   2.0387107e-02
   7.3200000e+01  -4.5213514e-02   2.9419469e-02
   7.3300000e+01  -1.9390925e-02   2.8949677e-02
   7.3400000e+01   1.6926847e-02   2.1275065e-02
   7.3500000e+01   3.8563290e-02   1.2128204e-02
   7.3600000e+01   3.9841310e-02   5.7097308e-03
   7.3700000e+01   3.3072529e-02   2.4884743e-03
   7.3800000e+01   2.9249631e-02   9.0054958e-04
   7.3900000e+01   2.6667777e-02  -6.2662559e-04
   7.4000000e+01   1.8924129e-02  -3.6573901e-03
   7.4100000e+01   7.5245933e-03  -9.3779437e-03
   7.4200000e+01   9.7242418e-04  -1.5868120e-02
   7.4300000e+01   3.3846205e-03  -1.6845746e-02
   7.4400000e+01   1.0128868e-02  -6.9322247e-03
   7.4500000e+01   1.6300074e-02   9.9893547e-03
   7.4600000e+01   2.4451148e-02   2.0313855e-02
   7.4700000e+01   3.9213815e-02   1.2669542e-02
   7.4800000e+01   5.6162758e-02  -8.8059296e-03
   7.4900000e+01   6.1884867e-02  -2.5832854e-02
   7.5000000e+01   4.7716238e-02  -2.3123030e-02
   7.5100000e+01   2.0880582e-02  -3.9544591e-03
   7.5200000e+01  -8.0008913e-04   1.2712300e-02
   7.5300000e+01  -4.5714748e-03   1.0721424e-02
   7.5400000e+01   8.3555274e-03  -8.4329808e-03
   7.5500000e+01   2.7493590e-02  -2.8487711e-02
   7.5600000e+01   4.2293632e-02  -3.3826727e-02
   7.5700000e+01   4.5719442e-02  -2.1169688e-02
   7.5800000e+01   3.3514056e-02   1.4149601e-03
   7.5900000e+01   6.2194193e-03   2.2933976e-02
   7.6000000e+01  -2.6404025e-02   3.5543344e-02
   7.6100000e+01  -4.6853439e-02   3.5510305e-02
   7.6200000e+01  -4.0929602e-02   2.3160518e-02
   7.6300000e+01  -9.9264047e-03   4.1063573e-03
   7.6400000e+01   2.8213861e-02  -1.1606262e-02
   7.6500000e+01   5.1045178e-02  -1.5475552e-02
   7.6600000e+01   4.6975005e-02  -7.6584955e-03
   7.6700000e+01   2.1773359e-02   2.8039841e-03
   7.6800000e+01  -7.3259583e-03   6.5625681e-03
   7.6900000e+01  -2.4133226e-02   2.9056861e-03
   7.7000000e+01  -2.3666372e-02  -9.6382359e-04
   7.7100000e+01  -1.3787543e-02   3.4929510e-04
   7.7200000e+01  -7.7502848e-03   3.3809216e-03
   7.7300000e+01  -1.3090073e-02   3.8333540e-04
   7.7400000e+01  -2.5398220e-02  -9.7504645e-03
   7.7500000e+01  -3.2266587e-02  -1.7973285e-02
   7.7600000e+01  -2.4284401e-02  -1.4281232e-02
   7.7700000e+01  -3.6597596e-03   5.7370508e-04
   7.7800000e+01   1.6849573e-02   1.4402793e-02
   7.7900000e+01   2.3512675e-02   1.4687380e-02
   7.8000000e+01   1.1826996e-02  -5.8999680e-04
   7.8100000e+01  -1.0164593e-02  -2.2372438e-02
   7.8200000e+01  -2.7408845e-02  -3.8054207e-02
   7.8300000e+01  -2.8352445e-02  -3.8702653e-02
   7.8400000e+01  -1.3372971e-02  -2.2294179e-02
   7.8500000e+01   5.1810551e-03   5.1127496e-03
   7.8600000e+01   1.2318804e-02   2.9992217e-02
   7.8700000e+01   2.4151548e-03   3.6987795e-02
   7.8800000e+01  -1.6277551e-02   1.9384350e-02
   7.8900000e+01  -2.8991230e-02  -1.3403993e-02
   7.9000000e+01  -2.6987697e-02  -3.9864281e-02
   7.9100000e+01  -1.3536675e-02  -4.0893122e-02
   7.9200000e+01   1.3640122e-03  -1.3711062e-02
   7.9300000e+01   1.0513906e-02   2.5718105e-02
   7.9400000e+01   1.3184587e-02   5.3226495e-02
   7.9500000e+01   1.1356843e-02   5.2172732e-02
   7.9600000e+01   5.8273487e-03   2.4089867e-02
   7.9700000e+01  -2.3516428e-03  -1.2344750e-02
   7.9800000e+01  -8.8159894e-03  -3.3644080e-02
   7.9900000e+01  -8.1284400e-03  -2.7276056e-02
   8.0000000e+01  -2.3276929e-04   8.5755511e-05
