   1.0221618e+02   2.8602761e+01   2.5212700e+03
   1.0217831e+02   2.8448188e+01   1.6230700e+03
   0.0000000e+00   7.2202126e-01   7.2202126e-01
   1.0000000e-01   7.8053329e-01   6.1183381e-01
   2.0000000e-01   7.9982254e-01   4.6892900e-01
   3.0000000e-01   8.1378167e-01   3.2829398e-01
   4.0000000e-01   8.5032397e-01   2.1446226e-01
   5.0000000e-01   9.1002364e-01   1.2678221e-01
   6.0000000e-01   9.6869144e-01   4.7002299e-02
   7.0000000e-01   1.0000000e+00  -4.1398880e-02
   8.0000000e-01   9.9695699e-01  -1.4188820e-01
   9.0000000e-01   9.7385317e-01  -2.4946673e-01
   1.0000000e+00   9.4901359e-01  -3.6012577e-01
   1.1000000e+00   9.2507460e-01  -4.7083114e-01
   1.2000000e+00   8.8407511e-01  -5.7178741e-01
   1.3000000e+00   8.0102004e-01  -6.4616993e-01
   1.4000000e+00   6.6403142e-01  -6.8363794e-01
   1.5000000e+00   4.8413585e-01  -6.9359137e-01
   1.6000000e+00   2.8728616e-01  -7.0070859e-01
   1.7000000e+00   9.7418002e-02  -7.2529252e-01
   1.8000000e+00  -7.3238631e-02  -7.6855447e-01
   1.9000000e+00  -2.2003247e-01  -8.1562119e-01
   2.0000000e+00  -3.3774616e-01  -8.4852764e-01
   2.1000000e+00  -4.2162276e-01  -8.5538742e-01
   2.2000000e+00  -4.7646095e-01  -8.3379151e-01
   2.3000000e+00  -5.1920827e-01  -7.9370237e-01
   2.4000000e+00  -5.6683465e-01  -7.5658270e-01
   2.5000000e+00  -6.2068042e-01  -7.4155606e-01
   2.6000000e+00  -6.6547342e-01  -7.4344587e-01
   2.7000000e+00  -6.8524343e-01  -7.2603544e-01
   2.8000000e+00  -6.7892325e-01  -6.4650986e-01
   2.9000000e+00  -6.5981485e-01  -4.9419474e-01
   3.0000000e+00  -6.4242889e-01  -3.0589243e-01
   3.1000000e+00  -6.3230135e-01  -1.3970887e-01
   3.2000000e+00  -6.2615696e-01  -3.0478743e-02
   3.3000000e+00  -6.1603130e-01   3.2311268e-02
   3.4000000e+00  -5.9092830e-01   8.7156953e-02
   3.5000000e+00  -5.3947153e-01   1.6479429e-01
   3.6000000e+00  -4.5809887e-01   2.6768405e-01
   3.7000000e+00  -3.5835612e-01   3.7731714e-01
   3.8000000e+00  -2.6197432e-01   4.7439834e-01
   3.9000000e+00  -1.8512569e-01   5.5092915e-01
   4.0000000e+00  -1.2814076e-01   6.0846644e-01
   4.1000000e+00  -8.2084356e-02   6.5143856e-01
   4.2000000e+00  -4.3164268e-02   6.8367662e-01
   4.3000000e+00  -1.6763339e-02   7.0752092e-01
   4.4000000e+00  -7.3664098e-03   7.2248541e-01
   4.5000000e+00  -9.1319919e-03   7.2523048e-01
   4.6000000e+00  -9.8429141e-03   7.1333642e-01
   4.7000000e+00  -2.6208449e-03   6.8898707e-01
   4.8000000e+00   9.4517556e-03   6.5631854e-01
   4.9000000e+00   1.9977327e-02   6.1477074e-01
   5.0000000e+00   2.7279863e-02   5.5880811e-01
   5.1000000e+00   3.4775106e-02   4.8742927e-01
   5.2000000e+00   4.5949623e-02   4.1185091e-01
   5.3000000e+00   6.1283619e-02   3.4861664e-01
   5.4000000e+00   7.8998007e-02   3.0308928e-01
   5.5000000e+00   9.6334713e-02   2.6212471e-01
   5.6000000e+00   1.1003932e-01   2.0493286e-01
   5.7000000e+00   1.1794104e-01   1.2000879e-01
   5.8000000e+00   1.2170330e-01   1.1383763e-02
   5.9000000e+00   1.2761369e-01  -1.0686668e-01
   6.0000000e+00   1.4373882e-01  -2.1715017e-01
   6.1000000e+00   1.7572847e-01  -3.0224062e-01
   6.2000000e+00   2.2407805e-01  -3.5251660e-01
   6.3000000e+00   2.8334802e-01  -3.7540926e-01
   6.4000000e+00   3.4357199e-01  -3.9300653e-01
   6.5000000e+00   3.9500765e-01  -4.2149278e-01
   6.6000000e+00   4.3434191e-01  -4.5168426e-01
   6.7000000e+00   4.6559458e-01  -4.5723993e-01
   6.8000000e+00   4.9178744e-01  -4.2727701e-01
   6.9000000e+00   5.0502915e-01  -3.8617705e-01
   7.0000000e+00   4.8872222e-01  -3.7246175e-01
   7.1000000e+00   4.3427819e-01  -3.9624653e-01
   7.2000000e+00   3.5638470e-01  -4.2340711e-01
   7.3000000e+00   2.8846424e-01  -4.0604555e-01
   7.4000000e+00   2.5915853e-01  -3.2631694e-01
   7.5000000e+00   2.7035797e-01  -2.0799973e-01
   7.6000000e+00   2.9536497e-01  -9.0050453e-02
   7.7000000e+00   2.9622681e-01   3.5509217e-03
   7.8000000e+00   2.4495736e-01   6.9477316e-02
   7.9000000e+00   1.3633584e-01   1.1310910e-01
   8.0000000e+00  -9.9533475e-03   1.4039104e-01
   8.1000000e+00  -1.5652830e-01   1.5765298e-01
   8.2000000e+00  -2.6464907e-01   1.6920132e-01
   8.3000000e+00  -3.1500560e-01   1.7281269e-01
   8.4000000e+00  -3.1957914e-01   1.6472565e-01
   8.5000000e+00  -3.1235063e-01   1.5240855e-01
   8.6000000e+00  -3.2343081e-01   1.5440442e-01
   8.7000000e+00  -3.5805755e-01   1.7851408e-01
   8.8000000e+00  -3.9823239e-01   2.0343948e-01
   8.9000000e+00  -4.2217805e-01   1.9406188e-01
   9.0000000e+00  -4.2043296e-01   1.3976186e-01
   9.1000000e+00  -3.9572399e-01   7.0113824e-02
   9.2000000e+00  -3.5459283e-01   2.5339968e-02
   9.3000000e+00  -3.0484014e-01   1.4999359e-02
   9.4000000e+00  -2.5836107e-01   1.3546284e-02
   9.5000000e+00  -2.2724214e-01  -5.3974067e-03
   9.6000000e+00  -2.1116337e-01  -4.0628775e-02
   9.7000000e+00  -1.9217801e-01  -7.2058409e-02
   9.8000000e+00  -1.5003702e-01  -8.8168023e-02
   9.9000000e+00  -8.6015307e-02  -9.5896959e-02
   1.0000000e+01  -2.7708820e-02  -1.0694349e-01
   1.0100000e+01  -5.0728166e-03  -1.2406043e-01
   1.0200000e+01  -2.0612305e-02  -1.4237756e-01
   1.0300000e+01  -4.5127450e-02  -1.5649260e-01
   1.0400000e+01  -4.4054190e-02  -1.6169937e-01
   1.0500000e+01  -8.2543723e-03  -1.5305389e-01
   1.0600000e+01   3.9607305e-02  -1.2941131e-01
   1.0700000e+01   6.6739884e-02  -9.7743066e-02
   1.0800000e+01   5.8492213e-02  -6.9301923e-02
   1.0900000e+01   2.8818585e-02  -5.0522280e-02
   1.1000000e+01   5.9135076e-03  -3.8710920e-02
   1.1100000e+01   7.0197622e-03  -2.5392539e-02
   1.1200000e+01   2.5210744e-02  -2.5975619e-03
   1.1300000e+01   4.0336604e-02   3.0613102e-02
   1.1400000e+01   4.3133171e-02   6.2897202e-02
   1.1500000e+01   4.6667932e-02   7.3735117e-02
   1.1600000e+01   7.1078756e-02   4.9783332e-02
   1.1700000e+01   1.1736403e-01   2.3834773e-03
   1.1800000e+01   1.6067314e-01  -3.5069005e-02
   1.1900000e+01   1.7291814e-01  -3.2248050e-02
   1.2000000e+01   1.5042202e-01   1.4795747e-02
   1.2100000e+01   1.1580620e-01   8.4186831e-02
   1.2200000e+01   9.3241137e-02   1.4644527e-01
   1.2300000e+01   8.6319504e-02   1.7943605e-01
   1.2400000e+01   8.2194724e-02   1.7343960e-01
   1.2500000e+01   7.3287591e-02   1.3400983e-01
   1.2600000e+01   6.9038388e-02   8.2333057e-02
   1.2700000e+01   8.4891963e-02   4.3932692e-02
   1.2800000e+01   1.2263506e-01   3.0640947e-02
   1.2900000e+01   1.6394621e-01   3.6798796e-02
   1.3000000e+01   1.8316562e-01   5.5236532e-02
   1.3100000e+01   1.6662062e-01   8.8491337e-02
   1.3200000e+01   1.2191267e-01   1.3525136e-01
   1.3300000e+01   7.0596512e-02   1.7216228e-01
   1.3400000e+01   3.0963185e-02   1.6659044e-01
   1.3500000e+01   5.0956602e-03   1.1455136e-01
   1.3600000e+01  -1.8827999e-02   5.4411984e-02
   1.3700000e+01  -5.0955952e-02   2.9843868e-02
   1.3800000e+01  -8.5830900e-02   4.2230322e-02
   1.3900000e+01  -1.0474630e-01   5.1998490e-02
   1.4000000e+01  -9.3472614e-02   2.8245129e-02
   1.4100000e+01  -5.8528574e-02  -1.5609691e-02
   1.4200000e+01  -2.5872772e-02  -4.2881902e-02
   1.4300000e+01  -2.2608174e-02  -4.0257375e-02
   1.4400000e+01  -5.7515064e-02  -2.9519601e-02
   1.4500000e+01  -1.1567496e-01  -3.4499489e-02
   1.4600000e+01  -1.6937527e-01  -5.1544969e-02
   1.4700000e+01  -1.9559301e-01  -6.0856257e-02
   1.4800000e+01  -1.8799485e-01  -5.7448445e-02
   1.4900000e+01  -1.5685838e-01  -5.6868872e-02
   1.5000000e+01  -1.1856436e-01  -6.9985744e-02
   1.5100000e+01  -8.3358629e-02  -8.4395074e-02
   1.5200000e+01  -5.1496967e-02  -7.8881955e-02
   1.5300000e+01  -2.0488564e-02  -5.1591257e-02
   1.5400000e+01   5.2499466e-03  -2.5451235e-02
   1.5500000e+01   1.4393565e-02  -2.4934927e-02
   1.5600000e+01   6.9928221e-05  -5.2334268e-02
   1.5700000e+01  -2.9282822e-02  -8.7811010e-02
   1.5800000e+01  -5.2135551e-02  -1.0798118e-01
   1.5900000e+01  -4.8171934e-02  -1.0218275e-01
   1.6000000e+01  -1.1610614e-02  -7.5771085e-02
   1.6100000e+01   4.7022380e-02  -4.4343286e-02
   1.6200000e+01   1.0932256e-01  -2.4821563e-02
   1.6300000e+01   1.5926694e-01  -2.5715823e-02
   1.6400000e+01   1.8943281e-01  -4.0495956e-02
   1.6500000e+01   2.0200928e-01  -5.0715672e-02
   1.6600000e+01   2.0489845e-01  -4.0137147e-02
   1.6700000e+01   2.0444996e-01  -1.0268108e-02
   1.6800000e+01   1.9989576e-01   1.6873093e-02
   1.6900000e+01   1.8523255e-01   1.4804434e-02
   1.7000000e+01   1.5754271e-01  -2.2875870e-02
   1.7100000e+01   1.2274007e-01  -7.1589224e-02
   1.7200000e+01   9.1439584e-02  -9.3611259e-02
   1.7300000e+01   6.8975094e-02  -7.2550860e-02
   1.7400000e+01   5.1076688e-02  -2.9624028e-02
   1.7500000e+01   3.0366934e-02  -4.8378835e-04
   1.7600000e+01   5.8907511e-03   4.0897661e-03
   1.7700000e+01  -1.5656461e-02   6.9008834e-03
   1.7800000e+01  -2.8127555e-02   3.0542792e-02
   1.7900000e+01  -3.3537996e-02   6.4376242e-02
   1.8000000e+01  -4.0567389e-02   7.6846762e-02
   1.8100000e+01  -5.6740425e-02   5.7540351e-02
   1.8200000e+01  -8.3483506e-02   3.1854436e-02
   1.8300000e+01  -1.1756075e-01   2.8227504e-02
   1.8400000e+01  -1.5379763e-01   4.3569456e-02
   1.8500000e+01  -1.8469457e-01   5.3529477e-02
   1.8600000e+01  -2.0052054e-01   4.9229367e-02
   1.8700000e+01  -1.9539945e-01   4.6079628e-02
   1.8800000e+01  -1.7566349e-01   5.5069738e-02
   1.8900000e+01  -1.5881524e-01   6.3769545e-02
   1.9000000e+01  -1.5894881e-01   5.7388638e-02
   1.9100000e+01  -1.7174701e-01   4.6500663e-02
   1.9200000e+01  -1.7710093e-01   5.5839305e-02
   1.9300000e+01  -1.5957640e-01   8.7509731e-02
   1.9400000e+01  -1.2501719e-01   1.1268706e-01
   1.9500000e+01  -9.3487177e-02   1.0600802e-01
   1.9600000e+01  -7.5738542e-02   7.5338783e-02
   1.9700000e+01  -6.1129004e-02   4.7095451e-02
   1.9800000e+01  -3.2374797e-02   3.0948981e-02
   1.9900000e+01   1.0177636e-02   1.3680554e-02
   2.0000000e+01   4.4833865e-02  -1.3958560e-02
   2.0100000e+01   5.1061003e-02  -4.0107724e-02
   2.0200000e+01   3.1824994e-02  -4.8361754e-02
   2.0300000e+01   9.7930075e-03  -4.1196752e-02
   2.0400000e+01   3.6630976e-03  -3.5826196e-02
   2.0500000e+01   1.3785689e-02  -3.9848515e-02
   2.0600000e+01   3.1609239e-02  -4.1641424e-02
   2.0700000e+01   5.6154342e-02  -2.7764987e-02
   2.0800000e+01   9.3918333e-02  -3.3241927e-03
   2.0900000e+01   1.4340162e-01   1.0127020e-02
   2.1000000e+01   1.8719666e-01  -4.4365392e-03
   2.1100000e+01   2.0465471e-01  -4.2890300e-02
   2.1200000e+01   1.9111717e-01  -8.3041347e-02
   2.1300000e+01   1.6145918e-01  -1.0295622e-01
   2.1400000e+01   1.3526468e-01  -9.7991361e-02
   2.1500000e+01   1.2140147e-01  -8.1706736e-02
   2.1600000e+01   1.1652211e-01  -6.9671161e-02
   2.1700000e+01   1.1352689e-01  -6.2534087e-02
   2.1800000e+01   1.0764281e-01  -4.7806807e-02
   2.1900000e+01   9.6385785e-02  -1.9292689e-02
   2.2000000e+01   7.8814329e-02   1.0312043e-02
   2.2100000e+01   5.6708439e-02   2.2195392e-02
   2.2200000e+01   3.3833254e-02   1.5168746e-02
   2.2300000e+01   1.1844339e-02   8.5009697e-03
   2.2400000e+01  -1.1360592e-02   1.7273410e-02
   2.2500000e+01  -3.6505529e-02   3.1075877e-02
   2.2600000e+01  -5.7050254e-02   2.5220738e-02
   2.2700000e+01  -6.2450335e-02  -7.6792485e-03
   2.2800000e+01  -4.9776235e-02  -4.5152655e-02
   2.2900000e+01  -3.0695219e-02  -5.7565650e-02
   2.3000000e+01  -2.4061282e-02  -3.8847895e-02
   2.3100000e+01  -4.0236774e-02  -9.6786673e-03
   2.3200000e+01  -7.2585531e-02   7.5473770e-03
   2.3300000e+01  -1.0381419e-01   1.0534608e-02
   2.3400000e+01  -1.2007109e-01   1.2671049e-02
   2.3500000e+01  -1.1990467e-01   2.2794928e-02
   2.3600000e+01  -1.1184337e-01   3.5191458e-02
   2.3700000e+01  -1.0472963e-01   3.8797460e-02
   2.3800000e+01  -1.0006094e-01   3.0683718e-02
   2.3900000e+01  -9.2821099e-02   1.7350979e-02
   2.4000000e+01  -7.9195181e-02   5.7912916e-03
   2.4100000e+01  -6.2515941e-02  -1.4893015e-03
   2.4200000e+01  -5.0129738e-02  -2.0329161e-03
   2.4300000e+01  -4.4056149e-02   1.0153980e-02
   2.4400000e+01  -3.6763648e-02   3.7473540e-02
   2.4500000e+01  -1.8841250e-02   6.8353563e-02
   2.4600000e+01   8.7369409e-03   8.0930990e-02
   2.4700000e+01   3.2147648e-02   6.3186799e-02
   2.4800000e+01   3.6871756e-02   2.8434209e-02
   2.4900000e+01   2.3096545e-02   5.3737238e-03
   2.5000000e+01   8.3893883e-03   1.0599021e-02
   2.5100000e+01   1.3760087e-02   3.4020830e-02
   2.5200000e+01   4.5271347e-02   5.3419602e-02
   2.5300000e+01   8.7602100e-02   5.9171532e-02
   2.5400000e+01   1.1522974e-01   5.8975021e-02
   2.5500000e+01   1.1168731e-01   5.9804084e-02
   2.5600000e+01   8.1099667e-02   5.3997967e-02
   2.5700000e+01   4.3674191e-02   2.9190419e-02
   2.5800000e+01   2.0536601e-02  -1.1631925e-02
   2.5900000e+01   2.0699054e-02  -4.7766308e-02
   2.6000000e+01   3.8536708e-02  -6.0405240e-02
   2.6100000e+01   6.0375951e-02  -4.9913048e-02
   2.6200000e+01   7.3581133e-02  -3.0792497e-02
   2.6300000e+01   7.2974318e-02  -1.3964109e-02
   2.6400000e+01   6.2372585e-02  -1.4196743e-04
   2.6500000e+01   5.0677520e-02   1.0575602e-02
   2.6600000e+01   4.4550706e-02   1.1201879e-02
   2.6700000e+01   4.3199276e-02  -4.0423167e-03
   2.6800000e+01   4.0085159e-02  -2.7588180e-02
   2.6900000e+01   2.9814004e-02  -4.2393804e-02
   2.7000000e+01   1.3183359e-02  -4.0345136e-02
   2.7100000e+01  -3.8449242e-03  -3.1699511e-02
   2.7200000e+01  -1.4662247e-02  -3.1667830e-02
   2.7300000e+01  -1.5636519e-02  -4.0403433e-02
   2.7400000e+01  -8.0432580e-03  -4.2742874e-02
   2.7500000e+01   1.2416907e-03  -2.8994611e-02
   2.7600000e+01   2.5954428e-03  -1.0251927e-02
   2.7700000e+01  -8.7062598e-03  -8.0027283e-03
   2.7800000e+01  -2.6389686e-02  -3.0080751e-02
   2.7900000e+01  -3.8057646e-02  -6.1447407e-02
   2.8000000e+01  -3.9581635e-02  -7.9334277e-02
   2.8100000e+01  -4.3120221e-02  -7.4224427e-02
   2.8200000e+01  -6.5674331e-02  -5.5218559e-02
   2.8300000e+01  -1.0707230e-01  -3.8891348e-02
   2.8400000e+01  -1.4252418e-01  -3.6010596e-02
   2.8500000e+01  -1.4266586e-01  -4.6104893e-02
   2.8600000e+01  -1.0354952e-01  -5.9268220e-02
   2.8700000e+01  -5.4757833e-02  -6.2308827e-02
   2.8800000e+01  -3.4304092e-02  -4.7855519e-02
   2.8900000e+01  -5.3717460e-02  -2.1355082e-02
   2.9000000e+01  -8.8055333e-02   2.1102656e-03
   2.9100000e+01  -1.0077073e-01   1.1085486e-02
   2.9200000e+01  -7.8521866e-02   8.2738829e-03
   2.9300000e+01  -4.2173183e-02   6.4463843e-03
   2.9400000e+01  -2.4981615e-02   1.4404369e-02
   2.9500000e+01  -4.0591939e-02   2.9276466e-02
   2.9600000e+01  -7.1047165e-02   4.2625670e-02
   2.9700000e+01  -8.4122634e-02   5.0591710e-02
   2.9800000e+01  -6.2322515e-02   5.5482949e-02
   2.9900000e+01  -1.7268205e-02   5.9887117e-02
   3.0000000e+01   2.1971020e-02   6.4073465e-02
   3.0100000e+01   3.4668774e-02   7.0153820e-02
   3.0200000e+01   2.4711285e-02   8.4259894e-02
   3.0300000e+01   1.3412983e-02   1.0961677e-01
   3.0400000e+01   1.7406562e-02   1.3728862e-01
   3.0500000e+01   3.4203710e-02   1.4810677e-01
   3.0600000e+01   4.9150024e-02   1.2827138e-01
   3.0700000e+01   5.4311977e-02   8.4600885e-02
   3.0800000e+01   5.7401881e-02   4.2946262e-02
   3.0900000e+01   7.1097977e-02   2.8624574e-02
   3.1000000e+01   9.5757776e-02   4.5455881e-02
   3.1100000e+01   1.1548880e-01   7.2423607e-02
   3.1200000e+01   1.1206394e-01   8.1379999e-02
   3.1300000e+01   8.2400063e-02   5.9975065e-02
   3.1400000e+01   4.3344873e-02   1.9388396e-02
   3.1500000e+01   2.0717411e-02  -1.8698622e-02
   3.1600000e+01   3.1733876e-02  -4.1638929e-02
   3.1700000e+01   7.2313510e-02  -5.2920835e-02
   3.1800000e+01   1.1720769e-01  -6.2542261e-02
   3.1900000e+01   1.3520959e-01  -7.3711108e-02
   3.2000000e+01   1.1212458e-01  -8.0400743e-02
   3.2100000e+01   6.4145364e-02  -7.6356335e-02
   3.2200000e+01   2.6745347e-02  -6.3932654e-02
   3.2300000e+01   2.4744453e-02  -5.3174040e-02
   3.2400000e+01   5.0263632e-02  -5.2951729e-02
   3.2500000e+01   7.1121856e-02  -6.3491768e-02
   3.2600000e+01   6.2230776e-02  -7.7124184e-02
   3.2700000e+01   2.8204502e-02  -8.5947001e-02
   3.2800000e+01  -4.8260959e-03  -8.8948757e-02
   3.2900000e+01  -1.6735152e-02  -9.1663092e-02
   3.3000000e+01  -9.9592192e-03  -9.8470229e-02
   3.3100000e+01  -6.5515789e-04  -1.0548931e-01
   3.3200000e+01   7.7557650e-04  -1.0234904e-01
   3.3300000e+01  -3.0790452e-03  -8.1988054e-02
   3.3400000e+01  -5.9276336e-03  -4.8372494e-02
   3.3500000e+01  -8.4475255e-03  -1.3949166e-02
   3.3600000e+01  -1.7138466e-02   9.8640731e-03
   3.3700000e+01  -3.4749842e-02   1.8814892e-02
   3.3800000e+01  -5.4986516e-02   1.4068003e-02
   3.3900000e+01  -6.7508375e-02  -1.6888227e-03
   3.4000000e+01  -6.7468622e-02  -2.3540528e-02
   3.4100000e+01  -6.0118987e-02  -4.1011964e-02
   3.4200000e+01  -5.6509993e-02  -3.9869780e-02
   3.4300000e+01  -6.3916798e-02  -1.1454570e-02
   3.4400000e+01  -7.8735987e-02   3.7964356e-02
   3.4500000e+01  -8.8385582e-02   8.7562048e-02
   3.4600000e+01  -8.2100370e-02   1.1365288e-01
   3.4700000e+01  -6.1914969e-02   1.0445578e-01
   3.4800000e+01  -4.2786255e-02   6.7463721e-02
   3.4900000e+01  -3.9951963e-02   2.5058269e-02
   3.5000000e+01  -5.4958883e-02   1.8656272e-03
   3.5100000e+01  -7.4375702e-02   1.1084630e-02
   3.5200000e+01  -8.2397982e-02   4.6464030e-02
   3.5300000e+01  -7.4153054e-02   8.4557958e-02
   3.5400000e+01  -5.7117577e-02   9.8403476e-02
   3.5500000e+01  -4.2059013e-02   7.6656966e-02
   3.5600000e+01  -3.4676994e-02   3.4406194e-02
   3.5700000e+01  -3.4361659e-02   3.4344230e-03
   3.5800000e+01  -3.6668483e-02   5.9870181e-03
   3.5900000e+01  -3.5094537e-02   3.4533513e-02
   3.6000000e+01  -2.3764152e-02   5.8561924e-02
   3.6100000e+01  -3.0061453e-03   5.3828049e-02
   3.6200000e+01   1.7541437e-02   2.5103487e-02
   3.6300000e+01   2.5616091e-02  -8.0396114e-04
   3.6400000e+01   1.9195637e-02  -3.2281792e-03
   3.6500000e+01   1.1047940e-02   1.3655042e-02
   3.6600000e+01   1.6878640e-02   2.9617843e-02
   3.6700000e+01   3.8214848e-02   3.1257317e-02
   3.6800000e+01   5.9459307e-02   2.2536493e-02
   3.6900000e+01   6.3612770e-02   1.4663602e-02
   3.7000000e+01   4.9844860e-02   1.1383545e-02
   3.7100000e+01   3.4019257e-02   7.5095290e-03
   3.7200000e+01   3.2666563e-02  -6.6465230e-04
   3.7300000e+01   4.8414994e-02  -8.5399418e-03
   3.7400000e+01   7.1019277e-02  -8.6293763e-03
   3.7500000e+01   8.9630391e-02  -6.0397719e-04
   3.7600000e+01   1.0112046e-01   6.6437155e-03
   3.7700000e+01   1.0678593e-01   3.2157700e-03
   3.7800000e+01   1.0451504e-01  -1.2348617e-02
   3.7900000e+01   8.8130284e-02  -3.1343300e-02
   3.8000000e+01   5.6038323e-02  -4.1213311e-02
   3.8100000e+01   1.9189876e-02  -3.4120180e-02
   3.8200000e+01  -2.7777918e-03  -1.2574625e-02
   3.8300000e+01   3.2446264e-03   1.0172610e-02
   3.8400000e+01   3.0633653e-02   1.5920865e-02
   3.8500000e+01   5.5838623e-02  -7.5645664e-03
   3.8600000e+01   5.7099688e-02  -5.6173877e-02
   3.8700000e+01   3.2734103e-02  -1.0819489e-01
   3.8800000e+01   1.1877974e-03  -1.3602308e-01
   3.8900000e+01  -1.7836059e-02  -1.2411747e-01
   3.9000000e+01  -2.2272653e-02  -7.9913166e-02
   3.9100000e+01  -2.6985490e-02  -2.9063568e-02
   3.9200000e+01  -4.4648317e-02   1.4576168e-03
   3.9300000e+01  -6.9873810e-02   1.4905301e-05
   3.9400000e+01  -8.4669251e-02  -2.4299208e-02
   3.9500000e+01  -7.8677455e-02  -4.9676551e-02
   3.9600000e+01  -6.0478524e-02  -5.6575486e-02
   3.9700000e+01  -4.7226196e-02  -4.0252782e-02
   3.9800000e+01  -4.5830373e-02  -1.3715987e-02
   3.9900000e+01  -4.7968651e-02   1.0195472e-03
   4.0000000e+01  -4.2945063e-02  -1.0869150e-02
   4.0100000e+01  -3.0864616e-02  -4.3666378e-02
   4.0200000e+01  -2.0627251e-02  -7.1969640e-02
   4.0300000e+01  -1.7876966e-02  -6.8351568e-02
   4.0400000e+01  -1.9188719e-02  -2.5689601e-02
   4.0500000e+01  -1.7967361e-02   3.5094437e-02
   4.0600000e+01  -1.2317262e-02   8.0227524e-02
   4.0700000e+01  -5.5959755e-03   8.8470458e-02
   4.0800000e+01  -1.9504268e-03   6.4200974e-02
   4.0900000e+01  -3.6371618e-03   2.8603944e-02
   4.1000000e+01  -1.0702896e-02   1.0857681e-03
   4.1100000e+01  -1.9686413e-02  -1.0448106e-02
   4.1200000e+01  -2.2742301e-02  -5.9813576e-03
   4.1300000e+01  -1.2007938e-02   1.2410863e-02
   4.1400000e+01   1.2111586e-02   3.9421938e-02
   4.1500000e+01   3.7613115e-02   6.3654101e-02
   4.1600000e+01   4.8145342e-02   7.3238190e-02
   4.1700000e+01   3.5249913e-02   6.7649548e-02
   4.1800000e+01   4.7719731e-03   6.0790774e-02
   4.1900000e+01  -2.7142588e-02   6.7341632e-02
   4.2000000e+01  -4.4055062e-02   8.5077282e-02
   4.2100000e+01  -3.8265286e-02   9.4084417e-02
   4.2200000e+01  -1.4704519e-02   7.6507141e-02
   4.2300000e+01   1.1742570e-02   3.6506306e-02
   4.2400000e+01   2.4987566e-02  -1.6518737e-03
   4.2500000e+01   1.8480005e-02  -1.5974889e-02
   4.2600000e+01   3.0225930e-04  -6.2629973e-03
   4.2700000e+01  -1.2917626e-02   8.5123782e-03
   4.2800000e+01  -9.6926025e-03   1.0260431e-02
   4.2900000e+01   6.9760456e-03  -2.1775886e-03
   4.3000000e+01   2.3949974e-02  -1.5519916e-02
   4.3100000e+01   3.1827457e-02  -1.7474922e-02
   4.3200000e+01   3.3296482e-02  -8.1411247e-03
   4.3300000e+01   3.6507971e-02   2.6204130e-03
   4.3400000e+01   4.1885886e-02   6.4644200e-03
   4.3500000e+01   3.9867157e-02   3.6677261e-03
   4.3600000e+01   2.4042443e-02  -2.1164116e-04
   4.3700000e+01   3.3213233e-03  -2.4548044e-03
   4.3800000e+01  -4.7230837e-03  -6.1460284e-03
   4.3900000e+01   5.5727197e-03  -1.5104431e-02
   4.4000000e+01   1.8080606e-02  -2.7350815e-02
   4.4100000e+01   1.0493642e-02  -3.4897479e-02
   4.4200000e+01  -1.9705367e-02  -3.0410445e-02
   4.4300000e+01  -4.8439279e-02  -1.4417700e-02
   4.4400000e+01  -4.7292400e-02   3.3676712e-03
   4.4500000e+01  -1.2693851e-02   1.0132088e-02
   4.4600000e+01   2.8538305e-02  -2.9981099e-04
   4.4700000e+01   4.3616648e-02  -2.1172215e-02
   4.4800000e+01   2.3978735e-02  -3.6512578e-02
   4.4900000e+01  -8.1572243e-03  -3.4420822e-02
   4.5000000e+01  -2.2136919e-02  -1.9178612e-02
   4.5100000e+01  -7.1087382e-03  -8.9978918e-03
   4.5200000e+01   2.1207244e-02  -1.8720584e-02
   4.5300000e+01   3.9568403e-02  -4.3638571e-02
   4.5400000e+01   4.0140580e-02  -6.2007415e-02
   4.5500000e+01   3.3314132e-02  -5.5298403e-02
   4.5600000e+01   3.0414427e-02  -2.6191213e-02
   4.5700000e+01   2.9171808e-02   3.7418777e-03
   4.5800000e+01   1.9822345e-02   1.3843090e-02
   4.5900000e+01   2.6719006e-03   1.8682922e-03
   4.6000000e+01  -7.6326186e-03  -1.6722979e-02
   4.6100000e+01   8.0294405e-04  -2.4834956e-02
   4.6200000e+01   1.9626441e-02  -1.8409460e-02
   4.6300000e+01   2.6720157e-02  -6.3926157e-03
   4.6400000e+01   1.1757205e-02   1.5289698e-03
   4.6500000e+01  -9.9084423e-03   4.9110928e-03
   4.6600000e+01  -1.3640087e-02   9.5697899e-03
   4.6700000e+01   6.0330511e-03   1.6651369e-02
   4.6800000e+01   2.8519255e-02   1.8729782e-02
   4.6900000e+01   2.9504887e-02   9.4259256e-03
   4.7000000e+01   5.8497132e-03  -5.0242665e-03
   4.7100000e+01  -2.3976830e-02  -8.8485387e-03
   4.7200000e+01  -4.0004313e-02   5.7485390e-03
   4.7300000e+01  -3.6618490e-02   2.6489786e-02
   4.7400000e+01  -2.1439427e-02   3.1052737e-02
   4.7500000e+01  -6.7893679e-03   1.0747842e-02
   4.7600000e+01  -4.9454243e-03  -1.8448299e-02
   4.7700000e+01  -2.4295939e-02  -3.1115163e-02
   4.7800000e+01  -6.1298761e-02  -1.7503816e-02
   4.7900000e+01  -9.6633386e-02   9.3292134e-03
   4.8000000e+01  -1.0723825e-01   3.0599299e-02
   4.8100000e+01  -8.6929993e-02   4.0647544e-02
   4.8200000e+01  -5.2599749e-02   4.5211293e-02
   4.8300000e+01  -2.7175159e-02   4.5282179e-02
   4.8400000e+01  -1.8997609e-02   3.2064544e-02
   4.8500000e+01  -2.0932929e-02   2.1462266e-03
   4.8600000e+01  -2.5637390e-02  -2.8688019e-02
   4.8700000e+01  -3.3556535e-02  -3.6495704e-02
   4.8800000e+01  -4.4544298e-02  -1.5903075e-02
   4.8900000e+01  -4.9874046e-02   1.1050129e-02
   4.9000000e+01  -4.0345064e-02   1.8278602e-02
   4.9100000e+01  -2.0401032e-02   4.8427680e-03
   4.9200000e+01  -6.6388841e-03  -5.5191259e-03
   4.9300000e+01  -9.6584096e-03   5.9567288e-03
   4.9400000e+01  -2.1712984e-02   3.0307195e-02
   4.9500000e+01  -2.5713009e-02   4.1504584e-02
   4.9600000e+01  -1.3756620e-02   2.5960024e-02
   4.9700000e+01   7.0865704e-03  -4.2453647e-03
   4.9800000e+01   2.5686667e-02  -2.6881547e-02
   4.9900000e+01   3.8359775e-02  -3.2358461e-02
   5.0000000e+01   4.8296375e-02  -2.8133079e-02
   5.0100000e+01   5.7800946e-02  -2.4547601e-02
   5.0200000e+01   6.4742722e-02  -2.2385886e-02
   5.0300000e+01   6.5401529e-02  -1.5573158e-02
   5.0400000e+01   5.7921272e-02  -1.8816545e-03
   5.0500000e+01   4.3601775e-02   1.3068820e-02
   5.0600000e+01   2.7882870e-02   2.1782786e-02
   5.0700000e+01   2.0031138e-02   2.1389939e-02
   5.0800000e+01   2.7323515e-02   1.3164558e-02
   5.0900000e+01   4.5882276e-02  -1.1633034e-03
   5.1000000e+01   5.9396543e-02  -1.8831023e-02
   5.1100000e+01   5.2587375e-02  -3.2376130e-02
   5.1200000e+01   2.8612452e-02  -3.1405853e-02
   5.1300000e+01   1.0118085e-02  -1.2037254e-02
   5.1400000e+01   1.8257966e-02   1.6081682e-02
   5.1500000e+01   4.9323419e-02   3.5525375e-02
   5.1600000e+01   7.4852742e-02   3.5552603e-02
   5.1700000e+01   6.7982879e-02   2.0350129e-02
   5.1800000e+01   3.0309833e-02   3.3198391e-03
   5.1900000e+01  -8.4509810e-03  -4.6812873e-03
   5.2000000e+01  -1.8002613e-02  -1.1920251e-03
   5.2100000e+01   5.4268489e-03   9.6889546e-03
   5.2200000e+01   3.8234218e-02   2.0557400e-02
   5.2300000e+01   5.2891916e-02   2.2919399e-02
   5.2400000e+01   4.0873205e-02   1.1572316e-02
   5.2500000e+01   1.4999654e-02  -9.5373969e-03
   5.2600000e+01  -5.6650441e-03  -2.7531758e-02
   5.2700000e+01  -1.0740703e-02  -3.0467115e-02
   5.2800000e+01  -2.2054682e-03  -1.8141380e-02
   5.2900000e+01   9.9925600e-03  -1.8125269e-03
   5.3000000e+01   1.3463379e-02   7.1209742e-03
   5.3100000e+01  -4.8571095e-04   6.9018797e-03
   5.3200000e+01  -2.8763029e-02   3.9259481e-03
   5.3300000e+01  -5.2752848e-02   3.7984430e-03
   5.3400000e+01  -4.8758464e-02   5.7383708e-03
   5.3500000e+01  -9.8911083e-03   5.0805655e-03
   5.3600000e+01   4.0855220e-02  -5.9904361e-04
   5.3700000e+01   6.4634800e-02  -8.2449311e-03
   5.3800000e+01   3.9880876e-02  -1.1207192e-02
   5.3900000e+01  -1.6910942e-02  -4.2911990e-03
   5.4000000e+01  -6.5231142e-02   1.1626988e-02
   5.4100000e+01  -7.6717426e-02   2.8939432e-02
   5.4200000e+01  -5.7711332e-02   3.7937835e-02
   5.4300000e+01  -3.7700363e-02   3.3738470e-02
   5.4400000e+01  -3.8755757e-02   1.9702432e-02
   5.4500000e+01  -5.7431144e-02   4.2595960e-03
   5.4600000e+01  -7.3174466e-02  -5.7871734e-03
   5.4700000e+01  -6.9885045e-02  -9.3400373e-03
   5.4800000e+01  -4.8982515e-02  -9.4380837e-03
   5.4900000e+01  -2.5492228e-02  -8.5573715e-03
   5.5000000e+01  -1.4372344e-02  -5.8167803e-03
   5.5100000e+01  -1.9220113e-02   1.0067725e-03
   5.5200000e+01  -3.1197352e-02   1.0387469e-02
   5.5300000e+01  -3.8297004e-02   1.4326440e-02
   5.5400000e+01  -3.7092978e-02   2.7905911e-03
   5.5500000e+01  -3.5788887e-02  -2.6206253e-02
   5.5600000e+01  -4.4442750e-02  -6.0010990e-02
   5.5700000e+01  -6.1748379e-02  -7.7482790e-02
   5.5800000e+01  -7.3155113e-02  -6.6104850e-02
   5.5900000e+01  -6.4108671e-02  -3.5258782e-02
   5.6000000e+01  -3.5539037e-02  -1.0949470e-02
   5.6100000e+01  -5.0137574e-03  -1.3862635e-02
   5.6200000e+01   9.0342399e-03  -4.0232009e-02
   5.6300000e+01   5.0858397e-03  -6.4204007e-02
   5.6400000e+01   4.0182137e-05  -6.0203866e-02
   5.6500000e+01   1.1144036e-02  -2.4544735e-02
   5.6600000e+01   3.5403654e-02   2.2850062e-02
   5.6700000e+01   4.9147347e-02   5.5690868e-02
   5.6800000e+01   3.1948940e-02   5.9894171e-02
   5.6900000e+01  -8.2401917e-03   3.8760456e-02
   5.7000000e+01  -3.7827808e-02   6.0042139e-03
   5.7100000e+01  -2.9508292e-02  -2.2666571e-02
   5.7200000e+01   9.3583536e-03  -3.4107334e-02
   5.7300000e+01   4.4011538e-02  -2.1911772e-02
   5.7400000e+01   4.8394013e-02   7.9470247e-03
   5.7500000e+01   3.0321042e-02   3.6776821e-02
   5.7600000e+01   1.8915689e-02   4.4726539e-02
   5.7700000e+01   3.1142293e-02   2.7526311e-02
   5.7800000e+01   5.6046242e-02   1.5475975e-03
   5.7900000e+01   7.1180300e-02  -1.0385622e-02
   5.8000000e+01   6.8057036e-02   7.1434962e-04
   5.8100000e+01   5.7368678e-02   2.4015318e-02
   5.8200000e+01   5.2578294e-02   4.1612749e-02
   5.8300000e+01   5.4834891e-02   4.4410234e-02
   5.8400000e+01   5.5726584e-02   3.5205967e-02
   5.8500000e+01   5.0339895e-02   2.0359255e-02
   5.8600000e+01   4.2751941e-02   3.0837329e-03
   5.8700000e+01   3.9074204e-02  -1.5126411e-02
   5.8800000e+01   3.9611448e-02  -3.0656216e-02
   5.8900000e+01   4.0555112e-02  -3.8204050e-02
   5.9000000e+01   4.0791565e-02  -3.3958836e-02
   5.9100000e+01   4.2381864e-02  -1.6888333e-02
   5.9200000e+01   4.3722228e-02   1.1170229e-02
   5.9300000e+01   3.6921096e-02   4.3331679e-02
   5.9400000e+01   1.6289991e-02   6.6053221e-02
   5.9500000e+01  -1.1926267e-02   6.4985212e-02
   5.9600000e+01  -3.3108285e-02   3.7420538e-02
   5.9700000e+01  -3.9066729e-02  -1.1261030e-03
   5.9800000e+01  -3.5918215e-02  -2.6502401e-02
   5.9900000e+01  -3.4732655e-02  -2.4787083e-02
   6.0000000e+01  -3.7285978e-02  -1.8298818e-03
   6.0100000e+01  -3.5588938e-02   2.5378861e-02
   6.0200000e+01  -2.4843228e-02   4.4176702e-02
   6.0300000e+01  -1.1615163e-02   5.1714323e-02
   6.0400000e+01  -6.7184045e-03   4.8776526e-02
   6.0500000e+01  -1.3322401e-02   3.4827061e-02
   6.0600000e+01  -2.5285709e-02   1.1936905e-02
   6.0700000e+01  -3.4735285e-02  -1.0589764e-02
   6.0800000e+01  -3.6884179e-02  -2.1560595e-02
   6.0900000e+01  -2.8819628e-02  -1.8978286e-02
   6.1000000e+01  -1.0432723e-02  -1.2293767e-02
   6.1100000e+01   1.0186357e-02  -1.1545931e-02
   6.1200000e+01   1.7706295e-02  -1.6454641e-02
   6.1300000e+01   3.4809824e-03  -1.8810432e-02
   6.1400000e+01  -2.1055421e-02  -1.4221721e-02
   6.1500000e+01  -3.1258037e-02  -7.9110875e-03
   6.1600000e+01  -1.3831194e-02  -8.1607986e-03
   6.1700000e+01   1.7920223e-02  -1.6788756e-02
   6.1800000e+01   3.7363984e-02  -2.7974992e-02
   6.1900000e+01   3.1988387e-02  -3.4836435e-02
   6.2000000e+01   1.3376676e-02  -3.4854864e-02
   6.2100000e+01  -2.4101139e-04  -2.9792294e-02
   6.2200000e+01  -5.5537379e-03  -2.3645668e-02
   6.2300000e+01  -1.3750466e-02  -2.1931319e-02
   6.2400000e+01  -3.1636088e-02  -2.9942462e-02
   6.2500000e+01  -5.0598358e-02  -4.7487479e-02
   6.2600000e+01  -5.7383298e-02  -6.4508892e-02
   6.2700000e+01  -5.1241183e-02  -6.5220361e-02
   6.2800000e+01  -4.4246111e-02  -4.0645003e-02
   6.2900000e+01  -4.4370175e-02   1.4576463e-03
   6.3000000e+01  -4.3893568e-02   4.0168183e-02
   6.3100000e+01  -2.9539487e-02   5.6458294e-02
   6.3200000e+01  -3.1036618e-03   4.6210114e-02
   6.3300000e+01   1.3714541e-02   2.0630068e-02
   6.3400000e+01   6.8781451e-05  -3.5855308e-03
   6.3500000e+01  -3.8171408e-02  -1.4345993e-02
   6.3600000e+01  -6.7480397e-02  -8.5148250e-03
   6.3700000e+01  -5.6414859e-02   8.5107461e-03
   6.3800000e+01  -7.7249153e-03   2.5930052e-02
   6.3900000e+01   4.1699869e-02   3.3321388e-02
   6.4000000e+01   5.5638828e-02   2.7249521e-02
   6.4100000e+01   3.2818890e-02   1.3460105e-02
   6.4200000e+01   4.4364333e-03   1.9280182e-03
   6.4300000e+01  -1.3943781e-03  -5.6363793e-04
   6.4400000e+01   1.2028981e-02   6.6540129e-03
   6.4500000e+01   1.9493517e-02   2.0176229e-02
   6.4600000e+01   6.8597704e-03   3.4135563e-02
   6.4700000e+01  -1.2900947e-02   3.9511362e-02
   6.4800000e+01  -1.7550397e-02   2.6377753e-02
   6.4900000e+01  -2.2309006e-03  -7.3727980e-03
   6.5000000e+01   1.7902859e-02  -4.7932852e-02
   6.5100000e+01   2.8641829e-02  -7.0288425e-02
   6.5200000e+01   3.2036493e-02  -5.7164982e-02
   6.5300000e+01   3.8219191e-02  -1.6509061e-02
   6.5400000e+01   4.8280988e-02   2.1409109e-02
   6.5500000e+01   5.2080863e-02   2.8212729e-02
   6.5600000e+01   4.2135939e-02   1.6590287e-03
   6.5700000e+01   2.3682595e-02  -3.3297475e-02
   6.5800000e+01   8.5432913e-03  -4.7236780e-02
   6.5900000e+01   2.4706760e-03  -2.9966054e-02
   6.6000000e+01   1.7487266e-03   6.1795805e-03
   6.6100000e+01   5.5585926e-04   4.1204087e-02
   6.6200000e+01  -1.9229248e-03   6.1256377e-02
   6.6300000e+01  -1.9562550e-03   6.0391575e-02
   6.6400000e+01   3.7347106e-03   3.8052923e-02
   6.6500000e+01   1.4324816e-02   2.3025616e-03
   6.6600000e+01   2.4612053e-02  -2.6757562e-02
   6.6700000e+01   2.7878327e-02  -2.6530630e-02
   6.6800000e+01   2.1251121e-02   7.8541096e-03
   6.6900000e+01   1.0008971e-02   5.3866257e-02
   6.7000000e+01   4.9584867e-03   7.7621720e-02
   6.7100000e+01   1.2467686e-02   6.2954845e-02
   6.7200000e+01   2.6461255e-02   2.4458748e-02
   6.7300000e+01   3.2391325e-02  -8.3746573e-03
   6.7400000e+01   2.0871958e-02  -1.8399959e-02
   6.7500000e+01  -2.9219444e-03  -1.2075360e-02
   6.7600000e+01  -2.4182988e-02  -7.1831200e-03
   6.7700000e+01  -3.2483840e-02  -1.4064377e-02
   6.7800000e+01  -3.0336554e-02  -2.9726647e-02
   6.7900000e+01  -2.8229245e-02  -4.5798671e-02
   6.8000000e+01  -3.2201982e-02  -5.6773299e-02
   6.8100000e+01  -3.7034432e-02  -6.0077290e-02
   6.8200000e+01  -3.2022545e-02  -5.3467351e-02
   6.8300000e+01  -1.3634581e-02  -3.7533570e-02
   6.8400000e+01   8.0594686e-03  -1.9793701e-02
   6.8500000e+01   1.6995792e-02  -1.0755340e-02
   6.8600000e+01   6.5338978e-03  -1.3031759e-02
   6.8700000e+01  -1.2728468e-02  -1.7527576e-02
   6.8800000e+01  -2.1796857e-02  -1.4448143e-02
   6.8900000e+01  -1.1049061e-02  -6.4270246e-03
   6.9000000e+01   1.0469204e-02  -5.1683747e-03
   6.9100000e+01   2.3388219e-02  -1.3776853e-02
   6.9200000e+01   1.5736030e-02  -1.8226263e-02
   6.9300000e+01  -6.6226649e-03  -2.0834330e-03
   6.9400000e+01  -2.5520344e-02   3.1986235e-02
   6.9500000e+01  -2.5966312e-02   6.1474481e-02
   6.9600000e+01  -8.0189077e-03   6.6524882e-02
   6.9700000e+01   1.4106752e-02   4.9191678e-02
   6.9800000e+01   2.4009908e-02   2.8029179e-02
   6.9900000e+01   1.5906005e-02   1.7591190e-02
   7.0000000e+01  -2.1309448e-03   1.7965995e-02
   7.0100000e+01  -1.6423953e-02   2.2176505e-02
   7.0200000e+01  -1.9352342e-02   2.6509704e-02
   7.0300000e+01  -1.4074825e-02   3.0651617e-02
   7.0400000e+01  -9.5780586e-03   3.2706064e-02
   7.0500000e+01  -1.2313146e-02   2.9724784e-02
   7.0600000e+01  -2.1766252e-02   2.2052138e-02
   7.0700000e+01  -3.1438830e-02   1.2453199e-02
   7.0800000e+01  -3.2513540e-02   9.1825058e-04
   7.0900000e+01  -1.8600221e-02  -1.4499356e-02
   7.1000000e+01   8.9373677e-03  -2.9555219e-02
   7.1100000e+01   3.8495623e-02  -3.2053490e-02
   7.1200000e+01   5.3688596e-02  -1.4934650e-02
   7.1300000e+01   4.5680834e-02   9.8835950e-03
   7.1400000e+01   2.1987185e-02   1.8485605e-02
   7.1500000e+01   1.5614440e-03   5.3716795e-04
   7.1600000e+01  -9.5913584e-04  -2.5687850e-02
   7.1700000e+01   1.3115371e-02  -3.0170589e-02
   7.1800000e+01   3.0091068e-02  -3.9299109e-03
   7.1900000e+01   3.7363818e-02   2.9401348e-02
   7.2000000e+01   3.1906070e-02   3.7419683e-02
   7.2100000e+01   1.7144039e-02   1.2176569e-02
   7.2200000e+01  -3.4789374e-03  -2.2887008e-02
   7.2300000e+01  -2.5843417e-02  -3.7429843e-02
   7.2400000e+01  -4.0055548e-02  -2.2333910e-02
   7.2500000e+01  -3.3297348e-02   5.6459575e-03
   7.2600000e+01  -3.8737434e-03   2.2242899e-02
   7.2700000e+01   2.8723781e-02   1.6067577e-02
   7.2800000e+01   3.5186550e-02  -5.6042608e-03
   7.2900000e+01   4.0673841e-03  -2.5613386e-02
   7.3000000e+01  -4.2676856e-02  -3.0467746e-02
   7.3100000e+01  -6.7428930e-02  -1.9589891e-02
   7.3200000e+01  -5.3463741e-02  -5.2981800e-03
   7.3300000e+01  -2.1663201e-02  -3.1131826e-03
   7.3400000e+01  -7.7726554e-03  -1.8496996e-02
   7.3500000e+01  -2.4288562e-02  -4.1052096e-02
   7.3600000e+01  -4.8671904e-02  -5.2891542e-02
   7.3700000e+01  -4.9501951e-02  -4.4903609e-02
   7.3800000e+01  -2.0061097e-02  -2.5599169e-02
   7.3900000e+01   1.6303803e-02  -1.3327838e-02
   7.4000000e+01   3.0645277e-02  -1.8984760e-02
   7.4100000e+01   1.4341013e-02  -3.5863046e-02
   7.4200000e+01  -1.6520724e-02  -4.5880571e-02
   7.4300000e+01  -3.5979764e-02  -3.5300889e-02
   7.4400000e+01  -2.6912372e-02  -5.3061261e-03
   7.4500000e+01   7.0606527e-03   3.0069044e-02
   7.4600000e+01   4.1793293e-02   5.3977738e-02
   7.4700000e+01   4.8730890e-02   5.5961339e-02
   7.4800000e+01   2.0493575e-02   3.6316557e-02
   7.4900000e+01  -1.6886073e-02   6.1812214e-03
   7.5000000e+01  -2.4576730e-02  -1.6808861e-02
   7.5100000e+01   9.1470524e-03  -1.7982197e-02
   7.5200000e+01   5.1831604e-02   3.9584160e-03
   7.5300000e+01   5.7050712e-02   3.4566706e-02
   7.5400000e+01   1.3911805e-02   5.3739529e-02
   7.5500000e+01  -3.8389637e-02   5.0753322e-02
   7.5600000e+01  -4.9360480e-02   3.1096626e-02
   7.5700000e+01  -8.4454848e-03   1.0121771e-02
   7.5800000e+01   4.5831115e-02   1.0617274e-03
   7.5900000e+01   6.6144939e-02   7.6197562e-03
   7.6000000e+01   4.1189556e-02   2.3782105e-02
   7.6100000e+01   5.6142825e-04   3.7576720e-02
   7.6200000e+01  -1.8510017e-02   3.6930503e-02
   7.6300000e+01  -4.3213269e-03   1.7372550e-02
   7.6400000e+01   2.5782398e-02  -1.2729984e-02
   7.6500000e+01   4.6324841e-02  -3.6392988e-02
   7.6600000e+01   4.4206734e-02  -4.1173991e-02
   7.6700000e+01   2.3338649e-02  -2.9451524e-02
   7.6800000e+01  -3.0753110e-03  -1.4733810e-02
   7.6900000e+01  -2.1837088e-02  -7.8209536e-03
   7.7000000e+01  -2.5089570e-02  -8.1853804e-03
   7.7100000e+01  -1.2151374e-02  -9.2007933e-03
   7.7200000e+01   1.0779698e-02  -9.0454049e-03
   7.7300000e+01   3.2854443e-02  -1.3134284e-02
   7.7400000e+01   4.2553807e-02  -2.5405790e-02
   7.7500000e+01   3.2717326e-02  -3.9736137e-02
   7.7600000e+01   5.3883438e-03  -4.2698928e-02
   7.7700000e+01  -2.6316160e-02  -2.6064817e-02
   7.7800000e+01  -4.3373528e-02   3.2903045e-03
   7.7900000e+01  -3.3679183e-02   2.6425743e-02
   7.8000000e+01  -4.5465108e-03   2.6930138e-02
   7.8100000e+01   1.8234374e-02   5.0988511e-03
   7.8200000e+01   9.6658245e-03  -2.0811183e-02
   7.8300000e+01  -3.0318717e-02  -2.8500839e-02
   7.8400000e+01  -7.1353914e-02  -9.8370880e-03
   7.8500000e+01  -7.5866805e-02   2.2202363e-02
   7.8600000e+01  -3.2985912e-02   4.4413915e-02
   7.8700000e+01   2.8990650e-02   4.3109231e-02
   7.8800000e+01   6.5390642e-02   2.5604470e-02
   7.8900000e+01   5.2550944e-02   1.3276330e-02
   7.9000000e+01   4.8762373e-03   2.1995787e-02
   7.9100000e+01  -4.1636885e-02   4.6944615e-02
   7.9200000e+01  -5.9490228e-02   6.5656498e-02
   7.9300000e+01  -4.5059395e-02   5.7736215e-02
   7.9400000e+01  -1.2165767e-02   2.4345597e-02
   7.9500000e+01   2.1616527e-02  -1.1017308e-02
   7.9600000e+01   4.2890289e-02  -2.2957744e-02
   7.9700000e+01   4.5601403e-02  -7.6204411e-03
   7.9800000e+01   3.3194174e-02   1.4026650e-02
   7.9900000e+01   1.5494325e-02   1.7607868e-02
   8.0000000e+01  -1.2200265e-03   3.8405826e-04
