   1.0221618e+02   2.8602761e+01   2.5212700e+03
   1.0218517e+02   2.8284195e+01   1.6659500e+03
   0.0000000e+00  -3.5777009e-01  -3.5777009e-01
   1.0000000e-01  -3.0709055e-01  -4.0024438e-01
   2.0000000e-01  -2.5134151e-01  -4.3387870e-01
   3.0000000e-01  -1.9093072e-01  -4.5504463e-01
   4.0000000e-01  -1.1673417e-01  -4.5383089e-01
   5.0000000e-01  -1.8149536e-02  -4.2464580e-01
   6.0000000e-01   1.0031723e-01  -3.7867765e-01
   7.0000000e-01   2.1831954e-01  -3.3843695e-01
   8.0000000e-01   3.2088938e-01  -3.1771541e-01
   9.0000000e-01   4.1619786e-01  -3.1124217e-01
   1.0000000e+00   5.2580349e-01  -3.0612316e-01
   1.1000000e+00   6.5788509e-01  -2.9910836e-01
   1.2000000e+00   7.9487275e-01  -2.9850409e-01
   1.3000000e+00   9.0750239e-01  -3.1124851e-01
   1.4000000e+00   9.7645933e-01  -3.3266158e-01
   1.5000000e+00   1.0000000e+00  -3.4964762e-01
   1.6000000e+00   9.8774488e-01  -3.5257687e-01
   1.7000000e+00   9.5375746e-01  -3.4549874e-01
   1.8000000e+00   9.1352057e-01  -3.4670618e-01
   1.9000000e+00   8.7912972e-01  -3.7522805e-01
   2.0000000e+00   8.5128574e-01  -4.2889711e-01
   2.1000000e+00   8.1617567e-01  -4.7508223e-01
   2.2000000e+00   7.5391168e-01  -4.7294148e-01
   2.3000000e+00   6.5374748e-01  -4.1321548e-01
   2.4000000e+00   5.2339014e-01  -3.3180295e-01
   2.5000000e+00   3.8347115e-01  -2.7400504e-01
   2.6000000e+00   2.5058226e-01  -2.4503425e-01
   2.7000000e+00   1.2390970e-01  -2.0593845e-01
   2.8000000e+00  -9.7744938e-03  -1.2314680e-01
   2.9000000e+00  -1.5498678e-01  -1.2905786e-02
   3.0000000e+00  -2.9285589e-01   7.3987701e-02
   3.1000000e+00  -3.9392412e-01   1.0864574e-01
   3.2000000e+00  -4.4974522e-01   1.1396046e-01
   3.3000000e+00  -4.8780111e-01   1.3584674e-01
   3.4000000e+00  -5.4725810e-01   1.9497884e-01
   3.5000000e+00  -6.3771248e-01   2.7461413e-01
   3.6000000e+00  -7.2700306e-01   3.4923050e-01
   3.7000000e+00  -7.7403702e-01   4.1196364e-01
   3.8000000e+00  -7.7085635e-01   4.7080202e-01
   3.9000000e+00  -7.4712395e-01   5.2757947e-01
   4.0000000e+00  -7.3419459e-01   5.7043602e-01
   4.1000000e+00  -7.3211053e-01   5.8653474e-01
   4.2000000e+00  -7.1639953e-01   5.7592157e-01
   4.3000000e+00  -6.7253318e-01   5.5054580e-01
   4.4000000e+00  -6.1465004e-01   5.2305461e-01
   4.5000000e+00  -5.6741872e-01   4.9922143e-01
   4.6000000e+00  -5.3567995e-01   4.7868497e-01
   4.7000000e+00  -4.9966145e-01   4.5783765e-01
   4.8000000e+00  -4.4030596e-01   4.3002225e-01
   4.9000000e+00  -3.6236174e-01   3.8644268e-01
   5.0000000e+00  -2.8754690e-01   3.2268517e-01
   5.1000000e+00  -2.2869657e-01   2.4718482e-01
   5.2000000e+00  -1.7858095e-01   1.8060264e-01
   5.3000000e+00  -1.2545843e-01   1.4091632e-01
   5.4000000e+00  -7.0917553e-02   1.2500949e-01
   5.5000000e+00  -2.3681163e-02   1.0602553e-01
   5.6000000e+00   2.1112231e-02   5.3670538e-02
   5.7000000e+00   8.3849386e-02  -3.8635961e-02
   5.8000000e+00   1.7433846e-01  -1.4540148e-01
   5.9000000e+00   2.6991462e-01  -2.2839162e-01
   6.0000000e+00   3.3061135e-01  -2.6613048e-01
   6.1000000e+00   3.3855121e-01  -2.6789350e-01
   6.2000000e+00   3.1586447e-01  -2.6343285e-01
   6.3000000e+00   3.0034323e-01  -2.8093605e-01
   6.4000000e+00   3.0906375e-01  -3.3024311e-01
   6.5000000e+00   3.3128462e-01  -3.9852966e-01
   6.6000000e+00   3.5157998e-01  -4.5757353e-01
   6.7000000e+00   3.6836050e-01  -4.8003418e-01
   6.8000000e+00   3.8653126e-01  -4.5819342e-01
   6.9000000e+00   4.0157370e-01  -4.1145705e-01
   7.0000000e+00   4.0152793e-01  -3.7221844e-01
   7.1000000e+00   3.8450439e-01  -3.5892015e-01
   7.2000000e+00   3.6578974e-01  -3.6112664e-01
   7.3000000e+00   3.6217872e-01  -3.5162432e-01
   7.4000000e+00   3.7157270e-01  -3.1248449e-01
   7.5000000e+00   3.7295334e-01  -2.4826233e-01
   7.6000000e+00   3.4823299e-01  -1.7641047e-01
   7.7000000e+00   3.0277427e-01  -1.1075971e-01
   7.8000000e+00   2.6246124e-01  -5.7149673e-02
   7.9000000e+00   2.4864027e-01  -2.0238520e-02
   8.0000000e+00   2.5420616e-01  -5.6434910e-03
   8.1000000e+00   2.4518951e-01  -1.0820180e-02
   8.2000000e+00   1.9076762e-01  -1.7442737e-02
   8.3000000e+00   9.6819296e-02  -4.9304446e-04
   8.4000000e+00   9.0657379e-03   5.0195066e-02
   8.5000000e+00  -2.4152520e-02   1.1817886e-01
   8.6000000e+00   1.1050054e-03   1.7362115e-01
   8.7000000e+00   3.4445055e-02   1.9984984e-01
   8.8000000e+00   1.3405414e-02   2.0545518e-01
   8.9000000e+00  -7.9842471e-02   2.0946909e-01
   9.0000000e+00  -2.0268968e-01   2.1814818e-01
   9.1000000e+00  -2.9208546e-01   2.2119257e-01
   9.2000000e+00  -3.1873895e-01   2.1003254e-01
   9.3000000e+00  -3.0295216e-01   1.9258301e-01
   9.4000000e+00  -2.8383108e-01   1.8493185e-01
   9.5000000e+00  -2.8076238e-01   1.9262122e-01
   9.6000000e+00  -2.8519618e-01   2.0740422e-01
   9.7000000e+00  -2.8099132e-01   2.2087531e-01
   9.8000000e+00  -2.6362011e-01   2.3092439e-01
   9.9000000e+00  -2.3973927e-01   2.3013920e-01
   1.0000000e+01  -2.1598583e-01   1.9830423e-01
   1.0100000e+01  -1.9403052e-01   1.2130717e-01
   1.0200000e+01  -1.7479114e-01   1.9373094e-02
   1.0300000e+01  -1.6214790e-01  -5.5928926e-02
   1.0400000e+01  -1.5983914e-01  -6.4396309e-02
   1.0500000e+01  -1.6530490e-01  -1.7452562e-02
   1.0600000e+01  -1.6771741e-01   2.9178886e-02
   1.0700000e+01  -1.5338048e-01   2.4735816e-02
   1.0800000e+01  -1.1585445e-01  -3.4671656e-02
   1.0900000e+01  -6.3509532e-02  -1.0941380e-01
   1.1000000e+01  -1.6433189e-02  -1.5576689e-01
   1.1100000e+01   7.9572838e-03  -1.6171341e-01
   1.1200000e+01   8.9802327e-03  -1.4935459e-01
   1.1300000e+01   1.9397950e-03  -1.4701078e-01
   1.1400000e+01   2.3657194e-03  -1.5966916e-01
   1.1500000e+01   1.2164711e-02  -1.6581913e-01
   1.1600000e+01   2.2653083e-02  -1.4251004e-01
   1.1700000e+01   2.9014423e-02  -9.1605614e-02
   1.1800000e+01   3.7191602e-02  -3.9309744e-02
   1.1900000e+01   5.5052386e-02  -1.1589243e-02
   1.2000000e+01   8.0632885e-02  -1.4392721e-02
   1.2100000e+01   1.0400642e-01  -3.6780242e-02
   1.2200000e+01   1.2118063e-01  -6.3986612e-02
   1.2300000e+01   1.4172685e-01  -8.0733084e-02
   1.2400000e+01   1.7783561e-01  -6.9426338e-02
   1.2500000e+01   2.2472729e-01  -2.0900701e-02
   1.2600000e+01   2.5516021e-01   4.7773460e-02
   1.2700000e+01   2.3859855e-01   9.7243723e-02
   1.2800000e+01   1.6978400e-01   9.9988423e-02
   1.2900000e+01   7.8717391e-02   6.9651939e-02
   1.3000000e+01   9.4345602e-03   4.7574192e-02
   1.3100000e+01  -1.4736167e-02   5.8313561e-02
   1.3200000e+01  -7.0360274e-03   8.5543785e-02
   1.3300000e+01   1.9886850e-04   9.5342127e-02
   1.3400000e+01  -1.2899538e-02   7.6630351e-02
   1.3500000e+01  -4.0941678e-02   5.1487574e-02
   1.3600000e+01  -6.9808369e-02   4.8249403e-02
   1.3700000e+01  -9.9204262e-02   7.2378034e-02
   1.3800000e+01  -1.4185075e-01   1.0539612e-01
   1.3900000e+01  -1.9983489e-01   1.2647031e-01
   1.4000000e+01  -2.4929386e-01   1.3076582e-01
   1.4100000e+01  -2.5735422e-01   1.2880768e-01
   1.4200000e+01  -2.1605386e-01   1.3123076e-01
   1.4300000e+01  -1.5388061e-01   1.3423161e-01
   1.4400000e+01  -1.0860114e-01   1.2007058e-01
   1.4500000e+01  -9.0292845e-02   7.5182028e-02
   1.4600000e+01  -7.6245120e-02   9.7929632e-03
   1.4700000e+01  -4.2442659e-02  -4.4724904e-02
   1.4800000e+01   6.4896937e-03  -6.4197996e-02
   1.4900000e+01   4.3729944e-02  -5.6925227e-02
   1.5000000e+01   5.3205038e-02  -5.4755703e-02
   1.5100000e+01   4.8370509e-02  -7.7527035e-02
   1.5200000e+01   5.5830984e-02  -1.1249732e-01
   1.5300000e+01   8.6079901e-02  -1.3274001e-01
   1.5400000e+01   1.2654732e-01  -1.2908406e-01
   1.5500000e+01   1.6165483e-01  -1.1493428e-01
   1.5600000e+01   1.9151078e-01  -1.0295627e-01
   1.5700000e+01   2.2564750e-01  -9.0933358e-02
   1.5800000e+01   2.6171430e-01  -7.6578856e-02
   1.5900000e+01   2.7823333e-01  -7.4205886e-02
   1.6000000e+01   2.5306371e-01  -1.0045905e-01
   1.6100000e+01   1.8792607e-01  -1.4328786e-01
   1.6200000e+01   1.1141867e-01  -1.6063934e-01
   1.6300000e+01   5.6232299e-02  -1.2198204e-01
   1.6400000e+01   3.3370762e-02  -4.7411375e-02
   1.6500000e+01   2.7993718e-02   5.1255723e-03
   1.6600000e+01   1.8376943e-02  -5.2688465e-03
   1.6700000e+01  -2.5970369e-03  -6.4081393e-02
   1.6800000e+01  -2.3385357e-02  -1.1790123e-01
   1.6900000e+01  -2.7787910e-02  -1.2361986e-01
   1.7000000e+01  -1.1244060e-02  -7.9828861e-02
   1.7100000e+01   1.4988591e-02  -1.7698075e-02
   1.7200000e+01   3.2620739e-02   2.9623640e-02
   1.7300000e+01   2.8936583e-02   4.8717842e-02
   1.7400000e+01   4.9163823e-03   4.6198286e-02
   1.7500000e+01  -2.4059956e-02   3.4929250e-02
   1.7600000e+01  -3.5537302e-02   2.1033873e-02
   1.7700000e+01  -1.4417452e-02   3.4293425e-03
   1.7800000e+01   3.2772100e-02  -1.4410802e-02
   1.7900000e+01   7.7299649e-02  -1.6189931e-02
   1.8000000e+01   8.8068880e-02   1.5261872e-02
   1.8100000e+01   5.8323458e-02   7.2848658e-02
   1.8200000e+01   1.3169533e-02   1.1871760e-01
   1.8300000e+01  -1.2950987e-02   1.1600430e-01
   1.8400000e+01  -8.3630801e-03   7.1912336e-02
   1.8500000e+01   6.5932546e-03   3.9986937e-02
   1.8600000e+01   1.7316530e-03   6.7564007e-02
   1.8700000e+01  -3.4061119e-02   1.4029133e-01
   1.8800000e+01  -8.6115421e-02   1.8871974e-01
   1.8900000e+01  -1.3140756e-01   1.5731012e-01
   1.9000000e+01  -1.5815061e-01   6.4292400e-02
   1.9100000e+01  -1.7016299e-01  -1.3010473e-02
   1.9200000e+01  -1.7878578e-01  -1.2781833e-02
   1.9300000e+01  -1.9369038e-01   5.4571082e-02
   1.9400000e+01  -2.1719152e-01   1.2239474e-01
   1.9500000e+01  -2.4182516e-01   1.3294170e-01
   1.9600000e+01  -2.5416821e-01   8.3238901e-02
   1.9700000e+01  -2.4644000e-01   1.3767582e-02
   1.9800000e+01  -2.2619083e-01  -3.6089923e-02
   1.9900000e+01  -2.1014865e-01  -5.7299467e-02
   2.0000000e+01  -2.0449868e-01  -6.4630691e-02
   2.0100000e+01  -1.9381561e-01  -7.2812905e-02
   2.0200000e+01  -1.5561471e-01  -8.3125258e-02
   2.0300000e+01  -8.7918995e-02  -8.8798076e-02
   2.0400000e+01  -1.8586047e-02  -8.7382204e-02
   2.0500000e+01   1.7315362e-02  -8.5291796e-02
   2.0600000e+01   1.0672399e-02  -9.0609648e-02
   2.0700000e+01  -1.1920688e-02  -1.0236709e-01
   2.0800000e+01  -1.2322814e-02  -1.0816551e-01
   2.0900000e+01   2.4030287e-02  -9.4275405e-02
   2.1000000e+01   7.5050348e-02  -5.9402037e-02
   2.1100000e+01   1.0318377e-01  -1.8072695e-02
   2.1200000e+01   9.1598217e-02   1.0932174e-02
   2.1300000e+01   6.1590309e-02   2.0709288e-02
   2.1400000e+01   5.3751841e-02   2.2012414e-02
   2.1500000e+01   8.9943073e-02   3.3434008e-02
   2.1600000e+01   1.5275108e-01   6.3821532e-02
   2.1700000e+01   2.0143409e-01   1.0105800e-01
   2.1800000e+01   2.0600275e-01   1.1861725e-01
   2.1900000e+01   1.6634042e-01   9.9266381e-02
   2.2000000e+01   1.0581344e-01   5.7142882e-02
   2.2100000e+01   5.5606252e-02   3.2074728e-02
   2.2200000e+01   4.3027198e-02   5.2360270e-02
   2.2300000e+01   7.8733287e-02   1.0089428e-01
   2.2400000e+01   1.4184370e-01   1.2694976e-01
   2.2500000e+01   1.8387962e-01   9.8895417e-02
   2.2600000e+01   1.6673616e-01   4.0175746e-02
   2.2700000e+01   1.0578982e-01   3.3763985e-03
   2.2800000e+01   6.4862286e-02   1.0245507e-02
   2.2900000e+01   9.4672270e-02   2.9517409e-02
   2.3000000e+01   1.7705114e-01   1.8737709e-02
   2.3100000e+01   2.4048191e-01  -2.3396231e-02
   2.3200000e+01   2.3316439e-01  -5.8431149e-02
   2.3300000e+01   1.7229742e-01  -5.7067643e-02
   2.3400000e+01   1.1737143e-01  -3.1863596e-02
   2.3500000e+01   1.0405162e-01  -1.7226155e-02
   2.3600000e+01   1.1424036e-01  -2.8446596e-02
   2.3700000e+01   1.0679292e-01  -5.0011370e-02
   2.3800000e+01   6.4005293e-02  -5.8270858e-02
   2.3900000e+01   3.1089445e-03  -4.3920134e-02
   2.4000000e+01  -4.8367001e-02  -1.2557769e-02
   2.4100000e+01  -7.8597234e-02   2.5124708e-02
   2.4200000e+01  -9.5739029e-02   5.7509870e-02
   2.4300000e+01  -1.1611996e-01   7.3447634e-02
   2.4400000e+01  -1.5069644e-01   6.8144579e-02
   2.4500000e+01  -1.9624806e-01   4.6837578e-02
   2.4600000e+01  -2.3455290e-01   1.7752445e-02
   2.4700000e+01  -2.4392499e-01  -1.6629632e-02
   2.4800000e+01  -2.1862195e-01  -5.5176603e-02
   2.4900000e+01  -1.7799838e-01  -8.6890259e-02
   2.5000000e+01  -1.5176788e-01  -9.5172994e-02
   2.5100000e+01  -1.5303048e-01  -7.9717307e-02
   2.5200000e+01  -1.6701763e-01  -6.6533252e-02
   2.5300000e+01  -1.6719353e-01  -8.3847694e-02
   2.5400000e+01  -1.3981283e-01  -1.2659612e-01
   2.5500000e+01  -9.1488024e-02  -1.5500921e-01
   2.5600000e+01  -3.7877895e-02  -1.3600818e-01
   2.5700000e+01   8.2703517e-03  -8.2120987e-02
   2.5800000e+01   3.9486301e-02  -4.1479027e-02
   2.5900000e+01   5.4194657e-02  -4.8651125e-02
   2.6000000e+01   6.1517797e-02  -9.0928398e-02
   2.6100000e+01   7.9963726e-02  -1.2462174e-01
   2.6200000e+01   1.2099853e-01  -1.1878389e-01
   2.6300000e+01   1.7186087e-01  -7.8812246e-02
   2.6400000e+01   2.0204797e-01  -3.2660177e-02
   2.6500000e+01   1.9245327e-01  -3.5776911e-03
   2.6600000e+01   1.5540105e-01   2.4101977e-03
   2.6700000e+01   1.2153513e-01  -7.5389676e-03
   2.6800000e+01   1.0879895e-01  -1.9224837e-02
   2.6900000e+01   1.0865543e-01  -1.5154968e-02
   2.7000000e+01   1.0066046e-01   1.6481402e-02
   2.7100000e+01   7.2983809e-02   6.8381046e-02
   2.7200000e+01   2.6465554e-02   1.1229109e-01
   2.7300000e+01  -3.3357478e-02   1.1888532e-01
   2.7400000e+01  -9.8823996e-02   8.3933475e-02
   2.7500000e+01  -1.5531401e-01   3.3340699e-02
   2.7600000e+01  -1.8323712e-01   4.2616715e-04
   2.7700000e+01  -1.7289482e-01  -1.1597529e-03
   2.7800000e+01  -1.3800096e-01   1.7118594e-02
   2.7900000e+01  -1.1013708e-01   3.4813866e-02
   2.8000000e+01  -1.1510451e-01   3.9683319e-02
   2.8100000e+01  -1.5132534e-01   3.2576458e-02
   2.8200000e+01  -1.9019407e-01   2.4242838e-02
   2.8300000e+01  -1.9970403e-01   3.0299663e-02
   2.8400000e+01  -1.7194413e-01   6.1729055e-02
   2.8500000e+01  -1.2939933e-01   1.1159789e-01
   2.8600000e+01  -1.0196928e-01   1.5279953e-01
   2.8700000e+01  -9.5305977e-02   1.5852793e-01
   2.8800000e+01  -8.3954677e-02   1.2968076e-01
   2.8900000e+01  -4.0550061e-02   9.6724557e-02
   2.9000000e+01   2.7791925e-02   8.8372290e-02
   2.9100000e+01   7.8210141e-02   1.0057479e-01
   2.9200000e+01   7.3326377e-02   1.0261527e-01
   2.9300000e+01   2.3339341e-02   7.4000731e-02
   2.9400000e+01  -1.8614152e-02   2.9552874e-02
   2.9500000e+01  -6.9532396e-03   5.5673638e-03
   2.9600000e+01   5.1204315e-02   2.4894959e-02
   2.9700000e+01   1.0275166e-01   7.7361234e-02
   2.9800000e+01   9.9525995e-02   1.2890025e-01
   2.9900000e+01   4.2286938e-02   1.4460349e-01
   3.0000000e+01  -2.2505142e-02   1.0800426e-01
   3.0100000e+01  -4.5488704e-02   3.0220251e-02
   3.0200000e+01  -1.5319280e-02  -5.3784464e-02
   3.0300000e+01   3.6182826e-02  -1.0438758e-01
   3.0400000e+01   6.4538842e-02  -1.0344857e-01
   3.0500000e+01   5.0014947e-02  -6.6402305e-02
   3.0600000e+01   1.0316107e-02  -2.8042643e-02
   3.0700000e+01  -1.9903093e-02  -1.5762009e-02
   3.0800000e+01  -2.0838349e-02  -3.5460474e-02
   3.0900000e+01   7.7654299e-04  -7.7276425e-02
   3.1000000e+01   2.8279401e-02  -1.2595177e-01
   3.1100000e+01   5.6099817e-02  -1.6347046e-01
   3.1200000e+01   8.8973099e-02  -1.7094815e-01
   3.1300000e+01   1.2453948e-01  -1.4029864e-01
   3.1400000e+01   1.4815859e-01  -8.7259508e-02
   3.1500000e+01   1.5100340e-01  -4.5622040e-02
   3.1600000e+01   1.4672269e-01  -4.0351948e-02
   3.1700000e+01   1.5955323e-01  -6.4900237e-02
   3.1800000e+01   1.9454505e-01  -8.8056914e-02
   3.1900000e+01   2.2779618e-01  -8.4314383e-02
   3.2000000e+01   2.3197203e-01  -5.5929556e-02
   3.2100000e+01   2.0752614e-01  -2.5746777e-02
   3.2200000e+01   1.8139883e-01  -1.2976551e-02
   3.2300000e+01   1.7428843e-01  -1.9235219e-02
   3.2400000e+01   1.7568474e-01  -3.4614368e-02
   3.2500000e+01   1.5650317e-01  -4.9827410e-02
   3.2600000e+01   1.0477581e-01  -5.9772119e-02
   3.2700000e+01   4.2876828e-02  -6.0645866e-02
   3.2800000e+01   5.4439365e-03  -5.0145718e-02
   3.2900000e+01   1.8210606e-03  -3.0591427e-02
   3.3000000e+01   5.6208806e-03  -7.3874342e-03
   3.3100000e+01  -1.5391056e-02   1.6869012e-02
   3.3200000e+01  -6.2365107e-02   4.3254598e-02
   3.3300000e+01  -1.0453695e-01   6.9940007e-02
   3.3400000e+01  -1.1611606e-01   8.9084050e-02
   3.3500000e+01  -1.0697139e-01   9.4969543e-02
   3.3600000e+01  -1.1014445e-01   9.3187419e-02
   3.3700000e+01  -1.4186522e-01   9.5497390e-02
   3.3800000e+01  -1.8247971e-01   1.0429321e-01
   3.3900000e+01  -1.9911236e-01   1.0811386e-01
   3.4000000e+01  -1.8068792e-01   9.7075642e-02
   3.4100000e+01  -1.4643739e-01   7.8506221e-02
   3.4200000e+01  -1.2493542e-01   6.9426626e-02
   3.4300000e+01  -1.3028394e-01   7.3175365e-02
   3.4400000e+01  -1.5430386e-01   7.1987532e-02
   3.4500000e+01  -1.7292358e-01   4.9184372e-02
   3.4600000e+01  -1.6087188e-01   1.4569955e-02
   3.4700000e+01  -1.1140485e-01  -1.4926037e-03
   3.4800000e+01  -4.8350548e-02   1.7890405e-02
   3.4900000e+01  -1.2083753e-02   5.3440299e-02
   3.5000000e+01  -2.3836244e-02   6.5685464e-02
   3.5100000e+01  -6.3936995e-02   3.2184065e-02
   3.5200000e+01  -9.1723523e-02  -3.3262019e-02
   3.5300000e+01  -8.7242725e-02  -9.4959143e-02
   3.5400000e+01  -6.7116783e-02  -1.2404527e-01
   3.5500000e+01  -5.8691415e-02  -1.1604063e-01
   3.5600000e+01  -6.7490764e-02  -8.9621589e-02
   3.5700000e+01  -7.6356916e-02  -7.2450262e-02
   3.5800000e+01  -6.9944341e-02  -8.1408144e-02
   3.5900000e+01  -4.9006486e-02  -1.0811505e-01
   3.6000000e+01  -2.1115923e-02  -1.2487535e-01
   3.6100000e+01   1.0429920e-02  -1.1226413e-01
   3.6200000e+01   4.1208633e-02  -8.1859918e-02
   3.6300000e+01   5.7113496e-02  -6.4161153e-02
   3.6400000e+01   4.4042986e-02  -7.0350300e-02
   3.6500000e+01   8.2946928e-03  -7.4386119e-02
   3.6600000e+01  -2.1634894e-02  -4.3492118e-02
   3.6700000e+01  -2.0570284e-02   1.5744538e-02
   3.6800000e+01   8.2214404e-03   5.4669961e-02
   3.6900000e+01   3.7865647e-02   3.3354888e-02
   3.7000000e+01   4.6222257e-02  -3.2321042e-02
   3.7100000e+01   3.4747688e-02  -8.4352793e-02
   3.7200000e+01   2.0135097e-02  -8.3212538e-02
   3.7300000e+01   1.4599007e-02  -4.6053969e-02
   3.7400000e+01   1.9372597e-02  -2.0742969e-02
   3.7500000e+01   3.3596782e-02  -2.9626232e-02
   3.7600000e+01   6.0376242e-02  -4.8941094e-02
   3.7700000e+01   9.8811349e-02  -4.2838135e-02
   3.7800000e+01   1.3316568e-01  -6.1321829e-03
   3.7900000e+01   1.3798649e-01   3.4529249e-02
   3.8000000e+01   1.0041439e-01   5.5598593e-02
   3.8100000e+01   3.7990848e-02   5.9887856e-02
   3.8200000e+01  -1.0330420e-02   6.2611362e-02
   3.8300000e+01  -1.5914389e-02   6.6348489e-02
   3.8400000e+01   1.5568940e-02   6.1565826e-02
   3.8500000e+01   5.2996668e-02   4.8410513e-02
   3.8600000e+01   7.1288958e-02   4.4244251e-02
   3.8700000e+01   7.0287578e-02   6.3892469e-02
   3.8800000e+01   6.2852269e-02   1.0064317e-01
   3.8900000e+01   5.2852705e-02   1.3466167e-01
   3.9000000e+01   3.3800618e-02   1.5528437e-01
   3.9100000e+01   7.1548895e-03   1.6575849e-01
   3.9200000e+01  -9.5588502e-03   1.6877526e-01
   3.9300000e+01   2.3166607e-05   1.6061244e-01
   3.9400000e+01   3.0334507e-02   1.4472574e-01
   3.9500000e+01   5.7693267e-02   1.3975032e-01
   3.9600000e+01   6.4128198e-02   1.6070605e-01
   3.9700000e+01   5.1787564e-02   1.9381860e-01
   3.9800000e+01   3.4481541e-02   2.0250582e-01
   3.9900000e+01   2.3300749e-02   1.6467013e-01
   4.0000000e+01   2.4711354e-02   9.8224011e-02
   4.0100000e+01   4.5043906e-02   4.2712250e-02
   4.0200000e+01   8.5186391e-02   1.7832410e-02
   4.0300000e+01   1.2875473e-01   7.1930990e-03
   4.0400000e+01   1.4479404e-01  -1.5966771e-02
   4.0500000e+01   1.1218094e-01  -5.4571343e-02
   4.0600000e+01   4.3107955e-02  -8.6246908e-02
   4.0700000e+01  -2.2299701e-02  -9.3853040e-02
   4.0800000e+01  -4.8795391e-02  -8.7855923e-02
   4.0900000e+01  -3.4497211e-02  -9.1870784e-02
   4.1000000e+01  -7.5184144e-03  -1.1103295e-01
   4.1100000e+01   3.3118186e-03  -1.2645457e-01
   4.1200000e+01  -7.3133827e-03  -1.2442038e-01
   4.1300000e+01  -2.3914963e-02  -1.1909625e-01
   4.1400000e+01  -3.2060369e-02  -1.3248007e-01
   4.1500000e+01  -3.3962366e-02  -1.5575453e-01
   4.1600000e+01  -4.2966908e-02  -1.5048235e-01
   4.1700000e+01  -6.5462266e-02  -9.9595801e-02
   4.1800000e+01  -9.0376539e-02  -4.4332378e-02
   4.1900000e+01  -9.7342176e-02  -4.8942242e-02
   4.2000000e+01  -7.5948511e-02  -1.2499548e-01
   4.2100000e+01  -3.7717426e-02  -2.0651130e-01
   4.2200000e+01  -8.7287503e-03  -2.1220305e-01
   4.2300000e+01  -8.7850318e-03  -1.2735863e-01
   4.2400000e+01  -3.6084935e-02  -1.5850542e-02
   4.2500000e+01  -7.1005116e-02   4.4160733e-02
   4.2600000e+01  -9.3644525e-02   2.6722688e-02
   4.2700000e+01  -9.7683401e-02  -3.4604737e-02
   4.2800000e+01  -9.0248583e-02  -8.8019400e-02
   4.2900000e+01  -8.2859979e-02  -1.0370581e-01
   4.3000000e+01  -8.3429615e-02  -8.4738688e-02
   4.3100000e+01  -9.2486207e-02  -5.4553336e-02
   4.3200000e+01  -1.0238420e-01  -3.6458455e-02
   4.3300000e+01  -1.0102301e-01  -3.6834995e-02
   4.3400000e+01  -8.0941242e-02  -4.2760209e-02
   4.3500000e+01  -4.6639554e-02  -3.7594421e-02
   4.3600000e+01  -1.1119614e-02  -1.9773380e-02
   4.3700000e+01   1.4991280e-02  -3.3327658e-03
   4.3800000e+01   2.7871647e-02   4.7478206e-04
   4.3900000e+01   2.4274827e-02  -2.9837316e-03
   4.4000000e+01  -1.6910433e-03   6.2837021e-04
   4.4100000e+01  -4.7807325e-02   1.7492143e-02
   4.4200000e+01  -9.1842497e-02   4.1961418e-02
   4.4300000e+01  -1.0128692e-01   6.8086957e-02
   4.4400000e+01  -6.2988860e-02   9.6620488e-02
   4.4500000e+01  -1.0493623e-03   1.2654679e-01
   4.4600000e+01   4.1314183e-02   1.4532480e-01
   4.4700000e+01   4.0038335e-02   1.3670162e-01
   4.4800000e+01   8.9743532e-03   1.0122867e-01
   4.4900000e+01  -1.8273982e-02   6.3795547e-02
   4.5000000e+01  -2.0845044e-02   5.3710470e-02
   4.5100000e+01  -4.2135872e-03   7.5330341e-02
   4.5200000e+01   1.2754352e-02   1.0220471e-01
   4.5300000e+01   1.8069759e-02   1.0426656e-01
   4.5400000e+01   1.4679614e-02   7.9813939e-02
   4.5500000e+01   1.4377736e-02   5.6275968e-02
   4.5600000e+01   2.7255514e-02   5.8391849e-02
   4.5700000e+01   5.4568614e-02   8.0482105e-02
   4.5800000e+01   8.7317127e-02   9.4471410e-02
   4.5900000e+01   1.1071610e-01   8.2162404e-02
   4.6000000e+01   1.1338005e-01   5.2486621e-02
   4.6100000e+01   9.6338649e-02   2.6387201e-02
   4.6200000e+01   7.4460029e-02   1.3081424e-02
   4.6300000e+01   6.6719469e-02   7.4169561e-03
   4.6400000e+01   8.1125937e-02   4.8012328e-03
   4.6500000e+01   1.0708042e-01   7.2254535e-03
   4.6600000e+01   1.2399023e-01   1.2264804e-02
   4.6700000e+01   1.2029297e-01   6.1076575e-03
   4.6800000e+01   1.0462314e-01  -2.3195276e-02
   4.6900000e+01   9.6243964e-02  -6.7758146e-02
   4.7000000e+01   1.0364877e-01  -1.0350777e-01
   4.7100000e+01   1.1514789e-01  -1.1410120e-01
   4.7200000e+01   1.1277874e-01  -1.0566457e-01
   4.7300000e+01   9.2568789e-02  -9.4076482e-02
   4.7400000e+01   6.5494870e-02  -8.2567184e-02
   4.7500000e+01   3.8730028e-02  -5.9921819e-02
   4.7600000e+01   4.6442613e-03  -2.1735735e-02
   4.7700000e+01  -4.4170776e-02   1.4438839e-02
   4.7800000e+01  -9.3503290e-02   2.3057742e-02
   4.7900000e+01  -1.1400418e-01  -2.5612879e-04
   4.8000000e+01  -9.4939505e-02  -2.9588611e-02
   4.8100000e+01  -6.3005058e-02  -3.3127885e-02
   4.8200000e+01  -5.5838234e-02  -5.4052024e-03
   4.8300000e+01  -7.7534577e-02   2.7847848e-02
   4.8400000e+01  -9.2301498e-02   3.6680028e-02
   4.8500000e+01  -6.8162135e-02   1.6260667e-02
   4.8600000e+01  -1.7816175e-02  -1.0169269e-02
   4.8700000e+01   1.5674092e-02  -1.3843103e-02
   4.8800000e+01   1.1144083e-02   1.4990735e-02
   4.8900000e+01  -7.0326127e-03   6.0072548e-02
   4.9000000e+01  -3.8621497e-03   9.1584547e-02
   4.9100000e+01   1.8527585e-02   8.7587656e-02
   4.9200000e+01   2.2041778e-02   5.0203641e-02
   4.9300000e+01  -1.9042985e-02   4.5073416e-03
   4.9400000e+01  -8.3396531e-02  -2.0934283e-02
   4.9500000e+01  -1.2281729e-01  -1.6497542e-02
   4.9600000e+01  -1.1039094e-01   3.1329523e-03
   4.9700000e+01  -6.1427930e-02   1.3998069e-02
   4.9800000e+01  -1.2003775e-02   1.5780625e-03
   4.9900000e+01   1.1500205e-02  -3.2481179e-02
   5.0000000e+01   1.0406880e-03  -7.4049827e-02
   5.0100000e+01  -3.9709888e-02  -1.0205395e-01
   5.0200000e+01  -9.6265768e-02  -9.6591926e-02
   5.0300000e+01  -1.4028393e-01  -5.3176563e-02
   5.0400000e+01  -1.4144296e-01   7.2098900e-03
   5.0500000e+01  -9.3488813e-02   4.9149642e-02
   5.0600000e+01  -2.5561349e-02   5.1260626e-02
   5.0700000e+01   2.0788268e-02   2.3700219e-02
   5.0800000e+01   2.7531005e-02  -5.3324144e-03
   5.0900000e+01   9.2696639e-03  -1.8468604e-02
   5.1000000e+01  -1.2028195e-02  -2.0737055e-02
   5.1100000e+01  -3.1819092e-02  -2.4805536e-02
   5.1200000e+01  -5.6540783e-02  -3.2571121e-02
   5.1300000e+01  -8.0200509e-02  -3.5045060e-02
   5.1400000e+01  -8.1784270e-02  -2.5696173e-02
   5.1500000e+01  -5.0328205e-02  -7.9481171e-03
   5.1600000e+01  -2.9542438e-03   9.9042540e-03
   5.1700000e+01   3.1228327e-02   2.2629678e-02
   5.1800000e+01   4.1524654e-02   3.0307700e-02
   5.1900000e+01   4.0736954e-02   3.6791030e-02
   5.2000000e+01   4.0957478e-02   4.7815983e-02
   5.2100000e+01   3.6464483e-02   6.6570805e-02
   5.2200000e+01   1.8127483e-02   8.6394638e-02
   5.2300000e+01  -2.6622551e-03   8.9453289e-02
   5.2400000e+01   2.6658253e-03   5.9754813e-02
   5.2500000e+01   4.9235961e-02   2.4695036e-03
   5.2600000e+01   1.1778090e-01  -5.1854845e-02
   5.2700000e+01   1.6897708e-01  -6.8790225e-02
   5.2800000e+01   1.7706811e-01  -4.0268612e-02
   5.2900000e+01   1.4811029e-01   6.3946121e-03
   5.3000000e+01   1.0919387e-01   3.1240078e-02
   5.3100000e+01   8.4312620e-02   1.4550214e-02
   5.3200000e+01   7.9333468e-02  -3.1013112e-02
   5.3300000e+01   8.4763909e-02  -7.6900272e-02
   5.3400000e+01   8.9269342e-02  -1.0373373e-01
   5.3500000e+01   9.0059548e-02  -1.1177739e-01
   5.3600000e+01   9.0683010e-02  -1.1299678e-01
   5.3700000e+01   9.0342959e-02  -1.1686432e-01
   5.3800000e+01   7.9878878e-02  -1.2120501e-01
   5.3900000e+01   5.2646782e-02  -1.1217485e-01
   5.4000000e+01   1.7685367e-02  -7.4662305e-02
   5.4100000e+01  -4.9936319e-03  -1.0099319e-02
   5.4200000e+01  -6.0312484e-03   5.2585688e-02
   5.4300000e+01   7.0293980e-04   7.0904231e-02
   5.4400000e+01  -6.9474905e-03   2.5290182e-02
   5.4500000e+01  -3.3293277e-02  -5.4139423e-02
   5.4600000e+01  -6.0198759e-02  -1.0373748e-01
   5.4700000e+01  -7.0259646e-02  -7.8406464e-02
   5.4800000e+01  -6.8143490e-02   8.3690513e-03
   5.4900000e+01  -7.2990793e-02   9.6728421e-02
   5.5000000e+01  -9.2473932e-02   1.3275701e-01
   5.5100000e+01  -1.1215616e-01   1.0952121e-01
   5.5200000e+01  -1.1303871e-01   6.1783525e-02
   5.5300000e+01  -9.4419632e-02   2.8729084e-02
   5.5400000e+01  -7.4293503e-02   2.4667905e-02
   5.5500000e+01  -6.8836203e-02   3.8451019e-02
   5.5600000e+01  -7.6911965e-02   5.0563066e-02
   5.5700000e+01  -8.6278235e-02   4.8644928e-02
   5.5800000e+01  -9.0334973e-02   3.4275814e-02
   5.5900000e+01  -9.3185978e-02   2.1495327e-02
   5.6000000e+01  -9.7943176e-02   2.6153764e-02
   5.6100000e+01  -9.5689924e-02   4.9951699e-02
   5.6200000e+01  -7.2643514e-02   7.4194094e-02
   5.6300000e+01  -3.0296897e-02   7.4892699e-02
   5.6400000e+01   5.7452886e-03   4.7268230e-02
   5.6500000e+01   4.0062635e-03   1.2226385e-02
   5.6600000e+01  -4.1399534e-02  -4.7061354e-03
   5.6700000e+01  -9.8422150e-02   1.1118754e-03
   5.6800000e+01  -1.2032411e-01   1.1931016e-02
   5.6900000e+01  -8.4904776e-02   9.1462452e-03
   5.7000000e+01  -1.2576533e-02  -8.8674503e-03
   5.7100000e+01   5.2790612e-02  -3.0016414e-02
   5.7200000e+01   7.9735767e-02  -4.2542491e-02
   5.7300000e+01   6.8648338e-02  -4.1283124e-02
   5.7400000e+01   4.2986240e-02  -2.4632323e-02
   5.7500000e+01   2.7555345e-02   5.7803091e-03
   5.7600000e+01   3.3558947e-02   3.9450712e-02
   5.7700000e+01   5.6079564e-02   5.6952170e-02
   5.7800000e+01   7.9960400e-02   4.3559006e-02
   5.7900000e+01   9.1109486e-02   5.8228293e-03
   5.8000000e+01   8.8957516e-02  -2.8581778e-02
   5.8100000e+01   8.8823468e-02  -3.2693185e-02
   5.8200000e+01   1.0637609e-01  -4.9308809e-03
   5.8300000e+01   1.3635332e-01   2.8609247e-02
   5.8400000e+01   1.5058332e-01   3.8826720e-02
   5.8500000e+01   1.2271686e-01   2.1535903e-02
   5.8600000e+01   5.5552917e-02  -3.8676992e-04
   5.8700000e+01  -1.7966205e-02  -2.8950233e-03
   5.8800000e+01  -5.9404743e-02   1.4230751e-02
   5.8900000e+01  -4.9118283e-02   3.1041586e-02
   5.9000000e+01   6.8218554e-03   3.3278491e-02
   5.9100000e+01   8.1276570e-02   2.7818116e-02
   5.9200000e+01   1.3494228e-01   2.9933136e-02
   5.9300000e+01   1.3474269e-01   4.1087710e-02
   5.9400000e+01   7.9769227e-02   4.6481606e-02
   5.9500000e+01   9.3966791e-03   3.3769399e-02
   5.9600000e+01  -2.7299930e-02   7.3240741e-03
   5.9700000e+01  -1.7493385e-02  -1.8550498e-02
   5.9800000e+01   6.0434661e-03  -3.5096963e-02
   5.9900000e+01   7.4871331e-03  -4.3144085e-02
   6.0000000e+01  -7.0758259e-03  -4.5589772e-02
   6.0100000e+01   7.4382061e-04  -4.3058461e-02
   6.0200000e+01   4.7235441e-02  -3.7124464e-02
   6.0300000e+01   9.5606120e-02  -3.0851953e-02
   6.0400000e+01   9.0394441e-02  -2.2697878e-02
   6.0500000e+01   1.9507662e-02  -5.6107880e-03
   6.0600000e+01  -6.8223040e-02   2.0732089e-02
   6.0700000e+01  -1.1039922e-01   3.8696268e-02
   6.0800000e+01  -9.0759971e-02   2.3292456e-02
   6.0900000e+01  -4.9122665e-02  -2.9355828e-02
   6.1000000e+01  -3.7422717e-02  -8.6981736e-02
   6.1100000e+01  -7.2033162e-02  -1.0308387e-01
   6.1200000e+01  -1.2688047e-01  -6.0275328e-02
   6.1300000e+01  -1.6347853e-01   7.6038298e-03
   6.1400000e+01  -1.6138299e-01   4.0698711e-02
   6.1500000e+01  -1.2473355e-01   6.1914108e-03
   6.1600000e+01  -7.2163371e-02  -6.9586830e-02
   6.1700000e+01  -2.8221912e-02  -1.2183554e-01
   6.1800000e+01  -1.8524260e-02  -1.0385373e-01
   6.1900000e+01  -5.7601876e-02  -2.8014571e-02
   6.2000000e+01  -1.3031206e-01   4.6307027e-02
   6.2100000e+01  -1.8856531e-01   6.5149041e-02
   6.2200000e+01  -1.8068754e-01   2.3279790e-02
   6.2300000e+01  -9.6240495e-02  -3.8509594e-02
   6.2400000e+01   1.7055217e-02  -7.3349662e-02
   6.2500000e+01   8.8084150e-02  -6.5797828e-02
   6.2600000e+01   8.1141389e-02  -3.7156677e-02
   6.2700000e+01   2.3555945e-02  -2.1132406e-02
   6.2800000e+01  -2.3437714e-02  -3.4102116e-02
   6.2900000e+01  -2.0021953e-02  -6.3521687e-02
   6.3000000e+01   2.3441597e-02  -8.2608299e-02
   6.3100000e+01   6.4934952e-02  -7.8843839e-02
   6.3200000e+01   7.0728091e-02  -6.9002605e-02
   6.3300000e+01   3.8587841e-02  -8.1287918e-02
   6.3400000e+01  -8.3564686e-03  -1.1879605e-01
   6.3500000e+01  -4.2045784e-02  -1.4592758e-01
   6.3600000e+01  -4.5712259e-02  -1.2096709e-01
   6.3700000e+01  -1.9878857e-02  -4.4173000e-02
   6.3800000e+01   1.9904980e-02   3.5169466e-02
   6.3900000e+01   5.2067058e-02   6.6904465e-02
   6.4000000e+01   6.2199900e-02   5.1424263e-02
   6.4100000e+01   5.2698853e-02   3.4905869e-02
   6.4200000e+01   4.0442000e-02   5.4231984e-02
   6.4300000e+01   4.2822058e-02   9.7078802e-02
   6.4400000e+01   6.3028021e-02   1.2251857e-01
   6.4500000e+01   8.7056483e-02   1.1314319e-01
   6.4600000e+01   9.5476139e-02   9.4024202e-02
   6.4700000e+01   8.0417820e-02   9.8752119e-02
   6.4800000e+01   5.3129283e-02   1.2857372e-01
   6.4900000e+01   3.4856754e-02   1.5497583e-01
   6.5000000e+01   3.8677505e-02   1.5789352e-01
   6.5100000e+01   5.8876649e-02   1.4792657e-01
   6.5200000e+01   7.7697214e-02   1.4568567e-01
   6.5300000e+01   8.2368678e-02   1.4915816e-01
   6.5400000e+01   7.5429010e-02   1.3480645e-01
   6.5500000e+01   6.8874210e-02   9.1964309e-02
   6.5600000e+01   6.9472684e-02   4.4251986e-02
   6.5700000e+01   7.1233607e-02   2.6370590e-02
   6.5800000e+01   6.3131826e-02   4.1675894e-02
   6.5900000e+01   4.3826132e-02   5.3009824e-02
   6.6000000e+01   2.6554051e-02   2.1675512e-02
   6.6100000e+01   2.6473593e-02  -4.7557472e-02
   6.6200000e+01   4.2387840e-02  -1.0614774e-01
   6.6300000e+01   5.4385245e-02  -1.0817153e-01
   6.6400000e+01   4.4125643e-02  -5.5627499e-02
   6.6500000e+01   1.7516668e-02   2.6966814e-03
   6.6600000e+01   1.9501769e-03   1.6150677e-02
   6.6700000e+01   1.6634889e-02  -2.3370058e-02
   6.6800000e+01   4.8014354e-02  -7.8006863e-02
   6.6900000e+01   6.0877996e-02  -1.0136927e-01
   6.7000000e+01   3.5712165e-02  -8.0114794e-02
   6.7100000e+01  -9.9756246e-03  -4.2328411e-02
   6.7200000e+01  -4.1996488e-02  -2.7593293e-02
   6.7300000e+01  -4.8125781e-02  -4.8101196e-02
   6.7400000e+01  -4.9587874e-02  -7.7025604e-02
   6.7500000e+01  -7.2598670e-02  -7.4967949e-02
   6.7600000e+01  -1.1483057e-01  -3.0067290e-02
   6.7700000e+01  -1.4634657e-01   2.6789834e-02
   6.7800000e+01  -1.4258088e-01   4.8902961e-02
   6.7900000e+01  -1.1089873e-01   1.9510804e-02
   6.8000000e+01  -8.3114307e-02  -2.8997790e-02
   6.8100000e+01  -8.5728098e-02  -4.4907251e-02
   6.8200000e+01  -1.1957970e-01  -8.1354267e-03
   6.8300000e+01  -1.6405646e-01   5.0790944e-02
   6.8400000e+01  -1.9475159e-01   8.4503354e-02
   6.8500000e+01  -1.9705677e-01   7.8123174e-02
   6.8600000e+01  -1.7004849e-01   5.9735413e-02
   6.8700000e+01  -1.2465209e-01   6.2557412e-02
   6.8800000e+01  -7.8653588e-02   8.3998705e-02
   6.8900000e+01  -4.7913141e-02   8.7716954e-02
   6.9000000e+01  -3.6628534e-02   4.4474918e-02
   6.9100000e+01  -3.4727565e-02  -3.3341165e-02
   6.9200000e+01  -2.7368284e-02  -9.8177099e-02
   6.9300000e+01  -9.9073199e-03  -1.0682835e-01
   6.9400000e+01   6.4672258e-03  -5.6739610e-02
   6.9500000e+01   6.5387548e-03   1.0783109e-02
   6.9600000e+01  -9.6568768e-03   4.1998909e-02
   6.9700000e+01  -2.1056639e-02   1.1233602e-02
   6.9800000e+01  -3.2656160e-03  -6.2354908e-02
   6.9900000e+01   4.5518308e-02  -1.3430200e-01
   7.0000000e+01   9.8039082e-02  -1.7021092e-01
   7.0100000e+01   1.2123732e-01  -1.6374122e-01
   7.0200000e+01   1.0775376e-01  -1.2699577e-01
   7.0300000e+01   8.2855332e-02  -7.4379025e-02
   7.0400000e+01   7.7996020e-02  -2.0920323e-02
   7.0500000e+01   9.7604634e-02   1.2412476e-02
   7.0600000e+01   1.1407961e-01   7.2336588e-03
   7.0700000e+01   9.7090263e-02  -3.2044057e-02
   7.0800000e+01   4.7115742e-02  -7.3540158e-02
   7.0900000e+01  -1.8782856e-03  -8.2736642e-02
   7.1000000e+01  -1.3900631e-02  -5.3244564e-02
   7.1100000e+01   1.5561822e-02  -9.3326697e-03
   7.1200000e+01   5.7806481e-02   2.1462186e-02
   7.1300000e+01   8.1172336e-02   3.3167765e-02
   7.1400000e+01   8.0462136e-02   3.7718677e-02
   7.1500000e+01   7.5273260e-02   4.2855334e-02
   7.1600000e+01   8.1783082e-02   4.1316245e-02
   7.1700000e+01   9.1203169e-02   2.3580332e-02
   7.1800000e+01   7.9350057e-02  -3.6173695e-03
   7.1900000e+01   3.6061414e-02  -1.7913630e-02
   7.2000000e+01  -1.9056844e-02  -3.6119304e-03
   7.2100000e+01  -5.2354462e-02   2.8386810e-02
   7.2200000e+01  -4.6491686e-02   4.7975721e-02
   7.2300000e+01  -1.4424041e-02   3.6765493e-02
   7.2400000e+01   1.4143366e-02   9.6180009e-03
   7.2500000e+01   1.7017742e-02  -8.6272374e-05
   7.2600000e+01  -7.4336378e-03   2.2090873e-02
   7.2700000e+01  -4.3252068e-02   5.4466054e-02
   7.2800000e+01  -6.6778907e-02   6.4317600e-02
   7.2900000e+01  -5.7359624e-02   4.6496973e-02
   7.3000000e+01  -9.5367490e-03   2.8984037e-02
   7.3100000e+01   5.7313523e-02   3.8593718e-02
   7.3200000e+01   1.0442088e-01   6.8386569e-02
   7.3300000e+01   9.9454489e-02   8.4687995e-02
   7.3400000e+01   4.5616125e-02   6.3281611e-02
   7.3500000e+01  -1.4941323e-02   1.3601272e-02
   7.3600000e+01  -3.3333906e-02  -3.0618582e-02
   7.3700000e+01   3.5107168e-03  -3.8960133e-02
   7.3800000e+01   5.9780164e-02  -5.1485434e-03
   7.3900000e+01   8.1918260e-02   4.8877658e-02
   7.4000000e+01   4.6728382e-02   8.4618399e-02
   7.4100000e+01  -1.7932378e-02   7.1375252e-02
   7.4200000e+01  -5.8795238e-02   1.1273451e-02
   7.4300000e+01  -4.4789758e-02  -5.8003327e-02
   7.4400000e+01   7.1537612e-03  -9.2592401e-02
   7.4500000e+01   5.0041644e-02  -7.9182329e-02
   7.4600000e+01   4.9592913e-02  -4.1161558e-02
   7.4700000e+01   1.1630462e-02  -9.1894784e-03
   7.4800000e+01  -2.9427946e-02   7.5456240e-03
   7.4900000e+01  -4.6699667e-02   1.7879695e-02
   7.5000000e+01  -4.4515885e-02   2.5977582e-02
   7.5100000e+01  -4.6956842e-02   2.5131448e-02
   7.5200000e+01  -6.6179322e-02   1.4643163e-02
   7.5300000e+01  -8.7125843e-02   9.4513477e-03
   7.5400000e+01  -8.6043328e-02   2.2443081e-02
   7.5500000e+01  -6.0318973e-02   4.2501535e-02
   7.5600000e+01  -3.3154120e-02   4.3239915e-02
   7.5700000e+01  -2.7034988e-02   1.6945840e-02
   7.5800000e+01  -3.8613626e-02  -9.8775223e-03
   7.5900000e+01  -4.5730329e-02  -3.7024139e-03
   7.6000000e+01  -3.6615550e-02   3.6160357e-02
   7.6100000e+01  -2.3965949e-02   7.3379459e-02
   7.6200000e+01  -2.7330078e-02   7.2142125e-02
   7.6300000e+01  -4.7579274e-02   3.3396965e-02
   7.6400000e+01  -6.4791525e-02  -9.1674823e-03
   7.6500000e+01  -5.9339439e-02  -2.4777839e-02
   7.6600000e+01  -2.9518960e-02  -1.2756479e-02
   7.6700000e+01   1.0830566e-02   2.8613735e-03
   7.6800000e+01   4.4926608e-02  -6.7511081e-04
   7.6900000e+01   6.0129648e-02  -2.5236976e-02
   7.7000000e+01   4.9210952e-02  -5.3150667e-02
   7.7100000e+01   1.3828016e-02  -6.4680573e-02
   7.7200000e+01  -3.1536432e-02  -5.6066195e-02
   7.7300000e+01  -6.4649353e-02  -4.2622003e-02
   7.7400000e+01  -6.9377541e-02  -4.2974144e-02
   7.7500000e+01  -4.5414478e-02  -5.8920357e-02
   7.7600000e+01  -5.5570381e-03  -7.2775831e-02
   7.7700000e+01   3.2894715e-02  -6.6752790e-02
   7.7800000e+01   5.3428219e-02  -4.3014133e-02
   7.7900000e+01   4.4497998e-02  -2.1074023e-02
   7.8000000e+01   8.3833900e-03  -1.6023733e-02
   7.8100000e+01  -3.2392169e-02  -2.3229722e-02
   7.8200000e+01  -4.5978872e-02  -2.5336164e-02
   7.8300000e+01  -1.7750946e-02  -1.0888006e-02
   7.8400000e+01   3.2814133e-02   1.5533087e-02
   7.8500000e+01   6.6525883e-02   3.8178562e-02
   7.8600000e+01   5.9120536e-02   4.2520598e-02
   7.8700000e+01   2.1852232e-02   2.6549622e-02
   7.8800000e+01  -1.1299325e-02   5.0477548e-03
   7.8900000e+01  -1.4427630e-02   1.1276625e-03
   7.9000000e+01   1.1078412e-02   2.6170143e-02
   7.9100000e+01   4.1643389e-02   6.4221091e-02
   7.9200000e+01   5.1378884e-02   8.0218926e-02
   7.9300000e+01   3.1089235e-02   4.9900701e-02
   7.9400000e+01  -4.1808000e-03  -1.6354662e-02
   7.9500000e+01  -2.4698145e-02  -8.0466632e-02
   7.9600000e+01  -9.9732423e-03  -1.0788744e-01
   7.9700000e+01   3.0372781e-02  -9.2811601e-02
   7.9800000e+01   6.0956297e-02  -5.6008797e-02
   7.9900000e+01   5.1455700e-02  -2.1816855e-02
   8.0000000e+01   6.0238167e-03   2.3958613e-03
