   1.0221618e+02   2.8602761e+01   2.5212700e+03
   1.0221725e+02   2.8538707e+01   2.0215500e+03
   0.0000000e+00   8.3522126e-01   8.3522126e-01
   1.0000000e-01   8.6635502e-01   8.0955839e-01
   2.0000000e-01   9.1359143e-01   7.6771164e-01
   3.0000000e-01   9.6650345e-01   6.9352092e-01
   4.0000000e-01   1.0000000e+00   5.8614897e-01
   5.0000000e-01   9.9163288e-01   4.5882492e-01
   6.0000000e-01   9.3448183e-01   3.2990314e-01
   7.0000000e-01   8.3741001e-01   2.1197869e-01
   8.0000000e-01   7.1713379e-01   1.0579480e-01
   9.0000000e-01   5.8956593e-01   3.8147296e-03
   1.0000000e+00   4.6387477e-01  -9.9994596e-02
   1.1000000e+00   3.4145885e-01  -2.0442683e-01
   1.2000000e+00   2.2125742e-01  -3.0396220e-01
   1.3000000e+00   1.0647994e-01  -3.9375473e-01
   1.4000000e+00   3.9437143e-03  -4.7035688e-01
   1.5000000e+00  -8.3686024e-02  -5.3191978e-01
   1.6000000e+00  -1.6076122e-01  -5.8206571e-01
   1.7000000e+00  -2.3028468e-01  -6.3014338e-01
   1.8000000e+00  -2.8589644e-01  -6.7990505e-01
   1.9000000e+00  -3.1815622e-01  -7.1714881e-01
   2.0000000e+00  -3.2884609e-01  -7.1671482e-01
   2.1000000e+00  -3.3345936e-01  -6.6768723e-01
   2.2000000e+00  -3.4719050e-01  -5.8819288e-01
   2.3000000e+00  -3.7229003e-01  -5.0995692e-01
   2.4000000e+00  -4.0120837e-01  -4.5084355e-01
   2.5000000e+00  -4.2683372e-01  -4.0876586e-01
   2.6000000e+00  -4.4423446e-01  -3.8023619e-01
   2.7000000e+00  -4.4636644e-01  -3.7358092e-01
   2.8000000e+00  -4.2774116e-01  -3.9683868e-01
   2.9000000e+00  -3.9506768e-01  -4.3788485e-01
   3.0000000e+00  -3.6714546e-01  -4.6615534e-01
   3.1000000e+00  -3.5799046e-01  -4.5676236e-01
   3.2000000e+00  -3.6274177e-01  -4.0937461e-01
   3.3000000e+00  -3.6566060e-01  -3.4208374e-01
   3.4000000e+00  -3.6020684e-01  -2.7035738e-01
   3.5000000e+00  -3.5417135e-01  -1.9481515e-01
   3.6000000e+00  -3.5399072e-01  -1.0752822e-01
   3.7000000e+00  -3.5224279e-01  -6.5290311e-03
   3.8000000e+00  -3.3760285e-01   9.6650331e-02
   3.9000000e+00  -3.1323423e-01   1.8213557e-01
   4.0000000e+00  -2.9555101e-01   2.3409587e-01
   4.1000000e+00  -2.9185495e-01   2.5015196e-01
   4.2000000e+00  -2.8606736e-01   2.4075398e-01
   4.3000000e+00  -2.5336473e-01   2.2028671e-01
   4.4000000e+00  -1.8763858e-01   1.9932671e-01
   4.5000000e+00  -1.0970917e-01   1.8535028e-01
   4.6000000e+00  -4.8812652e-02   1.8768576e-01
   4.7000000e+00  -2.0332459e-02   2.1539993e-01
   4.8000000e+00  -2.0831294e-02   2.6590377e-01
   4.9000000e+00  -3.6413953e-02   3.1819123e-01
   5.0000000e+00  -4.9516268e-02   3.4476434e-01
   5.1000000e+00  -4.2001470e-02   3.3484717e-01
   5.2000000e+00  -2.4787538e-03   3.0398369e-01
   5.3000000e+00   6.3991901e-02   2.7768732e-01
   5.4000000e+00   1.3682130e-01   2.6734688e-01
   5.5000000e+00   1.9519489e-01   2.6557249e-01
   5.6000000e+00   2.3300946e-01   2.6232795e-01
   5.7000000e+00   2.5840165e-01   2.5726744e-01
   5.8000000e+00   2.8179101e-01   2.5307520e-01
   5.9000000e+00   3.0772501e-01   2.4398780e-01
   6.0000000e+00   3.3576165e-01   2.1932234e-01
   6.1000000e+00   3.6241744e-01   1.7709379e-01
   6.2000000e+00   3.7966840e-01   1.2727156e-01
   6.3000000e+00   3.7673078e-01   8.1288876e-02
   6.4000000e+00   3.4971654e-01   4.4994297e-02
   6.5000000e+00   3.0983125e-01   2.2972867e-02
   6.6000000e+00   2.7745559e-01   2.0542931e-02
   6.7000000e+00   2.6500624e-01   3.4646582e-02
   6.8000000e+00   2.6630095e-01   4.9240252e-02
   6.9000000e+00   2.6416929e-01   5.0158834e-02
   7.0000000e+00   2.4811314e-01   4.2954940e-02
   7.1000000e+00   2.2362066e-01   4.5190507e-02
   7.2000000e+00   2.0467108e-01   5.8989638e-02
   7.3000000e+00   1.9837612e-01   6.2332492e-02
   7.4000000e+00   1.9742861e-01   3.4529317e-02
   7.5000000e+00   1.8721475e-01  -1.8481413e-02
   7.6000000e+00   1.5999393e-01  -7.4576946e-02
   7.7000000e+00   1.2207294e-01  -1.2432669e-01
   7.8000000e+00   8.7110655e-02  -1.7334193e-01
   7.9000000e+00   6.2478786e-02  -2.1547189e-01
   8.0000000e+00   4.2142348e-02  -2.2327755e-01
   8.1000000e+00   1.2377061e-02  -1.7950128e-01
   8.2000000e+00  -3.5775150e-02  -1.0835420e-01
   8.3000000e+00  -9.8022934e-02  -5.7360868e-02
   8.4000000e+00  -1.5772367e-01  -4.7709192e-02
   8.5000000e+00  -1.9489478e-01  -5.7625431e-02
   8.6000000e+00  -1.9901744e-01  -5.9101293e-02
   8.7000000e+00  -1.7874278e-01  -5.5508546e-02
   8.8000000e+00  -1.5948596e-01  -7.0712116e-02
   8.9000000e+00  -1.6586220e-01  -1.1183930e-01
   9.0000000e+00  -2.0088093e-01  -1.6137994e-01
   9.1000000e+00  -2.4196146e-01  -2.0410587e-01
   9.2000000e+00  -2.6032373e-01  -2.4123464e-01
   9.3000000e+00  -2.4588912e-01  -2.6963603e-01
   9.4000000e+00  -2.1298776e-01  -2.6525521e-01
   9.5000000e+00  -1.8298979e-01  -2.0794252e-01
   9.6000000e+00  -1.6456574e-01  -1.1833707e-01
   9.7000000e+00  -1.5194805e-01  -4.8651831e-02
   9.8000000e+00  -1.3872919e-01  -2.8857741e-02
   9.9000000e+00  -1.2808697e-01  -3.5612874e-02
   1.0000000e+01  -1.2787258e-01  -2.5938691e-02
   1.0100000e+01  -1.3834771e-01   7.4862353e-03
   1.0200000e+01  -1.4793571e-01   3.0201111e-02
   1.0300000e+01  -1.4190919e-01   1.3479982e-02
   1.0400000e+01  -1.1466971e-01  -2.7760247e-02
   1.0500000e+01  -7.3423899e-02  -5.1233310e-02
   1.0600000e+01  -3.0679760e-02  -3.1523618e-02
   1.0700000e+01   5.8204384e-03   2.0476740e-02
   1.0800000e+01   3.5417982e-02   7.5100476e-02
   1.0900000e+01   5.8095141e-02   1.0897948e-01
   1.1000000e+01   6.8786107e-02   1.1482621e-01
   1.1100000e+01   6.1395685e-02   1.0038869e-01
   1.1200000e+01   3.9048683e-02   8.4933713e-02
   1.1300000e+01   1.7231590e-02   8.9223689e-02
   1.1400000e+01   1.2962693e-02   1.1860893e-01
   1.1500000e+01   2.9983177e-02   1.5497605e-01
   1.1600000e+01   5.6226641e-02   1.7046938e-01
   1.1700000e+01   7.6272714e-02   1.5149880e-01
   1.1800000e+01   8.4485819e-02   1.0888646e-01
   1.1900000e+01   8.5475343e-02   6.6452325e-02
   1.2000000e+01   8.5153228e-02   4.2453529e-02
   1.2100000e+01   8.5458541e-02   3.9788625e-02
   1.2200000e+01   8.7180711e-02   4.7882919e-02
   1.2300000e+01   9.2723456e-02   5.1586641e-02
   1.2400000e+01   1.0252595e-01   4.2154930e-02
   1.2500000e+01   1.1093634e-01   2.3626683e-02
   1.2600000e+01   1.1015669e-01   8.1497711e-03
   1.2700000e+01   9.9367778e-02   3.8052291e-03
   1.2800000e+01   8.7190754e-02   8.3977713e-03
   1.2900000e+01   8.3010211e-02   1.5762877e-02
   1.3000000e+01   8.6744516e-02   2.4115797e-02
   1.3100000e+01   8.8432504e-02   3.3919072e-02
   1.3200000e+01   7.7033016e-02   3.9988847e-02
   1.3300000e+01   4.8699095e-02   3.2780385e-02
   1.3400000e+01   8.5705784e-03   1.0016228e-02
   1.3500000e+01  -3.1951851e-02  -1.7545549e-02
   1.3600000e+01  -5.9757425e-02  -3.5972119e-02
   1.3700000e+01  -6.6733293e-02  -4.1590097e-02
   1.3800000e+01  -5.6298295e-02  -4.0900501e-02
   1.3900000e+01  -4.2397867e-02  -3.8943231e-02
   1.4000000e+01  -3.8238806e-02  -3.3223951e-02
   1.4100000e+01  -4.4912095e-02  -2.0588655e-02
   1.4200000e+01  -5.3181244e-02  -5.5988477e-03
   1.4300000e+01  -5.6710611e-02   2.0599211e-03
   1.4400000e+01  -5.9842875e-02  -2.4487446e-03
   1.4500000e+01  -6.9634726e-02  -1.4707548e-02
   1.4600000e+01  -8.3343048e-02  -2.6679895e-02
   1.4700000e+01  -8.9614713e-02  -3.4434179e-02
   1.4800000e+01  -8.3140385e-02  -3.9445473e-02
   1.4900000e+01  -7.3034764e-02  -4.3877633e-02
   1.5000000e+01  -7.2116576e-02  -4.6300035e-02
   1.5100000e+01  -7.9526446e-02  -4.2424391e-02
   1.5200000e+01  -7.9280553e-02  -2.9967647e-02
   1.5300000e+01  -5.8363109e-02  -1.2934481e-02
   1.5400000e+01  -2.3586415e-02  -8.5024086e-04
   1.5500000e+01   3.0004769e-03  -2.7528721e-03
   1.5600000e+01   5.9316254e-03  -2.0707599e-02
   1.5700000e+01  -8.0150587e-03  -4.8035696e-02
   1.5800000e+01  -1.6424753e-02  -7.2846444e-02
   1.5900000e+01  -2.3044734e-03  -8.3704165e-02
   1.6000000e+01   3.2054807e-02  -7.5028774e-02
   1.6100000e+01   7.0399074e-02  -5.1017868e-02
   1.6200000e+01   9.8304838e-02  -2.4849273e-02
   1.6300000e+01   1.1183832e-01  -9.9541920e-03
   1.6400000e+01   1.1269844e-01  -7.9303803e-03
   1.6500000e+01   1.0034498e-01  -5.6735863e-03
   1.6600000e+01   7.3785465e-02   1.1416832e-02
   1.6700000e+01   4.0860414e-02   4.1144883e-02
   1.6800000e+01   2.0140922e-02   6.1404011e-02
   1.6900000e+01   2.7427135e-02   4.8927934e-02
   1.7000000e+01   5.8535441e-02   3.1240945e-03
   1.7100000e+01   8.8323206e-02  -4.8872738e-02
   1.7200000e+01   9.0640160e-02  -7.2208200e-02
   1.7300000e+01   6.1203625e-02  -5.1863687e-02
   1.7400000e+01   2.1114935e-02  -3.6449772e-03
   1.7500000e+01  -2.0320537e-03   4.0075845e-02
   1.7600000e+01   3.1459694e-03   5.6398968e-02
   1.7700000e+01   2.5563671e-02   4.7024208e-02
   1.7800000e+01   4.4358191e-02   3.0936995e-02
   1.7900000e+01   4.5938194e-02   2.4051863e-02
   1.8000000e+01   3.0431167e-02   2.6097852e-02
   1.8100000e+01   5.7947311e-03   2.5675262e-02
   1.8200000e+01  -2.0700304e-02   1.5379359e-02
   1.8300000e+01  -4.4673674e-02   3.7324553e-04
   1.8400000e+01  -6.1250800e-02  -6.9297981e-03
   1.8500000e+01  -6.3800321e-02   1.2260653e-03
   1.8600000e+01  -4.9172707e-02   2.1257254e-02
   1.8700000e+01  -2.4226127e-02   4.1567300e-02
   1.8800000e+01  -4.3629700e-03   5.1817278e-02
   1.8900000e+01  -2.5552780e-03   5.0526904e-02
   1.9000000e+01  -1.8861932e-02   4.5176222e-02
   1.9100000e+01  -4.1419396e-02   4.4336293e-02
   1.9200000e+01  -5.7771487e-02   4.8292562e-02
   1.9300000e+01  -6.4380320e-02   4.7713378e-02
   1.9400000e+01  -6.5726473e-02   3.3599723e-02
   1.9500000e+01  -6.7221660e-02   9.6202776e-03
   1.9600000e+01  -7.1170461e-02  -7.1369501e-03
   1.9700000e+01  -7.7352181e-02  -8.7774720e-04
   1.9800000e+01  -8.2973475e-02   2.5646406e-02
   1.9900000e+01  -8.1314734e-02   4.9778547e-02
   2.0000000e+01  -6.5185400e-02   4.7971778e-02
   2.0100000e+01  -3.6172029e-02   1.8495016e-02
   2.0200000e+01  -8.9220760e-03  -1.5225870e-02
   2.0300000e+01  -7.9689230e-04  -2.6046957e-02
   2.0400000e+01  -1.4591103e-02  -9.0551155e-03
   2.0500000e+01  -3.3769636e-02   1.4448244e-02
   2.0600000e+01  -3.7666218e-02   1.9007740e-02
   2.0700000e+01  -2.1106945e-02  -6.7444279e-04
   2.0800000e+01   2.4338148e-03  -2.8523425e-02
   2.0900000e+01   1.6167937e-02  -4.7258629e-02
   2.1000000e+01   1.6260717e-02  -5.4793376e-02
   2.1100000e+01   1.3310183e-02  -5.9627209e-02
   2.1200000e+01   2.0737903e-02  -6.5346764e-02
   2.1300000e+01   4.2969474e-02  -6.5667195e-02
   2.1400000e+01   7.2285130e-02  -5.4471575e-02
   2.1500000e+01   9.3971342e-02  -3.5327225e-02
   2.1600000e+01   9.5294040e-02  -1.8167142e-02
   2.1700000e+01   7.3808906e-02  -9.4009635e-03
   2.1800000e+01   4.0288365e-02  -8.5130477e-03
   2.1900000e+01   1.2937315e-02  -1.2415186e-02
   2.2000000e+01   5.6074653e-03  -1.8533124e-02
   2.2100000e+01   1.8905636e-02  -2.3193523e-02
   2.2200000e+01   4.1525877e-02  -2.1630856e-02
   2.2300000e+01   5.9965525e-02  -1.3015578e-02
   2.2400000e+01   6.7433622e-02  -3.4907196e-03
   2.2500000e+01   6.4825686e-02  -4.4571382e-04
   2.2600000e+01   5.5351160e-02  -3.6230358e-03
   2.2700000e+01   4.0357284e-02  -4.7551048e-03
   2.2800000e+01   2.1154583e-02   2.8556465e-03
   2.2900000e+01   3.4223279e-03   1.6226278e-02
   2.3000000e+01  -3.6287853e-03   2.5390002e-02
   2.3100000e+01   4.3951666e-03   2.3013732e-02
   2.3200000e+01   1.9451207e-02   1.0466506e-02
   2.3300000e+01   2.4950993e-02  -3.9528400e-03
   2.3400000e+01   1.0614773e-02  -1.0921551e-02
   2.3500000e+01  -1.6171462e-02  -5.6300956e-03
   2.3600000e+01  -3.5840491e-02   9.1126058e-03
   2.3700000e+01  -3.4806238e-02   2.4140748e-02
   2.3800000e+01  -1.7787850e-02   3.0336927e-02
   2.3900000e+01  -2.0361777e-03   2.5513410e-02
   2.4000000e+01  -9.2386363e-04   1.4438643e-02
   2.4100000e+01  -1.4325434e-02   1.9883329e-03
   2.4200000e+01  -3.3187790e-02  -1.1263443e-02
   2.4300000e+01  -4.9745533e-02  -2.4835901e-02
   2.4400000e+01  -6.1656310e-02  -3.2588801e-02
   2.4500000e+01  -6.8570406e-02  -2.6429746e-02
   2.4600000e+01  -6.8625968e-02  -7.0687871e-03
   2.4700000e+01  -6.0220283e-02   1.3003682e-02
   2.4800000e+01  -4.6173553e-02   2.0903816e-02
   2.4900000e+01  -3.3886886e-02   1.6333784e-02
   2.5000000e+01  -2.9839091e-02   1.0131862e-02
   2.5100000e+01  -3.3719522e-02   1.0823734e-02
   2.5200000e+01  -3.8635218e-02   1.6487440e-02
   2.5300000e+01  -3.7581290e-02   2.0398458e-02
   2.5400000e+01  -2.9459682e-02   2.0030359e-02
   2.5500000e+01  -1.8521773e-02   1.6855922e-02
   2.5600000e+01  -8.9175468e-03   1.0061150e-02
   2.5700000e+01  -1.4989376e-03  -3.7152347e-03
   2.5800000e+01   3.9379478e-03  -2.2955997e-02
   2.5900000e+01   5.6776542e-03  -3.7615727e-02
   2.6000000e+01   1.7403423e-03  -3.6525547e-02
   2.6100000e+01  -5.9397753e-03  -1.7906959e-02
   2.6200000e+01  -1.1439506e-02   9.1940691e-03
   2.6300000e+01  -1.0165708e-02   3.2739442e-02
   2.6400000e+01  -3.2290062e-03   4.4416681e-02
   2.6500000e+01   4.5241630e-03   3.9618102e-02
   2.6600000e+01   1.0261485e-02   1.6283562e-02
   2.6700000e+01   1.6051560e-02  -2.1112676e-02
   2.6800000e+01   2.6337970e-02  -5.6667083e-02
   2.6900000e+01   4.3114980e-02  -6.7536832e-02
   2.7000000e+01   6.2928374e-02  -3.9745201e-02
   2.7100000e+01   7.7721165e-02   1.6809386e-02
   2.7200000e+01   7.9610956e-02   6.9601425e-02
   2.7300000e+01   6.7255365e-02   8.3971433e-02
   2.7400000e+01   4.8552834e-02   4.8576169e-02
   2.7500000e+01   3.5589818e-02  -1.4725397e-02
   2.7600000e+01   3.4959616e-02  -6.5828806e-02
   2.7700000e+01   4.2596104e-02  -7.5251787e-02
   2.7800000e+01   4.8529117e-02  -4.3929710e-02
   2.7900000e+01   4.6532275e-02   1.4922760e-03
   2.8000000e+01   3.8770813e-02   3.1992071e-02
   2.8100000e+01   3.1803547e-02   3.6815037e-02
   2.8200000e+01   2.9519563e-02   2.5156581e-02
   2.8300000e+01   3.0305047e-02   1.1988942e-02
   2.8400000e+01   2.9786790e-02   4.3931363e-03
   2.8500000e+01   2.4884541e-02  -1.3163503e-04
   2.8600000e+01   1.4978656e-02  -6.2460496e-03
   2.8700000e+01   1.2520727e-04  -1.4188499e-02
   2.8800000e+01  -2.0247394e-02  -1.9306062e-02
   2.8900000e+01  -4.5221666e-02  -1.5953490e-02
   2.9000000e+01  -6.8478292e-02  -2.3733867e-03
   2.9100000e+01  -7.8476036e-02   1.5839273e-02
   2.9200000e+01  -6.6380003e-02   2.6795791e-02
   2.9300000e+01  -3.6457628e-02   2.0187997e-02
   2.9400000e+01  -7.5327376e-03  -2.2007284e-03
   2.9500000e+01  -3.4722017e-04  -2.3823876e-02
   2.9600000e+01  -2.0263275e-02  -2.4633630e-02
   2.9700000e+01  -5.1714579e-02   1.5795842e-03
   2.9800000e+01  -7.0797990e-02   4.0018767e-02
   2.9900000e+01  -6.4944170e-02   6.5812903e-02
   3.0000000e+01  -4.1931878e-02   6.3647879e-02
   3.0100000e+01  -2.1048297e-02   3.8528363e-02
   3.0200000e+01  -1.5604684e-02   9.1091184e-03
   3.0300000e+01  -2.2635655e-02  -8.6530199e-03
   3.0400000e+01  -2.7853144e-02  -1.2108367e-02
   3.0500000e+01  -2.0197345e-02  -8.6127793e-03
   3.0600000e+01  -2.6312704e-03  -4.2859959e-03
   3.0700000e+01   1.0114866e-02   2.2169326e-03
   3.0800000e+01   4.4863821e-03   1.4898919e-02
   3.0900000e+01  -1.9652595e-02   3.1593867e-02
   3.1000000e+01  -4.7654399e-02   4.2431679e-02
   3.1100000e+01  -6.0185618e-02   3.7647532e-02
   3.1200000e+01  -4.6501752e-02   1.5786383e-02
   3.1300000e+01  -1.1489694e-02  -1.5769873e-02
   3.1400000e+01   2.7380666e-02  -4.6007078e-02
   3.1500000e+01   5.0565044e-02  -6.4684140e-02
   3.1600000e+01   4.8075358e-02  -6.4930001e-02
   3.1700000e+01   2.5384114e-02  -4.7139042e-02
   3.1800000e+01  -4.9665952e-04  -2.1907345e-02
   3.1900000e+01  -1.2861922e-02  -4.8440436e-03
   3.2000000e+01  -6.8860426e-03  -3.8841766e-03
   3.2100000e+01   8.2300266e-03  -1.2103759e-02
   3.2200000e+01   1.8571649e-02  -1.6188801e-02
   3.2300000e+01   1.8150076e-02  -1.2061329e-02
   3.2400000e+01   1.3197105e-02  -8.8363629e-03
   3.2500000e+01   1.4226807e-02  -1.6181858e-02
   3.2600000e+01   2.4320786e-02  -3.1270971e-02
   3.2700000e+01   3.6125229e-02  -4.1744379e-02
   3.2800000e+01   4.0596890e-02  -4.0206389e-02
   3.2900000e+01   3.7440361e-02  -3.1762014e-02
   3.3000000e+01   3.5349823e-02  -2.6485735e-02
   3.3100000e+01   4.1950990e-02  -2.7863558e-02
   3.3200000e+01   5.4920749e-02  -3.0990524e-02
   3.3300000e+01   6.3720992e-02  -2.9932575e-02
   3.3400000e+01   5.9104464e-02  -2.3387861e-02
   3.3500000e+01   4.0179006e-02  -1.3493638e-02
   3.3600000e+01   1.3689479e-02  -2.8772872e-03
   3.3700000e+01  -1.1007341e-02   5.1957087e-03
   3.3800000e+01  -2.5955385e-02   6.5327592e-03
   3.3900000e+01  -2.6778955e-02  -9.8487826e-05
   3.4000000e+01  -1.4586454e-02  -8.4494801e-03
   3.4100000e+01   3.3569097e-03  -7.6029463e-03
   3.4200000e+01   1.6781366e-02   7.7650431e-03
   3.4300000e+01   1.8648776e-02   3.0433129e-02
   3.4400000e+01   9.5233825e-03   4.6116060e-02
   3.4500000e+01  -3.8928263e-03   4.6525278e-02
   3.4600000e+01  -1.4514631e-02   3.6075458e-02
   3.4700000e+01  -1.9583746e-02   2.5927864e-02
   3.4800000e+01  -2.0778384e-02   2.3575527e-02
   3.4900000e+01  -2.0961093e-02   2.9153388e-02
   3.5000000e+01  -2.1429198e-02   3.8999819e-02
   3.5100000e+01  -2.1909584e-02   4.8845064e-02
   3.5200000e+01  -2.2212090e-02   5.3786879e-02
   3.5300000e+01  -2.3183253e-02   4.9907652e-02
   3.5400000e+01  -2.6126380e-02   3.9160195e-02
   3.5500000e+01  -3.1567597e-02   3.0159566e-02
   3.5600000e+01  -3.8153295e-02   2.9614334e-02
   3.5700000e+01  -4.1962848e-02   3.2912398e-02
   3.5800000e+01  -3.7441917e-02   2.7611642e-02
   3.5900000e+01  -2.1496400e-02   8.8023069e-03
   3.6000000e+01   1.1345052e-03  -1.1766687e-02
   3.6100000e+01   1.7506907e-02  -1.5791317e-02
   3.6200000e+01   1.5114081e-02   2.3077312e-03
   3.6300000e+01  -6.3671694e-03   2.8616176e-02
   3.6400000e+01  -3.2541732e-02   4.2452643e-02
   3.6500000e+01  -4.5679722e-02   3.3836934e-02
   3.6600000e+01  -3.9528017e-02   8.6321429e-03
   3.6700000e+01  -2.2534087e-02  -1.9382499e-02
   3.6800000e+01  -7.2816633e-03  -3.8179523e-02
   3.6900000e+01   1.0773586e-03  -4.1808068e-02
   3.7000000e+01   5.5238632e-03  -3.1400606e-02
   3.7100000e+01   9.4711420e-03  -1.5096394e-02
   3.7200000e+01   1.1970343e-02  -4.2594776e-03
   3.7300000e+01   1.0677950e-02  -5.3244448e-03
   3.7400000e+01   6.5650599e-03  -1.4353484e-02
   3.7500000e+01   3.6641240e-03  -2.1766492e-02
   3.7600000e+01   5.2794266e-03  -2.3393419e-02
   3.7700000e+01   1.2219247e-02  -2.4766793e-02
   3.7800000e+01   2.3988517e-02  -3.2516015e-02
   3.7900000e+01   3.9124315e-02  -4.3222851e-02
   3.8000000e+01   5.3414496e-02  -4.4884127e-02
   3.8100000e+01   5.9859453e-02  -3.1049183e-02
   3.8200000e+01   5.3141811e-02  -1.0712836e-02
   3.8300000e+01   3.4948352e-02  -6.7421807e-04
   3.8400000e+01   1.3976610e-02  -8.2912331e-03
   3.8500000e+01  -1.0795396e-04  -2.4716745e-02
   3.8600000e+01  -2.9710421e-03  -3.5773136e-02
   3.8700000e+01   3.1830968e-03  -3.6175130e-02
   3.8800000e+01   1.2819156e-02  -3.0621384e-02
   3.8900000e+01   2.0459123e-02  -2.4026434e-02
   3.9000000e+01   2.2364831e-02  -1.6450676e-02
   3.9100000e+01   1.7888963e-02  -8.5351786e-03
   3.9200000e+01   1.0764963e-02  -6.0961012e-03
   3.9300000e+01   7.5223522e-03  -1.3783792e-02
   3.9400000e+01   1.1570743e-02  -2.5607956e-02
   3.9500000e+01   1.7589887e-02  -2.7657573e-02
   3.9600000e+01   1.3721814e-02  -1.2826841e-02
   3.9700000e+01  -7.4567600e-03   1.0122785e-02
   3.9800000e+01  -3.8731572e-02   2.5097704e-02
   3.9900000e+01  -6.0481641e-02   2.4766979e-02
   4.0000000e+01  -5.6023258e-02   1.5552787e-02
   4.0100000e+01  -2.6927474e-02   8.1893459e-03
   4.0200000e+01   6.5337595e-03   7.6908259e-03
   4.0300000e+01   2.1266598e-02   1.3259250e-02
   4.0400000e+01   9.4949183e-03   2.3001812e-02
   4.0500000e+01  -1.6935750e-02   3.4189105e-02
   4.0600000e+01  -3.8701623e-02   4.0929678e-02
   4.0700000e+01  -4.4918273e-02   3.7643756e-02
   4.0800000e+01  -3.8377465e-02   2.7107926e-02
   4.0900000e+01  -2.8180583e-02   2.1206548e-02
   4.1000000e+01  -2.0268058e-02   2.9378279e-02
   4.1100000e+01  -1.5413177e-02   4.6776735e-02
   4.1200000e+01  -1.3200070e-02   5.7268137e-02
   4.1300000e+01  -1.4208352e-02   4.9358703e-02
   4.1400000e+01  -1.7965319e-02   2.7511342e-02
   4.1500000e+01  -2.1637988e-02   7.0869506e-03
   4.1600000e+01  -2.2605540e-02   1.0852521e-04
   4.1700000e+01  -2.0760915e-02   7.1851395e-03
   4.1800000e+01  -1.6241996e-02   2.0685598e-02
   4.1900000e+01  -6.3487677e-03   3.1677611e-02
   4.2000000e+01   1.1500817e-02   3.3454601e-02
   4.2100000e+01   3.2602873e-02   2.2777474e-02
   4.2200000e+01   4.3985796e-02   2.2382186e-03
   4.2300000e+01   3.4474370e-02  -1.8431545e-02
   4.2400000e+01   6.6010555e-03  -2.6903047e-02
   4.2500000e+01  -2.2774727e-02  -1.7476118e-02
   4.2600000e+01  -3.4537085e-02   2.9585542e-03
   4.2700000e+01  -2.0866766e-02   1.8493432e-02
   4.2800000e+01   1.0375312e-02   1.5240115e-02
   4.2900000e+01   4.1442534e-02  -8.3299905e-03
   4.3000000e+01   5.5309230e-02  -3.9175038e-02
   4.3100000e+01   4.5489316e-02  -5.7738732e-02
   4.3200000e+01   2.0101428e-02  -5.1809593e-02
   4.3300000e+01  -3.6210688e-03  -2.6491133e-02
   4.3400000e+01  -1.2096876e-02  -1.3158498e-03
   4.3500000e+01  -5.2494898e-03   4.8593435e-03
   4.3600000e+01   5.8947519e-03  -1.1351087e-02
   4.3700000e+01   1.1367174e-02  -3.6935036e-02
   4.3800000e+01   1.1583440e-02  -5.5485354e-02
   4.3900000e+01   1.4912941e-02  -6.0091380e-02
   4.4000000e+01   2.7310336e-02  -5.3901719e-02
   4.4100000e+01   4.4932541e-02  -4.1585885e-02
   4.4200000e+01   5.6143199e-02  -2.4575738e-02
   4.4300000e+01   5.0487010e-02  -5.1801988e-03
   4.4400000e+01   2.7594778e-02   9.0582681e-03
   4.4500000e+01  -4.0176588e-04   9.9631913e-03
   4.4600000e+01  -1.5739585e-02  -1.8215546e-03
   4.4700000e+01  -7.9507451e-03  -1.5117434e-02
   4.4800000e+01   1.6541986e-02  -1.8139433e-02
   4.4900000e+01   3.7500943e-02  -9.2525607e-03
   4.5000000e+01   3.6338584e-02   3.3581383e-03
   4.5100000e+01   1.1687424e-02   1.1199319e-02
   4.5200000e+01  -1.9104788e-02   1.2109253e-02
   4.5300000e+01  -3.4774761e-02   8.1826240e-03
   4.5400000e+01  -2.8248343e-02   1.4313446e-03
   4.5500000e+01  -1.1489781e-02  -5.6663994e-03
   4.5600000e+01  -2.7927154e-03  -7.9041851e-03
   4.5700000e+01  -9.0706859e-03  -6.8114003e-04
   4.5800000e+01  -2.0651474e-02   1.3119416e-02
   4.5900000e+01  -2.3414168e-02   2.3133323e-02
   4.6000000e+01  -1.5002629e-02   2.1585908e-02
   4.6100000e+01  -7.4178439e-03   1.2301373e-02
   4.6200000e+01  -1.3176467e-02   6.9127257e-03
   4.6300000e+01  -3.0630278e-02   1.2117391e-02
   4.6400000e+01  -4.5081759e-02   2.2988161e-02
   4.6500000e+01  -4.4336918e-02   2.9290108e-02
   4.6600000e+01  -3.0996799e-02   2.5991980e-02
   4.6700000e+01  -1.8164371e-02   1.6248318e-02
   4.6800000e+01  -1.4752565e-02   6.2644100e-03
   4.6900000e+01  -1.7736120e-02  -7.0995992e-05
   4.7000000e+01  -1.8833275e-02  -2.2022493e-03
   4.7100000e+01  -1.5447541e-02  -1.5256784e-03
   4.7200000e+01  -1.2127986e-02   8.9589126e-05
   4.7300000e+01  -1.2487605e-02   2.0790428e-03
   4.7400000e+01  -1.3868392e-02   6.2721486e-03
   4.7500000e+01  -1.2191008e-02   1.4631599e-02
   4.7600000e+01  -9.5460652e-03   2.4919362e-02
   4.7700000e+01  -1.2609522e-02   3.0575744e-02
   4.7800000e+01  -2.2449997e-02   2.7397085e-02
   4.7900000e+01  -2.9254940e-02   1.9651065e-02
   4.8000000e+01  -2.0869776e-02   1.6487229e-02
   4.8100000e+01   3.3482840e-03   2.1106724e-02
   4.8200000e+01   2.9663034e-02   2.5813978e-02
   4.8300000e+01   4.1972703e-02   2.0300373e-02
   4.8400000e+01   3.5461970e-02   4.1131677e-03
   4.8500000e+01   1.8082725e-02  -1.1775412e-02
   4.8600000e+01   1.3489028e-03  -1.6566881e-02
   4.8700000e+01  -7.4241470e-03  -1.0735628e-02
   4.8800000e+01  -5.3551821e-03  -3.7984249e-03
   4.8900000e+01   7.8564194e-03  -2.2838176e-03
   4.9000000e+01   2.8062738e-02  -2.8982957e-03
   4.9100000e+01   4.4619479e-02   1.3223437e-03
   4.9200000e+01   4.5298526e-02   1.0424725e-02
   4.9300000e+01   2.6884146e-02   1.6148226e-02
   4.9400000e+01   1.0655183e-03   1.1357111e-02
   4.9500000e+01  -1.2158754e-02  -1.6871833e-03
   4.9600000e+01   3.3912671e-04  -1.4314448e-02
   4.9700000e+01   3.3150963e-02  -2.1316405e-02
   4.9800000e+01   6.3907924e-02  -2.5114652e-02
   4.9900000e+01   6.8149906e-02  -2.9949790e-02
   5.0000000e+01   3.7712381e-02  -3.4978753e-02
   5.0100000e+01  -1.1106976e-02  -3.5550395e-02
   5.0200000e+01  -4.7517587e-02  -2.9889499e-02
   5.0300000e+01  -4.8438927e-02  -2.1342197e-02
   5.0400000e+01  -1.5764699e-02  -1.3795111e-02
   5.0500000e+01   2.5524314e-02  -8.1058472e-03
   5.0600000e+01   4.6487688e-02  -4.8660922e-03
   5.0700000e+01   3.4581673e-02  -7.6757012e-03
   5.0800000e+01   1.6853806e-04  -1.9217957e-02
   5.0900000e+01  -3.3085619e-02  -3.4049571e-02
   5.1000000e+01  -4.4856145e-02  -3.9865656e-02
   5.1100000e+01  -3.0543445e-02  -2.9338441e-02
   5.1200000e+01  -2.4792732e-03  -9.1838027e-03
   5.1300000e+01   2.0167520e-02   5.8990068e-03
   5.1400000e+01   2.5513534e-02   8.5423884e-03
   5.1500000e+01   1.5911868e-02   5.3842663e-03
   5.1600000e+01   2.0493139e-03   7.5528526e-03
   5.1700000e+01  -8.8633404e-03   1.6977337e-02
   5.1800000e+01  -1.7624291e-02   2.4603751e-02
   5.1900000e+01  -2.6360552e-02   2.1285379e-02
   5.2000000e+01  -3.1213991e-02   7.7070001e-03
   5.2100000e+01  -2.5729749e-02  -7.0747517e-03
   5.2200000e+01  -1.1211909e-02  -1.4739219e-02
   5.2300000e+01   6.9878767e-04  -1.3788862e-02
   5.2400000e+01  -9.2922034e-04  -8.0369147e-03
   5.2500000e+01  -1.3850741e-02  -1.6014971e-03
   5.2600000e+01  -2.4131018e-02   4.2059129e-03
   5.2700000e+01  -2.0402462e-02   1.0806709e-02
   5.2800000e+01  -4.6398884e-03   2.0210651e-02
   5.2900000e+01   1.1496675e-02   3.1779906e-02
   5.3000000e+01   1.8244423e-02   3.9977581e-02
   5.3100000e+01   1.3913436e-02   3.6709406e-02
   5.3200000e+01   2.4268589e-03   1.8718884e-02
   5.3300000e+01  -1.0441776e-02  -6.4971636e-03
   5.3400000e+01  -1.7715888e-02  -2.4250904e-02
   5.3500000e+01  -1.2999269e-02  -2.4489733e-02
   5.3600000e+01   3.4906344e-03  -1.0298045e-02
   5.3700000e+01   2.1189673e-02   6.0989153e-03
   5.3800000e+01   2.6032000e-02   1.5041300e-02
   5.3900000e+01   1.3875372e-02   1.5665641e-02
   5.4000000e+01  -4.1985617e-03   1.1482651e-02
   5.4100000e+01  -1.2260624e-02   3.8445540e-03
   5.4200000e+01  -5.0714357e-03  -7.0234666e-03
   5.4300000e+01   8.1492095e-03  -1.6213338e-02
   5.4400000e+01   1.4940114e-02  -1.4605135e-02
   5.4500000e+01   1.2137314e-02   1.4552162e-03
   5.4600000e+01   6.2542946e-03   2.2501475e-02
   5.4700000e+01   3.6755573e-03   3.2102453e-02
   5.4800000e+01   3.6150320e-03   2.2825314e-02
   5.4900000e+01   1.3347825e-03   4.6827080e-03
   5.5000000e+01  -3.9744379e-03  -4.6994191e-03
   5.5100000e+01  -6.9465537e-03   1.4113589e-03
   5.5200000e+01  -2.1496082e-03   1.1957772e-02
   5.5300000e+01   8.4818910e-03   1.0794118e-02
   5.5400000e+01   1.5374782e-02  -4.9252887e-03
   5.5500000e+01   9.3608803e-03  -2.0990275e-02
   5.5600000e+01  -9.2348845e-03  -2.0913266e-02
   5.5700000e+01  -2.9410349e-02  -2.9694474e-03
   5.5800000e+01  -3.8182390e-02   1.8124339e-02
   5.5900000e+01  -3.1401394e-02   2.5216445e-02
   5.6000000e+01  -1.6183129e-02   1.3411540e-02
   5.6100000e+01  -2.8378353e-03  -7.5961229e-03
   5.6200000e+01   4.4928031e-03  -2.3009147e-02
   5.6300000e+01   8.2603614e-03  -2.4179353e-02
   5.6400000e+01   1.0097463e-02  -1.3005379e-02
   5.6500000e+01   6.5600324e-03   1.8931805e-03
   5.6600000e+01  -5.5677613e-03   1.2631291e-02
   5.6700000e+01  -2.1476553e-02   1.6804579e-02
   5.6800000e+01  -2.9548119e-02   1.6100798e-02
   5.6900000e+01  -2.2060272e-02   1.1391457e-02
   5.7000000e+01  -3.5287776e-03   8.0466110e-04
   5.7100000e+01   1.2913454e-02  -1.6124695e-02
   5.7200000e+01   1.7166261e-02  -3.3096506e-02
   5.7300000e+01   1.0020262e-02  -3.8324118e-02
   5.7400000e+01   1.0329948e-03  -2.3612602e-02
   5.7500000e+01   2.7200805e-04   6.8101847e-03
   5.7600000e+01   1.1047900e-02   3.6857523e-02
   5.7700000e+01   2.7606680e-02   4.9275431e-02
   5.7800000e+01   3.8574856e-02   3.7959371e-02
   5.7900000e+01   3.4875090e-02   1.1913554e-02
   5.8000000e+01   1.7342566e-02  -1.2202479e-02
   5.8100000e+01  -2.9455962e-03  -2.2779037e-02
   5.8200000e+01  -1.3735319e-02  -2.0885741e-02
   5.8300000e+01  -1.2399953e-02  -1.6874217e-02
   5.8400000e+01  -7.4114324e-03  -1.9576820e-02
   5.8500000e+01  -8.4200459e-03  -2.8078542e-02
   5.8600000e+01  -1.5341956e-02  -3.3190030e-02
   5.8700000e+01  -1.8331069e-02  -2.6596494e-02
   5.8800000e+01  -8.7923058e-03  -9.0893712e-03
   5.8900000e+01   1.0359498e-02   9.2252660e-03
   5.9000000e+01   2.6131730e-02   1.6782590e-02
   5.9100000e+01   2.7183008e-02   1.0029042e-02
   5.9200000e+01   1.4043129e-02  -3.4987076e-03
   5.9300000e+01  -1.9415797e-03  -1.1806434e-02
   5.9400000e+01  -9.1385287e-03  -9.5200265e-03
   5.9500000e+01  -5.0586248e-03  -2.7418694e-03
   5.9600000e+01   3.5315396e-03  -2.0101682e-03
   5.9700000e+01   8.3000215e-03  -1.0340799e-02
   5.9800000e+01   6.7449022e-03  -1.9796690e-02
   5.9900000e+01   3.1768657e-03  -2.0810764e-02
   6.0000000e+01   3.6909056e-03  -1.3123071e-02
   6.0100000e+01   9.9488724e-03  -5.0115997e-03
   6.0200000e+01   1.6849242e-02  -2.3179108e-03
   6.0300000e+01   1.6543728e-02  -1.7668805e-03
   6.0400000e+01   6.4623941e-03   3.1266998e-03
   6.0500000e+01  -6.0309244e-03   1.2448181e-02
   6.0600000e+01  -9.1047616e-03   2.0062042e-02
   6.0700000e+01   9.2261026e-04   2.2712451e-02
   6.0800000e+01   1.3180479e-02   2.4153806e-02
   6.0900000e+01   1.1947487e-02   2.7671091e-02
   6.1000000e+01  -5.6201371e-03   2.8103172e-02
   6.1100000e+01  -2.4078346e-02   1.6908040e-02
   6.1200000e+01  -2.5344150e-02  -4.3016304e-03
   6.1300000e+01  -9.1591777e-03  -2.0353626e-02
   6.1400000e+01   5.6824578e-03  -1.6705191e-02
   6.1500000e+01   1.9123201e-03   4.4809125e-03
   6.1600000e+01  -1.7203064e-02   2.6083612e-02
   6.1700000e+01  -3.2095936e-02   3.3599597e-02
   6.1800000e+01  -2.8534856e-02   2.7369977e-02
   6.1900000e+01  -1.1392528e-02   1.6676081e-02
   6.2000000e+01   3.3728183e-03   6.7041836e-03
   6.2100000e+01   6.4168903e-03  -3.6825516e-03
   6.2200000e+01   1.6943931e-03  -1.3166372e-02
   6.2300000e+01  -2.3545454e-03  -1.4187532e-02
   6.2400000e+01  -3.5347987e-03  -2.0994209e-03
   6.2500000e+01  -6.1162205e-03   1.4958272e-02
   6.2600000e+01  -1.3026387e-02   2.1097853e-02
   6.2700000e+01  -2.0986219e-02   9.4757070e-03
   6.2800000e+01  -2.3638268e-02  -8.5807840e-03
   6.2900000e+01  -1.7822169e-02  -1.4026559e-02
   6.3000000e+01  -6.1395731e-03   1.5139248e-04
   6.3100000e+01   5.6745296e-03   2.0816791e-02
   6.3200000e+01   1.3272451e-02   2.6847545e-02
   6.3300000e+01   1.6456093e-02   9.3603156e-03
   6.3400000e+01   1.8435584e-02  -1.9913642e-02
   6.3500000e+01   2.1952731e-02  -3.9793190e-02
   6.3600000e+01   2.5218395e-02  -3.8796153e-02
   6.3700000e+01   2.2248818e-02  -2.3458173e-02
   6.3800000e+01   9.1727360e-03  -8.8339816e-03
   6.3900000e+01  -9.0340070e-03  -2.8153939e-03
   6.4000000e+01  -2.0031688e-02  -1.2893718e-03
   6.4100000e+01  -1.4914461e-02   2.5358967e-03
   6.4200000e+01   2.3207533e-03   7.7933527e-03
   6.4300000e+01   1.8150657e-02   7.3267021e-03
   6.4400000e+01   2.3193451e-02  -2.3663336e-03
   6.4500000e+01   2.0539966e-02  -1.6140903e-02
   6.4600000e+01   1.8794570e-02  -2.5878066e-02
   6.4700000e+01   1.9084844e-02  -2.8388205e-02
   6.4800000e+01   1.3559563e-02  -2.5798919e-02
   6.4900000e+01  -1.9413390e-03  -2.0266945e-02
   6.5000000e+01  -1.7918389e-02  -1.1839156e-02
   6.5100000e+01  -1.8824511e-02  -1.6395888e-03
   6.5200000e+01  -8.4120453e-04   6.2799595e-03
   6.5300000e+01   2.1601002e-02   8.5945284e-03
   6.5400000e+01   2.9134218e-02   6.7478502e-03
   6.5500000e+01   1.5648400e-02   4.9425113e-03
   6.5600000e+01  -8.2844137e-03   4.4909924e-03
   6.5700000e+01  -2.7801580e-02   2.5738742e-03
   6.5800000e+01  -3.5799810e-02  -2.6743254e-03
   6.5900000e+01  -3.3043284e-02  -7.8244811e-03
   6.6000000e+01  -2.1821306e-02  -6.6938905e-03
   6.6100000e+01  -4.6194978e-03   3.1791135e-03
   6.6200000e+01   1.1743675e-02   1.7587383e-02
   6.6300000e+01   1.6424277e-02   2.8652216e-02
   6.6400000e+01   3.6527900e-03   2.9878174e-02
   6.6500000e+01  -1.8734728e-02   1.9562803e-02
   6.6600000e+01  -3.3213609e-02   2.2643068e-03
   6.6700000e+01  -2.7574229e-02  -1.1914811e-02
   6.6800000e+01  -6.5881506e-03  -1.2168408e-02
   6.6900000e+01   1.1407286e-02   4.8041967e-03
   6.7000000e+01   9.9117314e-03   2.9749808e-02
   6.7100000e+01  -1.2023802e-02   4.5621293e-02
   6.7200000e+01  -3.8588915e-02   4.0234889e-02
   6.7300000e+01  -4.8613343e-02   1.6399607e-02
   6.7400000e+01  -3.1118938e-02  -9.5921753e-03
   6.7500000e+01   5.6917659e-03  -2.0298989e-02
   6.7600000e+01   3.9067322e-02  -1.0582948e-02
   6.7700000e+01   4.8154229e-02   8.4429737e-03
   6.7800000e+01   3.0282593e-02   1.8725133e-02
   6.7900000e+01   2.8831491e-03   1.1193660e-02
   6.8000000e+01  -1.1798589e-02  -5.4782302e-03
   6.8100000e+01  -5.6992090e-03  -1.3035295e-02
   6.8200000e+01   1.0057166e-02  -2.7444022e-03
   6.8300000e+01   1.8113502e-02   1.3944243e-02
   6.8400000e+01   1.2053378e-02   1.6359212e-02
   6.8500000e+01   9.1116783e-04  -2.7729406e-03
   6.8600000e+01  -2.0321746e-03  -2.7625641e-02
   6.8700000e+01   6.4025112e-03  -3.4120233e-02
   6.8800000e+01   1.6418030e-02  -1.4015447e-02
   6.8900000e+01   1.6249883e-02   1.6734049e-02
   6.9000000e+01   5.5150287e-03   3.2569835e-02
   6.9100000e+01  -3.1231344e-03   2.0112465e-02
   6.9200000e+01   3.4967383e-03  -1.2281458e-02
   6.9300000e+01   2.4455708e-02  -4.2325392e-02
   6.9400000e+01   4.3327977e-02  -5.0398986e-02
   6.9500000e+01   4.2315096e-02  -3.3008678e-02
   6.9600000e+01   1.8558468e-02  -4.5329370e-03
   6.9700000e+01  -1.2847549e-02   1.4504637e-02
   6.9800000e+01  -3.1244617e-02   1.4145443e-02
   6.9900000e+01  -2.6326216e-02   1.6859262e-03
   7.0000000e+01  -4.6325442e-03  -8.5593889e-03
   7.0100000e+01   1.6590614e-02  -1.1095206e-02
   7.0200000e+01   2.2156456e-02  -1.2495930e-02
   7.0300000e+01   9.5234815e-03  -1.9330837e-02
   7.0400000e+01  -9.6499799e-03  -2.7323567e-02
   7.0500000e+01  -1.8723556e-02  -2.6084652e-02
   7.0600000e+01  -9.9119146e-03  -1.2941173e-02
   7.0700000e+01   8.8490892e-03   2.2306477e-03
   7.0800000e+01   2.0896501e-02   7.2373732e-03
   7.0900000e+01   1.5600696e-02   4.5337332e-04
   7.1000000e+01  -2.9904490e-03  -7.8344908e-03
   7.1100000e+01  -2.0819100e-02  -5.8079458e-03
   7.1200000e+01  -2.5662408e-02   8.7182691e-03
   7.1300000e+01  -1.5194727e-02   2.5734513e-02
   7.1400000e+01   3.0727401e-03   3.0414675e-02
   7.1500000e+01   1.7034063e-02   1.5026352e-02
   7.1600000e+01   1.6985220e-02  -1.3563732e-02
   7.1700000e+01   2.4174059e-03  -3.7915076e-02
   7.1800000e+01  -1.5614278e-02  -4.3372015e-02
   7.1900000e+01  -2.1712051e-02  -2.8677080e-02
   7.2000000e+01  -1.0289418e-02  -3.9897965e-03
   7.2100000e+01   6.6559657e-03   1.9481137e-02
   7.2200000e+01   9.3386918e-03   3.5612861e-02
   7.2300000e+01  -9.2517755e-03   4.1192378e-02
   7.2400000e+01  -3.3654146e-02   3.3914760e-02
   7.2500000e+01  -4.0120776e-02   1.6495436e-02
   7.2600000e+01  -2.1614919e-02  -4.7485961e-04
   7.2700000e+01   3.6202011e-03  -5.9816603e-03
   7.2800000e+01   1.0687046e-02  -1.4353984e-04
   7.2900000e+01  -5.7091970e-03   5.8460834e-03
   7.3000000e+01  -2.6193989e-02   3.6479578e-03
   7.3100000e+01  -2.8188536e-02  -1.8393040e-03
   7.3200000e+01  -9.7584417e-03   3.9095247e-05
   7.3300000e+01   9.9209810e-03   1.0026555e-02
   7.3400000e+01   1.2160603e-02   1.6804021e-02
   7.3500000e+01  -2.5638265e-03   1.2179649e-02
   7.3600000e+01  -1.8071043e-02   3.3704414e-03
   7.3700000e+01  -2.1463557e-02   5.0821979e-03
   7.3800000e+01  -1.5486916e-02   2.0628001e-02
   7.3900000e+01  -1.2022547e-02   3.6015342e-02
   7.4000000e+01  -1.5963210e-02   3.4712191e-02
   7.4100000e+01  -1.8164854e-02   1.5513405e-02
   7.4200000e+01  -5.5282694e-03  -6.5970149e-03
   7.4300000e+01   2.2151749e-02  -1.5820569e-02
   7.4400000e+01   4.6794433e-02  -9.4660250e-03
   7.4500000e+01   4.5925178e-02   2.4021120e-03
   7.4600000e+01   1.4357038e-02   8.0886728e-03
   7.4700000e+01  -2.7385241e-02   4.2525655e-03
   7.4800000e+01  -4.7948864e-02  -2.9676069e-03
   7.4900000e+01  -3.1200762e-02  -4.9915381e-03
   7.5000000e+01   1.0153967e-02   4.8186760e-04
   7.5100000e+01   4.5694547e-02   6.9118158e-03
   7.5200000e+01   5.2607271e-02   5.6892513e-03
   7.5300000e+01   3.2631139e-02  -3.9971819e-03
   7.5400000e+01   7.1601796e-03  -1.3365570e-02
   7.5500000e+01  -3.0193460e-03  -1.3471553e-02
   7.5600000e+01   5.4189626e-03  -5.3146069e-03
   7.5700000e+01   1.8836244e-02   1.6692970e-03
   7.5800000e+01   2.2040427e-02   7.8666271e-04
   7.5900000e+01   1.2929162e-02  -5.1636969e-03
   7.6000000e+01   2.3981623e-03  -9.3222682e-03
   7.6100000e+01   8.9724846e-04  -9.9865227e-03
   7.6200000e+01   6.8856823e-03  -1.1313660e-02
   7.6300000e+01   9.8652553e-03  -1.5899458e-02
   7.6400000e+01   3.8745271e-03  -2.0364549e-02
   7.6500000e+01  -4.7461353e-03  -1.9689505e-02
   7.6600000e+01  -4.5535537e-03  -1.3770121e-02
   7.6700000e+01   7.4082716e-03  -7.7120844e-03
   7.6800000e+01   2.1496870e-02  -6.4050074e-03
   7.6900000e+01   2.5172761e-02  -1.0147380e-02
   7.7000000e+01   1.5116748e-02  -1.4840497e-02
   7.7100000e+01  -9.7424335e-04  -1.4903559e-02
   7.7200000e+01  -1.2877704e-02  -6.6892490e-03
   7.7300000e+01  -1.6354723e-02   8.2893398e-03
   7.7400000e+01  -1.4361264e-02   2.2315907e-02
   7.7500000e+01  -1.2808413e-02   2.5567360e-02
   7.7600000e+01  -1.5997504e-02   1.3994869e-02
   7.7700000e+01  -2.3523081e-02  -6.0445532e-03
   7.7800000e+01  -2.8791347e-02  -2.1910514e-02
   7.7900000e+01  -2.1705688e-02  -2.4404545e-02
   7.8000000e+01   2.6941523e-03  -1.4252819e-02
   7.8100000e+01   3.5358204e-02  -3.6046119e-04
   7.8200000e+01   5.5011471e-02   7.1639153e-03
   7.8300000e+01   4.3815009e-02   3.2623157e-03
   7.8400000e+01   4.6152897e-03  -9.4866550e-03
   7.8500000e+01  -3.7870196e-02  -2.1967450e-02
   7.8600000e+01  -5.5735879e-02  -2.3171136e-02
   7.8700000e+01  -4.0305965e-02  -7.4329702e-03
   7.8800000e+01  -7.7056914e-03   1.9963223e-02
   7.8900000e+01   1.6732386e-02   4.4349324e-02
   7.9000000e+01   1.9635676e-02   5.1033873e-02
   7.9100000e+01   7.2533657e-03   3.5659793e-02
   7.9200000e+01  -4.6673042e-03   7.0716180e-03
   7.9300000e+01  -6.4007263e-03  -1.9374907e-02
   7.9400000e+01  -3.5427454e-04  -3.2173807e-02
   7.9500000e+01   5.1942343e-03  -2.9782897e-02
   7.9600000e+01   5.4949011e-03  -1.9026500e-02
   7.9700000e+01   2.1196761e-03  -8.3853736e-03
   7.9800000e+01  -1.2102696e-03  -2.0294161e-03
   7.9900000e+01  -2.9022688e-03   9.1337817e-04
   8.0000000e+01  -3.5375112e-03   2.7335426e-03
