   1.0221618e+02   2.8602761e+01   2.5212700e+03
   1.0219973e+02   2.8139756e+01   1.6486600e+03
   0.0000000e+00  -4.8254495e-01  -4.8254495e-01
   1.0000000e-01  -5.7429107e-01  -4.4209717e-01
   2.0000000e-01  -6.8894664e-01  -4.0077939e-01
   3.0000000e-01  -7.4872246e-01  -3.0025525e-01
   4.0000000e-01  -7.2325629e-01  -1.5476054e-01
   5.0000000e-01  -6.6851640e-01  -2.9576458e-02
   6.0000000e-01  -6.6354574e-01   4.4890488e-02
   7.0000000e-01  -7.2644139e-01   1.0117389e-01
   8.0000000e-01  -8.0333357e-01   1.7053313e-01
   9.0000000e-01  -8.2941244e-01   2.2490146e-01
   1.0000000e+00  -7.8865524e-01   2.1222042e-01
   1.1000000e+00  -7.1781712e-01   1.3769862e-01
   1.2000000e+00  -6.6271393e-01   7.7318252e-02
   1.3000000e+00  -6.3243655e-01   9.9793231e-02
   1.4000000e+00  -5.9203822e-01   1.9132663e-01
   1.5000000e+00  -4.9942284e-01   2.7098076e-01
   1.6000000e+00  -3.4982192e-01   2.7497051e-01
   1.7000000e+00  -1.7955857e-01   2.1718216e-01
   1.8000000e+00  -2.3889964e-02   1.7004717e-01
   1.9000000e+00   1.1992707e-01   1.9278079e-01
   2.0000000e+00   2.7803217e-01   2.7605553e-01
   2.1000000e+00   4.5515476e-01   3.5130030e-01
   2.2000000e+00   6.2167142e-01   3.5655211e-01
   2.3000000e+00   7.4932296e-01   2.9832315e-01
   2.4000000e+00   8.4338504e-01   2.4457307e-01
   2.5000000e+00   9.2481540e-01   2.4936116e-01
   2.6000000e+00   9.8853628e-01   2.9148639e-01
   2.7000000e+00   1.0000000e+00   3.0549025e-01
   2.8000000e+00   9.4016921e-01   2.7401827e-01
   2.9000000e+00   8.4071727e-01   2.6142854e-01
   3.0000000e+00   7.5992877e-01   3.3028242e-01
   3.1000000e+00   7.2478693e-01   4.3866927e-01
   3.2000000e+00   7.0884366e-01   4.6325095e-01
   3.3000000e+00   6.7171230e-01   3.4418847e-01
   3.4000000e+00   6.0866271e-01   1.7914595e-01
   3.5000000e+00   5.4603435e-01   1.3408205e-01
   3.6000000e+00   4.9010682e-01   2.6001230e-01
   3.7000000e+00   4.0390022e-01   4.3143383e-01
   3.8000000e+00   2.5464764e-01   4.8223000e-01
   3.9000000e+00   7.4796038e-02   3.7728668e-01
   4.0000000e+00  -5.4958997e-02   2.2219661e-01
   4.1000000e+00  -9.7135393e-02   1.1989133e-01
   4.2000000e+00  -1.0984977e-01   6.2893446e-02
   4.3000000e+00  -1.8005604e-01  -1.8553548e-02
   4.4000000e+00  -3.1139397e-01  -1.4015556e-01
   4.5000000e+00  -4.1243891e-01  -2.3809996e-01
   4.6000000e+00  -4.0907685e-01  -2.5516118e-01
   4.7000000e+00  -3.3956674e-01  -2.1413542e-01
   4.8000000e+00  -3.0721054e-01  -1.8778006e-01
   4.9000000e+00  -3.5008224e-01  -2.1670979e-01
   5.0000000e+00  -3.9587611e-01  -2.8013701e-01
   5.1000000e+00  -3.5816238e-01  -3.3820893e-01
   5.2000000e+00  -2.4903343e-01  -3.7558665e-01
   5.3000000e+00  -1.6877212e-01  -3.9683674e-01
   5.4000000e+00  -1.9236516e-01  -4.0203794e-01
   5.5000000e+00  -2.9207005e-01  -3.8867364e-01
   5.6000000e+00  -3.7602161e-01  -3.7110090e-01
   5.7000000e+00  -3.8274859e-01  -3.7395613e-01
   5.8000000e+00  -3.2533878e-01  -3.9542759e-01
   5.9000000e+00  -2.5593229e-01  -3.9210058e-01
   6.0000000e+00  -2.0692057e-01  -3.2242899e-01
   6.1000000e+00  -1.7021422e-01  -2.0794994e-01
   6.2000000e+00  -1.2259010e-01  -1.3064303e-01
   6.3000000e+00  -6.1998441e-02  -1.4927207e-01
   6.4000000e+00  -1.7930660e-02  -2.2319066e-01
   6.5000000e+00  -2.6688900e-02  -2.4382853e-01
   6.6000000e+00  -9.4925026e-02  -1.5485936e-01
   6.7000000e+00  -1.8709075e-01  -2.4459761e-02
   6.8000000e+00  -2.5071295e-01   2.6619804e-02
   6.9000000e+00  -2.5583862e-01  -3.2943404e-02
   7.0000000e+00  -2.1196670e-01  -1.0275786e-01
   7.1000000e+00  -1.5207525e-01  -6.6903394e-02
   7.2000000e+00  -1.0608371e-01   6.5803657e-02
   7.3000000e+00  -8.7678923e-02   1.6729439e-01
   7.4000000e+00  -9.5667791e-02   1.3846528e-01
   7.5000000e+00  -1.1880260e-01   2.6106453e-02
   7.6000000e+00  -1.4101941e-01  -2.6866326e-02
   7.7000000e+00  -1.4934956e-01   6.2497220e-02
   7.8000000e+00  -1.3867598e-01   2.3089342e-01
   7.9000000e+00  -1.0606898e-01   3.3866523e-01
   8.0000000e+00  -4.3982702e-02   3.0857064e-01
   8.1000000e+00   4.9806913e-02   1.8714558e-01
   8.2000000e+00   1.5104001e-01   8.2208464e-02
   8.3000000e+00   2.1021913e-01   5.8614966e-02
   8.4000000e+00   1.9326804e-01   9.8145563e-02
   8.5000000e+00   1.2478924e-01   1.4617399e-01
   8.6000000e+00   7.7738540e-02   1.7872192e-01
   8.7000000e+00   1.0823921e-01   2.1559789e-01
   8.8000000e+00   2.0261802e-01   2.7447638e-01
   8.9000000e+00   2.9508845e-01   3.2859705e-01
   9.0000000e+00   3.3407543e-01   3.2452870e-01
   9.1000000e+00   3.2364422e-01   2.4320902e-01
   9.2000000e+00   3.0463848e-01   1.3128021e-01
   9.3000000e+00   3.0947434e-01   6.0528367e-02
   9.4000000e+00   3.3750013e-01   5.8815974e-02
   9.5000000e+00   3.5898784e-01   9.1407694e-02
   9.6000000e+00   3.3420099e-01   1.0921387e-01
   9.7000000e+00   2.4439513e-01   9.8298618e-02
   9.8000000e+00   1.2440031e-01   7.0939156e-02
   9.9000000e+00   5.6764672e-02   2.4177293e-02
   1.0000000e+01   1.0340736e-01  -6.2386545e-02
   1.0100000e+01   2.3016825e-01  -1.7924218e-01
   1.0200000e+01   3.2007405e-01  -2.6327749e-01
   1.0300000e+01   2.8545543e-01  -2.5183295e-01
   1.0400000e+01   1.6242834e-01  -1.6163825e-01
   1.0500000e+01   7.4642583e-02  -9.0074460e-02
   1.0600000e+01   1.0241811e-01  -1.2184312e-01
   1.0700000e+01   2.0497267e-01  -2.4164628e-01
   1.0800000e+01   2.7530085e-01  -3.5111458e-01
   1.0900000e+01   2.5129295e-01  -3.6778309e-01
   1.1000000e+01   1.5945752e-01  -2.9605756e-01
   1.1100000e+01   6.7567454e-02  -2.0508201e-01
   1.1200000e+01   2.1782128e-02  -1.5615822e-01
   1.1300000e+01   2.8208106e-02  -1.6053845e-01
   1.1400000e+01   6.5741183e-02  -1.9213187e-01
   1.1500000e+01   9.7572081e-02  -2.1812464e-01
   1.1600000e+01   8.4093133e-02  -2.1266205e-01
   1.1700000e+01   9.8828374e-03  -1.5741768e-01
   1.1800000e+01  -9.6501677e-02  -4.7721172e-02
   1.1900000e+01  -1.8235268e-01   9.5629575e-02
   1.2000000e+01  -2.1775987e-01   2.2585455e-01
   1.2100000e+01  -2.1767843e-01   2.9176308e-01
   1.2200000e+01  -2.1612614e-01   2.7222330e-01
   1.2300000e+01  -2.3057034e-01   1.9847826e-01
   1.2400000e+01  -2.6097212e-01   1.4014089e-01
   1.2500000e+01  -3.1177193e-01   1.5531592e-01
   1.2600000e+01  -3.9173654e-01   2.4164538e-01
   1.2700000e+01  -4.8763905e-01   3.3572753e-01
   1.2800000e+01  -5.5932942e-01   3.6806556e-01
   1.2900000e+01  -5.7950363e-01   3.2264836e-01
   1.3000000e+01  -5.6931589e-01   2.4200711e-01
   1.3100000e+01  -5.7267400e-01   1.7709357e-01
   1.3200000e+01  -5.9481155e-01   1.4065554e-01
   1.3300000e+01  -5.9029894e-01   1.1240790e-01
   1.3400000e+01  -5.2511868e-01   7.9759895e-02
   1.3500000e+01  -4.3062631e-01   5.9646883e-02
   1.3600000e+01  -3.6836503e-01   7.6496331e-02
   1.3700000e+01  -3.4535821e-01   1.2501739e-01
   1.3800000e+01  -2.9651708e-01   1.6092701e-01
   1.3900000e+01  -1.6899882e-01   1.3099383e-01
   1.4000000e+01  -4.3717424e-03   1.7114553e-02
   1.4100000e+01   9.3737065e-02  -1.4145473e-01
   1.4200000e+01   7.7317795e-02  -2.6852794e-01
   1.4300000e+01   1.6240671e-02  -3.0492150e-01
   1.4400000e+01   2.6324426e-02  -2.5565370e-01
   1.4500000e+01   1.4389122e-01  -1.8530780e-01
   1.4600000e+01   2.8991527e-01  -1.5814559e-01
   1.4700000e+01   3.6095113e-01  -1.7813617e-01
   1.4800000e+01   3.3960850e-01  -1.9207739e-01
   1.4900000e+01   3.0169749e-01  -1.5381549e-01
   1.5000000e+01   3.2099823e-01  -7.7939446e-02
   1.5100000e+01   3.8763612e-01  -2.2977824e-02
   1.5200000e+01   4.3143271e-01  -2.6975236e-02
   1.5300000e+01   4.1247734e-01  -7.1276629e-02
   1.5400000e+01   3.6386294e-01  -1.0789714e-01
   1.5500000e+01   3.3770815e-01  -1.0855971e-01
   1.5600000e+01   3.3078492e-01  -7.8201654e-02
   1.5700000e+01   2.9123432e-01  -3.2186205e-02
   1.5800000e+01   1.9923256e-01   1.9756538e-02
   1.5900000e+01   1.1211816e-01   6.4704346e-02
   1.6000000e+01   1.0559057e-01   8.1718020e-02
   1.6100000e+01   1.7896062e-01   6.4244178e-02
   1.6200000e+01   2.4625933e-01   4.2090972e-02
   1.6300000e+01   2.3080145e-01   5.8773828e-02
   1.6400000e+01   1.4956699e-01   1.1439950e-01
   1.6500000e+01   8.5354216e-02   1.4367253e-01
   1.6600000e+01   8.5316614e-02   7.5215014e-02
   1.6700000e+01   1.1370552e-01  -7.7811184e-02
   1.6800000e+01   1.1189982e-01  -2.0282762e-01
   1.6900000e+01   8.0200553e-02  -1.8864258e-01
   1.7000000e+01   7.3105353e-02  -4.8098373e-02
   1.7100000e+01   1.1838521e-01   7.7246789e-02
   1.7200000e+01   1.7180326e-01   5.4321263e-02
   1.7300000e+01   1.7072292e-01  -1.0110285e-01
   1.7400000e+01   1.1683825e-01  -2.3747659e-01
   1.7500000e+01   7.7323172e-02  -2.2552605e-01
   1.7600000e+01   9.9685185e-02  -8.8202879e-02
   1.7700000e+01   1.4951126e-01   3.7805101e-02
   1.7800000e+01   1.5219527e-01   5.4348191e-02
   1.7900000e+01   8.6008289e-02  -1.0127312e-02
   1.8000000e+01   8.5094249e-03  -6.2535405e-02
   1.8100000e+01  -1.5629611e-02  -6.0147132e-02
   1.8200000e+01   6.8885264e-03  -3.6777196e-02
   1.8300000e+01   1.0078967e-02  -3.0543191e-02
   1.8400000e+01  -4.6752671e-02  -2.6814035e-02
   1.8500000e+01  -1.2692706e-01   1.0432288e-02
   1.8600000e+01  -1.5835065e-01   7.5944598e-02
   1.8700000e+01  -1.1890121e-01   1.2322149e-01
   1.8800000e+01  -6.7645982e-02   1.2518320e-01
   1.8900000e+01  -8.7678675e-02   1.0800921e-01
   1.9000000e+01  -2.0132407e-01   1.1196435e-01
   1.9100000e+01  -3.4458695e-01   1.3504469e-01
   1.9200000e+01  -4.2545663e-01   1.3533809e-01
   1.9300000e+01  -4.0726080e-01   8.6238777e-02
   1.9400000e+01  -3.3594783e-01   1.1975894e-02
   1.9500000e+01  -2.8909273e-01  -3.7406299e-02
   1.9600000e+01  -3.0310151e-01  -3.6375180e-02
   1.9700000e+01  -3.5104534e-01  -3.0965684e-03
   1.9800000e+01  -3.8281740e-01   2.3945797e-02
   1.9900000e+01  -3.7427828e-01   2.0583267e-02
   2.0000000e+01  -3.3549478e-01  -6.7653726e-03
   2.0100000e+01  -2.8523552e-01  -2.9497395e-02
   2.0200000e+01  -2.3270681e-01  -2.1322323e-02
   2.0300000e+01  -1.8303534e-01   1.7832836e-02
   2.0400000e+01  -1.4551709e-01   5.9486038e-02
   2.0500000e+01  -1.2573614e-01   7.2262283e-02
   2.0600000e+01  -1.1260328e-01   5.1591838e-02
   2.0700000e+01  -8.1424861e-02   2.1030352e-02
   2.0800000e+01  -1.3218629e-02   5.6545751e-03
   2.0900000e+01   8.8287453e-02   1.1636681e-02
   2.1000000e+01   1.9532048e-01   3.2709020e-02
   2.1100000e+01   2.6944554e-01   6.3908518e-02
   2.1200000e+01   2.8322456e-01   9.7520076e-02
   2.1300000e+01   2.4104093e-01   1.1277680e-01
   2.1400000e+01   1.8292341e-01   8.8070736e-02
   2.1500000e+01   1.5883140e-01   2.9342332e-02
   2.1600000e+01   1.8736597e-01  -2.5834249e-02
   2.1700000e+01   2.3738585e-01  -4.2988474e-02
   2.1800000e+01   2.5546743e-01  -2.4593573e-02
   2.1900000e+01   2.1421093e-01  -1.2885023e-03
   2.2000000e+01   1.3243054e-01   4.9147775e-03
   2.2100000e+01   5.1289825e-02  -2.7257031e-03
   2.2200000e+01  -1.5418976e-04  -1.1986688e-02
   2.2300000e+01  -1.4149894e-02  -1.7428201e-02
   2.2400000e+01   5.2048366e-03  -1.4589850e-02
   2.2500000e+01   4.1771927e-02   4.6990978e-03
   2.2600000e+01   6.0083802e-02   3.5773166e-02
   2.2700000e+01   2.3095416e-02   4.9580024e-02
   2.2800000e+01  -6.4154299e-02   1.9679791e-02
   2.2900000e+01  -1.3991431e-01  -3.6625607e-02
   2.3000000e+01  -1.4142702e-01  -6.4383330e-02
   2.3100000e+01  -8.1505862e-02  -3.0853973e-02
   2.3200000e+01  -4.6344212e-02   3.4008677e-02
   2.3300000e+01  -9.6011430e-02   7.4540092e-02
   2.3400000e+01  -1.7822117e-01   7.9633824e-02
   2.3500000e+01  -1.7099144e-01   9.1892230e-02
   2.3600000e+01  -2.1474077e-02   1.3992240e-01
   2.3700000e+01   1.7756616e-01   1.8388676e-01
   2.3800000e+01   2.7091574e-01   1.5238677e-01
   2.3900000e+01   1.9836911e-01   3.0864154e-02
   2.4000000e+01   5.5852514e-02  -1.0776773e-01
   2.4100000e+01  -1.2459274e-03  -1.7089181e-01
   2.4200000e+01   9.3729430e-02  -1.3559569e-01
   2.4300000e+01   2.6492600e-01  -6.2033545e-02
   2.4400000e+01   3.7222164e-01  -2.5285604e-02
   2.4500000e+01   3.3622556e-01  -4.7034543e-02
   2.4600000e+01   1.9917436e-01  -9.3772239e-02
   2.4700000e+01   7.8021536e-02  -1.2651469e-01
   2.4800000e+01   5.6648547e-02  -1.3937880e-01
   2.4900000e+01   1.1375099e-01  -1.5216103e-01
   2.5000000e+01   1.5314873e-01  -1.7701177e-01
   2.5100000e+01   1.0658540e-01  -1.9996663e-01
   2.5200000e+01   1.7674077e-03  -1.9528028e-01
   2.5300000e+01  -7.6760074e-02  -1.5590816e-01
   2.5400000e+01  -8.4463070e-02  -1.0757215e-01
   2.5500000e+01  -5.6243722e-02  -8.8205006e-02
   2.5600000e+01  -4.9597330e-02  -1.0980865e-01
   2.5700000e+01  -7.3764133e-02  -1.4347631e-01
   2.5800000e+01  -9.4319963e-02  -1.4802461e-01
   2.5900000e+01  -9.3100713e-02  -1.1237649e-01
   2.6000000e+01  -9.2609784e-02  -6.2610755e-02
   2.6100000e+01  -1.1477127e-01  -2.7933839e-02
   2.6200000e+01  -1.4025927e-01  -1.1905496e-02
   2.6300000e+01  -1.2930149e-01  -2.9548579e-03
   2.6400000e+01  -7.4539757e-02   1.3001797e-03
   2.6500000e+01  -1.4262541e-02  -1.6592459e-03
   2.6600000e+01   8.0049647e-03   3.5787791e-03
   2.6700000e+01  -1.5592350e-02   4.3721170e-02
   2.6800000e+01  -5.7731528e-02   1.1596681e-01
   2.6900000e+01  -8.3050237e-02   1.7096591e-01
   2.7000000e+01  -6.8630425e-02   1.5733657e-01
   2.7100000e+01  -1.1900943e-02   8.1471402e-02
   2.7200000e+01   6.4690029e-02   8.4049811e-03
   2.7300000e+01   1.1867586e-01   7.5858121e-04
   2.7400000e+01   1.1318449e-01   6.5071580e-02
   2.7500000e+01   4.7204089e-02   1.5522173e-01
   2.7600000e+01  -4.1716349e-02   2.1265218e-01
   2.7700000e+01  -1.0672677e-01   2.0043218e-01
   2.7800000e+01  -1.2114266e-01   1.1991019e-01
   2.7900000e+01  -8.3596907e-02   1.5278450e-02
   2.8000000e+01  -1.0359905e-02  -4.5226761e-02
   2.8100000e+01   6.6288352e-02  -1.7943100e-02
   2.8200000e+01   1.0281163e-01   7.3638801e-02
   2.8300000e+01   7.0194776e-02   1.5262717e-01
   2.8400000e+01  -1.5819098e-02   1.5452912e-01
   2.8500000e+01  -1.0052724e-01   8.0085464e-02
   2.8600000e+01  -1.3692466e-01  -1.4655399e-02
   2.8700000e+01  -1.2414677e-01  -6.9982582e-02
   2.8800000e+01  -9.5445376e-02  -6.0605864e-02
   2.8900000e+01  -7.7320619e-02   1.5319243e-03
   2.9000000e+01  -7.4034073e-02   8.1533068e-02
   2.9100000e+01  -8.7845602e-02   1.3808552e-01
   2.9200000e+01  -1.3105731e-01   1.4474948e-01
   2.9300000e+01  -2.0207791e-01   1.0848892e-01
   2.9400000e+01  -2.6002359e-01   6.2944739e-02
   2.9500000e+01  -2.4672397e-01   3.5811757e-02
   2.9600000e+01  -1.4496825e-01   2.6289474e-02
   2.9700000e+01  -7.5326553e-03   1.9828279e-02
   2.9800000e+01   8.2438138e-02   1.6247000e-02
   2.9900000e+01   8.3400869e-02   2.7691092e-02
   3.0000000e+01   2.8422133e-02   4.8944518e-02
   3.0100000e+01  -1.0763867e-02   4.8960575e-02
   3.0200000e+01   8.7027811e-03   6.7804541e-03
   3.0300000e+01   6.5387202e-02  -5.1375511e-02
   3.0400000e+01   1.0134824e-01  -6.9004891e-02
   3.0500000e+01   8.4985390e-02  -2.0042133e-02
   3.0600000e+01   4.5707992e-02   5.5482961e-02
   3.0700000e+01   4.1586141e-02   8.5494724e-02
   3.0800000e+01   9.0918363e-02   3.6825437e-02
   3.0900000e+01   1.4472147e-01  -4.9937174e-02
   3.1000000e+01   1.3853525e-01  -9.7851790e-02
   3.1100000e+01   6.9580238e-02  -6.8662033e-02
   3.1200000e+01   7.4335696e-03  -3.4485484e-03
   3.1300000e+01   1.9587142e-02   1.5210058e-02
   3.1400000e+01   9.6360777e-02  -5.0097654e-02
   3.1500000e+01   1.6360194e-01  -1.4314827e-01
   3.1600000e+01   1.6643151e-01  -1.6557933e-01
   3.1700000e+01   1.2314518e-01  -8.6175569e-02
   3.1800000e+01   9.0319872e-02   1.2422152e-02
   3.1900000e+01   9.1507898e-02   1.6346355e-02
   3.2000000e+01   9.9811611e-02  -8.8410746e-02
   3.2100000e+01   8.6974552e-02  -1.8817848e-01
   3.2200000e+01   6.6078397e-02  -1.6045519e-01
   3.2300000e+01   7.1312725e-02  -1.0373644e-02
   3.2400000e+01   1.0684151e-01   1.3140332e-01
   3.2500000e+01   1.3658189e-01   1.4667552e-01
   3.2600000e+01   1.2867462e-01   4.5561328e-02
   3.2700000e+01   9.4191429e-02  -6.3521399e-02
   3.2800000e+01   6.7791556e-02  -9.8909828e-02
   3.2900000e+01   5.5928324e-02  -7.6181242e-02
   3.3000000e+01   2.3096547e-02  -5.9699604e-02
   3.3100000e+01  -6.0412984e-02  -7.6680492e-02
   3.3200000e+01  -1.6670702e-01  -1.0021658e-01
   3.3300000e+01  -2.2488017e-01  -1.0168603e-01
   3.3400000e+01  -1.9634588e-01  -8.8202068e-02
   3.3500000e+01  -1.2723891e-01  -7.9687118e-02
   3.3600000e+01  -1.1005988e-01  -7.1633035e-02
   3.3700000e+01  -1.8681060e-01  -4.3733042e-02
   3.3800000e+01  -2.9835507e-01  -1.1324939e-03
   3.3900000e+01  -3.4054356e-01   1.5868581e-02
   3.4000000e+01  -2.6972893e-01  -2.4247377e-02
   3.4100000e+01  -1.4317982e-01  -9.9070473e-02
   3.4200000e+01  -5.3168513e-02  -1.4501376e-01
   3.4300000e+01  -3.3338358e-02  -1.1919219e-01
   3.4400000e+01  -4.1319257e-02  -4.4430273e-02
   3.4500000e+01  -2.5599495e-02   1.1254826e-02
   3.4600000e+01   1.2790498e-02   1.7755432e-03
   3.4700000e+01   3.5817374e-02  -4.9609980e-02
   3.4800000e+01   3.0680784e-02  -7.2660941e-02
   3.4900000e+01   3.2243036e-02  -2.5368298e-02
   3.5000000e+01   7.5717818e-02   5.4223950e-02
   3.5100000e+01   1.4218900e-01   8.2461886e-02
   3.5200000e+01   1.7100562e-01   2.3278902e-02
   3.5300000e+01   1.3048293e-01  -6.4008395e-02
   3.5400000e+01   6.3456345e-02  -8.6671232e-02
   3.5500000e+01   4.8406688e-02  -2.4776046e-02
   3.5600000e+01   1.1351294e-01   4.7153156e-02
   3.5700000e+01   1.9832118e-01   5.3518179e-02
   3.5800000e+01   2.0876528e-01   1.0556832e-02
   3.5900000e+01   1.1044437e-01   1.5025332e-03
   3.6000000e+01  -3.5284412e-02   6.8213733e-02
   3.6100000e+01  -1.2603297e-01   1.5924322e-01
   3.6200000e+01  -1.0613364e-01   1.9522894e-01
   3.6300000e+01  -5.8414225e-03   1.6048389e-01
   3.6400000e+01   9.2943557e-02   1.0821957e-01
   3.6500000e+01   1.2324686e-01   8.9822887e-02
   3.6600000e+01   7.6514757e-02   1.0759222e-01
   3.6700000e+01  -1.1228755e-03   1.3673820e-01
   3.6800000e+01  -4.8188040e-02   1.6457306e-01
   3.6900000e+01  -3.2613652e-02   1.9111478e-01
   3.7000000e+01   2.8564761e-02   2.0720154e-01
   3.7100000e+01   8.6786794e-02   1.9455727e-01
   3.7200000e+01   9.9931265e-02   1.4744104e-01
   3.7300000e+01   5.9532131e-02   8.1808836e-02
   3.7400000e+01  -8.3737286e-03   2.3475248e-02
   3.7500000e+01  -6.1145756e-02  -3.4832710e-03
   3.7600000e+01  -6.4972666e-02   1.7622482e-02
   3.7700000e+01  -2.1372549e-02   8.1819222e-02
   3.7800000e+01   2.3031836e-02   1.4854401e-01
   3.7900000e+01   8.8048783e-03   1.6295266e-01
   3.8000000e+01  -7.3136043e-02   1.1049409e-01
   3.8100000e+01  -1.5341305e-01   4.1270986e-02
   3.8200000e+01  -1.4327439e-01   1.8003999e-02
   3.8300000e+01  -3.3718788e-02   3.9161463e-02
   3.8400000e+01   8.0680484e-02   3.6201284e-02
   3.8500000e+01   9.6038513e-02  -4.0822464e-02
   3.8600000e+01   1.0406795e-02  -1.5094663e-01
   3.8700000e+01  -7.9620839e-02  -1.9583721e-01
   3.8800000e+01  -9.2737776e-02  -1.2384641e-01
   3.8900000e+01  -4.8516537e-02   1.3822381e-02
   3.9000000e+01  -2.6557933e-02   1.1200767e-01
   3.9100000e+01  -6.1669723e-02   1.0505622e-01
   3.9200000e+01  -1.0861752e-01   1.1799531e-02
   3.9300000e+01  -1.0836402e-01  -9.4532866e-02
   3.9400000e+01  -5.9129601e-02  -1.4939999e-01
   3.9500000e+01  -6.2238582e-03  -1.4125854e-01
   3.9600000e+01   1.8485767e-02  -1.1070598e-01
   3.9700000e+01   2.0209539e-02  -1.0698877e-01
   3.9800000e+01   8.8279162e-03  -1.3650236e-01
   3.9900000e+01  -2.7402339e-02  -1.5560821e-01
   4.0000000e+01  -9.9157129e-02  -1.2362898e-01
   4.0100000e+01  -1.8142854e-01  -5.9728711e-02
   4.0200000e+01  -2.2396852e-01  -3.1084269e-02
   4.0300000e+01  -1.9928761e-01  -7.9557593e-02
   4.0400000e+01  -1.2820879e-01  -1.7449625e-01
   4.0500000e+01  -5.3851568e-02  -2.4741741e-01
   4.0600000e+01  -8.7511379e-05  -2.5918148e-01
   4.0700000e+01   3.8309879e-02  -2.1764706e-01
   4.0800000e+01   7.3414153e-02  -1.4416739e-01
   4.0900000e+01   1.0394807e-01  -5.5245596e-02
   4.1000000e+01   1.1676091e-01   1.8316839e-02
   4.1100000e+01   1.0095934e-01   2.9450980e-02
   4.1200000e+01   6.0623119e-02  -3.6715436e-02
   4.1300000e+01   1.9843762e-02  -1.2312151e-01
   4.1400000e+01   1.3760525e-02  -1.4214365e-01
   4.1500000e+01   6.3164496e-02  -6.6319522e-02
   4.1600000e+01   1.5067937e-01   4.0360287e-02
   4.1700000e+01   2.2703592e-01   9.2017498e-02
   4.1800000e+01   2.4870791e-01   6.7462685e-02
   4.1900000e+01   2.1088564e-01   1.5252825e-02
   4.2000000e+01   1.4442286e-01  -1.2970099e-02
   4.2100000e+01   8.7384158e-02  -1.0879688e-02
   4.2200000e+01   6.3004153e-02  -1.3690455e-03
   4.2300000e+01   7.3876935e-02   1.9585743e-03
   4.2400000e+01   1.0131874e-01   2.0024329e-03
   4.2500000e+01   1.1105271e-01   2.6935481e-04
   4.2600000e+01   7.7201951e-02  -7.4750007e-03
   4.2700000e+01   1.1165017e-02  -1.6598063e-02
   4.2800000e+01  -4.2485947e-02  -1.0202833e-02
   4.2900000e+01  -5.0447016e-02   2.0539491e-02
   4.3000000e+01  -2.7008048e-02   5.8879023e-02
   4.3100000e+01  -1.5916321e-02   7.4027438e-02
   4.3200000e+01  -3.9120461e-02   5.0197792e-02
   4.3300000e+01  -7.5757696e-02   1.0131355e-03
   4.3400000e+01  -9.2418582e-02  -4.1821929e-02
   4.3500000e+01  -8.0375982e-02  -4.8804523e-02
   4.3600000e+01  -5.6254347e-02  -6.2469315e-03
   4.3700000e+01  -3.7571657e-02   7.5536361e-02
   4.3800000e+01  -2.9678192e-02   1.5884265e-01
   4.3900000e+01  -3.0578102e-02   1.9324151e-01
   4.4000000e+01  -3.4321974e-02   1.5343141e-01
   4.4100000e+01  -2.9932255e-02   7.1496983e-02
   4.4200000e+01  -1.0634443e-02   2.2042780e-02
   4.4300000e+01   1.1818171e-02   6.0539684e-02
   4.4400000e+01   1.5039270e-02   1.7125393e-01
   4.4500000e+01  -2.5640176e-03   2.7915227e-01
   4.4600000e+01  -9.4449474e-03   3.1446704e-01
   4.4700000e+01   2.2725704e-02   2.6553621e-01
   4.4800000e+01   7.1888541e-02   1.7573639e-01
   4.4900000e+01   7.4179251e-02   1.0120553e-01
   4.5000000e+01  -8.0551615e-03   7.3019662e-02
   4.5100000e+01  -1.3510452e-01   8.4923649e-02
   4.5200000e+01  -2.2085132e-01   1.0284134e-01
   4.5300000e+01  -2.1568035e-01   9.0835124e-02
   4.5400000e+01  -1.4910065e-01   4.3781339e-02
   4.5500000e+01  -8.8034515e-02  -1.9545560e-03
   4.5600000e+01  -6.4743228e-02  -2.8743703e-03
   4.5700000e+01  -5.7484777e-02   3.9521021e-02
   4.5800000e+01  -3.6699984e-02   7.1509889e-02
   4.5900000e+01  -9.6633007e-03   4.3357318e-02
   4.6000000e+01  -4.8946268e-03  -3.3982341e-02
   4.6100000e+01  -2.1682997e-02  -1.0225297e-01
   4.6200000e+01  -2.1362291e-02  -1.2301379e-01
   4.6300000e+01   1.6340460e-02  -1.1408562e-01
   4.6400000e+01   4.4640801e-02  -1.1486290e-01
   4.6500000e+01  -9.8398373e-03  -1.3408011e-01
   4.6600000e+01  -1.4565086e-01  -1.4845535e-01
   4.6700000e+01  -2.5005488e-01  -1.4332094e-01
   4.6800000e+01  -1.9855409e-01  -1.3180686e-01
   4.6900000e+01   3.0169105e-03  -1.2938245e-01
   4.7000000e+01   2.0028207e-01  -1.2786256e-01
   4.7100000e+01   2.3420821e-01  -1.0934324e-01
   4.7200000e+01   9.6489945e-02  -7.8337236e-02
   4.7300000e+01  -7.2573449e-02  -6.2706848e-02
   4.7400000e+01  -1.3289136e-01  -7.7273811e-02
   4.7500000e+01  -6.8733132e-02  -9.6090393e-02
   4.7600000e+01   3.5210903e-02  -7.2884878e-02
   4.7700000e+01   1.0694618e-01   5.8220632e-03
   4.7800000e+01   1.4419259e-01   9.1101265e-02
   4.7900000e+01   1.6918429e-01   1.0518640e-01
   4.8000000e+01   1.7132891e-01   1.6597672e-02
   4.8100000e+01   1.2507376e-01  -1.1584880e-01
   4.8200000e+01   5.0033653e-02  -1.8600791e-01
   4.8300000e+01   1.4696210e-02  -1.4047202e-01
   4.8400000e+01   6.1831291e-02  -3.3779419e-02
   4.8500000e+01   1.4705074e-01   2.8033761e-02
   4.8600000e+01   1.7746603e-01  -4.2114140e-04
   4.8700000e+01   1.1490401e-01  -6.1928093e-02
   4.8800000e+01   2.2216745e-02  -7.1629167e-02
   4.8900000e+01  -6.0327134e-03  -1.5722692e-02
   4.9000000e+01   5.0300398e-02   4.3642219e-02
   4.9100000e+01   1.1650922e-01   5.1697698e-02
   4.9200000e+01   1.0828672e-01   1.9405590e-02
   4.9300000e+01   2.1360801e-02  -9.1285808e-03
   4.9400000e+01  -7.1466669e-02  -1.8593030e-02
   4.9500000e+01  -9.9661487e-02  -2.4167828e-02
   4.9600000e+01  -5.6678531e-02  -2.4433702e-02
   4.9700000e+01   1.0332132e-02   9.1845162e-03
   4.9800000e+01   5.0873003e-02   8.3144704e-02
   4.9900000e+01   4.4977452e-02   1.4981448e-01
   5.0000000e+01   5.5089646e-03   1.5307397e-01
   5.0100000e+01  -3.5035817e-02   9.7685013e-02
   5.0200000e+01  -4.5818839e-02   4.5539971e-02
   5.0300000e+01  -2.4071954e-02   3.8083137e-02
   5.0400000e+01  -3.0195357e-03   4.5823670e-02
   5.0500000e+01  -1.8991649e-02   1.0131299e-02
   5.0600000e+01  -6.4664877e-02  -7.9050616e-02
   5.0700000e+01  -8.9017797e-02  -1.6681879e-01
   5.0800000e+01  -5.5898756e-02  -1.9038344e-01
   5.0900000e+01   7.9782097e-03  -1.3591327e-01
   5.1000000e+01   4.1808416e-02  -4.0589307e-02
   5.1100000e+01   2.3993171e-02   4.1468529e-02
   5.1200000e+01  -6.0489051e-03   6.9195920e-02
   5.1300000e+01  -7.3382612e-03   3.2837737e-02
   5.1400000e+01   3.8314041e-03  -3.5820396e-02
   5.1500000e+01  -2.1480956e-02  -7.9351418e-02
   5.1600000e+01  -8.9873515e-02  -6.4790765e-02
   5.1700000e+01  -1.4555618e-01  -2.2028358e-02
   5.1800000e+01  -1.3563634e-01  -1.2534382e-02
   5.1900000e+01  -7.2833609e-02  -4.9642310e-02
   5.2000000e+01  -1.2862965e-02  -6.9054254e-02
   5.2100000e+01   1.6155818e-02  -2.2373775e-03
   5.2200000e+01   3.2379576e-02   1.2694749e-01
   5.2300000e+01   4.9603190e-02   2.0834669e-01
   5.2400000e+01   4.2944243e-02   1.6268427e-01
   5.2500000e+01  -1.2357473e-02   3.5409646e-02
   5.2600000e+01  -8.7877432e-02  -4.8942264e-02
   5.2700000e+01  -1.2091666e-01  -2.1894552e-02
   5.2800000e+01  -8.7742056e-02   6.3181474e-02
   5.2900000e+01  -3.1950472e-02   1.0733381e-01
   5.3000000e+01  -9.8749523e-03   8.3372833e-02
   5.3100000e+01  -2.8149934e-02   4.9935996e-02
   5.3200000e+01  -5.1379834e-02   5.6343646e-02
   5.3300000e+01  -5.5706103e-02   7.2266677e-02
   5.3400000e+01  -5.0148983e-02   3.7159288e-02
   5.3500000e+01  -4.8616405e-02  -4.0581229e-02
   5.3600000e+01  -4.6266408e-02  -7.6154256e-02
   5.3700000e+01  -3.3178062e-02  -1.3420106e-02
   5.3800000e+01  -1.5199540e-02   9.2281105e-02
   5.3900000e+01  -7.8009507e-03   1.2940998e-01
   5.4000000e+01  -1.6364635e-02   6.3481227e-02
   5.4100000e+01  -3.1717091e-02  -1.7305345e-02
   5.4200000e+01  -3.8507677e-02  -4.5673413e-03
   5.4300000e+01  -2.0333039e-02   1.0228802e-01
   5.4400000e+01   3.2320549e-02   1.9478941e-01
   5.4500000e+01   1.0292198e-01   1.7688383e-01
   5.4600000e+01   1.4400005e-01   6.3554786e-02
   5.4700000e+01   1.1524666e-01  -4.8039506e-02
   5.4800000e+01   3.4424959e-02  -8.3782019e-02
   5.4900000e+01  -2.8044819e-02  -4.9303515e-02
   5.5000000e+01  -2.0713252e-02   6.3239990e-03
   5.5100000e+01   3.2603291e-02   5.1471392e-02
   5.5200000e+01   6.4208372e-02   8.2423955e-02
   5.5300000e+01   4.3642088e-02   9.3435854e-02
   5.5400000e+01   6.8847967e-03   6.7533273e-02
   5.5500000e+01   3.0784753e-03   5.2933918e-03
   5.5600000e+01   3.4706007e-02  -5.6713547e-02
   5.5700000e+01   6.5068260e-02  -7.6517350e-02
   5.5800000e+01   6.9900539e-02  -5.3974904e-02
   5.5900000e+01   5.8612858e-02  -3.1694420e-02
   5.6000000e+01   4.6525897e-02  -4.4003006e-02
   5.6100000e+01   2.9819477e-02  -7.7951956e-02
   5.6200000e+01   6.7999620e-04  -9.6075844e-02
   5.6300000e+01  -2.5747317e-02  -8.9019136e-02
   5.6400000e+01  -1.8188969e-02  -8.6834515e-02
   5.6500000e+01   3.4636503e-02  -1.1421030e-01
   5.6600000e+01   1.0408327e-01  -1.5105723e-01
   5.6700000e+01   1.4243640e-01  -1.5374390e-01
   5.6800000e+01   1.2181038e-01  -1.1248714e-01
   5.6900000e+01   5.3815419e-02  -7.1540076e-02
   5.7000000e+01  -2.2704548e-02  -8.2656551e-02
   5.7100000e+01  -7.0519607e-02  -1.4315959e-01
   5.7200000e+01  -7.6165037e-02  -1.9063344e-01
   5.7300000e+01  -5.1489178e-02  -1.6449442e-01
   5.7400000e+01  -1.7562435e-02  -7.0756539e-02
   5.7500000e+01   1.2024308e-02   1.9778466e-02
   5.7600000e+01   3.2979796e-02   4.0769909e-02
   5.7700000e+01   4.0208885e-02  -4.6585965e-03
   5.7800000e+01   2.3771935e-02  -5.2070292e-02
   5.7900000e+01  -1.9557964e-02  -4.6287793e-02
   5.8000000e+01  -7.2569802e-02   5.3852145e-03
   5.8100000e+01  -1.0321083e-01   5.3259418e-02
   5.8200000e+01  -9.1236188e-02   6.5585556e-02
   5.8300000e+01  -5.0537829e-02   5.3379271e-02
   5.8400000e+01  -1.9297859e-02   3.9675931e-02
   5.8500000e+01  -2.1316136e-02   2.7046232e-02
   5.8600000e+01  -3.8221382e-02   8.3589275e-03
   5.8700000e+01  -2.9315608e-02  -4.7922994e-03
   5.8800000e+01   1.6375225e-02   1.3673324e-02
   5.8900000e+01   5.8488034e-02   7.0308078e-02
   5.9000000e+01   5.0841135e-02   1.3666403e-01
   5.9100000e+01   5.6921620e-03   1.7230352e-01
   5.9200000e+01  -9.8490753e-03   1.5512082e-01
   5.9300000e+01   4.4712484e-02   9.0578674e-02
   5.9400000e+01   1.2152422e-01   8.2005321e-03
   5.9500000e+01   1.3087659e-01  -4.4811300e-02
   5.9600000e+01   5.0618264e-02  -2.8366999e-02
   5.9700000e+01  -3.7367567e-02   4.7449830e-02
   5.9800000e+01  -3.7739017e-02   1.1089335e-01
   5.9900000e+01   4.6095653e-02   8.9440198e-02
   6.0000000e+01   1.1549382e-01  -6.2758303e-03
   6.0100000e+01   9.2481750e-02  -7.8535621e-02
   6.0200000e+01   8.3371791e-03  -4.1600584e-02
   6.0300000e+01  -3.8598137e-02   8.2025735e-02
   6.0400000e+01  -1.4993157e-03   1.8110371e-01
   6.0500000e+01   6.0413525e-02   1.7007517e-01
   6.0600000e+01   5.2170327e-02   6.9169513e-02
   6.0700000e+01  -4.4578550e-02  -3.0575039e-02
   6.0800000e+01  -1.4523774e-01  -6.3601244e-02
   6.0900000e+01  -1.5380073e-01  -3.9082983e-02
   6.1000000e+01  -7.2755346e-02  -7.4908719e-03
   6.1100000e+01  -6.0499734e-03  -1.7580594e-03
   6.1200000e+01  -4.3240786e-02  -1.7852191e-02
   6.1300000e+01  -1.5071829e-01  -3.7298611e-02
   6.1400000e+01  -2.0074600e-01  -5.0031879e-02
   6.1500000e+01  -1.1718313e-01  -5.2589409e-02
   6.1600000e+01   2.7244258e-02  -3.7247629e-02
   6.1700000e+01   8.3514630e-02   2.1775635e-03
   6.1800000e+01  -7.3958559e-03   5.0291805e-02
   6.1900000e+01  -1.4795033e-01   6.5682807e-02
   6.2000000e+01  -1.9594534e-01   1.1345439e-02
   6.2100000e+01  -1.2084005e-01  -1.0223243e-01
   6.2200000e+01  -2.1866619e-02  -2.0909619e-01
   6.2300000e+01   1.6538055e-03  -2.3574068e-01
   6.2400000e+01  -3.7486718e-02  -1.6618888e-01
   6.2500000e+01  -4.8598784e-02  -5.8135755e-02
   6.2600000e+01   1.4602685e-02   1.1694845e-02
   6.2700000e+01   9.9880245e-02   1.8754811e-02
   6.2800000e+01   1.2670233e-01   2.0986676e-03
   6.2900000e+01   8.1816084e-02   5.3616501e-03
   6.3000000e+01   2.3783858e-02   2.0101579e-02
   6.3100000e+01   4.0732653e-03   3.3497466e-03
   6.3200000e+01   1.1306092e-02  -5.1702555e-02
   6.3300000e+01   3.6168826e-03  -8.6300248e-02
   6.3400000e+01  -2.2214915e-02  -3.6933369e-02
   6.3500000e+01  -1.9365894e-02   8.1149337e-02
   6.3600000e+01   4.4979588e-02   1.7451028e-01
   6.3700000e+01   1.3041991e-01   1.6607852e-01
   6.3800000e+01   1.4979652e-01   7.7199621e-02
   6.3900000e+01   6.3143966e-02   2.4023502e-03
   6.4000000e+01  -6.4613913e-02   8.0973610e-03
   6.4100000e+01  -1.1704075e-01   7.0211376e-02
   6.4200000e+01  -4.5748492e-02   1.1181873e-01
   6.4300000e+01   7.0488388e-02   8.7969848e-02
   6.4400000e+01   9.9696358e-02   2.6072970e-02
   6.4500000e+01  -6.0920225e-03  -8.6498439e-03
   6.4600000e+01  -1.5671455e-01   2.1841758e-02
   6.4700000e+01  -2.1552567e-01   9.4198142e-02
   6.4800000e+01  -1.3970786e-01   1.4622136e-01
   6.4900000e+01  -1.6421038e-02   1.3434211e-01
   6.5000000e+01   4.0747454e-02   7.3623766e-02
   6.5100000e+01   1.2978306e-02   1.8895422e-02
   6.5200000e+01  -2.0958962e-02   3.2034441e-03
   6.5300000e+01   7.7352237e-03   2.5282959e-03
   6.5400000e+01   7.5503321e-02  -2.8316808e-02
   6.5500000e+01   1.0486477e-01  -9.1656615e-02
   6.5600000e+01   6.7293929e-02  -1.3877881e-01
   6.5700000e+01   1.9048552e-02  -1.3046436e-01
   6.5800000e+01   2.8307835e-02  -8.5509055e-02
   6.5900000e+01   8.9523621e-02  -5.2693816e-02
   6.6000000e+01   1.3404782e-01  -4.8677068e-02
   6.6100000e+01   1.2160705e-01  -4.9324339e-02
   6.6200000e+01   9.3591230e-02  -3.9825652e-02
   6.6300000e+01   1.1726366e-01  -4.1886089e-02
   6.6400000e+01   1.8985127e-01  -7.4224135e-02
   6.6500000e+01   2.2686891e-01  -1.0814318e-01
   6.6600000e+01   1.5762697e-01  -9.3239932e-02
   6.6700000e+01   1.6046364e-02  -2.6194141e-02
   6.6800000e+01  -8.5862996e-02   3.3372537e-02
   6.6900000e+01  -7.6995659e-02   2.9608901e-02
   6.7000000e+01  -2.7419504e-03  -2.1687510e-02
   6.7100000e+01   3.0300923e-02  -5.0079288e-02
   6.7200000e+01  -2.2435533e-02  -1.3309895e-02
   6.7300000e+01  -9.2390659e-02   5.1079001e-02
   6.7400000e+01  -7.6388337e-02   6.3328868e-02
   6.7500000e+01   4.3478553e-02  -1.2674995e-02
   6.7600000e+01   1.7215514e-01  -1.2355387e-01
   6.7700000e+01   1.9691981e-01  -1.6694036e-01
   6.7800000e+01   1.0137000e-01  -8.3626944e-02
   6.7900000e+01  -2.4549126e-02   8.1897705e-02
   6.8000000e+01  -8.3979395e-02   2.1207745e-01
   6.8100000e+01  -6.7674669e-02   2.1619139e-01
   6.8200000e+01  -4.2452802e-02   1.0781313e-01
   6.8300000e+01  -6.0139152e-02  -1.5230534e-02
   6.8400000e+01  -1.0192791e-01  -6.5703360e-02
   6.8500000e+01  -1.1799080e-01  -3.7439543e-02
   6.8600000e+01  -9.8882090e-02   1.3645461e-02
   6.8700000e+01  -8.2436505e-02   3.8867489e-02
   6.8800000e+01  -9.3820985e-02   3.0720627e-02
   6.8900000e+01  -1.0643292e-01  -1.3580284e-03
   6.9000000e+01  -7.7950978e-02  -5.6459241e-02
   6.9100000e+01  -1.0751848e-02  -1.2454489e-01
   6.9200000e+01   4.4981313e-02  -1.6107373e-01
   6.9300000e+01   4.6681640e-02  -1.1394851e-01
   6.9400000e+01  -9.2861104e-04   1.1186866e-02
   6.9500000e+01  -6.5994183e-02   1.3143654e-01
   6.9600000e+01  -1.2949932e-01   1.5567103e-01
   6.9700000e+01  -1.8766429e-01   7.4572778e-02
   6.9800000e+01  -2.2475212e-01  -3.0996783e-02
   6.9900000e+01  -2.1018635e-01  -7.3952207e-02
   7.0000000e+01  -1.3410364e-01  -4.1848551e-02
   7.0100000e+01  -3.2338180e-02   9.7630680e-03
   7.0200000e+01   4.0309250e-02   2.8768739e-02
   7.0300000e+01   6.1245469e-02   1.4354718e-02
   7.0400000e+01   5.5438813e-02  -9.2694443e-04
   7.0500000e+01   6.0612138e-02   4.3794266e-03
   7.0600000e+01   8.7739728e-02   2.2829151e-02
   7.0700000e+01   1.1916095e-01   3.2054504e-02
   7.0800000e+01   1.3451262e-01   1.5210256e-02
   7.0900000e+01   1.2716670e-01  -2.4107241e-02
   7.1000000e+01   9.8570235e-02  -5.4371295e-02
   7.1100000e+01   4.9805094e-02  -3.1362825e-02
   7.1200000e+01  -1.4210237e-02   5.6623056e-02
   7.1300000e+01  -7.6988990e-02   1.5382319e-01
   7.1400000e+01  -1.1476676e-01   1.7039956e-01
   7.1500000e+01  -1.1210743e-01   7.3144653e-02
   7.1600000e+01  -7.4799974e-02  -6.3374675e-02
   7.1700000e+01  -2.8945806e-02  -1.1847677e-01
   7.1800000e+01  -5.2216947e-03  -4.4353627e-02
   7.1900000e+01  -1.6720169e-02   8.9196610e-02
   7.2000000e+01  -4.6899334e-02   1.7299493e-01
   7.2100000e+01  -6.2371551e-02   1.6534146e-01
   7.2200000e+01  -4.3925869e-02   1.0968735e-01
   7.2300000e+01  -5.0534835e-03   6.3183887e-02
   7.2400000e+01   2.5129129e-02   3.6734940e-02
   7.2500000e+01   3.6743812e-02   9.7153781e-03
   7.2600000e+01   4.8233726e-02  -2.3640317e-02
   7.2700000e+01   7.4916123e-02  -4.7492196e-02
   7.2800000e+01   9.5644291e-02  -5.6709093e-02
   7.2900000e+01   6.5451715e-02  -6.9427178e-02
   7.3000000e+01  -3.0800811e-02  -9.6019161e-02
   7.3100000e+01  -1.4266385e-01  -1.1066419e-01
   7.3200000e+01  -1.8372211e-01  -7.4196690e-02
   7.3300000e+01  -1.0650603e-01   1.2176272e-02
   7.3400000e+01   4.8088824e-02   8.9886701e-02
   7.3500000e+01   1.7741809e-01   9.2269828e-02
   7.3600000e+01   1.9946090e-01   1.1753306e-02
   7.3700000e+01   1.1833605e-01  -8.8016466e-02
   7.3800000e+01   1.5450765e-02  -1.3094439e-01
   7.3900000e+01  -2.3529395e-02  -9.8900491e-02
   7.4000000e+01   2.1479022e-02  -4.2553109e-02
   7.4100000e+01   9.9081900e-02  -2.4139176e-02
   7.4200000e+01   1.4221753e-01  -5.4148909e-02
   7.4300000e+01   1.2696991e-01  -8.7635153e-02
   7.4400000e+01   8.1327909e-02  -7.9412455e-02
   7.4500000e+01   4.7662049e-02  -3.4024502e-02
   7.4600000e+01   4.5791665e-02   3.1040327e-03
   7.4700000e+01   6.9039833e-02  -3.3680533e-03
   7.4800000e+01   1.0065514e-01  -4.7047470e-02
   7.4900000e+01   1.2216079e-01  -9.6246654e-02
   7.5000000e+01   1.1228126e-01  -1.2569543e-01
   7.5100000e+01   5.7388256e-02  -1.2333933e-01
   7.5200000e+01  -2.6344084e-02  -8.1135162e-02
   7.5300000e+01  -9.1817489e-02  -3.7645364e-03
   7.5400000e+01  -1.0015120e-01   7.1171140e-02
   7.5500000e+01  -6.4236503e-02   8.7465002e-02
   7.5600000e+01  -3.9722415e-02   2.7857684e-02
   7.5700000e+01  -6.2759623e-02  -4.9890057e-02
   7.5800000e+01  -1.0501001e-01  -5.9563708e-02
   7.5900000e+01  -1.0529571e-01   2.1137113e-02
   7.6000000e+01  -4.5770199e-02   1.1846237e-01
   7.6100000e+01   1.9382409e-02   1.3593828e-01
   7.6200000e+01   2.1858841e-02   5.5367947e-02
   7.6300000e+01  -4.2336669e-02  -4.4551701e-02
   7.6400000e+01  -1.0717130e-01  -6.7257366e-02
   7.6500000e+01  -1.1047035e-01   1.1679101e-02
   7.6600000e+01  -5.9888898e-02   1.2793901e-01
   7.6700000e+01  -1.5336182e-02   1.8866667e-01
   7.6800000e+01  -1.3828987e-02   1.5049049e-01
   7.6900000e+01  -2.9887220e-02   5.3935353e-02
   7.7000000e+01  -1.7410132e-02  -1.2546322e-02
   7.7100000e+01   2.3295057e-02   4.8553567e-03
   7.7200000e+01   4.1309329e-02   6.8356638e-02
   7.7300000e+01   2.5034351e-03   8.4596607e-02
   7.7400000e+01  -5.6226348e-02   1.1104588e-02
   7.7500000e+01  -5.9980779e-02  -8.4179814e-02
   7.7600000e+01   1.7004156e-02  -9.4157221e-02
   7.7700000e+01   1.1513378e-01  -2.3259429e-03
   7.7800000e+01   1.5146384e-01   9.0184539e-02
   7.7900000e+01   1.0764682e-01   8.5012101e-02
   7.8000000e+01   4.0093662e-02   7.2485226e-03
   7.8100000e+01   5.9439852e-03  -3.1363872e-02
   7.8200000e+01   3.4861939e-04   1.7828306e-02
   7.8300000e+01  -2.1227172e-02   7.5318288e-02
   7.8400000e+01  -7.3394946e-02   4.2627602e-02
   7.8500000e+01  -1.1604304e-01  -5.7351720e-02
   7.8600000e+01  -1.0081030e-01  -9.8309654e-02
   7.8700000e+01  -2.5568446e-02  -1.0417838e-02
   7.8800000e+01   6.5198048e-02   1.2154548e-01
   7.8900000e+01   1.2192722e-01   1.4959570e-01
   7.9000000e+01   1.2125870e-01   3.3455967e-02
   7.9100000e+01   6.8348057e-02  -1.1420866e-01
   7.9200000e+01  -9.8959876e-03  -1.5568777e-01
   7.9300000e+01  -7.2388936e-02  -7.3509212e-02
   7.9400000e+01  -8.6472155e-02   2.7474325e-02
   7.9500000e+01  -5.8470638e-02   4.4387546e-02
   7.9600000e+01  -3.2269443e-02  -2.4088565e-02
   7.9700000e+01  -4.1619589e-02  -1.0069961e-01
   7.9800000e+01  -6.8061498e-02  -1.2224168e-01
   7.9900000e+01  -6.3814808e-02  -8.7083375e-02
   8.0000000e+01  -1.6832284e-02  -2.5819246e-02
