   1.0221618e+02   2.8602761e+01   2.5212700e+03
   1.0222339e+02   2.8133718e+01   1.8510000e+03
   0.0000000e+00  -7.0713005e-01  -7.0713005e-01
   1.0000000e-01  -7.2185777e-01  -6.6417548e-01
   2.0000000e-01  -7.3500745e-01  -5.7657754e-01
   3.0000000e-01  -7.5802920e-01  -4.5856877e-01
   4.0000000e-01  -7.8449727e-01  -3.4410817e-01
   5.0000000e-01  -8.0657336e-01  -2.5467112e-01
   6.0000000e-01  -8.2468349e-01  -1.8260912e-01
   7.0000000e-01  -8.3794824e-01  -1.0858091e-01
   8.0000000e-01  -8.3202740e-01  -2.9696483e-02
   9.0000000e-01  -7.8672104e-01   3.7030922e-02
   1.0000000e+00  -6.9945253e-01   7.8355597e-02
   1.1000000e+00  -5.9563961e-01   1.0361204e-01
   1.2000000e+00  -5.0715294e-01   1.3503896e-01
   1.3000000e+00  -4.3754893e-01   1.8354445e-01
   1.4000000e+00  -3.5339549e-01   2.4007535e-01
   1.5000000e+00  -2.1627120e-01   2.8928095e-01
   1.6000000e+00  -2.4492747e-02   3.2421628e-01
   1.7000000e+00   1.8008813e-01   3.4514479e-01
   1.8000000e+00   3.4842069e-01   3.5107299e-01
   1.9000000e+00   4.6562628e-01   3.4108629e-01
   2.0000000e+00   5.5576792e-01   3.2380481e-01
   2.1000000e+00   6.5003871e-01   3.1705909e-01
   2.2000000e+00   7.5581508e-01   3.3108342e-01
   2.3000000e+00   8.5638837e-01   3.5250976e-01
   2.4000000e+00   9.3308582e-01   3.5047746e-01
   2.5000000e+00   9.8025035e-01   3.0344816e-01
   2.6000000e+00   1.0000000e+00   2.2233656e-01
   2.7000000e+00   9.9130717e-01   1.4778749e-01
   2.8000000e+00   9.5130854e-01   1.2276683e-01
   2.9000000e+00   8.8571086e-01   1.6195069e-01
   3.0000000e+00   8.1038650e-01   2.4054225e-01
   3.1000000e+00   7.3754070e-01   3.1034149e-01
   3.2000000e+00   6.6190786e-01   3.3242853e-01
   3.3000000e+00   5.6602096e-01   3.0396234e-01
   3.4000000e+00   4.4245771e-01   2.5846822e-01
   3.5000000e+00   3.0951060e-01   2.3717799e-01
   3.6000000e+00   2.0084974e-01   2.5368222e-01
   3.7000000e+00   1.3645964e-01   2.8318559e-01
   3.8000000e+00   1.0275877e-01   2.8698834e-01
   3.9000000e+00   6.1901371e-02   2.4861654e-01
   4.0000000e+00  -1.8019104e-02   1.8627238e-01
   4.1000000e+00  -1.3935424e-01   1.3197470e-01
   4.2000000e+00  -2.7666215e-01   1.0268811e-01
   4.3000000e+00  -3.9722566e-01   9.2736764e-02
   4.4000000e+00  -4.7918091e-01   8.7939272e-02
   4.5000000e+00  -5.1544307e-01   7.8809289e-02
   4.6000000e+00  -5.0983556e-01   6.0129780e-02
   4.7000000e+00  -4.7585107e-01   2.7464330e-02
   4.8000000e+00  -4.3629775e-01  -1.7963880e-02
   4.9000000e+00  -4.1434434e-01  -6.4625316e-02
   5.0000000e+00  -4.1716833e-01  -1.0054119e-01
   5.1000000e+00  -4.2858293e-01  -1.3000262e-01
   5.2000000e+00  -4.2260565e-01  -1.7267123e-01
   5.3000000e+00  -3.8687044e-01  -2.3955841e-01
   5.4000000e+00  -3.3176720e-01  -3.1365811e-01
   5.5000000e+00  -2.7698524e-01  -3.6257627e-01
   5.6000000e+00  -2.3294292e-01  -3.7147280e-01
   5.7000000e+00  -1.9750907e-01  -3.5728094e-01
   5.8000000e+00  -1.6623795e-01  -3.4735809e-01
   5.9000000e+00  -1.3854519e-01  -3.4954023e-01
   6.0000000e+00  -1.1345709e-01  -3.4928988e-01
   6.1000000e+00  -8.7310267e-02  -3.3373999e-01
   6.2000000e+00  -6.1874765e-02  -3.1006650e-01
   6.3000000e+00  -5.0200261e-02  -2.9647450e-01
   6.4000000e+00  -6.4046460e-02  -2.9980475e-01
   6.5000000e+00  -9.2627506e-02  -3.0774666e-01
   6.6000000e+00  -1.0272852e-01  -3.0251708e-01
   6.7000000e+00  -7.0013570e-02  -2.7757255e-01
   6.8000000e+00  -9.7112337e-03  -2.3969207e-01
   6.9000000e+00   3.2818095e-02  -1.9915995e-01
   7.0000000e+00   2.7314725e-02  -1.6258437e-01
   7.1000000e+00  -9.3920725e-03  -1.3405900e-01
   7.2000000e+00  -3.1641613e-02  -1.1662823e-01
   7.3000000e+00  -1.2969863e-02  -1.0707978e-01
   7.4000000e+00   3.0161037e-02  -9.0764694e-02
   7.5000000e+00   6.2445264e-02  -4.8691144e-02
   7.6000000e+00   6.9511395e-02   2.4680954e-02
   7.7000000e+00   6.7815262e-02   1.1168014e-01
   7.8000000e+00   7.9116635e-02   1.8390561e-01
   7.9000000e+00   1.0427829e-01   2.2592939e-01
   8.0000000e+00   1.2524687e-01   2.4436108e-01
   8.1000000e+00   1.2708676e-01   2.5368133e-01
   8.2000000e+00   1.1230204e-01   2.5917104e-01
   8.3000000e+00   9.5499812e-02   2.5910402e-01
   8.4000000e+00   9.0386001e-02   2.5966160e-01
   8.5000000e+00   1.0347961e-01   2.7655805e-01
   8.6000000e+00   1.3427153e-01   3.1599143e-01
   8.7000000e+00   1.7435344e-01   3.5967674e-01
   8.8000000e+00   2.0631315e-01   3.7829966e-01
   8.9000000e+00   2.1056027e-01   3.6181835e-01
   9.0000000e+00   1.8030166e-01   3.3045997e-01
   9.1000000e+00   1.3071037e-01   3.1124618e-01
   9.2000000e+00   8.8891456e-02   3.0661166e-01
   9.3000000e+00   7.0705148e-02   2.9200166e-01
   9.4000000e+00   6.7602525e-02   2.4537079e-01
   9.5000000e+00   5.8859083e-02   1.7452237e-01
   9.6000000e+00   3.7313118e-02   1.1138228e-01
   9.7000000e+00   2.0320084e-02   7.9873000e-02
   9.8000000e+00   3.2575129e-02   7.2009822e-02
   9.9000000e+00   7.8225217e-02   5.5861089e-02
   1.0000000e+01   1.3163419e-01   5.0001223e-03
   1.0100000e+01   1.5646082e-01  -7.9840781e-02
   1.0200000e+01   1.3457848e-01  -1.7366697e-01
   1.0300000e+01   7.9429337e-02  -2.4651857e-01
   1.0400000e+01   2.5098479e-02  -2.8092114e-01
   1.0500000e+01   1.7655583e-03  -2.7819900e-01
   1.0600000e+01   1.4860827e-02  -2.5557564e-01
   1.0700000e+01   4.1247028e-02  -2.3772507e-01
   1.0800000e+01   4.6565562e-02  -2.4450505e-01
   1.0900000e+01   1.3773935e-02  -2.7952505e-01
   1.1000000e+01  -4.0036639e-02  -3.2771448e-01
   1.1100000e+01  -7.6962565e-02  -3.6504728e-01
   1.1200000e+01  -7.3310802e-02  -3.7307547e-01
   1.1300000e+01  -4.2948383e-02  -3.4760455e-01
   1.1400000e+01  -2.3843811e-02  -2.9817668e-01
   1.1500000e+01  -4.0508317e-02  -2.4215091e-01
   1.1600000e+01  -8.1276537e-02  -1.9619662e-01
   1.1700000e+01  -1.1305704e-01  -1.6591809e-01
   1.1800000e+01  -1.1575378e-01  -1.3929895e-01
   1.1900000e+01  -9.9926991e-02  -9.3967729e-02
   1.2000000e+01  -9.2655223e-02  -1.8313022e-02
   1.2100000e+01  -1.1013466e-01   7.1986545e-02
   1.2200000e+01  -1.4474637e-01   1.4269218e-01
   1.2300000e+01  -1.7506012e-01   1.7128198e-01
   1.2400000e+01  -1.8490589e-01   1.6883466e-01
   1.2500000e+01  -1.7356434e-01   1.6892274e-01
   1.2600000e+01  -1.5138921e-01   1.9386784e-01
   1.2700000e+01  -1.2867028e-01   2.3391403e-01
   1.2800000e+01  -1.0932789e-01   2.6044994e-01
   1.2900000e+01  -9.4027192e-02   2.5697300e-01
   1.3000000e+01  -8.6235128e-02   2.3394233e-01
   1.3100000e+01  -9.0637886e-02   2.1397039e-01
   1.3200000e+01  -1.0284204e-01   2.0642669e-01
   1.3300000e+01  -1.0387686e-01   1.9938417e-01
   1.3400000e+01  -7.3231099e-02   1.7561623e-01
   1.3500000e+01  -1.3313993e-02   1.3360308e-01
   1.3600000e+01   4.1972255e-02   9.0636300e-02
   1.3700000e+01   5.2247660e-02   6.4721091e-02
   1.3800000e+01   1.0423667e-02   5.4273518e-02
   1.3900000e+01  -4.4480616e-02   3.7697565e-02
   1.4000000e+01  -6.0001190e-02  -4.6903510e-03
   1.4100000e+01  -1.8225739e-02  -6.7658184e-02
   1.4200000e+01   4.9779777e-02  -1.2147551e-01
   1.4300000e+01   9.6726145e-02  -1.3741539e-01
   1.4400000e+01   1.0267674e-01  -1.1378008e-01
   1.4500000e+01   8.5322097e-02  -7.6875016e-02
   1.4600000e+01   7.3128036e-02  -5.7137958e-02
   1.4700000e+01   7.6038307e-02  -6.4592426e-02
   1.4800000e+01   8.2946302e-02  -8.4845904e-02
   1.4900000e+01   7.9854654e-02  -9.4383584e-02
   1.5000000e+01   6.3163090e-02  -7.8938828e-02
   1.5100000e+01   3.6820760e-02  -4.2704659e-02
   1.5200000e+01   4.5476412e-03  -6.0066302e-03
   1.5300000e+01  -3.0150769e-02   7.5290124e-03
   1.5400000e+01  -5.9149591e-02  -9.5706835e-03
   1.5500000e+01  -7.1230501e-02  -3.5884482e-02
   1.5600000e+01  -6.1774216e-02  -3.2350580e-02
   1.5700000e+01  -3.9970788e-02   2.3274871e-02
   1.5800000e+01  -2.3834905e-02   1.0822134e-01
   1.5900000e+01  -2.5833049e-02   1.6576651e-01
   1.6000000e+01  -4.1562270e-02   1.5259379e-01
   1.6100000e+01  -5.1616232e-02   7.8879542e-02
   1.6200000e+01  -3.6023493e-02   5.0612811e-04
   1.6300000e+01   9.2912048e-03  -2.9468840e-02
   1.6400000e+01   6.6827609e-02  -2.3818913e-03
   1.6500000e+01   1.0839569e-01   4.8081033e-02
   1.6600000e+01   1.1599768e-01   8.1142939e-02
   1.6700000e+01   9.7003534e-02   7.8466639e-02
   1.6800000e+01   8.0293070e-02   4.5865126e-02
   1.6900000e+01   9.4312277e-02  -9.7577991e-04
   1.7000000e+01   1.4369918e-01  -4.5642383e-02
   1.7100000e+01   2.0428258e-01  -7.2228937e-02
   1.7200000e+01   2.4215268e-01  -6.9956181e-02
   1.7300000e+01   2.4187000e-01  -4.3149356e-02
   1.7400000e+01   2.1978353e-01  -1.3502219e-02
   1.7500000e+01   2.1007038e-01  -6.0879166e-03
   1.7600000e+01   2.3447936e-01  -3.0311442e-02
   1.7700000e+01   2.8163280e-01  -7.4622989e-02
   1.7800000e+01   3.1434768e-01  -1.1821908e-01
   1.7900000e+01   2.9928006e-01  -1.4480004e-01
   1.8000000e+01   2.3336295e-01  -1.4601949e-01
   1.8100000e+01   1.4448383e-01  -1.1931123e-01
   1.8200000e+01   6.7717707e-02  -7.0518099e-02
   1.8300000e+01   2.0515514e-02  -1.8505761e-02
   1.8400000e+01  -1.7295848e-03   1.1406970e-02
   1.8500000e+01  -1.1815865e-02   6.5626401e-03
   1.8600000e+01  -1.8779575e-02  -2.0226804e-02
   1.8700000e+01  -2.9899447e-02  -4.1617484e-02
   1.8800000e+01  -5.6159794e-02  -4.1607685e-02
   1.8900000e+01  -1.0533786e-01  -2.8455751e-02
   1.9000000e+01  -1.6788295e-01  -2.0715271e-02
   1.9100000e+01  -2.1854803e-01  -2.3603716e-02
   1.9200000e+01  -2.4107848e-01  -2.3196891e-02
   1.9300000e+01  -2.4940606e-01  -3.9280320e-03
   1.9400000e+01  -2.7433748e-01   3.1447452e-02
   1.9500000e+01  -3.2481084e-01   6.0933248e-02
   1.9600000e+01  -3.7010897e-01   6.1263691e-02
   1.9700000e+01  -3.7041505e-01   2.7088243e-02
   1.9800000e+01  -3.2384215e-01  -2.4267952e-02
   1.9900000e+01  -2.7290716e-01  -6.4274940e-02
   2.0000000e+01  -2.5963660e-01  -7.1489285e-02
   2.0100000e+01  -2.8140749e-01  -4.4451159e-02
   2.0200000e+01  -2.9907901e-01  -1.3845928e-03
   2.0300000e+01  -2.8466684e-01   3.2357707e-02
   2.0400000e+01  -2.4950989e-01   4.0188460e-02
   2.0500000e+01  -2.2252800e-01   2.3277942e-02
   2.0600000e+01  -2.1112828e-01  -1.9246636e-03
   2.0700000e+01  -1.9385550e-01  -1.5214680e-02
   2.0800000e+01  -1.4907859e-01  -6.5047479e-03
   2.0900000e+01  -8.0784146e-02   1.6487314e-02
   2.1000000e+01  -1.2834771e-02   3.3447102e-02
   2.1100000e+01   3.5371399e-02   2.7784809e-02
   2.1200000e+01   6.2006757e-02   1.5803344e-03
   2.1300000e+01   7.6445779e-02  -2.4118016e-02
   2.1400000e+01   8.8992930e-02  -2.4197633e-02
   2.1500000e+01   1.0900008e-01   1.2666914e-02
   2.1600000e+01   1.4608230e-01   7.5074849e-02
   2.1700000e+01   2.0500543e-01   1.3215512e-01
   2.1800000e+01   2.7697631e-01   1.4809947e-01
   2.1900000e+01   3.3857448e-01   1.0519494e-01
   2.2000000e+01   3.6299971e-01   2.3108381e-02
   2.2100000e+01   3.3642492e-01  -4.6461399e-02
   2.2200000e+01   2.6845333e-01  -5.6293566e-02
   2.2300000e+01   1.9033975e-01  -3.9838700e-03
   2.2400000e+01   1.4053674e-01   6.4781621e-02
   2.2500000e+01   1.4246433e-01   9.7632196e-02
   2.2600000e+01   1.8636449e-01   8.1063697e-02
   2.2700000e+01   2.3087505e-01   4.4496695e-02
   2.2800000e+01   2.3011805e-01   2.3606260e-02
   2.2900000e+01   1.6962845e-01   2.6285158e-02
   2.3000000e+01   8.0050702e-02   3.4483429e-02
   2.3100000e+01   1.2234302e-02   3.0377851e-02
   2.3200000e+01  -6.5238964e-03   1.2645342e-02
   2.3300000e+01   5.9360273e-03  -1.0221499e-02
   2.3400000e+01   8.1949816e-03  -3.1938120e-02
   2.3500000e+01  -2.2662075e-02  -4.7380575e-02
   2.3600000e+01  -7.1338520e-02  -4.4453329e-02
   2.3700000e+01  -1.0418238e-01  -8.1590521e-03
   2.3800000e+01  -1.0351500e-01   6.0134380e-02
   2.3900000e+01  -8.0013240e-02   1.2986836e-01
   2.4000000e+01  -5.5812301e-02   1.5642852e-01
   2.4100000e+01  -4.2942973e-02   1.1691996e-01
   2.4200000e+01  -4.0202802e-02   3.3190236e-02
   2.4300000e+01  -4.4471740e-02  -4.3054406e-02
   2.4400000e+01  -5.6701662e-02  -7.1459280e-02
   2.4500000e+01  -7.5229380e-02  -5.2554869e-02
   2.4600000e+01  -8.8874854e-02  -1.9885886e-02
   2.4700000e+01  -8.2749549e-02  -5.8154043e-03
   2.4800000e+01  -5.2458484e-02  -1.4503500e-02
   2.4900000e+01  -1.0906917e-02  -2.4261775e-02
   2.5000000e+01   2.0599387e-02  -1.2986696e-02
   2.5100000e+01   2.9248427e-02   1.7862855e-02
   2.5200000e+01   2.0577530e-02   4.2040028e-02
   2.5300000e+01   1.2775063e-02   3.2320308e-02
   2.5400000e+01   1.9988309e-02  -1.0820252e-02
   2.5500000e+01   3.8756345e-02  -5.4801468e-02
   2.5600000e+01   5.0474314e-02  -6.4983013e-02
   2.5700000e+01   3.9560178e-02  -4.2361064e-02
   2.5800000e+01   1.0990086e-02  -2.6309574e-02
   2.5900000e+01  -1.1509880e-02  -5.2667744e-02
   2.6000000e+01  -7.5138430e-03  -1.1015471e-01
   2.6100000e+01   1.9014667e-02  -1.4706668e-01
   2.6200000e+01   4.2339790e-02  -1.2613356e-01
   2.6300000e+01   4.0315387e-02  -6.7630387e-02
   2.6400000e+01   1.6834819e-02  -3.0452207e-02
   2.6500000e+01  -2.4544358e-03  -5.0529419e-02
   2.6600000e+01   2.7059532e-03  -1.0462786e-01
   2.6700000e+01   2.5462777e-02  -1.3820746e-01
   2.6800000e+01   3.8633196e-02  -1.2397562e-01
   2.6900000e+01   2.3206312e-02  -8.6376686e-02
   2.7000000e+01  -1.1415626e-02  -6.9046571e-02
   2.7100000e+01  -3.7015935e-02  -8.5640013e-02
   2.7200000e+01  -3.6003009e-02  -1.0832764e-01
   2.7300000e+01  -1.9688272e-02  -1.0226767e-01
   2.7400000e+01  -1.6694452e-02  -6.4166638e-02
   2.7500000e+01  -4.4423724e-02  -2.3229935e-02
   2.7600000e+01  -9.2589012e-02  -7.7191844e-03
   2.7700000e+01  -1.3273406e-01  -1.6449395e-02
   2.7800000e+01  -1.4142336e-01  -2.3965910e-02
   2.7900000e+01  -1.1589980e-01  -8.5959105e-03
   2.8000000e+01  -7.2993251e-02   2.8756276e-02
   2.8100000e+01  -3.6143642e-02   7.0511836e-02
   2.8200000e+01  -1.9555355e-02   9.9759968e-02
   2.8300000e+01  -1.8147234e-02   1.0934624e-01
   2.8400000e+01  -1.1671945e-02   9.9834359e-02
   2.8500000e+01   1.6009538e-02   7.6825141e-02
   2.8600000e+01   5.7601763e-02   5.2334593e-02
   2.8700000e+01   8.4847387e-02   4.3207095e-02
   2.8800000e+01   7.5531339e-02   6.1125136e-02
   2.8900000e+01   3.8347899e-02   1.0153652e-01
   2.9000000e+01   5.9521729e-03   1.4412481e-01
   2.9100000e+01   1.5021213e-04   1.6684176e-01
   2.9200000e+01   7.0851115e-03   1.6154650e-01
   2.9300000e+01  -7.6514394e-03   1.3824701e-01
   2.9400000e+01  -5.8275316e-02   1.1656755e-01
   2.9500000e+01  -1.1733208e-01   1.1300636e-01
   2.9600000e+01  -1.3924373e-01   1.3171305e-01
   2.9700000e+01  -1.0603383e-01   1.6095265e-01
   2.9800000e+01  -4.7798656e-02   1.7660932e-01
   2.9900000e+01  -1.6374210e-02   1.5545531e-01
   3.0000000e+01  -3.8420969e-02   9.4427031e-02
   3.0100000e+01  -9.3402406e-02   2.0041408e-02
   3.0200000e+01  -1.3490981e-01  -2.7271594e-02
   3.0300000e+01  -1.3139646e-01  -2.6287304e-02
   3.0400000e+01  -8.7875809e-02   5.7185678e-03
   3.0500000e+01  -3.3598458e-02   3.0483061e-02
   3.0600000e+01   6.4228116e-03   2.7030179e-02
   3.0700000e+01   2.8200578e-02   8.7471427e-03
   3.0800000e+01   4.2852414e-02  -1.3186943e-05
   3.0900000e+01   5.9219104e-02   1.1994426e-03
   3.1000000e+01   7.3645902e-02  -1.3581349e-02
   3.1100000e+01   7.5644092e-02  -6.2581710e-02
   3.1200000e+01   6.2391527e-02  -1.2750731e-01
   3.1300000e+01   4.6665286e-02  -1.6748339e-01
   3.1400000e+01   4.8657116e-02  -1.6225044e-01
   3.1500000e+01   7.7950424e-02  -1.3574967e-01
   3.1600000e+01   1.2313855e-01  -1.3268541e-01
   3.1700000e+01   1.6033418e-01  -1.7226571e-01
   3.1800000e+01   1.7284813e-01  -2.2672478e-01
   3.1900000e+01   1.6295347e-01  -2.4553839e-01
   3.2000000e+01   1.4588079e-01  -2.0155865e-01
   3.2100000e+01   1.3486861e-01  -1.1665740e-01
   3.2200000e+01   1.3251397e-01  -4.4567977e-02
   3.2300000e+01   1.3295179e-01  -2.6007608e-02
   3.2400000e+01   1.2775723e-01  -5.4754977e-02
   3.2500000e+01   1.0956425e-01  -8.4710163e-02
   3.2600000e+01   7.4993303e-02  -7.2571697e-02
   3.2700000e+01   2.8859782e-02  -1.7475530e-02
   3.2800000e+01  -1.4864831e-02   4.0012447e-02
   3.2900000e+01  -4.0447838e-02   5.8519543e-02
   3.3000000e+01  -4.1812043e-02   3.5276443e-02
   3.3100000e+01  -2.6739996e-02   4.9437750e-03
   3.3200000e+01  -9.5558842e-03   1.6336522e-03
   3.3300000e+01  -9.6091980e-04   2.6390025e-02
   3.3400000e+01  -5.4114809e-03   5.3633075e-02
   3.3500000e+01  -2.4631807e-02   6.4734412e-02
   3.3600000e+01  -5.7708967e-02   6.7345580e-02
   3.3700000e+01  -9.6054796e-02   7.8718013e-02
   3.3800000e+01  -1.2365285e-01   9.5845359e-02
   3.3900000e+01  -1.2917760e-01   9.1912138e-02
   3.4000000e+01  -1.1873311e-01   4.7388894e-02
   3.4100000e+01  -1.1131010e-01  -1.8836708e-02
   3.4200000e+01  -1.1739051e-01  -5.7360794e-02
   3.4300000e+01  -1.2388741e-01  -3.3045532e-02
   3.4400000e+01  -1.0527800e-01   3.7766282e-02
   3.4500000e+01  -5.2069068e-02   9.8038791e-02
   3.4600000e+01   1.3134622e-02   1.0107198e-01
   3.4700000e+01   5.0268714e-02   5.1959268e-02
   3.4800000e+01   3.5024956e-02  -1.2737748e-03
   3.4900000e+01  -1.8776817e-02  -1.6279398e-02
   3.5000000e+01  -6.7029833e-02   5.3815711e-03
   3.5100000e+01  -6.8030915e-02   2.6930509e-02
   3.5200000e+01  -1.5460438e-02   1.8069881e-02
   3.5300000e+01   5.4560786e-02  -1.5984785e-02
   3.5400000e+01   9.0618967e-02  -4.4636750e-02
   3.5500000e+01   6.7710730e-02  -4.3762468e-02
   3.5600000e+01   8.1247289e-03  -1.4030030e-02
   3.5700000e+01  -3.8562477e-02   2.6617517e-02
   3.5800000e+01  -3.9328062e-02   5.9332188e-02
   3.5900000e+01  -5.1316052e-03   7.2042315e-02
   3.6000000e+01   2.2410193e-02   6.0741576e-02
   3.6100000e+01   1.0205002e-02   3.3282923e-02
   3.6200000e+01  -3.8391995e-02   1.0334786e-02
   3.6300000e+01  -8.9262234e-02   1.1501283e-02
   3.6400000e+01  -1.0684277e-01   3.3857663e-02
   3.6500000e+01  -7.9847615e-02   4.9858517e-02
   3.6600000e+01  -2.5052660e-02   3.5913112e-02
   3.6700000e+01   2.8674773e-02   2.9853495e-03
   3.6800000e+01   6.0594490e-02  -1.0588751e-02
   3.6900000e+01   6.7716200e-02   1.7656289e-02
   3.7000000e+01   5.9400120e-02   6.4139557e-02
   3.7100000e+01   4.4498319e-02   8.1178687e-02
   3.7200000e+01   2.3902669e-02   4.8591263e-02
   3.7300000e+01  -4.6389381e-03  -5.1055937e-03
   3.7400000e+01  -3.5622283e-02  -3.5979165e-02
   3.7500000e+01  -5.2664163e-02  -3.0640078e-02
   3.7600000e+01  -4.0039202e-02  -1.0620674e-02
   3.7700000e+01   4.5380983e-04   3.4257630e-03
   3.7800000e+01   4.5118233e-02   1.6196275e-02
   3.7900000e+01   6.4252310e-02   3.9595001e-02
   3.8000000e+01   4.6078961e-02   6.1714131e-02
   3.8100000e+01   6.9628451e-03   5.1205365e-02
   3.8200000e+01  -2.2173655e-02  -3.6160288e-03
   3.8300000e+01  -2.1363391e-02  -7.1572689e-02
   3.8400000e+01   3.6842035e-03  -1.0501987e-01
   3.8500000e+01   2.9833280e-02  -8.7075217e-02
   3.8600000e+01   3.8547054e-02  -4.4510409e-02
   3.8700000e+01   3.0747112e-02  -1.4072260e-02
   3.8800000e+01   2.2007956e-02  -5.5891004e-03
   3.8900000e+01   2.5135267e-02  -3.7304631e-03
   3.9000000e+01   3.8322390e-02   1.5150942e-03
   3.9100000e+01   4.9350511e-02  -1.0770630e-03
   3.9200000e+01   4.8949139e-02  -2.6143462e-02
   3.9300000e+01   3.8422242e-02  -6.6313623e-02
   3.9400000e+01   2.5435165e-02  -9.3766410e-02
   3.9500000e+01   1.5431271e-02  -8.8445136e-02
   3.9600000e+01   8.6093339e-03  -6.0424981e-02
   3.9700000e+01   3.3514843e-03  -4.1179392e-02
   3.9800000e+01  -3.6565357e-04  -5.2593178e-02
   3.9900000e+01  -1.6580124e-03  -8.4578815e-02
   4.0000000e+01  -1.2314424e-03  -1.0244550e-01
   4.0100000e+01  -1.7505873e-03  -7.7458967e-02
   4.0200000e+01  -5.4027893e-03  -1.4255934e-02
   4.0300000e+01  -1.1091576e-02   4.8574992e-02
   4.0400000e+01  -1.4386387e-02   6.7032003e-02
   4.0500000e+01  -1.1746166e-02   2.7677481e-02
   4.0600000e+01  -6.1479219e-03  -3.8678354e-02
   4.0700000e+01  -6.8920230e-03  -7.9162018e-02
   4.0800000e+01  -1.9827311e-02  -6.0787716e-02
   4.0900000e+01  -3.6775550e-02   2.5576635e-03
   4.1000000e+01  -3.9656831e-02   6.2011866e-02
   4.1100000e+01  -2.0693989e-02   7.4895353e-02
   4.1200000e+01   3.3132195e-03   3.8812750e-02
   4.1300000e+01   5.1867869e-03  -1.1175694e-02
   4.1400000e+01  -1.9412197e-02  -3.6969656e-02
   4.1500000e+01  -3.8227758e-02  -2.8442712e-02
   4.1600000e+01  -1.1333480e-02  -2.7473571e-03
   4.1700000e+01   6.3180247e-02   2.0583086e-02
   4.1800000e+01   1.3786796e-01   3.6498937e-02
   4.1900000e+01   1.5615430e-01   4.5863223e-02
   4.2000000e+01   1.0407993e-01   3.9753100e-02
   4.2100000e+01   1.9839644e-02   5.4978918e-03
   4.2200000e+01  -4.5931886e-02  -4.7568425e-02
   4.2300000e+01  -7.3622751e-02  -7.8700153e-02
   4.2400000e+01  -7.7931906e-02  -4.7522017e-02
   4.2500000e+01  -7.7042827e-02   3.8888908e-02
   4.2600000e+01  -7.0453185e-02   1.1878833e-01
   4.2700000e+01  -5.0131428e-02   1.2772623e-01
   4.2800000e+01  -2.3731240e-02   6.1817450e-02
   4.2900000e+01  -1.3911374e-02  -1.5468663e-02
   4.3000000e+01  -3.1597635e-02  -3.4016404e-02
   4.3100000e+01  -5.8341641e-02   1.6616405e-02
   4.3200000e+01  -6.4261618e-02   8.3253376e-02
   4.3300000e+01  -4.2802975e-02   1.0743700e-01
   4.3400000e+01  -1.9433214e-02   8.1061126e-02
   4.3500000e+01  -2.1317288e-02   4.3591530e-02
   4.3600000e+01  -4.3435771e-02   3.2491514e-02
   4.3700000e+01  -5.2590351e-02   4.5097278e-02
   4.3800000e+01  -2.5406977e-02   4.8916723e-02
   4.3900000e+01   2.4479808e-02   2.1050331e-02
   4.4000000e+01   6.1066405e-02  -2.8410660e-02
   4.4100000e+01   6.3272412e-02  -6.8462202e-02
   4.4200000e+01   4.1614104e-02  -7.5073407e-02
   4.4300000e+01   1.9917489e-02  -4.6380701e-02
   4.4400000e+01   9.7483649e-03   1.6210275e-03
   4.4500000e+01   7.9662542e-03   4.6327348e-02
   4.4600000e+01   1.2894364e-02   6.6997456e-02
   4.4700000e+01   3.0945352e-02   5.2537001e-02
   4.4800000e+01   6.2887339e-02   1.0242624e-02
   4.4900000e+01   9.0884307e-02  -3.3307018e-02
   4.5000000e+01   8.9470998e-02  -4.7980829e-02
   4.5100000e+01   5.2398933e-02  -2.3960597e-02
   4.5200000e+01   3.8552202e-03   1.8794348e-02
   4.5300000e+01  -2.1908702e-02   4.7368878e-02
   4.5400000e+01  -1.2395173e-02   4.4042049e-02
   4.5500000e+01   1.3004476e-02   1.8810028e-02
   4.5600000e+01   2.3156433e-02  -3.2946993e-03
   4.5700000e+01   2.6504602e-03  -4.0623148e-03
   4.5800000e+01  -3.9437267e-02   1.7284162e-02
   4.5900000e+01  -8.1659057e-02   4.7960110e-02
   4.6000000e+01  -1.0606840e-01   6.9811115e-02
   4.6100000e+01  -1.0514419e-01   6.6233037e-02
   4.6200000e+01  -8.1833115e-02   3.0630925e-02
   4.6300000e+01  -4.8263078e-02  -2.5249482e-02
   4.6400000e+01  -2.1442309e-02  -7.3882276e-02
   4.6500000e+01  -1.3411184e-02  -9.0143487e-02
   4.6600000e+01  -2.2764175e-02  -7.1177565e-02
   4.6700000e+01  -3.7774788e-02  -3.7906728e-02
   4.6800000e+01  -4.8768196e-02  -1.6158712e-02
   4.6900000e+01  -5.4805598e-02  -1.6494668e-02
   4.7000000e+01  -5.7233710e-02  -3.0506101e-02
   4.7100000e+01  -5.2001124e-02  -4.2058904e-02
   4.7200000e+01  -3.5288033e-02  -4.0104698e-02
   4.7300000e+01  -1.5992684e-02  -2.5159608e-02
   4.7400000e+01  -1.3390269e-02  -9.7058840e-03
   4.7500000e+01  -3.4884767e-02  -1.2036870e-02
   4.7600000e+01  -5.8964573e-02  -4.2395178e-02
   4.7700000e+01  -4.9692238e-02  -8.9465911e-02
   4.7800000e+01   6.6680809e-03  -1.2304080e-01
   4.7900000e+01   8.2346489e-02  -1.1724695e-01
   4.8000000e+01   1.3013103e-01  -7.5060370e-02
   4.8100000e+01   1.2581208e-01  -2.7924884e-02
   4.8200000e+01   8.8118634e-02  -7.6221013e-03
   4.8300000e+01   5.8566819e-02  -1.7583105e-02
   4.8400000e+01   6.4695823e-02  -3.3091075e-02
   4.8500000e+01   1.0189689e-01  -3.0014188e-02
   4.8600000e+01   1.4473453e-01  -1.1530659e-02
   4.8700000e+01   1.6989814e-01  -4.2030028e-03
   4.8800000e+01   1.6837149e-01  -2.7003150e-02
   4.8900000e+01   1.4195322e-01  -6.5942952e-02
   4.9000000e+01   9.6148449e-02  -8.2355497e-02
   4.9100000e+01   4.0788238e-02  -4.8574393e-02
   4.9200000e+01  -4.9869226e-03   2.4100411e-02
   4.9300000e+01  -1.7032744e-02   9.3216346e-02
   4.9400000e+01   1.5311830e-02   1.2088138e-01
   4.9500000e+01   7.2312548e-02   1.0264946e-01
   4.9600000e+01   1.1114720e-01   6.4637565e-02
   4.9700000e+01   9.8413488e-02   3.7177829e-02
   4.9800000e+01   3.8884294e-02   3.2970508e-02
   4.9900000e+01  -2.9628720e-02   4.6178478e-02
   5.0000000e+01  -7.1086309e-02   6.4862447e-02
   5.0100000e+01  -7.9661526e-02   8.0433641e-02
   5.0200000e+01  -7.4709129e-02   8.8441433e-02
   5.0300000e+01  -7.3822426e-02   8.6721819e-02
   5.0400000e+01  -7.6800178e-02   7.6268190e-02
   5.0500000e+01  -7.4339671e-02   6.2735792e-02
   5.0600000e+01  -6.4098998e-02   5.4145669e-02
   5.0700000e+01  -5.2434020e-02   5.4966647e-02
   5.0800000e+01  -4.2991192e-02   6.1358031e-02
   5.0900000e+01  -3.0521206e-02   6.2185237e-02
   5.1000000e+01  -9.3209908e-03   4.6458860e-02
   5.1100000e+01   1.4662090e-02   1.2711200e-02
   5.1200000e+01   2.4557508e-02  -2.7584146e-02
   5.1300000e+01   7.9012925e-03  -5.7778043e-02
   5.1400000e+01  -2.8751492e-02  -7.0271045e-02
   5.1500000e+01  -6.2063990e-02  -7.3570287e-02
   5.1600000e+01  -7.0911476e-02  -8.2899371e-02
   5.1700000e+01  -5.5027049e-02  -1.0227613e-01
   5.1800000e+01  -3.5607086e-02  -1.1787300e-01
   5.1900000e+01  -3.7118852e-02  -1.1235396e-01
   5.2000000e+01  -6.6957066e-02  -8.5697444e-02
   5.2100000e+01  -1.1003639e-01  -5.7775472e-02
   5.2200000e+01  -1.4041280e-01  -4.7075307e-02
   5.2300000e+01  -1.3878403e-01  -4.8934150e-02
   5.2400000e+01  -1.0415467e-01  -4.0340576e-02
   5.2500000e+01  -5.4507821e-02  -8.4700176e-03
   5.2600000e+01  -1.6424796e-02   3.0053277e-02
   5.2700000e+01  -8.2387565e-03   4.4462751e-02
   5.2800000e+01  -2.7656504e-02   2.4689623e-02
   5.2900000e+01  -5.4992099e-02  -4.8061876e-03
   5.3000000e+01  -7.0215324e-02  -1.0056172e-02
   5.3100000e+01  -6.7177873e-02   1.6623391e-02
   5.3200000e+01  -5.1432651e-02   5.1271633e-02
   5.3300000e+01  -2.8148793e-02   6.7803854e-02
   5.3400000e+01   1.7198961e-03   6.5607738e-02
   5.3500000e+01   3.2268774e-02   6.3804453e-02
   5.3600000e+01   4.6774347e-02   7.4074230e-02
   5.3700000e+01   3.0228539e-02   8.8546274e-02
   5.3800000e+01  -9.3188194e-03   9.5178078e-02
   5.3900000e+01  -3.7279083e-02   9.5253154e-02
   5.4000000e+01  -1.8712172e-02   9.7414089e-02
   5.4100000e+01   4.7048916e-02   9.8430363e-02
   5.4200000e+01   1.1882031e-01   8.1682421e-02
   5.4300000e+01   1.4544452e-01   4.0241375e-02
   5.4400000e+01   1.1023151e-01  -5.1536258e-03
   5.4500000e+01   4.5817688e-02  -2.1048098e-02
   5.4600000e+01   4.3173954e-03   3.6824082e-03
   5.4700000e+01   1.1737325e-02   4.3149819e-02
   5.4800000e+01   5.0991731e-02   5.8681708e-02
   5.4900000e+01   8.6819954e-02   3.5387844e-02
   5.5000000e+01   1.0167373e-01  -8.5143135e-03
   5.5100000e+01   1.0362328e-01  -4.5614708e-02
   5.5200000e+01   1.0366641e-01  -6.5079358e-02
   5.5300000e+01   9.6169465e-02  -7.2324969e-02
   5.5400000e+01   6.8725449e-02  -7.0652407e-02
   5.5500000e+01   2.7229212e-02  -5.4018251e-02
   5.5600000e+01   2.7131514e-04  -2.1140962e-02
   5.5700000e+01   1.1887442e-02   1.0673565e-02
   5.5800000e+01   5.2461544e-02   1.5484328e-02
   5.5900000e+01   8.3438129e-02  -1.5016233e-02
   5.6000000e+01   7.4216448e-02  -6.0045476e-02
   5.6100000e+01   3.2645374e-02  -8.9222408e-02
   5.6200000e+01  -3.4681193e-03  -9.2889658e-02
   5.6300000e+01  -4.7757327e-03  -8.9705487e-02
   5.6400000e+01   2.1154031e-02  -1.0338105e-01
   5.6500000e+01   3.9181186e-02  -1.3450552e-01
   5.6600000e+01   2.2215888e-02  -1.5766082e-01
   5.6700000e+01  -2.3088554e-02  -1.4607649e-01
   5.6800000e+01  -6.4146585e-02  -9.8031366e-02
   5.6900000e+01  -7.3723587e-02  -3.9215043e-02
   5.7000000e+01  -5.3761940e-02  -1.2150905e-04
   5.7100000e+01  -3.0242368e-02   8.8234903e-03
   5.7200000e+01  -2.6147466e-02   1.1476091e-03
   5.7300000e+01  -4.0293923e-02  -4.3258200e-03
   5.7400000e+01  -5.3167895e-02  -3.7827127e-03
   5.7500000e+01  -5.2389393e-02  -8.9367166e-03
   5.7600000e+01  -4.8361406e-02  -2.8691156e-02
   5.7700000e+01  -6.0471161e-02  -5.3974969e-02
   5.7800000e+01  -8.8509566e-02  -6.3696585e-02
   5.7900000e+01  -1.0439425e-01  -4.5397564e-02
   5.8000000e+01  -7.8623739e-02  -8.2328692e-03
   5.8100000e+01  -1.4835235e-02   2.4360156e-02
   5.8200000e+01   4.6968844e-02   3.3491304e-02
   5.8300000e+01   6.5024918e-02   1.7671753e-02
   5.8400000e+01   3.3457846e-02  -8.7820744e-03
   5.8500000e+01  -1.4301569e-02  -2.7749324e-02
   5.8600000e+01  -3.7033451e-02  -3.0144026e-02
   5.8700000e+01  -1.9964351e-02  -2.0544406e-02
   5.8800000e+01   1.7812235e-02  -9.7191164e-03
   5.8900000e+01   4.4309944e-02  -1.5432436e-03
   5.9000000e+01   4.2731724e-02   1.1499602e-02
   5.9100000e+01   2.3415428e-02   3.7664114e-02
   5.9200000e+01   1.1363315e-02   7.2305271e-02
   5.9300000e+01   2.1519539e-02   9.9500333e-02
   5.9400000e+01   4.5441211e-02   1.0885075e-01
   5.9500000e+01   6.2638403e-02   1.0679058e-01
   5.9600000e+01   6.3264677e-02   1.0774188e-01
   5.9700000e+01   5.4994947e-02   1.1665414e-01
   5.9800000e+01   4.6510078e-02   1.2546047e-01
   5.9900000e+01   3.1606619e-02   1.2675565e-01
   6.0000000e+01  -1.4110673e-03   1.2527799e-01
   6.0100000e+01  -4.5882647e-02   1.3208324e-01
   6.0200000e+01  -7.3801785e-02   1.4996935e-01
   6.0300000e+01  -6.4824894e-02   1.6909776e-01
   6.0400000e+01  -3.3930365e-02   1.7713380e-01
   6.0500000e+01  -2.0333090e-02   1.7038488e-01
   6.0600000e+01  -4.6323730e-02   1.5362629e-01
   6.0700000e+01  -9.2740409e-02   1.3154617e-01
   6.0800000e+01  -1.1861742e-01   1.0356283e-01
   6.0900000e+01  -1.0127082e-01   6.7741653e-02
   6.1000000e+01  -5.3768550e-02   2.8302660e-02
   6.1100000e+01  -7.9642466e-03  -2.7969824e-03
   6.1200000e+01   1.2020799e-02  -1.3786566e-02
   6.1300000e+01   1.4642103e-03  -4.5268770e-03
   6.1400000e+01  -2.7571821e-02   9.1663775e-03
   6.1500000e+01  -5.2252925e-02   4.1850845e-03
   6.1600000e+01  -4.8405018e-02  -3.3250733e-02
   6.1700000e+01  -7.4193575e-03  -9.5744849e-02
   6.1800000e+01   5.0436656e-02  -1.5777688e-01
   6.1900000e+01   8.6230582e-02  -1.9257717e-01
   6.2000000e+01   7.5558267e-02  -1.9062726e-01
   6.2100000e+01   3.4117985e-02  -1.6527904e-01
   6.2200000e+01   6.0842229e-03  -1.4050839e-01
   6.2300000e+01   2.3292828e-02  -1.3119721e-01
   6.2400000e+01   7.5695545e-02  -1.3402517e-01
   6.2500000e+01   1.2240527e-01  -1.3705639e-01
   6.2600000e+01   1.3021254e-01  -1.3608693e-01
   6.2700000e+01   1.0023033e-01  -1.3798375e-01
   6.2800000e+01   5.9710771e-02  -1.4710908e-01
   6.2900000e+01   3.2962040e-02  -1.5306300e-01
   6.3000000e+01   2.2199225e-02  -1.3812601e-01
   6.3100000e+01   1.3174858e-02  -9.8494964e-02
   6.3200000e+01  -5.6528164e-03  -5.4185558e-02
   6.3300000e+01  -3.0751169e-02  -3.3310815e-02
   6.3400000e+01  -4.7237003e-02  -4.5464165e-02
   6.3500000e+01  -4.2973970e-02  -7.1953424e-02
   6.3600000e+01  -2.1095634e-02  -8.2992193e-02
   6.3700000e+01  -1.3928208e-03  -6.4297743e-02
   6.3800000e+01  -7.8239620e-03  -2.7455887e-02
   6.3900000e+01  -4.9122057e-02   4.0375616e-03
   6.4000000e+01  -1.0775760e-01   1.7810570e-02
   6.4100000e+01  -1.4975495e-01   2.2670971e-02
   6.4200000e+01  -1.5083791e-01   3.7566474e-02
   6.4300000e+01  -1.1685968e-01   7.1405537e-02
   6.4400000e+01  -7.8333267e-02   1.1326865e-01
   6.4500000e+01  -6.2338273e-02   1.4142917e-01
   6.4600000e+01  -6.8072556e-02   1.4145120e-01
   6.4700000e+01  -7.0407998e-02   1.1650495e-01
   6.4800000e+01  -4.8803475e-02   8.2752878e-02
   6.4900000e+01  -1.2590026e-02   5.6959250e-02
   6.5000000e+01   5.0705379e-03   4.7127695e-02
   6.5100000e+01  -1.8097398e-02   4.9783999e-02
   6.5200000e+01  -6.4169074e-02   5.1930013e-02
   6.5300000e+01  -8.4499129e-02   3.7645871e-02
   6.5400000e+01  -4.4154776e-02   2.9407784e-04
   6.5500000e+01   4.1179827e-02  -4.6285773e-02
   6.5600000e+01   1.1530638e-01  -7.1283004e-02
   6.5700000e+01   1.3125075e-01  -4.9979596e-02
   6.5800000e+01   9.1053216e-02   1.0525803e-02
   6.5900000e+01   3.6710036e-02   6.9894917e-02
   6.6000000e+01   6.5022418e-03   8.5202416e-02
   6.6100000e+01   5.6170402e-03   4.8491303e-02
   6.6200000e+01   1.7123954e-02  -5.0030890e-03
   6.6300000e+01   3.0044792e-02  -2.7987982e-02
   6.6400000e+01   4.6871671e-02  -3.1076301e-03
   6.6500000e+01   6.7030732e-02   4.3807921e-02
   6.6600000e+01   7.6473723e-02   7.0665445e-02
   6.6700000e+01   6.2406855e-02   5.8668576e-02
   6.6800000e+01   3.4344889e-02   2.6256670e-02
   6.6900000e+01   2.1092774e-02   6.5433474e-03
   6.7000000e+01   4.3028104e-02   1.4155431e-02
   6.7100000e+01   9.0047341e-02   3.5693462e-02
   6.7200000e+01   1.2899703e-01   5.0098805e-02
   6.7300000e+01   1.3186863e-01   5.2355575e-02
   6.7400000e+01   9.7572875e-02   5.3207277e-02
   6.7500000e+01   5.1124998e-02   5.8989555e-02
   6.7600000e+01   2.4729551e-02   6.0417368e-02
   6.7700000e+01   3.5245702e-02   4.5888370e-02
   6.7800000e+01   7.2317862e-02   2.0639666e-02
   6.7900000e+01   1.0654929e-01   3.7854436e-03
   6.8000000e+01   1.1438968e-01   5.1287267e-03
   6.8100000e+01   9.9129214e-02   1.3052631e-02
   6.8200000e+01   8.5559335e-02   1.1474257e-02
   6.8300000e+01   9.1087747e-02   2.9867018e-03
   6.8400000e+01   1.0447140e-01   3.7059025e-03
   6.8500000e+01   9.7804496e-02   1.3788216e-02
   6.8600000e+01   5.9228946e-02   6.2701667e-03
   6.8700000e+01   8.4619928e-03  -4.1570857e-02
   6.8800000e+01  -2.2664662e-02  -1.0872742e-01
   6.8900000e+01  -2.1515191e-02  -1.3846441e-01
   6.9000000e+01  -3.5216991e-03  -9.6496126e-02
   6.9100000e+01   6.2535362e-03  -1.5405165e-02
   6.9200000e+01  -6.0082376e-03   3.1911653e-02
   6.9300000e+01  -3.9350551e-02   6.8872775e-03
   6.9400000e+01  -8.5671863e-02  -5.3963515e-02
   6.9500000e+01  -1.3317318e-01  -7.8526513e-02
   6.9600000e+01  -1.6559013e-01  -3.5041408e-02
   6.9700000e+01  -1.6874081e-01   3.7886946e-02
   6.9800000e+01  -1.4450297e-01   7.4557618e-02
   6.9900000e+01  -1.1561527e-01   4.6209842e-02
   7.0000000e+01  -1.0986451e-01  -2.0235910e-02
   7.0100000e+01  -1.3571476e-01  -7.6825448e-02
   7.0200000e+01  -1.7353363e-01  -9.6593872e-02
   7.0300000e+01  -1.9179536e-01  -8.3513329e-02
   7.0400000e+01  -1.7346031e-01  -5.5205610e-02
   7.0500000e+01  -1.2974121e-01  -2.6566302e-02
   7.0600000e+01  -9.0884058e-02  -6.9138829e-03
   7.0700000e+01  -8.1832974e-02  -1.5109416e-03
   7.0800000e+01  -1.0159766e-01  -9.1774167e-03
   7.0900000e+01  -1.2370446e-01  -2.1130608e-02
   7.1000000e+01  -1.1979968e-01  -2.7460876e-02
   7.1100000e+01  -8.6457954e-02  -2.5743310e-02
   7.1200000e+01  -4.7683582e-02  -2.1210044e-02
   7.1300000e+01  -2.8035963e-02  -1.8436285e-02
   7.1400000e+01  -2.5122349e-02  -1.5828241e-02
   7.1500000e+01  -1.4158692e-02  -1.0190943e-02
   7.1600000e+01   1.9622558e-02  -4.4058603e-03
   7.1700000e+01   5.9986302e-02  -5.9078528e-03
   7.1800000e+01   7.6487216e-02  -1.5155359e-02
   7.1900000e+01   5.8735848e-02  -1.8056741e-02
   7.2000000e+01   2.7114806e-02   4.5562910e-03
   7.2100000e+01   9.9273844e-03   5.5483934e-02
   7.2200000e+01   1.7072033e-02   1.0936215e-01
   7.2300000e+01   3.8286725e-02   1.2723572e-01
   7.2400000e+01   5.8914099e-02   8.9329650e-02
   7.2500000e+01   6.9028696e-02   1.6775391e-02
   7.2600000e+01   6.0993698e-02  -4.0971311e-02
   7.2700000e+01   3.0638396e-02  -4.5531505e-02
   7.2800000e+01  -1.3043309e-02  -1.3899658e-03
   7.2900000e+01  -4.6148705e-02   4.9584181e-02
   7.3000000e+01  -4.7548643e-02   6.6175492e-02
   7.3100000e+01  -1.9617507e-02   4.2604822e-02
   7.3200000e+01   1.4109624e-02   7.8939849e-03
   7.3300000e+01   3.4124005e-02  -6.8593570e-03
   7.3400000e+01   4.3599761e-02   1.4178215e-03
   7.3500000e+01   5.8733488e-02   1.0010697e-02
   7.3600000e+01   8.4381562e-02  -8.1399643e-04
   7.3700000e+01   1.0608407e-01  -2.5852303e-02
   7.3800000e+01   1.0752869e-01  -4.3262549e-02
   7.3900000e+01   9.0697996e-02  -4.1393793e-02
   7.4000000e+01   7.4437157e-02  -3.2077882e-02
   7.4100000e+01   7.4905144e-02  -3.5265957e-02
   7.4200000e+01   9.1388408e-02  -5.3630344e-02
   7.4300000e+01   1.1059576e-01  -6.7157930e-02
   7.4400000e+01   1.1970167e-01  -5.4418638e-02
   7.4500000e+01   1.1289086e-01  -1.6788818e-02
   7.4600000e+01   9.0048394e-02   2.0974603e-02
   7.4700000e+01   5.6361502e-02   3.3948933e-02
   7.4800000e+01   2.4959679e-02   1.9298047e-02
   7.4900000e+01   1.4591842e-02  -3.9533833e-03
   7.5000000e+01   3.7837110e-02  -1.4423076e-02
   7.5100000e+01   8.8400271e-02  -6.2702944e-03
   7.5200000e+01   1.4055858e-01   9.6284107e-03
   7.5300000e+01   1.6333050e-01   1.8048634e-02
   7.5400000e+01   1.3891688e-01   1.1982345e-02
   7.5500000e+01   7.2924420e-02  -3.5971563e-03
   7.5600000e+01  -8.3952522e-03  -1.6525699e-02
   7.5700000e+01  -7.1204929e-02  -1.5903678e-02
   7.5800000e+01  -9.1742393e-02   8.0962242e-04
   7.5900000e+01  -7.0746992e-02   2.6042734e-02
   7.6000000e+01  -3.4739127e-02   4.7044042e-02
   7.6100000e+01  -1.8709747e-02   5.4047834e-02
   7.6200000e+01  -3.9220399e-02   4.5416110e-02
   7.6300000e+01  -8.0219418e-02   2.6707316e-02
   7.6400000e+01  -1.0781144e-01   6.4828343e-03
   7.6500000e+01  -1.0322429e-01  -6.9886766e-03
   7.6600000e+01  -8.1146076e-02  -7.7421942e-03
   7.6700000e+01  -7.2207429e-02   5.3552555e-03
   7.6800000e+01  -8.7318825e-02   2.6525958e-02
   7.6900000e+01  -1.0473370e-01   4.4901093e-02
   7.7000000e+01  -9.6576450e-02   5.0679564e-02
   7.7100000e+01  -6.4268916e-02   4.1104052e-02
   7.7200000e+01  -3.9148477e-02   2.1750213e-02
   7.7300000e+01  -4.5378063e-02   3.2792408e-03
   7.7400000e+01  -6.9126819e-02  -3.4921829e-03
   7.7500000e+01  -7.2011682e-02   7.1758632e-03
   7.7600000e+01  -3.3730711e-02   3.1012709e-02
   7.7700000e+01   2.5717413e-02   5.2418710e-02
   7.7800000e+01   6.7639751e-02   5.1425878e-02
   7.7900000e+01   7.1436669e-02   1.8223707e-02
   7.8000000e+01   4.5314993e-02  -3.4444022e-02
   7.8100000e+01   7.6219596e-03  -7.3715749e-02
   7.8200000e+01  -2.9679957e-02  -6.7601661e-02
   7.8300000e+01  -5.6210374e-02  -1.1794424e-02
   7.8400000e+01  -5.4587625e-02   6.0595257e-02
   7.8500000e+01  -1.2389418e-02   9.9962112e-02
   7.8600000e+01   5.4216104e-02   7.8738899e-02
   7.8700000e+01   9.9793415e-02   1.3880968e-02
   7.8800000e+01   8.5227111e-02  -4.9505590e-02
   7.8900000e+01   1.7401878e-02  -7.8583291e-02
   7.9000000e+01  -5.1342024e-02  -7.6834814e-02
   7.9100000e+01  -6.8211600e-02  -6.9105350e-02
   7.9200000e+01  -2.5841039e-02  -6.8423208e-02
   7.9300000e+01   3.5528165e-02  -6.3969533e-02
   7.9400000e+01   6.7993953e-02  -4.1411226e-02
   7.9500000e+01   5.5565033e-02  -7.1015281e-03
   7.9600000e+01   1.8013110e-02   1.5223201e-02
   7.9700000e+01  -1.5050759e-02   1.1095761e-02
   7.9800000e+01  -2.7902455e-02  -7.9031389e-03
   7.9900000e+01  -2.1701743e-02  -1.8321104e-02
   8.0000000e+01  -5.3538316e-03  -1.2942774e-02
