   1.0221618e+02   2.8602761e+01   2.5212700e+03
   1.0221071e+02   2.8527997e+01   1.9114100e+03
   0.0000000e+00   5.9941101e-01   5.9941101e-01
   1.0000000e-01   7.0280008e-01   4.8633322e-01
   2.0000000e-01   8.0844425e-01   3.5697419e-01
   3.0000000e-01   9.0767641e-01   2.2554003e-01
   4.0000000e-01   9.7512086e-01   1.0824093e-01
   5.0000000e-01   9.9974228e-01  -7.6685096e-04
   6.0000000e-01   1.0000000e+00  -1.1899088e-01
   7.0000000e-01   9.9999869e-01  -2.4108337e-01
   8.0000000e-01   9.9594995e-01  -3.3036155e-01
   9.0000000e-01   9.5577658e-01  -3.5614723e-01
   1.0000000e+00   8.5284739e-01  -3.3475988e-01
   1.1000000e+00   6.9418809e-01  -3.2310483e-01
   1.2000000e+00   5.1404520e-01  -3.7044930e-01
   1.3000000e+00   3.4588088e-01  -4.8120504e-01
   1.4000000e+00   2.0461852e-01  -6.2170223e-01
   1.5000000e+00   8.9932450e-02  -7.5062497e-01
   1.6000000e+00  -3.8623902e-03  -8.3636514e-01
   1.7000000e+00  -8.3744968e-02  -8.5609589e-01
   1.8000000e+00  -1.5559592e-01  -7.9810634e-01
   1.9000000e+00  -2.1772222e-01  -6.7494844e-01
   2.0000000e+00  -2.5776092e-01  -5.2738513e-01
   2.1000000e+00  -2.6262039e-01  -4.0279750e-01
   2.2000000e+00  -2.3442498e-01  -3.2420888e-01
   2.3000000e+00  -1.9404830e-01  -2.8257872e-01
   2.4000000e+00  -1.6705217e-01  -2.6043382e-01
   2.5000000e+00  -1.6816885e-01  -2.5810719e-01
   2.6000000e+00  -2.0033346e-01  -2.9083772e-01
   2.7000000e+00  -2.6311288e-01  -3.6036474e-01
   2.8000000e+00  -3.5326705e-01  -4.3572404e-01
   2.9000000e+00  -4.5410657e-01  -4.6769065e-01
   3.0000000e+00  -5.3063826e-01  -4.2325614e-01
   3.1000000e+00  -5.4542229e-01  -3.0615459e-01
   3.2000000e+00  -4.8624629e-01  -1.4781790e-01
   3.3000000e+00  -3.7978855e-01   1.5449465e-02
   3.4000000e+00  -2.7603929e-01   1.5535096e-01
   3.5000000e+00  -2.1545268e-01   2.4998977e-01
   3.6000000e+00  -2.0621095e-01   2.8209444e-01
   3.7000000e+00  -2.2797172e-01   2.4819463e-01
   3.8000000e+00  -2.5387095e-01   1.7126189e-01
   3.9000000e+00  -2.6925480e-01   9.8538371e-02
   4.0000000e+00  -2.7436547e-01   7.7240740e-02
   4.1000000e+00  -2.7611538e-01   1.2424717e-01
   4.2000000e+00  -2.8108893e-01   2.1660668e-01
   4.3000000e+00  -2.9381358e-01   3.1211959e-01
   4.4000000e+00  -3.1519851e-01   3.7934507e-01
   4.5000000e+00  -3.3817092e-01   4.0922612e-01
   4.6000000e+00  -3.4594300e-01   4.0593895e-01
   4.7000000e+00  -3.1934816e-01   3.7847961e-01
   4.8000000e+00  -2.5037940e-01   3.4340464e-01
   4.9000000e+00  -1.5078538e-01   3.2221997e-01
   5.0000000e+00  -4.7619270e-02   3.2129946e-01
   5.1000000e+00   3.1172815e-02   3.1695675e-01
   5.2000000e+00   7.0293743e-02   2.7606679e-01
   5.3000000e+00   7.1328565e-02   1.9778391e-01
   5.4000000e+00   4.7893265e-02   1.2372392e-01
   5.5000000e+00   1.8054663e-02   9.6775136e-02
   5.6000000e+00  -8.4399377e-04   1.1678111e-01
   5.7000000e+00   4.7822457e-03   1.4814123e-01
   5.8000000e+00   4.1175964e-02   1.6466087e-01
   5.9000000e+00   1.0368715e-01   1.6844485e-01
   6.0000000e+00   1.7755631e-01   1.6279446e-01
   6.1000000e+00   2.4513031e-01   1.2961767e-01
   6.2000000e+00   2.9515123e-01   5.3532307e-02
   6.3000000e+00   3.2703312e-01  -4.0638237e-02
   6.4000000e+00   3.4752497e-01  -9.8430162e-02
   6.5000000e+00   3.6345989e-01  -9.0677353e-02
   6.6000000e+00   3.7618857e-01  -4.3774720e-02
   6.7000000e+00   3.8108491e-01  -6.1667105e-03
   6.8000000e+00   3.7239132e-01   4.4444968e-03
   6.9000000e+00   3.5015311e-01   7.8594690e-03
   7.0000000e+00   3.2289405e-01   2.2704289e-02
   7.1000000e+00   3.0174182e-01   3.9609218e-02
   7.2000000e+00   2.9046889e-01   3.7210266e-02
   7.3000000e+00   2.8217593e-01   9.4724086e-03
   7.4000000e+00   2.6681283e-01  -3.5886948e-02
   7.5000000e+00   2.4035953e-01  -9.8422826e-02
   7.6000000e+00   2.0453232e-01  -1.8549558e-01
   7.7000000e+00   1.5992104e-01  -2.8511695e-01
   7.8000000e+00   1.0601090e-01  -3.5116068e-01
   7.9000000e+00   5.1207083e-02  -3.3308062e-01
   8.0000000e+00   1.7389043e-02  -2.2529357e-01
   8.1000000e+00   2.4970367e-02  -7.9726991e-02
   8.2000000e+00   6.8934320e-02   3.6334361e-02
   8.3000000e+00   1.1295356e-01   9.1261850e-02
   8.4000000e+00   1.1295103e-01   9.4736356e-02
   8.5000000e+00   4.9946566e-02   6.2435509e-02
   8.6000000e+00  -5.7660711e-02  -6.3244235e-03
   8.7000000e+00  -1.6993910e-01  -1.0920677e-01
   8.8000000e+00  -2.5093345e-01  -2.1503666e-01
   8.9000000e+00  -2.8360317e-01  -2.7833729e-01
   9.0000000e+00  -2.7091339e-01  -2.8163659e-01
   9.1000000e+00  -2.3063249e-01  -2.4858786e-01
   9.2000000e+00  -1.8757276e-01  -2.0930272e-01
   9.3000000e+00  -1.6251175e-01  -1.6677756e-01
   9.4000000e+00  -1.6199061e-01  -1.0982312e-01
   9.5000000e+00  -1.7800704e-01  -4.7277516e-02
   9.6000000e+00  -1.9903796e-01  -6.6495723e-03
   9.7000000e+00  -2.2073332e-01   3.2522713e-03
   9.8000000e+00  -2.4433249e-01   7.3699507e-03
   9.9000000e+00  -2.6619019e-01   2.9686973e-02
   1.0000000e+01  -2.7357387e-01   5.7730306e-02
   1.0100000e+01  -2.5402642e-01   6.0550264e-02
   1.0200000e+01  -2.0775374e-01   3.6750874e-02
   1.0300000e+01  -1.4811487e-01   2.2353293e-02
   1.0400000e+01  -9.0087239e-02   4.3187025e-02
   1.0500000e+01  -4.0777521e-02   7.5665001e-02
   1.0600000e+01  -1.3947171e-03   7.1015174e-02
   1.0700000e+01   2.5589572e-02   1.4558015e-02
   1.0800000e+01   3.5307957e-02  -5.2492054e-02
   1.0900000e+01   2.5948910e-02  -7.2423979e-02
   1.1000000e+01   2.2982931e-03  -2.3913747e-02
   1.1100000e+01  -2.6302578e-02   6.6085672e-02
   1.1200000e+01  -4.8729084e-02   1.5342315e-01
   1.1300000e+01  -5.2906601e-02   2.1164928e-01
   1.1400000e+01  -2.9519138e-02   2.4013861e-01
   1.1500000e+01   1.9582069e-02   2.4829191e-01
   1.1600000e+01   7.7710699e-02   2.3806395e-01
   1.1700000e+01   1.2359405e-01   2.0151946e-01
   1.1800000e+01   1.4779713e-01   1.3233993e-01
   1.1900000e+01   1.5669620e-01   3.7099910e-02
   1.2000000e+01   1.5924252e-01  -6.5215668e-02
   1.2100000e+01   1.5409004e-01  -1.5181620e-01
   1.2200000e+01   1.3419210e-01  -2.0059874e-01
   1.2300000e+01   1.0189985e-01  -1.8947038e-01
   1.2400000e+01   7.2869105e-02  -1.0434755e-01
   1.2500000e+01   6.2175303e-02   3.9400249e-02
   1.2600000e+01   6.9848286e-02   1.8503454e-01
   1.2700000e+01   8.3155198e-02   2.5997569e-01
   1.2800000e+01   9.0810458e-02   2.2868877e-01
   1.2900000e+01   9.0946684e-02   1.2292196e-01
   1.3000000e+01   8.6287690e-02   1.3621212e-02
   1.3100000e+01   7.7604720e-02  -5.0151815e-02
   1.3200000e+01   6.5705789e-02  -7.3399215e-02
   1.3300000e+01   5.6595270e-02  -9.0176655e-02
   1.3400000e+01   5.7955897e-02  -1.1651779e-01
   1.3500000e+01   6.7475266e-02  -1.3426504e-01
   1.3600000e+01   6.7759367e-02  -1.1597440e-01
   1.3700000e+01   3.8397799e-02  -5.5763198e-02
   1.3800000e+01  -2.3726591e-02   2.5665093e-02
   1.3900000e+01  -9.6589149e-02   9.7844793e-02
   1.4000000e+01  -1.4743685e-01   1.3673644e-01
   1.4100000e+01  -1.5683644e-01   1.3061133e-01
   1.4200000e+01  -1.3046031e-01   8.1530685e-02
   1.4300000e+01  -9.0126275e-02   5.8647855e-03
   1.4400000e+01  -5.5621041e-02  -7.0436676e-02
   1.4500000e+01  -3.4001067e-02  -1.2240441e-01
   1.4600000e+01  -2.1626348e-02  -1.3521452e-01
   1.4700000e+01  -1.2424035e-02  -1.0723651e-01
   1.4800000e+01  -4.8371192e-03  -4.9901895e-02
   1.4900000e+01  -4.2904499e-03   1.3883967e-02
   1.5000000e+01  -1.9875882e-02   5.7346187e-02
   1.5100000e+01  -5.5715921e-02   6.4024984e-02
   1.5200000e+01  -1.0314138e-01   3.7311669e-02
   1.5300000e+01  -1.4267361e-01  -5.4602886e-03
   1.5400000e+01  -1.5642956e-01  -4.8293489e-02
   1.5500000e+01  -1.3936977e-01  -8.4316953e-02
   1.5600000e+01  -9.8601540e-02  -1.1055807e-01
   1.5700000e+01  -4.4587725e-02  -1.2140814e-01
   1.5800000e+01   1.3035855e-02  -1.1132383e-01
   1.5900000e+01   6.1843445e-02  -8.1779063e-02
   1.6000000e+01   8.5815423e-02  -4.1834502e-02
   1.6100000e+01   7.5057539e-02  -2.3015384e-03
   1.6200000e+01   3.7390509e-02   2.8234139e-02
   1.6300000e+01  -3.1722812e-03   4.3023408e-02
   1.6400000e+01  -2.2301048e-02   3.7699735e-02
   1.6500000e+01  -1.0596879e-02   1.3931282e-02
   1.6600000e+01   2.5033141e-02  -1.8731076e-02
   1.6700000e+01   7.1097113e-02  -4.6341776e-02
   1.6800000e+01   1.1585221e-01  -5.6587022e-02
   1.6900000e+01   1.5006055e-01  -4.3933758e-02
   1.7000000e+01   1.6520765e-01  -1.3420441e-02
   1.7100000e+01   1.5580071e-01   1.9439715e-02
   1.7200000e+01   1.2432435e-01   3.7411524e-02
   1.7300000e+01   8.1787281e-02   3.5278158e-02
   1.7400000e+01   4.1186301e-02   2.3790065e-02
   1.7500000e+01   9.9951033e-03   1.6172765e-02
   1.7600000e+01  -1.0427978e-02   1.2328809e-02
   1.7700000e+01  -1.8814506e-02   2.3596321e-03
   1.7800000e+01  -1.0192703e-02  -1.4086193e-02
   1.7900000e+01   1.8981915e-02  -2.0805967e-02
   1.8000000e+01   6.1382856e-02  -4.4047396e-03
   1.8100000e+01   9.6735697e-02   2.3919054e-02
   1.8200000e+01   1.0249546e-01   3.6282930e-02
   1.8300000e+01   6.9583966e-02   2.0290468e-02
   1.8400000e+01   9.9018173e-03  -4.0244142e-03
   1.8500000e+01  -5.0567757e-02  -4.8868642e-03
   1.8600000e+01  -8.7599180e-02   2.7168069e-02
   1.8700000e+01  -9.2261689e-02   7.1122472e-02
   1.8800000e+01  -7.3688685e-02   9.8740838e-02
   1.8900000e+01  -5.0263465e-02   9.9360000e-02
   1.9000000e+01  -3.6110629e-02   8.1808356e-02
   1.9100000e+01  -3.3011906e-02   6.0013832e-02
   1.9200000e+01  -3.3437416e-02   4.2238409e-02
   1.9300000e+01  -3.0749876e-02   3.0286154e-02
   1.9400000e+01  -2.6483356e-02   2.1768068e-02
   1.9500000e+01  -2.8378990e-02   1.2216257e-02
   1.9600000e+01  -4.2500636e-02   1.6513090e-04
   1.9700000e+01  -6.7753504e-02  -7.3692516e-03
   1.9800000e+01  -9.6961451e-02   1.5139747e-03
   1.9900000e+01  -1.2144729e-01   2.9789821e-02
   2.0000000e+01  -1.3412934e-01   6.1994711e-02
   2.0100000e+01  -1.3019273e-01   7.3170295e-02
   2.0200000e+01  -1.0808498e-01   5.0254514e-02
   2.0300000e+01  -7.2118681e-02   3.9917555e-03
   2.0400000e+01  -3.3615479e-02  -4.1338985e-02
   2.0500000e+01  -6.5594787e-03  -6.8772549e-02
   2.0600000e+01   1.2567326e-03  -7.7920230e-02
   2.0700000e+01  -5.5198892e-03  -7.5690151e-02
   2.0800000e+01  -1.2916203e-02  -6.3477737e-02
   2.0900000e+01  -8.7099286e-03  -3.8100377e-02
   2.1000000e+01   7.9969494e-03  -4.3637378e-03
   2.1100000e+01   2.7233076e-02   1.9280072e-02
   2.1200000e+01   3.7728480e-02   1.3128064e-02
   2.1300000e+01   3.6504757e-02  -2.4628093e-02
   2.1400000e+01   3.0369186e-02  -7.3101272e-02
   2.1500000e+01   2.9211014e-02  -1.0428710e-01
   2.1600000e+01   3.7699307e-02  -1.0338711e-01
   2.1700000e+01   5.2110530e-02  -7.5244923e-02
   2.1800000e+01   6.3958638e-02  -3.5201063e-02
   2.1900000e+01   6.6611951e-02   2.3894313e-03
   2.2000000e+01   5.9286879e-02   2.7808101e-02
   2.2100000e+01   4.5943790e-02   3.4655943e-02
   2.2200000e+01   3.1671469e-02   2.1229760e-02
   2.2300000e+01   2.0732918e-02  -5.4118637e-03
   2.2400000e+01   1.6852999e-02  -3.0159375e-02
   2.2500000e+01   2.2714564e-02  -3.8927318e-02
   2.2600000e+01   3.7488701e-02  -2.9019903e-02
   2.2700000e+01   5.5794622e-02  -1.0088392e-02
   2.2800000e+01   7.0998035e-02   5.8546477e-03
   2.2900000e+01   7.9745879e-02   1.4792687e-02
   2.3000000e+01   8.2164748e-02   2.0374725e-02
   2.3100000e+01   7.8125429e-02   2.4651237e-02
   2.3200000e+01   6.5980370e-02   2.2813874e-02
   2.3300000e+01   4.6349987e-02   9.9053660e-03
   2.3400000e+01   2.4900584e-02  -8.6260463e-03
   2.3500000e+01   8.4327504e-03  -1.7451750e-02
   2.3600000e+01  -1.2381714e-03  -5.2949678e-03
   2.3700000e+01  -6.7136924e-03   2.2437450e-02
   2.3800000e+01  -8.5427142e-03   4.6677722e-02
   2.3900000e+01  -3.5190234e-03   5.0176399e-02
   2.4000000e+01   8.0461824e-03   2.9663332e-02
   2.4100000e+01   1.6846753e-02  -4.3978160e-03
   2.4200000e+01   1.1801314e-02  -3.5339202e-02
   2.4300000e+01  -7.1960576e-03  -4.7246934e-02
   2.4400000e+01  -2.8940092e-02  -3.1190076e-02
   2.4500000e+01  -4.5814423e-02   7.7795096e-03
   2.4600000e+01  -6.4212614e-02   4.9316765e-02
   2.4700000e+01  -9.3768313e-02   6.9922408e-02
   2.4800000e+01  -1.2717651e-01   6.1838431e-02
   2.4900000e+01  -1.3898935e-01   3.9205580e-02
   2.5000000e+01  -1.1098471e-01   2.2524337e-02
   2.5100000e+01  -5.6939340e-02   1.7784473e-02
   2.5200000e+01  -1.5613134e-02   1.4263592e-02
   2.5300000e+01  -1.5596397e-02   2.3829398e-03
   2.5400000e+01  -4.8642196e-02  -1.2026029e-02
   2.5500000e+01  -7.9541004e-02  -1.5261255e-02
   2.5600000e+01  -8.0575131e-02  -4.3216020e-03
   2.5700000e+01  -5.3804591e-02   8.4354169e-03
   2.5800000e+01  -2.1543342e-02   1.0504855e-02
   2.5900000e+01  -1.2580334e-03   4.0990548e-03
   2.6000000e+01   6.2673116e-03   1.6207008e-03
   2.6100000e+01   7.7935159e-03   8.3500961e-03
   2.6200000e+01   5.0286167e-03   1.4707810e-02
   2.6300000e+01  -4.6265822e-03   7.1949352e-03
   2.6400000e+01  -1.8329297e-02  -1.5938837e-02
   2.6500000e+01  -2.5277662e-02  -4.1991905e-02
   2.6600000e+01  -1.6373678e-02  -5.4778696e-02
   2.6700000e+01   5.9704951e-03  -4.5954751e-02
   2.6800000e+01   2.9825299e-02  -1.7586775e-02
   2.6900000e+01   4.4368538e-02   2.0871284e-02
   2.7000000e+01   4.7024211e-02   5.5025525e-02
   2.7100000e+01   4.2153889e-02   6.8266951e-02
   2.7200000e+01   3.6835536e-02   4.9195396e-02
   2.7300000e+01   3.8646528e-02   1.4760606e-03
   2.7400000e+01   5.3081933e-02  -5.3778503e-02
   2.7500000e+01   7.8241287e-02  -8.9345937e-02
   2.7600000e+01   1.0215726e-01  -8.9888942e-02
   2.7700000e+01   1.0968814e-01  -6.1264112e-02
   2.7800000e+01   9.5308337e-02  -2.3033562e-02
   2.7900000e+01   6.8627282e-02   7.8555136e-03
   2.8000000e+01   4.5547935e-02   2.6507327e-02
   2.8100000e+01   3.3939214e-02   3.5829670e-02
   2.8200000e+01   2.8939401e-02   3.6971537e-02
   2.8300000e+01   2.1781649e-02   2.6913081e-02
   2.8400000e+01   1.1183861e-02   4.9175550e-03
   2.8500000e+01   4.9281633e-03  -2.1986338e-02
   2.8600000e+01   1.1012760e-02  -4.2468839e-02
   2.8700000e+01   2.8192301e-02  -4.9409591e-02
   2.8800000e+01   4.4892075e-02  -4.3486176e-02
   2.8900000e+01   4.7004217e-02  -2.8950443e-02
   2.9000000e+01   2.8029643e-02  -8.7043706e-03
   2.9100000e+01  -6.0969627e-03   1.4698243e-02
   2.9200000e+01  -4.1097913e-02   3.5111591e-02
   2.9300000e+01  -6.4293997e-02   4.3899723e-02
   2.9400000e+01  -7.2349346e-02   3.7226835e-02
   2.9500000e+01  -7.0489317e-02   2.1183500e-02
   2.9600000e+01  -6.5104143e-02   7.4843716e-03
   2.9700000e+01  -5.8130734e-02   3.5787892e-03
   2.9800000e+01  -4.8484331e-02   8.0199400e-03
   2.9900000e+01  -3.6782256e-02   1.5517674e-02
   3.0000000e+01  -2.6378122e-02   2.4230926e-02
   3.0100000e+01  -2.0124381e-02   3.5776917e-02
   3.0200000e+01  -1.8469167e-02   4.8762457e-02
   3.0300000e+01  -2.1370103e-02   5.5737722e-02
   3.0400000e+01  -2.9598326e-02   4.9233572e-02
   3.0500000e+01  -4.1980315e-02   3.0377275e-02
   3.0600000e+01  -5.2938232e-02   9.3674933e-03
   3.0700000e+01  -5.6204358e-02  -3.5606263e-03
   3.0800000e+01  -5.1538019e-02  -6.8721856e-03
   3.0900000e+01  -4.4990237e-02  -7.0387520e-03
   3.1000000e+01  -4.1070214e-02  -1.0318837e-02
   3.1100000e+01  -3.7200539e-02  -1.6640935e-02
   3.1200000e+01  -2.8715774e-02  -2.1365983e-02
   3.1300000e+01  -1.7572489e-02  -2.1377741e-02
   3.1400000e+01  -1.1402428e-02  -1.8288643e-02
   3.1500000e+01  -1.2617102e-02  -1.6204172e-02
   3.1600000e+01  -1.2653443e-02  -1.7515565e-02
   3.1700000e+01  -1.4555914e-03  -2.1061536e-02
   3.1800000e+01   1.8329369e-02  -2.3578713e-02
   3.1900000e+01   3.1507777e-02  -2.2547132e-02
   3.2000000e+01   2.7081483e-02  -1.8395382e-02
   3.2100000e+01   1.2074245e-02  -1.4811875e-02
   3.2200000e+01   4.8223137e-03  -1.6450057e-02
   3.2300000e+01   1.4699387e-02  -2.4840284e-02
   3.2400000e+01   3.2217954e-02  -3.5842490e-02
   3.2500000e+01   4.1165544e-02  -4.2062029e-02
   3.2600000e+01   3.7711679e-02  -3.9075141e-02
   3.2700000e+01   3.3389729e-02  -2.9379512e-02
   3.2800000e+01   3.9362218e-02  -1.9591972e-02
   3.2900000e+01   5.2436617e-02  -1.3958279e-02
   3.3000000e+01   5.9993563e-02  -1.1472049e-02
   3.3100000e+01   5.6258430e-02  -9.0343800e-03
   3.3200000e+01   4.8360414e-02  -5.6370400e-03
   3.3300000e+01   4.5021305e-02  -2.5647111e-03
   3.3400000e+01   4.3949441e-02  -1.0581214e-03
   3.3500000e+01   3.5387971e-02  -1.5617645e-03
   3.3600000e+01   1.7289102e-02  -4.3142720e-03
   3.3700000e+01   1.5172700e-03  -8.1377403e-03
   3.3800000e+01   1.5872017e-03  -8.4999316e-03
   3.3900000e+01   1.6358127e-02   2.3548313e-04
   3.4000000e+01   2.9989822e-02   1.8442601e-02
   3.4100000e+01   2.8821716e-02   3.8434410e-02
   3.4200000e+01   1.5430303e-02   5.0321618e-02
   3.4300000e+01   3.9937800e-03   5.0435148e-02
   3.4400000e+01   3.6092335e-03   4.2385658e-02
   3.4500000e+01   9.4589139e-03   3.0816383e-02
   3.4600000e+01   1.0676753e-02   1.7593302e-02
   3.4700000e+01   3.5348105e-03   5.3215464e-03
   3.4800000e+01  -6.0299457e-03   9.8647150e-04
   3.4900000e+01  -1.1660792e-02   1.1464097e-02
   3.5000000e+01  -1.4394915e-02   3.4627858e-02
   3.5100000e+01  -1.9477703e-02   5.7605558e-02
   3.5200000e+01  -2.7785329e-02   6.6128640e-02
   3.5300000e+01  -3.3917096e-02   5.5961503e-02
   3.5400000e+01  -3.3229069e-02   3.5387814e-02
   3.5500000e+01  -2.7948473e-02   1.7601142e-02
   3.5600000e+01  -2.4146902e-02   1.0882338e-02
   3.5700000e+01  -2.4000312e-02   1.4221977e-02
   3.5800000e+01  -2.4120847e-02   2.0012037e-02
   3.5900000e+01  -2.2217333e-02   2.0464637e-02
   3.6000000e+01  -2.2435548e-02   1.2943855e-02
   3.6100000e+01  -3.0808919e-02   8.2285636e-04
   3.6200000e+01  -4.5656773e-02  -1.0038627e-02
   3.6300000e+01  -5.5978524e-02  -1.5774755e-02
   3.6400000e+01  -5.2087148e-02  -1.6453933e-02
   3.6500000e+01  -3.6939196e-02  -1.5019513e-02
   3.6600000e+01  -2.4026461e-02  -1.5073625e-02
   3.6700000e+01  -2.2951669e-02  -1.8826989e-02
   3.6800000e+01  -2.9006318e-02  -2.5570805e-02
   3.6900000e+01  -2.9206828e-02  -3.1637135e-02
   3.7000000e+01  -1.8060305e-02  -3.2878654e-02
   3.7100000e+01  -4.5291324e-03  -2.8225059e-02
   3.7200000e+01  -1.6552581e-03  -2.0804453e-02
   3.7300000e+01  -1.0660490e-02  -1.5296114e-02
   3.7400000e+01  -1.8215966e-02  -1.4449705e-02
   3.7500000e+01  -1.0778413e-02  -1.8238069e-02
   3.7600000e+01   9.7005350e-03  -2.5258567e-02
   3.7700000e+01   2.6465175e-02  -3.3536661e-02
   3.7800000e+01   2.5012134e-02  -4.0156052e-02
   3.7900000e+01   8.6100308e-03  -4.1944403e-02
   3.8000000e+01  -4.0394970e-03  -3.7903409e-02
   3.8100000e+01   3.4949062e-03  -3.0584929e-02
   3.8200000e+01   3.0219130e-02  -2.4122543e-02
   3.8300000e+01   5.9250371e-02  -2.0962091e-02
   3.8400000e+01   7.2845817e-02  -2.1021778e-02
   3.8500000e+01   6.5834153e-02  -2.3268030e-02
   3.8600000e+01   4.6678412e-02  -2.6205617e-02
   3.8700000e+01   2.8438732e-02  -2.6311681e-02
   3.8800000e+01   1.9276988e-02  -1.8433209e-02
   3.8900000e+01   1.9069257e-02  -1.0658573e-03
   3.9000000e+01   2.2013783e-02   1.8244014e-02
   3.9100000e+01   2.1946549e-02   2.5921312e-02
   3.9200000e+01   1.7153856e-02   1.4404217e-02
   3.9300000e+01   1.1723616e-02  -8.3383121e-03
   3.9400000e+01   1.1632415e-02  -2.3794734e-02
   3.9500000e+01   1.7980864e-02  -1.9547103e-02
   3.9600000e+01   2.4093418e-02  -7.5640122e-04
   3.9700000e+01   2.1108236e-02   1.5842324e-02
   3.9800000e+01   7.7789013e-03   1.8806356e-02
   3.9900000e+01  -6.2035256e-03   1.1692301e-02
   4.0000000e+01  -8.8671963e-03   6.9078714e-03
   4.0100000e+01   1.1130144e-03   1.2793602e-02
   4.0200000e+01   1.1492483e-02   2.7847965e-02
   4.0300000e+01   8.4303540e-03   4.4723333e-02
   4.0400000e+01  -8.4278109e-03   5.6111901e-02
   4.0500000e+01  -2.4603724e-02   5.7156942e-02
   4.0600000e+01  -2.5875386e-02   4.6741252e-02
   4.0700000e+01  -1.3748354e-02   2.9666805e-02
   4.0800000e+01  -3.7569643e-03   1.5630930e-02
   4.0900000e+01  -8.0829884e-03   1.2007885e-02
   4.1000000e+01  -2.2274608e-02   1.6892199e-02
   4.1100000e+01  -3.1401899e-02   2.1871884e-02
   4.1200000e+01  -2.8139747e-02   2.2656034e-02
   4.1300000e+01  -2.1079434e-02   2.4079267e-02
   4.1400000e+01  -2.3484519e-02   3.1974891e-02
   4.1500000e+01  -3.6510723e-02   4.2225708e-02
   4.1600000e+01  -4.7459981e-02   4.2709022e-02
   4.1700000e+01  -4.4895784e-02   2.7584428e-02
   4.1800000e+01  -3.1764814e-02   6.1504654e-03
   4.1900000e+01  -2.0675965e-02  -5.9432214e-03
   4.2000000e+01  -1.7951431e-02  -3.2048274e-03
   4.2100000e+01  -1.6585633e-02   5.2473322e-03
   4.2200000e+01  -6.4048484e-03   7.7072279e-03
   4.2300000e+01   1.1726705e-02   2.5217001e-03
   4.2400000e+01   2.5037574e-02  -3.5676435e-03
   4.2500000e+01   2.1891085e-02  -6.6999216e-03
   4.2600000e+01   3.5554685e-03  -1.0468899e-02
   4.2700000e+01  -1.7055083e-02  -1.8368218e-02
   4.2800000e+01  -2.6194951e-02  -2.6114563e-02
   4.2900000e+01  -1.8579735e-02  -2.5923107e-02
   4.3000000e+01   5.5931086e-04  -1.7783161e-02
   4.3100000e+01   1.9234341e-02  -1.2065061e-02
   4.3200000e+01   2.5802672e-02  -1.8283186e-02
   4.3300000e+01   1.7098009e-02  -3.3123665e-02
   4.3400000e+01   2.0465815e-03  -4.2877679e-02
   4.3500000e+01  -4.9541339e-03  -3.8089864e-02
   4.3600000e+01   2.5490728e-03  -2.3453522e-02
   4.3700000e+01   1.6167274e-02  -1.2203259e-02
   4.3800000e+01   2.1272346e-02  -1.2819499e-02
   4.3900000e+01   1.3059334e-02  -2.3139947e-02
   4.4000000e+01   2.3371789e-03  -3.5534177e-02
   4.4100000e+01   4.2215700e-03  -4.3710813e-02
   4.4200000e+01   2.2189513e-02  -4.3755302e-02
   4.4300000e+01   4.4657687e-02  -3.3046035e-02
   4.4400000e+01   5.6574452e-02  -1.2872990e-02
   4.4500000e+01   5.2726513e-02   8.5056146e-03
   4.4600000e+01   3.9965390e-02   1.9999659e-02
   4.4700000e+01   2.8860012e-02   1.7427279e-02
   4.4800000e+01   2.4717508e-02   7.5578090e-03
   4.4900000e+01   2.5206808e-02   7.1062999e-04
   4.5000000e+01   2.3945958e-02   6.3943454e-04
   4.5100000e+01   1.5917869e-02   3.5000390e-03
   4.5200000e+01   1.7581384e-03   5.0109866e-03
   4.5300000e+01  -1.1277665e-02   4.8185099e-03
   4.5400000e+01  -1.3795414e-02   3.4274749e-03
   4.5500000e+01  -2.7872379e-03  -9.8119229e-04
   4.5600000e+01   1.3096915e-02  -9.3091268e-03
   4.5700000e+01   1.8718600e-02  -1.6824581e-02
   4.5800000e+01   5.4236572e-03  -1.5627996e-02
   4.5900000e+01  -2.0578984e-02  -2.8035224e-03
   4.6000000e+01  -4.3542477e-02   1.5915547e-02
   4.6100000e+01  -5.1918469e-02   3.1426283e-02
   4.6200000e+01  -4.6421457e-02   3.8501051e-02
   4.6300000e+01  -3.5699314e-02   3.7039008e-02
   4.6400000e+01  -2.6786032e-02   2.8583802e-02
   4.6500000e+01  -2.1007448e-02   1.4538507e-02
   4.6600000e+01  -1.6897798e-02  -2.2912392e-03
   4.6700000e+01  -1.3545443e-02  -1.6794612e-02
   4.6800000e+01  -1.0277145e-02  -2.3652460e-02
   4.6900000e+01  -5.6507799e-03  -2.0283954e-02
   4.7000000e+01   5.4195551e-04  -8.1345945e-03
   4.7100000e+01   4.3492888e-03   7.8228968e-03
   4.7200000e+01  -9.6118439e-04   2.1094672e-02
   4.7300000e+01  -1.8451508e-02   2.7213846e-02
   4.7400000e+01  -4.1950580e-02   2.6730614e-02
   4.7500000e+01  -5.8074334e-02   2.4139574e-02
   4.7600000e+01  -5.5720213e-02   2.3153936e-02
   4.7700000e+01  -3.5147773e-02   2.3713222e-02
   4.7800000e+01  -8.1414504e-03   2.3915107e-02
   4.7900000e+01   1.1188990e-02   2.2947737e-02
   4.8000000e+01   1.6426328e-02   2.0272317e-02
   4.8100000e+01   1.0943219e-02   1.3619960e-02
   4.8200000e+01   2.2116215e-03   1.4473395e-03
   4.8300000e+01  -4.1613146e-03  -1.2355794e-02
   4.8400000e+01  -5.6423832e-03  -2.0161364e-02
   4.8500000e+01  -1.6364027e-03  -1.9383605e-02
   4.8600000e+01   6.1227040e-03  -1.6475874e-02
   4.8700000e+01   1.3149037e-02  -1.8097510e-02
   4.8800000e+01   1.5424499e-02  -1.9999237e-02
   4.8900000e+01   1.4269549e-02  -1.0758129e-02
   4.9000000e+01   1.6157329e-02   1.1354951e-02
   4.9100000e+01   2.5782635e-02   3.0460946e-02
   4.9200000e+01   3.9716007e-02   2.7721374e-02
   4.9300000e+01   4.8286046e-02   2.9491286e-03
   4.9400000e+01   4.3956925e-02  -2.3466935e-02
   4.9500000e+01   2.7624982e-02  -3.1481493e-02
   4.9600000e+01   7.7736251e-03  -2.0469027e-02
   4.9700000e+01  -5.1237507e-03  -5.6267626e-03
   4.9800000e+01  -4.4822036e-03   3.5457170e-04
   4.9900000e+01   8.3793101e-03  -2.7756756e-03
   5.0000000e+01   2.3782146e-02  -9.1171626e-03
   5.0100000e+01   2.9178007e-02  -1.5757930e-02
   5.0200000e+01   1.9020148e-02  -2.2455052e-02
   5.0300000e+01   7.6308813e-04  -2.6501048e-02
   5.0400000e+01  -1.0549806e-02  -2.3531784e-02
   5.0500000e+01  -5.5960789e-03  -1.3607425e-02
   5.0600000e+01   1.0918337e-02  -2.7205132e-03
   5.0700000e+01   2.5132510e-02   3.2408719e-03
   5.0800000e+01   2.6240460e-02   3.9187571e-03
   5.0900000e+01   1.3654222e-02   2.7256237e-03
   5.1000000e+01  -5.5310992e-03   1.9290688e-03
   5.1100000e+01  -2.2793241e-02   1.7032598e-03
   5.1200000e+01  -3.1656257e-02   2.6302843e-03
   5.1300000e+01  -2.8915481e-02   5.9655600e-03
   5.1400000e+01  -1.6651719e-02   1.0788841e-02
   5.1500000e+01  -3.1600686e-03   1.3043536e-02
   5.1600000e+01   1.5918949e-03   8.9644439e-03
   5.1700000e+01  -5.8101048e-03  -8.6314995e-04
   5.1800000e+01  -1.8836377e-02  -1.1077252e-02
   5.1900000e+01  -2.7209832e-02  -1.4594837e-02
   5.2000000e+01  -2.6350571e-02  -6.9185923e-03
   5.2100000e+01  -1.9737253e-02   9.8768269e-03
   5.2200000e+01  -1.2722753e-02   2.6244158e-02
   5.2300000e+01  -6.6206683e-03   3.0900083e-02
   5.2400000e+01  -2.5874056e-04   2.0868079e-02
   5.2500000e+01   4.5845054e-03   5.5414344e-03
   5.2600000e+01   2.7414815e-03  -2.1235359e-03
   5.2700000e+01  -7.8905707e-03   9.2060241e-04
   5.2800000e+01  -2.0968545e-02   5.5086771e-03
   5.2900000e+01  -2.5305651e-02   2.2151510e-03
   5.3000000e+01  -1.5211405e-02  -7.3563261e-03
   5.3100000e+01   3.0247961e-03  -1.3688040e-02
   5.3200000e+01   1.5937960e-02  -1.1548749e-02
   5.3300000e+01   1.4860410e-02  -5.1192147e-03
   5.3400000e+01   3.3124342e-03  -1.0729901e-03
   5.3500000e+01  -7.2571934e-03  -6.3380247e-04
   5.3600000e+01  -8.2593657e-03  -5.4392636e-04
   5.3700000e+01   6.2515648e-05   9.5385934e-04
   5.3800000e+01   1.2095744e-02   2.4735980e-03
   5.3900000e+01   2.3239854e-02   2.8223601e-03
   5.4000000e+01   3.1144204e-02   2.4879279e-03
   5.4100000e+01   3.2891229e-02   1.1629847e-03
   5.4200000e+01   2.5416298e-02  -3.1488876e-03
   5.4300000e+01   1.0521098e-02  -1.0316866e-02
   5.4400000e+01  -3.1835209e-03  -1.5137796e-02
   5.4500000e+01  -6.7592725e-03  -1.1625497e-02
   5.4600000e+01   3.6493599e-04  -1.0307817e-03
   5.4700000e+01   9.9745048e-03   7.0462365e-03
   5.4800000e+01   1.3552594e-02   4.4325558e-03
   5.4900000e+01   9.6380475e-03  -4.7614461e-03
   5.5000000e+01   2.8399831e-03  -5.9820996e-03
   5.5100000e+01  -1.6632771e-03   1.0179819e-02
   5.5200000e+01  -9.3330523e-04   3.4405102e-02
   5.5300000e+01   5.8097696e-03   4.3991327e-02
   5.5400000e+01   1.5935205e-02   2.5026932e-02
   5.5500000e+01   2.1852117e-02  -1.0985101e-02
   5.5600000e+01   1.4993516e-02  -3.5732726e-02
   5.5700000e+01  -5.1266118e-03  -3.1254021e-02
   5.5800000e+01  -2.7070701e-02  -7.2211253e-03
   5.5900000e+01  -3.6329976e-02   1.0619163e-02
   5.6000000e+01  -2.9178828e-02   7.8768693e-03
   5.6100000e+01  -1.5788197e-02  -5.6342597e-03
   5.6200000e+01  -8.4707814e-03  -1.0195613e-02
   5.6300000e+01  -8.8279262e-03   1.1897211e-03
   5.6400000e+01  -8.7565783e-03   1.7725691e-02
   5.6500000e+01  -2.8627000e-03   2.5620380e-02
   5.6600000e+01   3.9088531e-03   2.2270523e-02
   5.6700000e+01   2.5378452e-03   1.4422324e-02
   5.6800000e+01  -8.5726485e-03   7.1598461e-03
   5.6900000e+01  -2.1036536e-02  -3.2856585e-04
   5.7000000e+01  -2.4877516e-02  -9.0331041e-03
   5.7100000e+01  -1.7269126e-02  -1.5215939e-02
   5.7200000e+01  -3.0929494e-03  -1.3870627e-02
   5.7300000e+01   1.0215725e-02  -5.3875235e-03
   5.7400000e+01   1.6661799e-02   3.4840658e-03
   5.7500000e+01   1.3005344e-02   5.3178376e-03
   5.7600000e+01   3.0092939e-04  -1.7497431e-03
   5.7700000e+01  -1.4538660e-02  -1.2133516e-02
   5.7800000e+01  -2.1323446e-02  -1.6108422e-02
   5.7900000e+01  -1.4130975e-02  -7.1055925e-03
   5.8000000e+01   2.5724765e-03   1.0846499e-02
   5.8100000e+01   1.6376738e-02   2.2890784e-02
   5.8200000e+01   1.6910762e-02   1.4556411e-02
   5.8300000e+01   4.2521042e-03  -1.3421358e-02
   5.8400000e+01  -1.2059147e-02  -4.2413662e-02
   5.8500000e+01  -2.1846340e-02  -5.1109300e-02
   5.8600000e+01  -2.1963081e-02  -3.4625602e-02
   5.8700000e+01  -1.6008929e-02  -7.8557797e-03
   5.8800000e+01  -8.3803358e-03   9.5633933e-03
   5.8900000e+01  -5.1409031e-04   9.6249711e-03
   5.9000000e+01   7.1029537e-03  -2.1492483e-03
   5.9100000e+01   1.1957276e-02  -1.6546575e-02
   5.9200000e+01   1.1450525e-02  -2.8092208e-02
   5.9300000e+01   7.6429642e-03  -3.3870870e-02
   5.9400000e+01   7.0256088e-03  -3.0668503e-02
   5.9500000e+01   1.3432991e-02  -1.7349184e-02
   5.9600000e+01   2.2366111e-02   1.1594994e-03
   5.9700000e+01   2.4719707e-02   1.5910027e-02
   5.9800000e+01   1.6354427e-02   2.1316837e-02
   5.9900000e+01   2.4602548e-03   1.9228994e-02
   6.0000000e+01  -7.7098027e-03   1.5087940e-02
   6.0100000e+01  -8.7583757e-03   1.1639441e-02
   6.0200000e+01  -1.4509860e-03   7.8207123e-03
   6.0300000e+01   1.0399737e-02   2.7330855e-03
   6.0400000e+01   2.2944589e-02  -1.5170795e-03
   6.0500000e+01   3.2971587e-02  -1.3668036e-03
   6.0600000e+01   3.8246414e-02   5.0939505e-03
   6.0700000e+01   3.8230790e-02   1.6834330e-02
   6.0800000e+01   3.3432016e-02   3.0167440e-02
   6.0900000e+01   2.3654024e-02   3.9501620e-02
   6.1000000e+01   8.2852100e-03   3.9597977e-02
   6.1100000e+01  -1.0747557e-02   2.9563472e-02
   6.1200000e+01  -2.7565441e-02   1.4757702e-02
   6.1300000e+01  -3.5594922e-02   2.9655919e-03
   6.1400000e+01  -3.2213850e-02  -2.0034190e-03
   6.1500000e+01  -1.9458765e-02  -1.8549088e-03
   6.1600000e+01  -1.2854484e-03   9.6455237e-04
   6.1700000e+01   1.7565216e-02   6.9360098e-03
   6.1800000e+01   3.0312854e-02   1.6268097e-02
   6.1900000e+01   2.9811280e-02   2.4032280e-02
   6.2000000e+01   1.5034733e-02   2.2911906e-02
   6.2100000e+01  -5.1979270e-03   1.2326336e-02
   6.2200000e+01  -1.8831895e-02   1.6905810e-03
   6.2300000e+01  -2.2083634e-02   1.1180486e-03
   6.2400000e+01  -2.1749737e-02   9.4197075e-03
   6.2500000e+01  -2.4576910e-02   1.4466933e-02
   6.2600000e+01  -2.7474181e-02   6.5537776e-03
   6.2700000e+01  -2.2289703e-02  -1.0582191e-02
   6.2800000e+01  -9.1649724e-03  -2.3522702e-02
   6.2900000e+01   4.0593549e-04  -2.2703301e-02
   6.3000000e+01  -3.2672412e-03  -1.0776855e-02
   6.3100000e+01  -1.5027752e-02   1.2576263e-03
   6.3200000e+01  -1.9367013e-02   3.9349584e-03
   6.3300000e+01  -7.7829114e-03  -4.1899481e-03
   6.3400000e+01   1.1670876e-02  -1.6598070e-02
   6.3500000e+01   2.2987905e-02  -2.3496814e-02
   6.3600000e+01   1.7727541e-02  -1.8706700e-02
   6.3700000e+01   7.6663563e-04  -5.3384826e-03
   6.3800000e+01  -1.6484361e-02   5.0366813e-03
   6.3900000e+01  -2.5392860e-02   1.5980189e-03
   6.4000000e+01  -2.3834348e-02  -1.5277203e-02
   6.4100000e+01  -1.4904243e-02  -3.3314574e-02
   6.4200000e+01  -4.1772439e-03  -3.9409573e-02
   6.4300000e+01   3.2934185e-03  -3.1481789e-02
   6.4400000e+01   5.7213816e-03  -1.8922855e-02
   6.4500000e+01   5.0989786e-03  -1.2070621e-02
   6.4600000e+01   4.5717317e-03  -1.2680044e-02
   6.4700000e+01   5.2150946e-03  -1.4803068e-02
   6.4800000e+01   5.5992087e-03  -1.3192303e-02
   6.4900000e+01   4.3706004e-03  -8.9824345e-03
   6.5000000e+01   2.8363173e-03  -7.0290867e-03
   6.5100000e+01   4.4399099e-03  -9.0969551e-03
   6.5200000e+01   1.0772306e-02  -1.1127415e-02
   6.5300000e+01   1.7602730e-02  -7.6490365e-03
   6.5400000e+01   1.6362444e-02   1.7645956e-03
   6.5500000e+01   2.5307760e-03   1.1387309e-02
   6.5600000e+01  -1.6488592e-02   1.4911721e-02
   6.5700000e+01  -2.4866113e-02   1.1397480e-02
   6.5800000e+01  -1.3552717e-02   5.1245828e-03
   6.5900000e+01   8.0096677e-03   4.4418793e-04
   6.6000000e+01   1.8895444e-02  -1.5855313e-03
   6.6100000e+01   7.5421876e-03  -1.4129919e-03
   6.6200000e+01  -1.5957902e-02   1.9098382e-03
   6.6300000e+01  -3.0243545e-02   9.7876937e-03
   6.6400000e+01  -2.4164791e-02   2.0686336e-02
   6.6500000e+01  -5.9027067e-03   2.9595827e-02
   6.6600000e+01   7.9806708e-03   3.1694432e-02
   6.6700000e+01   8.8384695e-03   2.6110945e-02
   6.6800000e+01   5.1959277e-04   1.6386462e-02
   6.6900000e+01  -8.3304543e-03   8.4829165e-03
   6.7000000e+01  -1.2604266e-02   7.9936485e-03
   6.7100000e+01  -1.2336331e-02   1.6385341e-02
   6.7200000e+01  -1.0096416e-02   2.7668940e-02
   6.7300000e+01  -8.5734163e-03   3.0460234e-02
   6.7400000e+01  -8.6853739e-03   1.7466099e-02
   6.7500000e+01  -7.9483551e-03  -5.3178395e-03
   6.7600000e+01  -1.6496896e-03  -2.1201424e-02
   6.7700000e+01   1.1997599e-02  -1.7716326e-02
   6.7800000e+01   2.7496790e-02   6.1093272e-04
   6.7900000e+01   3.4850333e-02   1.6043907e-02
   6.8000000e+01   2.8569088e-02   1.5083689e-02
   6.8100000e+01   1.3981524e-02   1.4513228e-03
   6.8200000e+01   3.4924183e-03  -8.9249355e-03
   6.8300000e+01   5.5986447e-03  -5.1429996e-03
   6.8400000e+01   1.7159537e-02   7.5751033e-03
   6.8500000e+01   2.6539377e-02   1.4058311e-02
   6.8600000e+01   2.4762424e-02   5.3924022e-03
   6.8700000e+01   1.3887084e-02  -1.2041194e-02
   6.8800000e+01   4.1967132e-03  -2.3669464e-02
   6.8900000e+01   2.9887335e-03  -2.1806968e-02
   6.9000000e+01   7.0095464e-03  -1.2562054e-02
   6.9100000e+01   7.2266546e-03  -7.7697279e-03
   6.9200000e+01   6.0810103e-04  -1.1487382e-02
   6.9300000e+01  -5.3922727e-03  -1.6040463e-02
   6.9400000e+01  -1.7310638e-03  -1.1440553e-02
   6.9500000e+01   1.0581252e-02   2.8362713e-03
   6.9600000e+01   2.0771253e-02   1.6556604e-02
   6.9700000e+01   2.0422526e-02   1.8501986e-02
   6.9800000e+01   1.2441040e-02   6.4179185e-03
   6.9900000e+01   6.3003111e-03  -1.2085039e-02
   7.0000000e+01   6.4303980e-03  -2.6318972e-02
   7.0100000e+01   8.0271230e-03  -2.9459589e-02
   7.0200000e+01   3.7898210e-03  -2.1328284e-02
   7.0300000e+01  -7.8361551e-03  -7.8948222e-03
   7.0400000e+01  -2.1506554e-02   1.4685422e-03
   7.0500000e+01  -2.9677180e-02  -3.9159253e-04
   7.0600000e+01  -2.7461887e-02  -1.2036101e-02
   7.0700000e+01  -1.5307074e-02  -2.2741301e-02
   7.0800000e+01   4.2009230e-04  -2.0972935e-02
   7.0900000e+01   1.0194937e-02  -5.3795736e-03
   7.1000000e+01   7.7458534e-03   1.3254950e-02
   7.1100000e+01  -4.5075423e-03   2.1863798e-02
   7.1200000e+01  -1.6868785e-02   1.6284345e-02
   7.1300000e+01  -2.0088852e-02   2.2996433e-03
   7.1400000e+01  -1.2297284e-02  -1.2219507e-02
   7.1500000e+01   4.3570409e-04  -2.2993496e-02
   7.1600000e+01   8.9094942e-03  -2.7293853e-02
   7.1700000e+01   6.7587496e-03  -2.0789823e-02
   7.1800000e+01  -5.3719167e-03  -1.0970268e-03
   7.1900000e+01  -1.9452280e-02   2.5458291e-02
   7.2000000e+01  -2.5188719e-02   4.4598723e-02
   7.2100000e+01  -1.8578809e-02   4.5022795e-02
   7.2200000e+01  -6.4414717e-03   2.8725886e-02
   7.2300000e+01  -8.3867497e-04   9.0815746e-03
   7.2400000e+01  -7.3391344e-03  -1.5195186e-03
   7.2500000e+01  -1.8970296e-02  -1.3969816e-03
   7.2600000e+01  -2.2827056e-02   2.3800087e-03
   7.2700000e+01  -1.3030759e-02   3.3468484e-03
   7.2800000e+01   3.0626552e-03   1.4636633e-03
   7.2900000e+01   1.1475342e-02   6.4436528e-04
   7.3000000e+01   4.3934239e-03   2.9776735e-03
   7.3100000e+01  -1.2824088e-02   6.6778895e-03
   7.3200000e+01  -2.6249811e-02   8.8942960e-03
   7.3300000e+01  -2.4993541e-02   9.0607509e-03
   7.3400000e+01  -9.8319593e-03   9.1010873e-03
   7.3500000e+01   7.8594606e-03   1.0992175e-02
   7.3600000e+01   1.5401182e-02   1.4535049e-02
   7.3700000e+01   8.5583886e-03   1.7197106e-02
   7.3800000e+01  -5.8144971e-03   1.5883386e-02
   7.3900000e+01  -1.5772852e-02   9.3197401e-03
   7.4000000e+01  -1.3689466e-02  -6.4927815e-04
   7.4100000e+01  -1.5612822e-03  -1.0050678e-02
   7.4200000e+01   1.1546293e-02  -1.5426954e-02
   7.4300000e+01   1.7120259e-02  -1.5692338e-02
   7.4400000e+01   1.3222658e-02  -1.1649625e-02
   7.4500000e+01   4.3734237e-03  -4.7261039e-03
   7.4600000e+01  -3.3088960e-03   2.6927289e-03
   7.4700000e+01  -6.4719280e-03   6.4194664e-03
   7.4800000e+01  -5.0021965e-03   2.7156586e-03
   7.4900000e+01   2.9435337e-06  -6.7618079e-03
   7.5000000e+01   7.3326953e-03  -1.3852363e-02
   7.5100000e+01   1.4903586e-02  -1.0987378e-02
   7.5200000e+01   1.9395359e-02  -1.4049339e-04
   7.5300000e+01   1.8162045e-02   7.8403526e-03
   7.5400000e+01   1.2011795e-02   4.7269509e-03
   7.5500000e+01   5.5132855e-03  -5.8440741e-03
   7.5600000e+01   3.5380575e-03  -1.2972781e-02
   7.5700000e+01   6.9021865e-03  -1.1345825e-02
   7.5800000e+01   1.1702859e-02  -6.2797190e-03
   7.5900000e+01   1.3619519e-02  -5.6269420e-03
   7.6000000e+01   1.2793982e-02  -1.0400943e-02
   7.6100000e+01   1.3434571e-02  -1.5994286e-02
   7.6200000e+01   1.8045492e-02  -1.9858955e-02
   7.6300000e+01   2.3219621e-02  -2.3255309e-02
   7.6400000e+01   2.2878612e-02  -2.5430518e-02
   7.6500000e+01   1.5552260e-02  -2.1089337e-02
   7.6600000e+01   6.3671215e-03  -7.0375460e-03
   7.6700000e+01   7.1725198e-04   1.0900065e-02
   7.6800000e+01  -2.2295357e-03   2.1557796e-02
   7.6900000e+01  -7.2693718e-03   1.9305955e-02
   7.7000000e+01  -1.4932514e-02   8.7969790e-03
   7.7100000e+01  -1.8750970e-02  -1.4147294e-03
   7.7200000e+01  -1.2741220e-02  -7.2150901e-03
   7.7300000e+01  -6.3612930e-05  -9.5813467e-03
   7.7400000e+01   8.5638203e-03  -9.7287209e-03
   7.7500000e+01   5.6927864e-03  -7.1579577e-03
   7.7600000e+01  -5.0739300e-03  -2.2892869e-03
   7.7700000e+01  -1.2912641e-02   2.1740901e-03
   7.7800000e+01  -1.0575914e-02   4.0664518e-03
   7.7900000e+01  -7.9533316e-04   4.2682576e-03
   7.8000000e+01   7.1584041e-03   4.7886729e-03
   7.8100000e+01   6.2028143e-03   5.5370761e-03
   7.8200000e+01  -2.7844370e-03   5.0992087e-03
   7.8300000e+01  -1.2359214e-02   4.3039985e-03
   7.8400000e+01  -1.4971292e-02   6.4103287e-03
   7.8500000e+01  -8.8563622e-03   1.2550713e-02
   7.8600000e+01   1.2215558e-03   1.8723109e-02
   7.8700000e+01   8.3792383e-03   1.9275457e-02
   7.8800000e+01   8.8300289e-03   1.2841279e-02
   7.8900000e+01   3.5914857e-03   3.1450891e-03
   7.9000000e+01  -3.4663585e-03  -5.6296492e-03
   7.9100000e+01  -8.2441441e-03  -1.1843230e-02
   7.9200000e+01  -8.0153383e-03  -1.4206191e-02
   7.9300000e+01  -2.8315431e-03  -9.6970946e-03
   7.9400000e+01   3.3537818e-03   2.9197483e-03
   7.9500000e+01   4.3902848e-03   1.8086173e-02
   7.9600000e+01  -2.7804887e-03   2.5804722e-02
   7.9700000e+01  -1.3934028e-02   2.1264458e-02
   7.9800000e+01  -2.0058043e-02   1.0458269e-02
   7.9900000e+01  -1.5106502e-02   3.6723923e-03
   8.0000000e+01  -1.3679721e-03   3.8189180e-03
