   1.0221618e+02   2.8602761e+01   2.5212700e+03
   1.0218286e+02   2.8620631e+01   1.8759100e+03
   0.0000000e+00   4.8581909e-01   4.8581909e-01
   1.0000000e-01   5.6757709e-01   3.5482322e-01
   2.0000000e-01   6.0627330e-01   2.0573881e-01
   3.0000000e-01   6.4058631e-01   7.6002227e-02
   4.0000000e-01   7.0804695e-01  -2.8220206e-02
   5.0000000e-01   8.1234865e-01  -1.3321615e-01
   6.0000000e-01   9.1944878e-01  -2.5768339e-01
   7.0000000e-01   9.8690605e-01  -3.8124715e-01
   8.0000000e-01   1.0000000e+00  -4.6711506e-01
   9.0000000e-01   9.7881999e-01  -5.1286820e-01
   1.0000000e+00   9.5004508e-01  -5.5839306e-01
   1.1000000e+00   9.1699961e-01  -6.3408289e-01
   1.2000000e+00   8.6225777e-01  -7.1776769e-01
   1.3000000e+00   7.7539224e-01  -7.6068533e-01
   1.4000000e+00   6.6838448e-01  -7.4647717e-01
   1.5000000e+00   5.6147907e-01  -7.0209196e-01
   1.6000000e+00   4.6215669e-01  -6.5313424e-01
   1.7000000e+00   3.6430127e-01  -5.9670564e-01
   1.8000000e+00   2.6254963e-01  -5.2935198e-01
   1.9000000e+00   1.5811622e-01  -4.7470583e-01
   2.0000000e+00   5.1515649e-02  -4.5511319e-01
   2.1000000e+00  -5.9754520e-02  -4.4729832e-01
   2.2000000e+00  -1.7103707e-01  -3.9965148e-01
   2.3000000e+00  -2.6599321e-01  -2.9952747e-01
   2.4000000e+00  -3.3277972e-01  -1.9621283e-01
   2.5000000e+00  -3.8383578e-01  -1.4155260e-01
   2.6000000e+00  -4.4875537e-01  -1.2797382e-01
   2.7000000e+00  -5.4092128e-01  -1.0789323e-01
   2.8000000e+00  -6.3624072e-01  -6.2157532e-02
   2.9000000e+00  -6.9338232e-01  -1.9266347e-02
   3.0000000e+00  -6.9578253e-01  -3.9279162e-03
   3.1000000e+00  -6.6775640e-01   5.0472003e-03
   3.2000000e+00  -6.4682652e-01   4.6878899e-02
   3.3000000e+00  -6.4519327e-01   1.2328997e-01
   3.4000000e+00  -6.4287783e-01   1.9304514e-01
   3.5000000e+00  -6.1503130e-01   2.2041749e-01
   3.6000000e+00  -5.5846506e-01   2.1089882e-01
   3.7000000e+00  -4.9049445e-01   1.9335948e-01
   3.8000000e+00  -4.2909154e-01   1.8160909e-01
   3.9000000e+00  -3.7993473e-01   1.6692254e-01
   4.0000000e+00  -3.3941926e-01   1.4298491e-01
   4.1000000e+00  -3.0230933e-01   1.2248088e-01
   4.2000000e+00  -2.6398881e-01   1.2251996e-01
   4.3000000e+00  -2.2046483e-01   1.4126468e-01
   4.4000000e+00  -1.7175574e-01   1.5864846e-01
   4.5000000e+00  -1.2511771e-01   1.6026582e-01
   4.6000000e+00  -9.1023113e-02   1.5278235e-01
   4.7000000e+00  -7.3448391e-02   1.5134518e-01
   4.8000000e+00  -6.4316258e-02   1.5701560e-01
   4.9000000e+00  -4.8476479e-02   1.5486963e-01
   5.0000000e+00  -1.5165501e-02   1.3468309e-01
   5.1000000e+00   3.3750531e-02   1.0578581e-01
   5.2000000e+00   8.5220005e-02   8.7025093e-02
   5.3000000e+00   1.2489866e-01   8.6857181e-02
   5.4000000e+00   1.4769056e-01   9.8865018e-02
   5.5000000e+00   1.6010756e-01   1.1340508e-01
   5.6000000e+00   1.7242036e-01   1.2594276e-01
   5.7000000e+00   1.8875688e-01   1.3397043e-01
   5.8000000e+00   2.0588754e-01   1.3358842e-01
   5.9000000e+00   2.2132170e-01   1.2314095e-01
   6.0000000e+00   2.3939144e-01   1.0612578e-01
   6.1000000e+00   2.6607770e-01   8.7287012e-02
   6.2000000e+00   2.9847555e-01   6.9085862e-02
   6.3000000e+00   3.2350322e-01   5.4412658e-02
   6.4000000e+00   3.2978013e-01   4.8035046e-02
   6.5000000e+00   3.1928269e-01   5.0553410e-02
   6.6000000e+00   3.0454213e-01   5.4356561e-02
   6.7000000e+00   2.9487597e-01   5.1341644e-02
   6.8000000e+00   2.8843231e-01   4.2271690e-02
   6.9000000e+00   2.7826888e-01   3.1944188e-02
   7.0000000e+00   2.6241520e-01   1.7211225e-02
   7.1000000e+00   2.4467848e-01  -1.0368863e-02
   7.2000000e+00   2.2770169e-01  -4.7852759e-02
   7.3000000e+00   2.1017656e-01  -7.7296622e-02
   7.4000000e+00   1.9168159e-01  -8.6296036e-02
   7.5000000e+00   1.7557744e-01  -8.4773784e-02
   7.6000000e+00   1.6351377e-01  -9.0348883e-02
   7.7000000e+00   1.4964615e-01  -1.0040588e-01
   7.8000000e+00   1.2532938e-01  -9.3091276e-02
   7.9000000e+00   9.0086736e-02  -6.0789870e-02
   8.0000000e+00   5.3946368e-02  -3.0205538e-02
   8.1000000e+00   2.6809243e-02  -3.6172615e-02
   8.2000000e+00   8.1771221e-03  -7.8374552e-02
   8.3000000e+00  -9.8499705e-03  -1.1671923e-01
   8.4000000e+00  -3.1256493e-02  -1.1407346e-01
   8.5000000e+00  -5.1653440e-02  -7.5578243e-02
   8.6000000e+00  -6.5402147e-02  -3.9059206e-02
   8.7000000e+00  -7.3905704e-02  -3.2156294e-02
   8.8000000e+00  -8.4851992e-02  -4.8922090e-02
   8.9000000e+00  -1.0448668e-01  -6.7660852e-02
   9.0000000e+00  -1.3174024e-01  -7.8627056e-02
   9.1000000e+00  -1.5850888e-01  -8.5252134e-02
   9.2000000e+00  -1.7436468e-01  -8.6379023e-02
   9.3000000e+00  -1.7308277e-01  -7.3624354e-02
   9.4000000e+00  -1.5837738e-01  -4.9797185e-02
   9.5000000e+00  -1.4417872e-01  -3.5929336e-02
   9.6000000e+00  -1.4616537e-01  -4.7499392e-02
   9.7000000e+00  -1.6922315e-01  -6.9474477e-02
   9.8000000e+00  -2.0185575e-01  -6.9926700e-02
   9.9000000e+00  -2.2390257e-01  -4.0343329e-02
   1.0000000e+01  -2.2174750e-01  -8.6130794e-03
   1.0100000e+01  -1.9836891e-01  -3.6159857e-03
   1.0200000e+01  -1.7046192e-01  -1.7194612e-02
   1.0300000e+01  -1.5557281e-01  -1.5092260e-02
   1.0400000e+01  -1.5932567e-01   1.7808979e-02
   1.0500000e+01  -1.7212138e-01   5.8577155e-02
   1.0600000e+01  -1.7742858e-01   7.6345533e-02
   1.0700000e+01  -1.6478199e-01   6.8143958e-02
   1.0800000e+01  -1.3681328e-01   5.4931399e-02
   1.0900000e+01  -1.0516694e-01   5.0555194e-02
   1.1000000e+01  -8.0285678e-02   4.8934050e-02
   1.1100000e+01  -6.4558677e-02   4.1328694e-02
   1.1200000e+01  -5.3241346e-02   3.2367153e-02
   1.1300000e+01  -3.9849915e-02   3.1818423e-02
   1.1400000e+01  -2.0734756e-02   3.8425100e-02
   1.1500000e+01   3.2325541e-03   4.1341573e-02
   1.1600000e+01   2.7454045e-02   3.5361460e-02
   1.1700000e+01   4.6539902e-02   2.6366851e-02
   1.1800000e+01   5.8426351e-02   2.0535408e-02
   1.1900000e+01   6.6669154e-02   1.5114939e-02
   1.2000000e+01   7.8093090e-02   4.1629271e-03
   1.2100000e+01   9.7013256e-02  -1.0612063e-02
   1.2200000e+01   1.2102198e-01  -2.0662058e-02
   1.2300000e+01   1.4232001e-01  -2.2283379e-02
   1.2400000e+01   1.5369826e-01  -2.2819744e-02
   1.2500000e+01   1.5430612e-01  -3.2245788e-02
   1.2600000e+01   1.5043093e-01  -4.9961809e-02
   1.2700000e+01   1.5031099e-01  -6.2864095e-02
   1.2800000e+01   1.5698709e-01  -5.7785858e-02
   1.2900000e+01   1.6561075e-01  -3.5409018e-02
   1.3000000e+01   1.6828503e-01  -1.1158482e-02
   1.3100000e+01   1.6201768e-01  -1.7927704e-03
   1.3200000e+01   1.5122487e-01  -1.0263765e-02
   1.3300000e+01   1.4149381e-01  -2.2893149e-02
   1.3400000e+01   1.3164146e-01  -2.1489716e-02
   1.3500000e+01   1.1433139e-01   4.8696077e-04
   1.3600000e+01   8.6014664e-02   3.2169420e-02
   1.3700000e+01   5.4668309e-02   5.4789339e-02
   1.3800000e+01   3.4235041e-02   5.7240208e-02
   1.3900000e+01   2.9644957e-02   4.3420129e-02
   1.4000000e+01   2.9167420e-02   2.6183428e-02
   1.4100000e+01   1.4846631e-02   1.6213153e-02
   1.4200000e+01  -1.8484713e-02   1.7058070e-02
   1.4300000e+01  -5.6455874e-02   2.7740591e-02
   1.4400000e+01  -7.9059895e-02   4.5471958e-02
   1.4500000e+01  -8.0407137e-02   6.4489619e-02
   1.4600000e+01  -7.2778853e-02   7.5974729e-02
   1.4700000e+01  -7.1525443e-02   7.3663797e-02
   1.4800000e+01  -7.8836723e-02   6.0207376e-02
   1.4900000e+01  -8.4085592e-02   4.5748098e-02
   1.5000000e+01  -7.8242665e-02   3.9221131e-02
   1.5100000e+01  -6.4910517e-02   4.1745078e-02
   1.5200000e+01  -5.6812061e-02   4.7744433e-02
   1.5300000e+01  -6.3269325e-02   5.0012478e-02
   1.5400000e+01  -8.1387829e-02   4.3632760e-02
   1.5500000e+01  -9.7375864e-02   2.8826302e-02
   1.5600000e+01  -9.5834397e-02   1.2553432e-02
   1.5700000e+01  -7.1155537e-02   4.3153832e-03
   1.5800000e+01  -3.3828073e-02   5.9387192e-03
   1.5900000e+01  -4.9704698e-03   6.5574263e-03
   1.6000000e+01  -1.4499893e-05  -7.1373751e-03
   1.6100000e+01  -1.4763309e-02  -3.4444142e-02
   1.6200000e+01  -2.9029773e-02  -5.9035762e-02
   1.6300000e+01  -2.6490489e-02  -6.6652775e-02
   1.6400000e+01  -1.0429338e-02  -6.0575239e-02
   1.6500000e+01   1.8941084e-03  -5.4954432e-02
   1.6600000e+01  -7.4119417e-04  -5.5552342e-02
   1.6700000e+01  -1.2526322e-02  -5.4244190e-02
   1.6800000e+01  -1.9992848e-02  -4.3903697e-02
   1.6900000e+01  -1.8144947e-02  -3.1866248e-02
   1.7000000e+01  -1.3520414e-02  -3.2690064e-02
   1.7100000e+01  -1.2908788e-02  -4.9651804e-02
   1.7200000e+01  -1.4073485e-02  -6.9143278e-02
   1.7300000e+01  -9.7073834e-03  -7.4730979e-02
   1.7400000e+01   2.3634128e-03  -6.3648857e-02
   1.7500000e+01   1.6269999e-02  -4.7876127e-02
   1.7600000e+01   2.4787501e-02  -4.0924146e-02
   1.7700000e+01   2.6083702e-02  -4.5035356e-02
   1.7800000e+01   2.3149738e-02  -5.0100056e-02
   1.7900000e+01   1.8893014e-02  -4.3974044e-02
   1.8000000e+01   1.3943870e-02  -2.4935187e-02
   1.8100000e+01   8.7819940e-03  -4.7930584e-03
   1.8200000e+01   5.9033355e-03   2.1463479e-03
   1.8300000e+01   8.4963524e-03  -4.9201657e-03
   1.8400000e+01   1.6946931e-02  -1.0036156e-02
   1.8500000e+01   2.7264561e-02   3.1292334e-03
   1.8600000e+01   3.3814697e-02   3.1225531e-02
   1.8700000e+01   3.4427608e-02   5.1271911e-02
   1.8800000e+01   3.2747647e-02   4.3717510e-02
   1.8900000e+01   3.4308822e-02   1.4136068e-02
   1.9000000e+01   3.9432195e-02  -1.0956867e-02
   1.9100000e+01   4.1209875e-02  -9.9899600e-03
   1.9200000e+01   3.2824479e-02   1.3950058e-02
   1.9300000e+01   1.7318852e-02   3.9005588e-02
   1.9400000e+01   7.7388972e-03   4.6961336e-02
   1.9500000e+01   1.5014225e-02   3.8105463e-02
   1.9600000e+01   3.5686361e-02   2.6528644e-02
   1.9700000e+01   5.3453666e-02   2.4862368e-02
   1.9800000e+01   5.3712617e-02   3.4383696e-02
   1.9900000e+01   3.5955022e-02   4.7015557e-02
   2.0000000e+01   1.2037601e-02   5.4061942e-02
   2.0100000e+01  -5.6361710e-03   5.2945424e-02
   2.0200000e+01  -1.2734185e-02   4.7106446e-02
   2.0300000e+01  -1.1977009e-02   4.0631521e-02
   2.0400000e+01  -7.8541789e-03   3.3823408e-02
   2.0500000e+01  -4.3910316e-03   2.4873437e-02
   2.0600000e+01  -5.8786038e-03   1.5554686e-02
   2.0700000e+01  -1.5907297e-02   1.2770406e-02
   2.0800000e+01  -3.3939916e-02   2.1757128e-02
   2.0900000e+01  -5.3818033e-02   3.7889041e-02
   2.1000000e+01  -6.7135429e-02   4.8026341e-02
   2.1100000e+01  -6.8789405e-02   4.2021542e-02
   2.1200000e+01  -5.9948273e-02   2.2310057e-02
   2.1300000e+01  -4.6820713e-02   1.0692057e-03
   2.1400000e+01  -3.6944739e-02  -1.1250479e-02
   2.1500000e+01  -3.5088152e-02  -1.3218285e-02
   2.1600000e+01  -4.0369391e-02  -9.5167405e-03
   2.1700000e+01  -4.6541879e-02  -4.2344340e-03
   2.1800000e+01  -4.6306914e-02   8.2520686e-04
   2.1900000e+01  -3.6857191e-02   2.5904722e-03
   2.2000000e+01  -2.1682534e-02  -4.9587109e-03
   2.2100000e+01  -7.0317974e-03  -2.5956022e-02
   2.2200000e+01   2.9435427e-03  -5.5254343e-02
   2.2300000e+01   7.6824944e-03  -7.7526559e-02
   2.2400000e+01   8.7159659e-03  -7.7515821e-02
   2.2500000e+01   8.8517552e-03  -5.4537210e-02
   2.2600000e+01   1.2559833e-02  -2.6363267e-02
   2.2700000e+01   2.4034136e-02  -1.4705790e-02
   2.2800000e+01   4.2134184e-02  -2.4048597e-02
   2.2900000e+01   5.7999634e-02  -3.6697582e-02
   2.3000000e+01   6.0889399e-02  -3.2102500e-02
   2.3100000e+01   4.8291533e-02  -1.0437925e-02
   2.3200000e+01   2.9327461e-02   6.8620816e-03
   2.3300000e+01   1.6726152e-02   9.3181487e-04
   2.3400000e+01   1.5778247e-02  -2.4101051e-02
   2.3500000e+01   2.2016400e-02  -4.7168436e-02
   2.3600000e+01   2.8379672e-02  -5.3182214e-02
   2.3700000e+01   3.1724869e-02  -4.4655525e-02
   2.3800000e+01   3.1681507e-02  -3.1724190e-02
   2.3900000e+01   2.6517491e-02  -1.8145595e-02
   2.4000000e+01   1.4184931e-02  -1.7980307e-03
   2.4100000e+01  -2.2813910e-03   1.5087031e-02
   2.4200000e+01  -1.3790254e-02   2.3579519e-02
   2.4300000e+01  -1.2576551e-02   1.7599604e-02
   2.4400000e+01  -6.1999684e-04   1.6459298e-03
   2.4500000e+01   1.0756793e-02  -1.3620367e-02
   2.4600000e+01   1.0503310e-02  -2.1051753e-02
   2.4700000e+01  -2.6602183e-03  -1.9658498e-02
   2.4800000e+01  -1.9540006e-02  -1.0082503e-02
   2.4900000e+01  -2.8516855e-02   7.2863454e-03
   2.5000000e+01  -2.4983312e-02   2.8177222e-02
   2.5100000e+01  -1.4352724e-02   4.2529854e-02
   2.5200000e+01  -6.2764191e-03   4.1554345e-02
   2.5300000e+01  -5.2126011e-03   2.7486478e-02
   2.5400000e+01  -6.5404181e-03   1.3735383e-02
   2.5500000e+01  -2.8216278e-03   1.3164393e-02
   2.5600000e+01   6.2519689e-03   2.6019502e-02
   2.5700000e+01   1.2325433e-02   3.9736327e-02
   2.5800000e+01   8.4564145e-03   4.0403197e-02
   2.5900000e+01  -9.9377117e-04   2.4795497e-02
   2.6000000e+01  -4.1713874e-03   3.1107362e-03
   2.6100000e+01   3.6980814e-03  -8.3779606e-03
   2.6200000e+01   1.2892607e-02   1.2920792e-03
   2.6300000e+01   9.6885772e-03   2.9405341e-02
   2.6400000e+01  -6.6888516e-03   5.9423991e-02
   2.6500000e+01  -2.1376464e-02   7.0783582e-02
   2.6600000e+01  -1.9685120e-02   5.3762443e-02
   2.6700000e+01  -3.4429162e-03   1.8097251e-02
   2.6800000e+01   1.0699525e-02  -1.3697432e-02
   2.6900000e+01   8.5640189e-03  -2.4162166e-02
   2.7000000e+01  -7.8398196e-03  -1.3902851e-02
   2.7100000e+01  -2.3536715e-02   2.1152403e-03
   2.7200000e+01  -2.5359793e-02   9.7147303e-03
   2.7300000e+01  -1.3025485e-02   6.0242303e-03
   2.7400000e+01   2.2518432e-03  -2.9568653e-03
   2.7500000e+01   8.1440914e-03  -1.0798285e-02
   2.7600000e+01   1.1462739e-03  -1.4554570e-02
   2.7700000e+01  -1.1218680e-02  -1.3430800e-02
   2.7800000e+01  -1.7068921e-02  -8.4790018e-03
   2.7900000e+01  -1.0431663e-02  -4.4414447e-03
   2.8000000e+01   3.3996926e-03  -7.9189641e-03
   2.8100000e+01   1.2451709e-02  -2.0142332e-02
   2.8200000e+01   8.7336457e-03  -3.2443368e-02
   2.8300000e+01  -5.0000494e-03  -3.2313618e-02
   2.8400000e+01  -1.8566827e-02  -1.5680672e-02
   2.8500000e+01  -2.3694430e-02   7.5099947e-03
   2.8600000e+01  -1.9841525e-02   2.0645326e-02
   2.8700000e+01  -1.1984374e-02   1.3500578e-02
   2.8800000e+01  -4.8256944e-03  -1.0552800e-02
   2.8900000e+01  -2.9364673e-04  -3.7372839e-02
   2.9000000e+01   6.2774147e-04  -5.0910663e-02
   2.9100000e+01  -3.5905682e-03  -4.2466740e-02
   2.9200000e+01  -1.3065279e-02  -1.6197058e-02
   2.9300000e+01  -2.3921149e-02   1.2613548e-02
   2.9400000e+01  -2.9711178e-02   2.7331194e-02
   2.9500000e+01  -2.6568331e-02   2.1887700e-02
   2.9600000e+01  -1.6803047e-02   4.7310171e-03
   2.9700000e+01  -7.0840664e-03  -9.3263661e-03
   2.9800000e+01  -3.1175506e-03  -1.1792436e-02
   2.9900000e+01  -5.6526701e-03  -5.8813510e-03
   3.0000000e+01  -1.0314854e-02  -9.3487139e-04
   3.0100000e+01  -1.0573336e-02  -2.9255185e-03
   3.0200000e+01  -2.3413065e-03  -9.8181001e-03
   3.0300000e+01   1.1855567e-02  -1.4104347e-02
   3.0400000e+01   2.2952444e-02  -9.1453094e-03
   3.0500000e+01   2.2219656e-02   5.0345664e-03
   3.0600000e+01   1.0496085e-02   2.0198691e-02
   3.0700000e+01  -2.6349147e-04   2.4990108e-02
   3.0800000e+01   2.5896395e-03   1.4355654e-02
   3.0900000e+01   1.9488721e-02  -4.9257902e-03
   3.1000000e+01   3.7755807e-02  -1.9439209e-02
   3.1100000e+01   4.4673586e-02  -2.1092834e-02
   3.1200000e+01   4.0060472e-02  -1.3483467e-02
   3.1300000e+01   3.4301276e-02  -6.0720462e-03
   3.1400000e+01   3.5286159e-02  -3.6053968e-03
   3.1500000e+01   4.0441920e-02  -2.9936775e-03
   3.1600000e+01   4.2281942e-02   2.9615946e-04
   3.1700000e+01   3.8570671e-02   5.5856330e-03
   3.1800000e+01   3.3828870e-02   7.9069631e-03
   3.1900000e+01   3.1803872e-02   4.1287228e-03
   3.2000000e+01   3.0354805e-02  -3.2365108e-03
   3.2100000e+01   2.5595005e-02  -7.8295687e-03
   3.2200000e+01   1.8687218e-02  -4.3291093e-03
   3.2300000e+01   1.5203206e-02   7.3582987e-03
   3.2400000e+01   1.7650989e-02   2.1190411e-02
   3.2500000e+01   2.1480665e-02   2.8787407e-02
   3.2600000e+01   2.0301743e-02   2.6325417e-02
   3.2700000e+01   1.3506695e-02   1.8464522e-02
   3.2800000e+01   6.0307020e-03   1.3841354e-02
   3.2900000e+01   4.6235449e-04   1.5220250e-02
   3.3000000e+01  -7.6221716e-03   1.5144911e-02
   3.3100000e+01  -2.3791633e-02   3.6759379e-03
   3.3200000e+01  -4.4896229e-02  -1.8840359e-02
   3.3300000e+01  -5.8217678e-02  -3.8340234e-02
   3.3400000e+01  -5.2757273e-02  -3.8481006e-02
   3.3500000e+01  -3.1046820e-02  -1.6414630e-02
   3.3600000e+01  -8.3243812e-03   1.3160836e-02
   3.3700000e+01   2.8247402e-04   3.0318376e-02
   3.3800000e+01  -8.7541719e-03   2.6800814e-02
   3.3900000e+01  -2.7539701e-02   1.1346285e-02
   3.4000000e+01  -4.5362695e-02  -7.4254947e-04
   3.4100000e+01  -5.5372002e-02  -2.3292000e-03
   3.4200000e+01  -5.5081719e-02   1.1647517e-03
   3.4300000e+01  -4.5058927e-02   4.9462345e-04
   3.4400000e+01  -2.9459801e-02  -6.2770954e-03
   3.4500000e+01  -1.5591974e-02  -1.1974674e-02
   3.4600000e+01  -9.3192560e-03  -8.4836597e-03
   3.4700000e+01  -1.0203929e-02   4.4389685e-03
   3.4800000e+01  -1.3099669e-02   1.8265779e-02
   3.4900000e+01  -1.5074955e-02   2.2845631e-02
   3.5000000e+01  -1.8406851e-02   1.5034008e-02
   3.5100000e+01  -2.4883601e-02   1.7684714e-03
   3.5200000e+01  -2.9211267e-02  -5.2186376e-03
   3.5300000e+01  -2.2292965e-02   4.3262120e-04
   3.5400000e+01  -2.6468652e-03   1.3221012e-02
   3.5500000e+01   1.7968292e-02   2.0101548e-02
   3.5600000e+01   2.3624903e-02   1.2972476e-02
   3.5700000e+01   9.7740541e-03  -2.9366506e-03
   3.5800000e+01  -1.1258176e-02  -1.4280355e-02
   3.5900000e+01  -2.0931544e-02  -1.3302540e-02
   3.6000000e+01  -1.0781209e-02  -4.9562693e-03
   3.6100000e+01   1.0910973e-02   6.3214284e-05
   3.6200000e+01   2.7094175e-02  -2.5751602e-03
   3.6300000e+01   2.6498600e-02  -7.6542762e-03
   3.6400000e+01   1.2362287e-02  -8.3736702e-03
   3.6500000e+01  -1.1261394e-03  -4.6648275e-03
   3.6600000e+01  -1.0768209e-03  -2.4838032e-03
   3.6700000e+01   1.3460296e-02  -6.5460362e-03
   3.6800000e+01   3.1253371e-02  -1.5489920e-02
   3.6900000e+01   3.8886995e-02  -2.3675265e-02
   3.7000000e+01   3.1869403e-02  -2.6283719e-02
   3.7100000e+01   1.7167011e-02  -2.2750459e-02
   3.7200000e+01   5.9347054e-03  -1.6599208e-02
   3.7300000e+01   4.0617144e-03  -1.2404155e-02
   3.7400000e+01   8.9151668e-03  -1.2006902e-02
   3.7500000e+01   1.3801342e-02  -1.3185675e-02
   3.7600000e+01   1.4738563e-02  -1.2666298e-02
   3.7700000e+01   1.3161140e-02  -1.0620939e-02
   3.7800000e+01   1.2826266e-02  -1.0823388e-02
   3.7900000e+01   1.4797837e-02  -1.5116915e-02
   3.8000000e+01   1.6069866e-02  -1.8772692e-02
   3.8100000e+01   1.3461575e-02  -1.3836207e-02
   3.8200000e+01   8.3315727e-03   1.8408170e-03
   3.8300000e+01   6.0864515e-03   2.0175797e-02
   3.8400000e+01   1.0190343e-02   2.9016534e-02
   3.8500000e+01   1.7417075e-02   2.2913690e-02
   3.8600000e+01   2.0477705e-02   7.5104974e-03
   3.8700000e+01   1.5627161e-02  -6.0056380e-03
   3.8800000e+01   6.5918676e-03  -9.8406406e-03
   3.8900000e+01   3.2208274e-04  -3.9017080e-03
   3.9000000e+01  -2.4224028e-04   6.1850297e-03
   3.9100000e+01   1.9447163e-03   1.3751583e-02
   3.9200000e+01   2.8072074e-03   1.4976371e-02
   3.9300000e+01   1.9302481e-03   1.0621808e-02
   3.9400000e+01   1.6517933e-03   5.1414443e-03
   3.9500000e+01   2.5933598e-03   3.4509884e-03
   3.9600000e+01   2.0534055e-03   7.4620192e-03
   3.9700000e+01  -2.6164639e-03   1.5106390e-02
   3.9800000e+01  -1.0244595e-02   2.2315490e-02
   3.9900000e+01  -1.6622131e-02   2.5737423e-02
   4.0000000e+01  -1.8711800e-02   2.4110652e-02
   4.0100000e+01  -1.6924925e-02   1.8251248e-02
   4.0200000e+01  -1.3185948e-02   1.0409763e-02
   4.0300000e+01  -8.4074172e-03   3.1257236e-03
   4.0400000e+01  -3.3670969e-03  -2.0953621e-03
   4.0500000e+01  -1.1881287e-03  -5.0315782e-03
   4.0600000e+01  -6.1875170e-03  -5.4698609e-03
   4.0700000e+01  -1.8661418e-02  -2.2454374e-03
   4.0800000e+01  -3.2163812e-02   5.4600289e-03
   4.0900000e+01  -3.8385376e-02   1.5814918e-02
   4.1000000e+01  -3.5139255e-02   2.4444111e-02
   4.1100000e+01  -2.7850511e-02   2.7739060e-02
   4.1200000e+01  -2.2411683e-02   2.5793096e-02
   4.1300000e+01  -1.8344923e-02   2.1353321e-02
   4.1400000e+01  -1.0941883e-02   1.5995376e-02
   4.1500000e+01   7.3929137e-04   8.3308651e-03
   4.1600000e+01   1.0806089e-02  -3.2272827e-03
   4.1700000e+01   1.2513094e-02  -1.6231884e-02
   4.1800000e+01   5.6347713e-03  -2.3976186e-02
   4.1900000e+01  -3.6772605e-03  -2.0832395e-02
   4.2000000e+01  -9.4492912e-03  -8.3050991e-03
   4.2100000e+01  -1.0469814e-02   4.8745877e-03
   4.2200000e+01  -8.6482625e-03   9.6337059e-03
   4.2300000e+01  -5.1324618e-03   3.7893381e-03
   4.2400000e+01   5.6845622e-04  -7.6763328e-03
   4.2500000e+01   8.5677011e-03  -1.8656481e-02
   4.2600000e+01   1.7093787e-02  -2.6464884e-02
   4.2700000e+01   2.2874109e-02  -3.0103027e-02
   4.2800000e+01   2.2467633e-02  -2.6846257e-02
   4.2900000e+01   1.4267781e-02  -1.4241898e-02
   4.3000000e+01   1.1916726e-03   3.9948406e-03
   4.3100000e+01  -8.4955432e-03   1.7315149e-02
   4.3200000e+01  -5.7777647e-03   1.6646488e-02
   4.3300000e+01   1.0687445e-02   3.1639848e-03
   4.3400000e+01   3.0559079e-02  -1.3161406e-02
   4.3500000e+01   3.8799130e-02  -2.3948892e-02
   4.3600000e+01   2.9218317e-02  -2.9605810e-02
   4.3700000e+01   1.1462154e-02  -3.5541435e-02
   4.3800000e+01   3.1107953e-03  -4.3112217e-02
   4.3900000e+01   1.3200698e-02  -4.6542221e-02
   4.4000000e+01   3.2746071e-02  -3.8948544e-02
   4.4100000e+01   4.1813211e-02  -2.0138078e-02
   4.4200000e+01   2.7248797e-02   2.0571729e-03
   4.4300000e+01  -4.7769729e-03   1.7658643e-02
   4.4400000e+01  -3.2686702e-02   2.1895872e-02
   4.4500000e+01  -3.6696629e-02   1.8039705e-02
   4.4600000e+01  -1.4738873e-02   1.3813847e-02
   4.4700000e+01   1.6137566e-02   1.4285822e-02
   4.4800000e+01   3.3624188e-02   1.7106183e-02
   4.4900000e+01   2.7332836e-02   1.4763861e-02
   4.5000000e+01   5.3381374e-03   2.5911293e-03
   4.5100000e+01  -1.4172639e-02  -1.4940058e-02
   4.5200000e+01  -1.8146147e-02  -2.6612530e-02
   4.5300000e+01  -8.3602319e-03  -2.4274430e-02
   4.5400000e+01   1.2582314e-03  -1.0668242e-02
   4.5500000e+01  -3.1679156e-03   3.0210712e-03
   4.5600000e+01  -2.3217099e-02   8.0872131e-03
   4.5700000e+01  -4.5483112e-02   6.8521133e-03
   4.5800000e+01  -5.1687446e-02   9.7368812e-03
   4.5900000e+01  -3.4634738e-02   2.3270165e-02
   4.6000000e+01  -6.1767223e-03   4.1391348e-02
   4.6100000e+01   1.1825947e-02   4.9914702e-02
   4.6200000e+01   6.7989946e-03   4.0447869e-02
   4.6300000e+01  -1.3649734e-02   1.9285163e-02
   4.6400000e+01  -3.0774091e-02   1.3933659e-03
   4.6500000e+01  -3.3905478e-02  -4.2055230e-03
   4.6600000e+01  -2.8505088e-02  -1.6328846e-03
   4.6700000e+01  -2.5095827e-02  -6.2859103e-04
   4.6800000e+01  -2.4326344e-02  -4.3104021e-03
   4.6900000e+01  -1.7427653e-02  -7.0682076e-03
   4.7000000e+01  -5.9354487e-04  -3.8690365e-03
   4.7100000e+01   1.6790649e-02   2.2240706e-03
   4.7200000e+01   2.1953380e-02   4.2834027e-03
   4.7300000e+01   1.4238721e-02   1.3407587e-03
   4.7400000e+01   6.0508745e-03   2.9698996e-04
   4.7500000e+01   7.8856113e-03   7.1879647e-03
   4.7600000e+01   1.6510588e-02   1.9046107e-02
   4.7700000e+01   2.0590166e-02   2.6472040e-02
   4.7800000e+01   1.5412126e-02   2.3364236e-02
   4.7900000e+01   7.9138451e-03   1.2271950e-02
   4.8000000e+01   7.0768995e-03   4.1050292e-04
   4.8100000e+01   1.3100011e-02  -7.6969513e-03
   4.8200000e+01   1.8395716e-02  -1.2988212e-02
   4.8300000e+01   1.7511692e-02  -1.8763327e-02
   4.8400000e+01   1.3179236e-02  -2.6105545e-02
   4.8500000e+01   1.2273789e-02  -3.1953548e-02
   4.8600000e+01   1.7530922e-02  -3.0989627e-02
   4.8700000e+01   2.4003505e-02  -2.0203129e-02
   4.8800000e+01   2.2995099e-02  -3.0644036e-03
   4.8900000e+01   9.6007429e-03   1.0844494e-02
   4.9000000e+01  -1.1920973e-02   1.2280024e-02
   4.9100000e+01  -2.9247956e-02   3.7307899e-04
   4.9200000e+01  -3.0159153e-02  -1.5462803e-02
   4.9300000e+01  -1.2580204e-02  -2.2720932e-02
   4.9400000e+01   1.2323468e-02  -1.6161918e-02
   4.9500000e+01   2.8312435e-02  -1.8892378e-03
   4.9600000e+01   2.7033136e-02   8.3684777e-03
   4.9700000e+01   1.3713235e-02   7.0489199e-03
   4.9800000e+01   6.5575093e-04  -4.1966969e-03
   4.9900000e+01  -4.0138523e-03  -1.7497396e-02
   5.0000000e+01  -1.3526658e-03  -2.5351631e-02
   5.0100000e+01   2.3503509e-03  -2.4363095e-02
   5.0200000e+01   2.1880095e-03  -1.4555833e-02
   5.0300000e+01  -2.3324024e-03   2.0248775e-03
   5.0400000e+01  -8.1917088e-03   2.0526907e-02
   5.0500000e+01  -1.1171437e-02   3.2773851e-02
   5.0600000e+01  -8.5259228e-03   3.1304196e-02
   5.0700000e+01  -1.4181036e-03   1.6572862e-02
   5.0800000e+01   5.1846691e-03  -5.3838495e-04
   5.0900000e+01   6.4044783e-03  -6.1778062e-03
   5.1000000e+01   1.6207992e-03   4.5117251e-03
   5.1100000e+01  -6.1317876e-03   2.2764423e-02
   5.1200000e+01  -1.4732492e-02   3.3995636e-02
   5.1300000e+01  -2.4805396e-02   3.0300274e-02
   5.1400000e+01  -3.5599189e-02   1.5695616e-02
   5.1500000e+01  -4.1027698e-02   6.5141207e-04
   5.1600000e+01  -3.3611315e-02  -7.0849587e-03
   5.1700000e+01  -1.3814960e-02  -6.9708693e-03
   5.1800000e+01   6.7965587e-03  -3.5123986e-03
   5.1900000e+01   1.4689689e-02  -1.1076782e-03
   5.2000000e+01   7.2267525e-03  -1.7798373e-04
   5.2100000e+01  -4.8428671e-03   2.8863687e-03
   5.2200000e+01  -8.2756017e-03   1.1614973e-02
   5.2300000e+01   7.2524107e-05   2.4110358e-02
   5.2400000e+01   1.1806371e-02   3.2052481e-02
   5.2500000e+01   1.6749887e-02   2.6996047e-02
   5.2600000e+01   1.2531277e-02   9.0884098e-03
   5.2700000e+01   4.7165118e-03  -1.1189507e-02
   5.2800000e+01  -4.0116863e-04  -2.1660624e-02
   5.2900000e+01  -1.2563242e-03  -1.9463360e-02
   5.3000000e+01   1.7899552e-04  -1.2924434e-02
   5.3100000e+01   2.4461281e-03  -1.2316866e-02
   5.3200000e+01   5.5138863e-03  -1.9586576e-02
   5.3300000e+01   8.4819269e-03  -2.7711710e-02
   5.3400000e+01   9.0880672e-03  -2.9091451e-02
   5.3500000e+01   6.9661276e-03  -2.2839612e-02
   5.3600000e+01   5.8886730e-03  -1.3796708e-02
   5.3700000e+01   1.0225104e-02  -6.5708570e-03
   5.3800000e+01   1.8798473e-02  -2.5319829e-03
   5.3900000e+01   2.4370730e-02  -1.7560279e-03
   5.4000000e+01   2.0873001e-02  -4.7506606e-03
   5.4100000e+01   1.0248403e-02  -1.0389534e-02
   5.4200000e+01   3.2595849e-04  -1.3849493e-02
   5.4300000e+01  -3.9151871e-03  -9.9764312e-03
   5.4400000e+01  -4.9588857e-03   5.3439947e-05
   5.4500000e+01  -7.8059623e-03   7.3977646e-03
   5.4600000e+01  -1.2198975e-02   3.4019853e-03
   5.4700000e+01  -1.2108273e-02  -1.0831112e-02
   5.4800000e+01  -3.1798542e-03  -2.4101070e-02
   5.4900000e+01   1.1015890e-02  -2.5185786e-02
   5.5000000e+01   2.1409689e-02  -1.2837941e-02
   5.5100000e+01   2.1727157e-02   4.4452829e-03
   5.5200000e+01   1.3682263e-02   1.7389746e-02
   5.5300000e+01   4.3591949e-03   2.3259295e-02
   5.5400000e+01  -5.2317598e-04   2.4711914e-02
   5.5500000e+01  -7.2583286e-04   2.3840447e-02
   5.5600000e+01  -2.4887626e-04   1.9561269e-02
   5.5700000e+01  -3.1240674e-03   1.0833565e-02
   5.5800000e+01  -9.9056137e-03   4.3314381e-04
   5.5900000e+01  -1.6844233e-02  -6.3031073e-03
   5.6000000e+01  -1.8185985e-02  -6.5767871e-03
   5.6100000e+01  -1.0845093e-02  -2.8875410e-03
   5.6200000e+01   1.5167456e-03  -1.2875994e-04
   5.6300000e+01   9.4509770e-03  -5.7429305e-04
   5.6400000e+01   4.9749378e-03  -2.5560286e-03
   5.6500000e+01  -1.0536990e-02  -3.6380996e-03
   5.6600000e+01  -2.6236790e-02  -3.5253929e-03
   5.6700000e+01  -3.0998151e-02  -3.0900367e-03
   5.6800000e+01  -2.3166267e-02  -1.9099152e-03
   5.6900000e+01  -1.0788782e-02   1.1420148e-03
   5.7000000e+01  -2.6425406e-03   4.8666587e-03
   5.7100000e+01  -4.8095127e-04   5.8102409e-03
   5.7200000e+01  -5.2529716e-04   3.3524610e-03
   5.7300000e+01  -6.0615398e-04   3.3124671e-03
   5.7400000e+01  -3.1797179e-03   1.2904590e-02
   5.7500000e+01  -1.0816361e-02   3.0581957e-02
   5.7600000e+01  -2.0705600e-02   4.3359847e-02
   5.7700000e+01  -2.5627622e-02   3.7742868e-02
   5.7800000e+01  -2.0491744e-02   1.3901044e-02
   5.7900000e+01  -7.0426277e-03  -1.3176800e-02
   5.8000000e+01   7.8369315e-03  -2.7890515e-02
   5.8100000e+01   1.7353257e-02  -2.8078751e-02
   5.8200000e+01   1.8054712e-02  -2.3701244e-02
   5.8300000e+01   9.7990432e-03  -2.3225144e-02
   5.8400000e+01  -4.6302107e-03  -2.4473303e-02
   5.8500000e+01  -1.8810145e-02  -1.9642985e-02
   5.8600000e+01  -2.3774664e-02  -6.5740428e-03
   5.8700000e+01  -1.3642918e-02   7.7991270e-03
   5.8800000e+01   7.6638156e-03   1.4773693e-02
   5.8900000e+01   2.6483754e-02   1.2240214e-02
   5.9000000e+01   2.9221161e-02   5.0782223e-03
   5.9100000e+01   1.4155975e-02  -8.4271878e-04
   5.9200000e+01  -6.6032457e-03  -3.4195068e-03
   5.9300000e+01  -1.7894962e-02  -4.1643926e-03
   5.9400000e+01  -1.4643047e-02  -5.7275937e-03
   5.9500000e+01  -4.4815778e-03  -1.0202853e-02
   5.9600000e+01   1.6822899e-03  -1.8002249e-02
   5.9700000e+01   4.2837580e-04  -2.6357218e-02
   5.9800000e+01  -2.6798242e-03  -2.9127783e-02
   5.9900000e+01  -5.1606550e-04  -2.0369164e-02
   6.0000000e+01   8.1269662e-03  -2.5945601e-04
   6.0100000e+01   1.7791750e-02   2.2285398e-02
   6.0200000e+01   2.1358895e-02   3.4684698e-02
   6.0300000e+01   1.5539038e-02   3.0763567e-02
   6.0400000e+01   3.1737595e-03   1.6987262e-02
   6.0500000e+01  -8.2614310e-03   7.8676564e-03
   6.0600000e+01  -1.1100123e-02   1.3192667e-02
   6.0700000e+01  -2.9474941e-03   2.8495149e-02
   6.0800000e+01   1.0490574e-02   3.8532161e-02
   6.0900000e+01   1.8711174e-02   3.1471790e-02
   6.1000000e+01   1.4860709e-02   1.0406748e-02
   6.1100000e+01   2.4794350e-03  -9.2935760e-03
   6.1200000e+01  -6.6429932e-03  -1.4309678e-02
   6.1300000e+01  -2.9521188e-03  -5.0096025e-03
   6.1400000e+01   1.1585480e-02   7.0318397e-03
   6.1500000e+01   2.4958269e-02   1.2122915e-02
   6.1600000e+01   2.6417906e-02   1.1612172e-02
   6.1700000e+01   1.6408471e-02   1.3476527e-02
   6.1800000e+01   5.4353599e-03   2.0338305e-02
   6.1900000e+01   3.9421902e-03   2.4810623e-02
   6.2000000e+01   1.3789857e-02   1.8544985e-02
   6.2100000e+01   2.8300678e-02   4.4417207e-03
   6.2200000e+01   3.8224055e-02  -3.8312501e-03
   6.2300000e+01   3.7361795e-02   3.2887957e-03
   6.2400000e+01   2.5593812e-02   1.8429720e-02
   6.2500000e+01   9.9193417e-03   2.2712450e-02
   6.2600000e+01   1.8553068e-03   5.3292002e-03
   6.2700000e+01   9.2063461e-03  -2.3999165e-02
   6.2800000e+01   2.7129040e-02  -4.3855448e-02
   6.2900000e+01   3.9155604e-02  -4.1664235e-02
   6.3000000e+01   3.1545394e-02  -2.3893272e-02
   6.3100000e+01   8.4509211e-03  -6.8179576e-03
   6.3200000e+01  -9.4952834e-03  -4.7720157e-04
   6.3300000e+01  -4.7376046e-03  -3.2607813e-03
   6.3400000e+01   1.8510305e-02  -9.3081530e-03
   6.3500000e+01   3.6402234e-02  -1.6379050e-02
   6.3600000e+01   2.7117299e-02  -2.4815014e-02
   6.3700000e+01  -9.3677281e-03  -3.1770161e-02
   6.3800000e+01  -5.1881475e-02  -3.0629300e-02
   6.3900000e+01  -7.6312994e-02  -1.7693696e-02
   6.4000000e+01  -7.3165200e-02   1.6353048e-03
   6.4100000e+01  -5.0618995e-02   1.4852951e-02
   6.4200000e+01  -2.5153665e-02   1.1588411e-02
   6.4300000e+01  -1.0610235e-02  -7.8849850e-03
   6.4400000e+01  -1.2614621e-02  -3.2047999e-02
   6.4500000e+01  -2.7943063e-02  -4.6092047e-02
   6.4600000e+01  -4.6840630e-02  -4.2500687e-02
   6.4700000e+01  -5.8268141e-02  -2.6183872e-02
   6.4800000e+01  -5.6765490e-02  -1.0039994e-02
   6.4900000e+01  -4.5861603e-02  -4.5077605e-03
   6.5000000e+01  -3.4007566e-02  -9.9221848e-03
   6.5100000e+01  -2.6400321e-02  -1.8002989e-02
   6.5200000e+01  -2.1223254e-02  -2.0310388e-02
   6.5300000e+01  -1.4204132e-02  -1.5256805e-02
   6.5400000e+01  -5.6877989e-03  -7.5379409e-03
   6.5500000e+01  -1.4493675e-03  -1.9377042e-03
   6.5600000e+01  -5.9943973e-03   1.2687555e-03
   6.5700000e+01  -1.6056244e-02   4.7588456e-03
   6.5800000e+01  -2.2030325e-02   9.0690678e-03
   6.5900000e+01  -1.6605753e-02   1.0461637e-02
   6.6000000e+01  -2.3379079e-03   4.8348754e-03
   6.6100000e+01   9.3079070e-03  -6.3172441e-03
   6.6200000e+01   7.2182878e-03  -1.5010302e-02
   6.6300000e+01  -9.4618145e-03  -1.3270716e-02
   6.6400000e+01  -2.9375496e-02  -1.0904843e-03
   6.6500000e+01  -3.7122689e-02   1.2796296e-02
   6.6600000e+01  -2.5110928e-02   1.9077124e-02
   6.6700000e+01   6.1092770e-04   1.7005024e-02
   6.6800000e+01   2.5018936e-02   1.4909001e-02
   6.6900000e+01   3.4967572e-02   2.1381611e-02
   6.7000000e+01   2.7659604e-02   3.6321683e-02
   6.7100000e+01   1.1293781e-02   5.0841475e-02
   6.7200000e+01  -1.3230033e-03   5.5367548e-02
   6.7300000e+01  -1.3584862e-03   4.7240930e-02
   6.7400000e+01   1.0682974e-02   3.1141024e-02
   6.7500000e+01   2.6183576e-02   1.4029527e-02
   6.7600000e+01   3.5326155e-02   9.2684929e-04
   6.7700000e+01   3.4253944e-02  -5.4169731e-03
   6.7800000e+01   2.6672866e-02  -3.4409686e-03
   6.7900000e+01   1.9604236e-02   6.4817204e-03
   6.8000000e+01   1.8614119e-02   2.0258768e-02
   6.8100000e+01   2.6510266e-02   3.0819831e-02
   6.8200000e+01   4.3368133e-02   3.2548266e-02
   6.8300000e+01   6.4411553e-02   2.5825034e-02
   6.8400000e+01   7.8458347e-02   1.6933160e-02
   6.8500000e+01   7.3366797e-02   1.2825187e-02
   6.8600000e+01   4.7536531e-02   1.5467079e-02
   6.8700000e+01   1.5745614e-02   2.0868928e-02
   6.8800000e+01  -4.5926078e-04   2.3081450e-02
   6.8900000e+01   8.6094122e-03   1.8835251e-02
   6.9000000e+01   3.1565312e-02   8.9548772e-03
   6.9100000e+01   4.6330427e-02  -3.2517099e-03
   6.9200000e+01   3.9908848e-02  -1.4031747e-02
   6.9300000e+01   1.8123112e-02  -2.0350772e-02
   6.9400000e+01  -2.3475447e-03  -2.0714472e-02
   6.9500000e+01  -9.2823694e-03  -1.5804777e-02
   6.9600000e+01  -2.7902122e-03  -8.1293343e-03
   6.9700000e+01   8.3395832e-03  -7.6493945e-04
   6.9800000e+01   1.4766097e-02   3.4834443e-03
   6.9900000e+01   1.1590866e-02   2.2979408e-03
   7.0000000e+01  -1.0791797e-03  -4.9472224e-03
   7.0100000e+01  -1.9338381e-02  -1.4872793e-02
   7.0200000e+01  -3.6799772e-02  -2.0212273e-02
   7.0300000e+01  -4.6375905e-02  -1.5231264e-02
   7.0400000e+01  -4.2998909e-02  -2.6012300e-03
   7.0500000e+01  -2.6689624e-02   6.6306332e-03
   7.0600000e+01  -4.2671679e-03   2.5484444e-03
   7.0700000e+01   1.2646356e-02  -1.3302831e-02
   7.0800000e+01   1.4227388e-02  -2.8289351e-02
   7.0900000e+01   1.2347787e-04  -3.0621070e-02
   7.1000000e+01  -1.8929310e-02  -2.0874062e-02
   7.1100000e+01  -2.9260083e-02  -1.1003131e-02
   7.1200000e+01  -2.6208650e-02  -1.1868054e-02
   7.1300000e+01  -1.8209512e-02  -2.2276179e-02
   7.1400000e+01  -1.8143677e-02  -3.0594565e-02
   7.1500000e+01  -3.0420455e-02  -2.6718375e-02
   7.1600000e+01  -4.6918244e-02  -1.1874581e-02
   7.1700000e+01  -5.5089745e-02   3.2262695e-03
   7.1800000e+01  -4.8831271e-02   8.8941916e-03
   7.1900000e+01  -3.1736829e-02   4.1603379e-03
   7.2000000e+01  -1.2427063e-02  -5.5149883e-03
   7.2100000e+01   9.8903895e-04  -1.6008458e-02
   7.2200000e+01   3.3577194e-03  -2.7609210e-02
   7.2300000e+01  -6.0258448e-03  -4.0085631e-02
   7.2400000e+01  -2.1565761e-02  -4.7350737e-02
   7.2500000e+01  -3.2894484e-02  -4.0635228e-02
   7.2600000e+01  -3.2263209e-02  -1.8435484e-02
   7.2700000e+01  -2.1938736e-02   8.3405127e-03
   7.2800000e+01  -1.2497945e-02   2.3831690e-02
   7.2900000e+01  -1.2182065e-02   2.0969136e-02
   7.3000000e+01  -1.8843519e-02   7.1791356e-03
   7.3100000e+01  -2.3738156e-02  -4.0717069e-03
   7.3200000e+01  -2.1968839e-02  -6.5020353e-03
   7.3300000e+01  -1.6408762e-02  -4.7549542e-03
   7.3400000e+01  -1.1238960e-02  -5.7984342e-03
   7.3500000e+01  -5.2142727e-03  -9.3067242e-03
   7.3600000e+01   5.7108622e-03  -8.6774444e-03
   7.3700000e+01   2.0651463e-02  -8.6485050e-04
   7.3800000e+01   3.2645873e-02   7.7170613e-03
   7.3900000e+01   3.6295125e-02   7.3490860e-03
   7.4000000e+01   3.3756498e-02  -3.2401458e-03
   7.4100000e+01   3.0994802e-02  -1.3333193e-02
   7.4200000e+01   2.9907682e-02  -1.0111163e-02
   7.4300000e+01   2.7251604e-02   7.8300831e-03
   7.4400000e+01   2.0990123e-02   2.7812545e-02
   7.4500000e+01   1.4162989e-02   3.4692923e-02
   7.4600000e+01   1.0760695e-02   2.5183256e-02
   7.4700000e+01   1.0318271e-02   1.0394032e-02
   7.4800000e+01   9.6826158e-03   4.4408750e-03
   7.4900000e+01   9.2101223e-03   1.1253183e-02
   7.5000000e+01   1.3364080e-02   2.2715427e-02
   7.5100000e+01   2.3542816e-02   2.8421004e-02
   7.5200000e+01   3.2985737e-02   2.5354235e-02
   7.5300000e+01   3.2190017e-02   1.7830069e-02
   7.5400000e+01   1.9455687e-02   1.0414912e-02
   7.5500000e+01   3.5454385e-03   3.8837178e-03
   7.5600000e+01  -5.3415394e-03  -1.6695610e-03
   7.5700000e+01  -5.7157628e-03  -2.8738003e-03
   7.5800000e+01  -4.3296412e-03   4.5025304e-03
   7.5900000e+01  -6.5405891e-03   1.9074162e-02
   7.6000000e+01  -9.6964477e-03   3.2412751e-02
   7.6100000e+01  -7.1896759e-03   3.6130940e-02
   7.6200000e+01   2.4874782e-03   2.9828785e-02
   7.6300000e+01   1.2921642e-02   2.0403020e-02
   7.6400000e+01   1.6317948e-02   1.3510725e-02
   7.6500000e+01   1.1443800e-02   7.4762932e-03
   7.6600000e+01   4.0987502e-03  -3.2441206e-03
   7.6700000e+01   4.7674823e-04  -1.9492261e-02
   7.6800000e+01   1.4883641e-03  -3.3904951e-02
   7.6900000e+01   3.7367044e-03  -3.6470164e-02
   7.7000000e+01   4.5086667e-03  -2.3333824e-02
   7.7100000e+01   4.2432559e-03  -4.8690729e-04
   7.7200000e+01   4.2424228e-03   2.0350737e-02
   7.7300000e+01   3.5686277e-03   2.9626737e-02
   7.7400000e+01  -4.8251304e-04   2.5605391e-02
   7.7500000e+01  -8.9780416e-03   1.4286898e-02
   7.7600000e+01  -1.9352700e-02   4.2613467e-03
   7.7700000e+01  -2.7134233e-02   4.0730723e-04
   7.7800000e+01  -2.9100967e-02   9.5552132e-04
   7.7900000e+01  -2.4500959e-02  -1.2091039e-04
   7.8000000e+01  -1.4330996e-02  -7.4039713e-03
   7.8100000e+01  -1.2260513e-03  -1.9433647e-02
   7.8200000e+01   9.7074985e-03  -2.8911958e-02
   7.8300000e+01   1.2289377e-02  -2.8133959e-02
   7.8400000e+01   4.4020643e-03  -1.5884410e-02
   7.8500000e+01  -7.8479521e-03   3.4380085e-04
   7.8600000e+01  -1.3581774e-02   1.0144106e-02
   7.8700000e+01  -7.2009619e-03   9.5982143e-03
   7.8800000e+01   5.2744886e-03   4.5628849e-03
   7.8900000e+01   1.1915688e-02   3.2655923e-03
   7.9000000e+01   7.5600673e-03   5.9524868e-03
   7.9100000e+01  -7.9312288e-04   4.2767184e-03
   7.9200000e+01  -2.4907686e-03  -7.6414645e-03
   7.9300000e+01   4.1188041e-03  -2.3537551e-02
   7.9400000e+01   9.7719290e-03  -2.9619583e-02
   7.9500000e+01   5.1705172e-03  -1.9362250e-02
   7.9600000e+01  -8.3963008e-03  -1.1172063e-03
   7.9700000e+01  -2.0656785e-02   1.0716441e-02
   7.9800000e+01  -2.2957780e-02   1.0107674e-02
   7.9900000e+01  -1.4894480e-02   2.1528970e-03
   8.0000000e+01  -1.4606013e-03  -6.8114884e-03
