   1.0221618e+02   2.8602761e+01   2.5212700e+03
   1.0216788e+02   2.8384277e+01   1.6619900e+03
   0.0000000e+00   2.6005749e-01   2.6005749e-01
   1.0000000e-01   3.3736897e-01   1.6915097e-01
   2.0000000e-01   3.9901190e-01   7.2550345e-02
   3.0000000e-01   4.4942570e-01  -1.6841956e-02
   4.0000000e-01   4.9926584e-01  -8.5577997e-02
   5.0000000e-01   5.5949830e-01  -1.2698975e-01
   6.0000000e-01   6.3188513e-01  -1.4483720e-01
   7.0000000e-01   7.0654823e-01  -1.4993783e-01
   8.0000000e-01   7.7213209e-01  -1.5434986e-01
   9.0000000e-01   8.2803269e-01  -1.6817335e-01
   1.0000000e+00   8.8301835e-01  -1.9747231e-01
   1.1000000e+00   9.4027246e-01  -2.4050482e-01
   1.2000000e+00   9.8662914e-01  -2.8637797e-01
   1.3000000e+00   1.0000000e+00  -3.2253555e-01
   1.4000000e+00   9.6761894e-01  -3.4727189e-01
   1.5000000e+00   8.9522129e-01  -3.7364291e-01
   1.6000000e+00   7.9817025e-01  -4.1828055e-01
   1.7000000e+00   6.8560809e-01  -4.8639873e-01
   1.8000000e+00   5.5493188e-01  -5.6917475e-01
   1.9000000e+00   4.0145244e-01  -6.5398011e-01
   2.0000000e+00   2.3200352e-01  -7.3236075e-01
   2.1000000e+00   6.7480827e-02  -7.9625593e-01
   2.2000000e+00  -6.9784568e-02  -8.3134644e-01
   2.3000000e+00  -1.7274986e-01  -8.2155233e-01
   2.4000000e+00  -2.5392383e-01  -7.6325411e-01
   2.5000000e+00  -3.3124239e-01  -6.7294832e-01
   2.6000000e+00  -4.0819028e-01  -5.7774844e-01
   2.7000000e+00  -4.6889772e-01  -4.9689806e-01
   2.8000000e+00  -4.9552224e-01  -4.3121654e-01
   2.9000000e+00  -4.9139854e-01  -3.6779562e-01
   3.0000000e+00  -4.8451502e-01  -2.9291054e-01
   3.1000000e+00  -5.0434664e-01  -2.0207258e-01
   3.2000000e+00  -5.5373927e-01  -1.0207654e-01
   3.3000000e+00  -6.0517398e-01  -6.1079109e-03
   3.4000000e+00  -6.2659412e-01   7.4899930e-02
   3.5000000e+00  -6.1067005e-01   1.4035154e-01
   3.6000000e+00  -5.7776599e-01   2.0165787e-01
   3.7000000e+00  -5.5197612e-01   2.7380224e-01
   3.8000000e+00  -5.3843105e-01   3.6143625e-01
   3.9000000e+00  -5.2532218e-01   4.5180218e-01
   4.0000000e+00  -5.0290400e-01   5.2318025e-01
   4.1000000e+00  -4.7355714e-01   5.6271423e-01
   4.2000000e+00  -4.4330858e-01   5.7652403e-01
   4.3000000e+00  -4.1160955e-01   5.8214056e-01
   4.4000000e+00  -3.7589530e-01   5.9202406e-01
   4.5000000e+00  -3.4243360e-01   6.0508445e-01
   4.6000000e+00  -3.2307447e-01   6.1114100e-01
   4.7000000e+00  -3.1791505e-01   5.9830037e-01
   4.8000000e+00  -3.0786378e-01   5.5565893e-01
   4.9000000e+00  -2.7199848e-01   4.7687481e-01
   5.0000000e+00  -2.1170569e-01   3.6990753e-01
   5.1000000e+00  -1.5158141e-01   2.6205939e-01
   5.2000000e+00  -1.1419215e-01   1.8483266e-01
   5.3000000e+00  -9.7586586e-02   1.4598388e-01
   5.4000000e+00  -8.0442571e-02   1.1942325e-01
   5.5000000e+00  -4.6844279e-02   7.0003089e-02
   5.6000000e+00  -2.5959763e-03  -1.0702081e-02
   5.7000000e+00   3.1858597e-02  -9.7939587e-02
   5.8000000e+00   4.1793237e-02  -1.6352797e-01
   5.9000000e+00   3.2826516e-02  -2.0546001e-01
   6.0000000e+00   2.9498029e-02  -2.4316889e-01
   6.1000000e+00   5.9004709e-02  -2.8853162e-01
   6.2000000e+00   1.2983337e-01  -3.3150690e-01
   6.3000000e+00   2.2147237e-01  -3.5717963e-01
   6.4000000e+00   2.9813733e-01  -3.6914032e-01
   6.5000000e+00   3.3922642e-01  -3.8661976e-01
   6.6000000e+00   3.5772459e-01  -4.1704213e-01
   6.7000000e+00   3.8439017e-01  -4.3743989e-01
   6.8000000e+00   4.3191306e-01  -4.0964085e-01
   6.9000000e+00   4.7927384e-01  -3.1672531e-01
   7.0000000e+00   4.9630750e-01  -1.8407192e-01
   7.1000000e+00   4.8109489e-01  -6.2204073e-02
   7.2000000e+00   4.6531637e-01   1.4229105e-02
   7.3000000e+00   4.7925302e-01   5.3169402e-02
   7.4000000e+00   5.1636778e-01   9.2369152e-02
   7.5000000e+00   5.3894156e-01   1.6025956e-01
   7.6000000e+00   5.1879647e-01   2.4946884e-01
   7.7000000e+00   4.6722135e-01   3.2758531e-01
   7.8000000e+00   4.2187466e-01   3.6971733e-01
   7.9000000e+00   4.0728110e-01   3.7660059e-01
   8.0000000e+00   4.1229007e-01   3.6368134e-01
   8.1000000e+00   4.0529159e-01   3.4200275e-01
   8.2000000e+00   3.6643320e-01   3.1573877e-01
   8.3000000e+00   3.0244881e-01   2.9207396e-01
   8.4000000e+00   2.3358805e-01   2.8039061e-01
   8.5000000e+00   1.7175933e-01   2.7662539e-01
   8.6000000e+00   1.1310691e-01   2.5665298e-01
   8.7000000e+00   4.8771616e-02   1.9611507e-01
   8.8000000e+00  -2.0573798e-02   9.8647899e-02
   8.9000000e+00  -8.1241092e-02  -1.3268434e-03
   9.0000000e+00  -1.1660230e-01  -6.7521858e-02
   9.1000000e+00  -1.2184606e-01  -9.2466310e-02
   9.2000000e+00  -1.1148322e-01  -1.0002895e-01
   9.3000000e+00  -1.1280974e-01  -1.2212000e-01
   9.4000000e+00  -1.4865161e-01  -1.7466628e-01
   9.5000000e+00  -2.2176313e-01  -2.4996507e-01
   9.6000000e+00  -3.1324875e-01  -3.2351675e-01
   9.7000000e+00  -3.9619630e-01  -3.6725499e-01
   9.8000000e+00  -4.5281208e-01  -3.6453522e-01
   9.9000000e+00  -4.8166842e-01  -3.2128350e-01
   1.0000000e+01  -4.9250884e-01  -2.6468382e-01
   1.0100000e+01  -4.9692617e-01  -2.2719473e-01
   1.0200000e+01  -5.0307072e-01  -2.2639415e-01
   1.0300000e+01  -5.1460332e-01  -2.5498273e-01
   1.0400000e+01  -5.2984723e-01  -2.8633468e-01
   1.0500000e+01  -5.4063395e-01  -2.9072819e-01
   1.0600000e+01  -5.3457755e-01  -2.5350584e-01
   1.0700000e+01  -5.0223264e-01  -1.8542446e-01
   1.0800000e+01  -4.4419829e-01  -1.1662445e-01
   1.0900000e+01  -3.7112680e-01  -7.5441553e-02
   1.1000000e+01  -2.9549752e-01  -6.8382229e-02
   1.1100000e+01  -2.2243442e-01  -7.9592283e-02
   1.1200000e+01  -1.4868561e-01  -8.8896555e-02
   1.1300000e+01  -7.0851666e-02  -8.7816882e-02
   1.1400000e+01   6.6897978e-03  -7.8284452e-02
   1.1500000e+01   7.4665629e-02  -6.1931534e-02
   1.1600000e+01   1.3067998e-01  -3.7123114e-02
   1.1700000e+01   1.8503647e-01  -5.2696754e-03
   1.1800000e+01   2.4985055e-01   2.7204114e-02
   1.1900000e+01   3.2087336e-01   5.6636863e-02
   1.2000000e+01   3.7408858e-01   8.7520691e-02
   1.2100000e+01   3.8520538e-01   1.2526000e-01
   1.2200000e+01   3.5297943e-01   1.6576750e-01
   1.2300000e+01   3.0036212e-01   1.9847603e-01
   1.2400000e+01   2.5194823e-01   2.2093017e-01
   1.2500000e+01   2.1332479e-01   2.4478957e-01
   1.2600000e+01   1.7409742e-01   2.8237868e-01
   1.2700000e+01   1.2689088e-01   3.2885940e-01
   1.2800000e+01   7.7167531e-02   3.6269286e-01
   1.2900000e+01   3.3977056e-02   3.6551629e-01
   1.3000000e+01  -2.5628949e-03   3.3936357e-01
   1.3100000e+01  -3.9040199e-02   3.0279920e-01
   1.3200000e+01  -7.5660009e-02   2.7187331e-01
   1.3300000e+01  -1.0134913e-01   2.4713256e-01
   1.3400000e+01  -1.0493039e-01   2.1867946e-01
   1.3500000e+01  -8.8777844e-02   1.8104277e-01
   1.3600000e+01  -6.7701060e-02   1.4093540e-01
   1.3700000e+01  -5.3668036e-02   1.1040912e-01
   1.3800000e+01  -4.3590601e-02   9.3438650e-02
   1.3900000e+01  -2.3536487e-02   8.0209861e-02
   1.4000000e+01   1.5655986e-02   5.5495592e-02
   1.4100000e+01   6.8155795e-02   1.3461847e-02
   1.4200000e+01   1.1845220e-01  -3.5664397e-02
   1.4300000e+01   1.5561913e-01  -7.4380227e-02
   1.4400000e+01   1.8108454e-01  -9.4423587e-02
   1.4500000e+01   2.0243103e-01  -1.0518698e-01
   1.4600000e+01   2.2158353e-01  -1.2539232e-01
   1.4700000e+01   2.3163681e-01  -1.6499425e-01
   1.4800000e+01   2.2558708e-01  -2.1338852e-01
   1.4900000e+01   2.0542716e-01  -2.4486489e-01
   1.5000000e+01   1.7989624e-01  -2.3816743e-01
   1.5100000e+01   1.5413615e-01  -1.9532686e-01
   1.5200000e+01   1.2523609e-01  -1.4388426e-01
   1.5300000e+01   8.9715156e-02  -1.1789597e-01
   1.5400000e+01   5.2677300e-02  -1.3062992e-01
   1.5500000e+01   2.5587800e-02  -1.6214353e-01
   1.5600000e+01   1.4380753e-02  -1.7543854e-01
   1.5700000e+01   1.2426603e-02  -1.4926998e-01
   1.5800000e+01   7.0536893e-03  -9.7417393e-02
   1.5900000e+01  -8.1371567e-03  -5.5128906e-02
   1.6000000e+01  -2.9011896e-02  -4.6040777e-02
   1.6100000e+01  -4.8061100e-02  -6.2996035e-02
   1.6200000e+01  -6.3690373e-02  -8.0535312e-02
   1.6300000e+01  -8.1774004e-02  -8.2476566e-02
   1.6400000e+01  -1.0878209e-01  -7.4116815e-02
   1.6500000e+01  -1.4330435e-01  -6.9592906e-02
   1.6600000e+01  -1.7333100e-01  -7.3552753e-02
   1.6700000e+01  -1.8260154e-01  -7.8653583e-02
   1.6800000e+01  -1.6307033e-01  -7.7631271e-02
   1.6900000e+01  -1.2397367e-01  -7.1745502e-02
   1.7000000e+01  -8.7421626e-02  -6.5523836e-02
   1.7100000e+01  -7.1370808e-02  -5.6789812e-02
   1.7200000e+01  -7.5482962e-02  -3.6244731e-02
   1.7300000e+01  -8.5573391e-02   1.6271463e-03
   1.7400000e+01  -9.2669500e-02   4.8112339e-02
   1.7500000e+01  -1.0393755e-01   8.2466066e-02
   1.7600000e+01  -1.3029793e-01   8.7449339e-02
   1.7700000e+01  -1.6461274e-01   6.5898573e-02
   1.7800000e+01  -1.7976885e-01   4.2028955e-02
   1.7900000e+01  -1.5474483e-01   4.2137412e-02
   1.8000000e+01  -1.0111176e-01   6.9737918e-02
   1.8100000e+01  -5.6855540e-02   1.0036612e-01
   1.8200000e+01  -4.9892288e-02   1.0502685e-01
   1.8300000e+01  -6.9970137e-02   8.0330668e-02
   1.8400000e+01  -8.0406190e-02   5.2693854e-02
   1.8500000e+01  -5.6936831e-02   5.0622130e-02
   1.8600000e+01  -1.1030702e-02   7.5140936e-02
   1.8700000e+01   2.6361193e-02   1.0082578e-01
   1.8800000e+01   4.0289677e-02   1.0485727e-01
   1.8900000e+01   4.6974713e-02   9.1004672e-02
   1.9000000e+01   7.3986315e-02   8.4160341e-02
   1.9100000e+01   1.2875532e-01   1.0449950e-01
   1.9200000e+01   1.8865524e-01   1.4814099e-01
   1.9300000e+01   2.2138911e-01   1.8922665e-01
   1.9400000e+01   2.1432681e-01   1.9813916e-01
   1.9500000e+01   1.8481091e-01   1.6241452e-01
   1.9600000e+01   1.6284421e-01   9.7705916e-02
   1.9700000e+01   1.6293048e-01   3.8951731e-02
   1.9800000e+01   1.7115278e-01   1.3034384e-02
   1.9900000e+01   1.5955048e-01   1.4383750e-02
   2.0000000e+01   1.1453327e-01   1.1021527e-02
   2.0100000e+01   5.2181355e-02  -1.9170687e-02
   2.0200000e+01   5.0669248e-03  -5.9831212e-02
   2.0300000e+01  -7.1243104e-03  -7.1275831e-02
   2.0400000e+01   5.4177817e-03  -3.6630251e-02
   2.0500000e+01   1.4306384e-02   1.3866157e-02
   2.0600000e+01   8.6732079e-04   3.1123105e-02
   2.0700000e+01  -2.7578051e-02  -2.6056428e-03
   2.0800000e+01  -4.7734853e-02  -5.8147840e-02
   2.0900000e+01  -4.4633313e-02  -9.3631975e-02
   2.1000000e+01  -2.5846288e-02  -9.6760745e-02
   2.1100000e+01  -1.3816156e-02  -8.9142228e-02
   2.1200000e+01  -2.6105931e-02  -9.4887331e-02
   2.1300000e+01  -6.2036737e-02  -1.1421770e-01
   2.1400000e+01  -1.0498164e-01  -1.2920765e-01
   2.1500000e+01  -1.3553555e-01  -1.2769600e-01
   2.1600000e+01  -1.4456223e-01  -1.1476876e-01
   2.1700000e+01  -1.3750986e-01  -1.0257135e-01
   2.1800000e+01  -1.2745746e-01  -9.5610622e-02
   2.1900000e+01  -1.2206080e-01  -8.8957167e-02
   2.2000000e+01  -1.1618157e-01  -7.7284630e-02
   2.2100000e+01  -9.9370565e-02  -6.1140892e-02
   2.2200000e+01  -7.2212069e-02  -4.4443895e-02
   2.2300000e+01  -5.2022936e-02  -2.9446980e-02
   2.2400000e+01  -5.6584208e-02  -1.6118271e-02
   2.2500000e+01  -8.0976905e-02  -4.5866359e-03
   2.2600000e+01  -9.5896179e-02   4.4506882e-03
   2.2700000e+01  -7.4509319e-02   1.1562317e-02
   2.2800000e+01  -2.0627393e-02   1.8434015e-02
   2.2900000e+01   3.3658892e-02   2.4739495e-02
   2.3000000e+01   5.9126218e-02   2.6586341e-02
   2.3100000e+01   5.5505788e-02   1.9894716e-02
   2.3200000e+01   4.6431490e-02   5.3242496e-03
   2.3300000e+01   5.3202639e-02  -1.1148020e-02
   2.3400000e+01   7.7212350e-02  -2.2433059e-02
   2.3500000e+01   1.0497102e-01  -2.4106704e-02
   2.3600000e+01   1.2332298e-01  -1.4455933e-02
   2.3700000e+01   1.2748672e-01   6.5110794e-03
   2.3800000e+01   1.1938030e-01   3.5461314e-02
   2.3900000e+01   1.0393574e-01   6.3403111e-02
   2.4000000e+01   8.6794159e-02   7.8183049e-02
   2.4100000e+01   7.1155815e-02   7.3065609e-02
   2.4200000e+01   5.5170975e-02   5.4575924e-02
   2.4300000e+01   3.5315570e-02   4.0549551e-02
   2.4400000e+01   1.4568032e-02   4.6901503e-02
   2.4500000e+01   4.4878120e-03   7.2913299e-02
   2.4600000e+01   1.4297542e-02   9.8906649e-02
   2.4700000e+01   3.6970820e-02   1.0105319e-01
   2.4800000e+01   5.0428660e-02   7.1991619e-02
   2.4900000e+01   3.7019969e-02   2.8349540e-02
   2.5000000e+01   1.8684613e-03  -2.9150116e-03
   2.5100000e+01  -3.1083076e-02  -7.1454875e-03
   2.5200000e+01  -4.2344666e-02   7.3833762e-03
   2.5300000e+01  -3.4089664e-02   1.9442586e-02
   2.5400000e+01  -2.2929204e-02   1.4315936e-02
   2.5500000e+01  -1.8673506e-02  -4.8301920e-03
   2.5600000e+01  -1.5220667e-02  -2.1144903e-02
   2.5700000e+01  -3.2701215e-03  -1.8464623e-02
   2.5800000e+01   1.3152481e-02   4.6136270e-03
   2.5900000e+01   1.8630957e-02   3.0567134e-02
   2.6000000e+01   5.0048046e-03   3.4195758e-02
   2.6100000e+01  -1.6671779e-02   4.4394560e-03
   2.6200000e+01  -2.6568654e-02  -4.1184092e-02
   2.6300000e+01  -1.7664756e-02  -6.7108335e-02
   2.6400000e+01  -4.0174066e-03  -5.0526433e-02
   2.6500000e+01  -6.5956616e-03  -3.6893495e-03
   2.6600000e+01  -3.2104735e-02   3.6389594e-02
   2.6700000e+01  -6.6249509e-02   4.1485219e-02
   2.6800000e+01  -8.6291650e-02   1.4776003e-02
   2.6900000e+01  -7.8937202e-02  -1.8200981e-02
   2.7000000e+01  -4.7632788e-02  -3.5839770e-02
   2.7100000e+01  -6.6332963e-03  -3.4935795e-02
   2.7200000e+01   2.8777452e-02  -2.4027435e-02
   2.7300000e+01   4.7477847e-02  -1.1278111e-02
   2.7400000e+01   4.4080264e-02  -2.1134743e-03
   2.7500000e+01   2.2103509e-02  -2.7970500e-03
   2.7600000e+01  -2.6542697e-03  -1.8125480e-02
   2.7700000e+01  -7.3242378e-03  -4.3796036e-02
   2.7800000e+01   2.1113622e-02  -6.5700359e-02
   2.7900000e+01   7.0187051e-02  -7.0970486e-02
   2.8000000e+01   1.0670809e-01  -5.9449506e-02
   2.8100000e+01   1.0373028e-01  -4.2416084e-02
   2.8200000e+01   6.5866181e-02  -3.0650115e-02
   2.8300000e+01   2.6189935e-02  -2.5882138e-02
   2.8400000e+01   1.5712955e-02  -2.3540230e-02
   2.8500000e+01   3.5696589e-02  -2.0328156e-02
   2.8600000e+01   5.9962408e-02  -1.6545076e-02
   2.8700000e+01   6.1992806e-02  -1.2553514e-02
   2.8800000e+01   3.7219742e-02  -6.4968973e-03
   2.8900000e+01   6.7441206e-04   3.4902006e-03
   2.9000000e+01  -3.1050048e-02   1.6960717e-02
   2.9100000e+01  -5.1592942e-02   3.2632118e-02
   2.9200000e+01  -6.2334023e-02   5.0638067e-02
   2.9300000e+01  -6.6063653e-02   7.0643966e-02
   2.9400000e+01  -6.7128213e-02   8.7553829e-02
   2.9500000e+01  -7.4307382e-02   9.1838121e-02
   2.9600000e+01  -9.6843153e-02   7.6842212e-02
   2.9700000e+01  -1.3442777e-01   4.6248294e-02
   2.9800000e+01  -1.7308380e-01   1.3394190e-02
   2.9900000e+01  -1.9441448e-01  -7.4226871e-03
   3.0000000e+01  -1.9050762e-01  -9.7392226e-03
   3.0100000e+01  -1.6970511e-01   2.5433992e-03
   3.0200000e+01  -1.4792032e-01   1.8296094e-02
   3.0300000e+01  -1.3478769e-01   2.4370035e-02
   3.0400000e+01  -1.2774016e-01   1.1565049e-02
   3.0500000e+01  -1.1783471e-01  -1.9190629e-02
   3.0600000e+01  -9.9883723e-02  -5.4436758e-02
   3.0700000e+01  -7.6837781e-02  -7.4581704e-02
   3.0800000e+01  -5.5136628e-02  -6.7293761e-02
   3.0900000e+01  -3.6660829e-02  -3.7452123e-02
   3.1000000e+01  -1.5905762e-02  -4.2015080e-03
   3.1100000e+01   1.4578465e-02   1.2888221e-02
   3.1200000e+01   5.6174390e-02   6.9282821e-03
   3.1300000e+01   1.0195359e-01  -1.3241158e-02
   3.1400000e+01   1.4196577e-01  -2.9763491e-02
   3.1500000e+01   1.6976840e-01  -2.6486760e-02
   3.1600000e+01   1.8404618e-01   1.0018256e-03
   3.1700000e+01   1.8636790e-01   4.0124963e-02
   3.1800000e+01   1.8003921e-01   6.6437431e-02
   3.1900000e+01   1.7093996e-01   6.0357178e-02
   3.2000000e+01   1.6662068e-01   2.4448267e-02
   3.2100000e+01   1.7233132e-01  -1.6049563e-02
   3.2200000e+01   1.8782915e-01  -3.3512197e-02
   3.2300000e+01   2.0802523e-01  -2.0819130e-02
   3.2400000e+01   2.2525010e-01   5.8786221e-03
   3.2500000e+01   2.3035412e-01   2.5552808e-02
   3.2600000e+01   2.1482869e-01   3.0113019e-02
   3.2700000e+01   1.7669626e-01   2.3954563e-02
   3.2800000e+01   1.2551231e-01   1.1900781e-02
   3.2900000e+01   7.8000237e-02  -5.7153347e-03
   3.3000000e+01   4.5215383e-02  -2.6413928e-02
   3.3100000e+01   2.4416219e-02  -4.1041968e-02
   3.3200000e+01   5.5880366e-03  -4.0959105e-02
   3.3300000e+01  -1.5015057e-02  -2.7929820e-02
   3.3400000e+01  -3.1242221e-02  -1.2861200e-02
   3.3500000e+01  -3.7657670e-02  -5.1976809e-03
   3.3600000e+01  -4.0019753e-02  -7.1353373e-03
   3.3700000e+01  -5.1349824e-02  -1.7808582e-02
   3.3800000e+01  -7.8147590e-02  -3.6906499e-02
   3.3900000e+01  -1.1380801e-01  -5.9514642e-02
   3.4000000e+01  -1.4645839e-01  -7.1144114e-02
   3.4100000e+01  -1.7029325e-01  -5.6566505e-02
   3.4200000e+01  -1.8690742e-01  -1.7593336e-02
   3.4300000e+01  -1.9776478e-01   2.2318541e-02
   3.4400000e+01  -1.9994052e-01   3.7839348e-02
   3.4500000e+01  -1.9073950e-01   2.7575133e-02
   3.4600000e+01  -1.7339777e-01   1.6382073e-02
   3.4700000e+01  -1.5463062e-01   2.8976088e-02
   3.4800000e+01  -1.3660227e-01   6.2679665e-02
   3.4900000e+01  -1.1440270e-01   8.9421936e-02
   3.5000000e+01  -8.3751270e-02   8.4699832e-02
   3.5100000e+01  -5.0349420e-02   5.1481339e-02
   3.5200000e+01  -2.8632535e-02   1.4267318e-02
   3.5300000e+01  -2.8639801e-02  -6.8545896e-03
   3.5400000e+01  -4.3613019e-02  -1.1674494e-02
   3.5500000e+01  -5.2464652e-02  -1.0569990e-02
   3.5600000e+01  -3.7462009e-02  -6.9179996e-03
   3.5700000e+01  -1.2894579e-03   5.3131841e-03
   3.5800000e+01   3.3856736e-02   2.8046302e-02
   3.5900000e+01   4.5673425e-02   4.9883745e-02
   3.6000000e+01   3.1187546e-02   5.4340447e-02
   3.6100000e+01   7.3268672e-03   3.5525794e-02
   3.6200000e+01  -6.5177743e-03   3.1457898e-03
   3.6300000e+01  -4.8052534e-03  -2.6633431e-02
   3.6400000e+01   4.4393446e-03  -4.2581933e-02
   3.6500000e+01   1.2085447e-02  -4.2458888e-02
   3.6600000e+01   1.6486295e-02  -3.1418909e-02
   3.6700000e+01   2.0755304e-02  -1.9267795e-02
   3.6800000e+01   2.5981257e-02  -1.5833900e-02
   3.6900000e+01   2.9572555e-02  -2.3856905e-02
   3.7000000e+01   2.8456811e-02  -3.5606186e-02
   3.7100000e+01   2.1577245e-02  -3.9435240e-02
   3.7200000e+01   1.0335238e-02  -3.1106940e-02
   3.7300000e+01  -8.1499185e-04  -1.7056261e-02
   3.7400000e+01  -4.7850182e-03  -5.7842564e-03
   3.7500000e+01   3.4103291e-03   1.2774336e-03
   3.7600000e+01   2.0489558e-02   7.7999390e-03
   3.7700000e+01   3.5975938e-02   1.3508038e-02
   3.7800000e+01   4.2513441e-02   1.2061074e-02
   3.7900000e+01   4.4599006e-02  -1.7304349e-05
   3.8000000e+01   5.4433385e-02  -1.5468573e-02
   3.8100000e+01   7.8679918e-02  -2.1396286e-02
   3.8200000e+01   1.1107965e-01  -1.2359976e-02
   3.8300000e+01   1.3792856e-01   4.2605516e-03
   3.8400000e+01   1.4787440e-01   1.6485238e-02
   3.8500000e+01   1.3583065e-01   1.8468792e-02
   3.8600000e+01   1.0277181e-01   1.1390395e-02
   3.8700000e+01   5.8070390e-02  -2.8644782e-03
   3.8800000e+01   2.0910910e-02  -2.2986577e-02
   3.8900000e+01   1.0731866e-02  -4.1630400e-02
   3.9000000e+01   2.9499144e-02  -4.2924274e-02
   3.9100000e+01   5.5459481e-02  -1.4193159e-02
   3.9200000e+01   6.0994859e-02   3.6944585e-02
   3.9300000e+01   3.8996340e-02   8.0867551e-02
   3.9400000e+01   8.5920476e-03   8.7314924e-02
   3.9500000e+01  -6.6739663e-03   5.1752624e-02
   3.9600000e+01  -2.7541205e-03   1.1008119e-04
   3.9700000e+01   5.7322648e-03  -3.4040009e-02
   3.9800000e+01   6.6674092e-03  -3.7369660e-02
   3.9900000e+01   3.9727913e-03  -2.2732820e-02
   4.0000000e+01   8.3228618e-03  -1.0582128e-02
   4.0100000e+01   1.9786413e-02  -8.7194905e-03
   4.0200000e+01   2.5452335e-02  -1.1076123e-02
   4.0300000e+01   1.4171946e-02  -1.1255820e-02
   4.0400000e+01  -1.0417902e-02  -1.0546946e-02
   4.0500000e+01  -3.3534263e-02  -1.1682426e-02
   4.0600000e+01  -4.4222361e-02  -1.1009728e-02
   4.0700000e+01  -4.5083994e-02  -3.0295753e-03
   4.0800000e+01  -4.7841866e-02   8.7138678e-03
   4.0900000e+01  -6.0447360e-02   1.2243294e-02
   4.1000000e+01  -7.8160510e-02   2.0130137e-03
   4.1100000e+01  -8.6532943e-02  -1.1351152e-02
   4.1200000e+01  -7.4138108e-02  -1.2428726e-02
   4.1300000e+01  -4.4467672e-02  -1.7419835e-03
   4.1400000e+01  -1.5860699e-02   1.4496541e-03
   4.1500000e+01  -7.9179122e-03  -1.8488206e-02
   4.1600000e+01  -2.5835971e-02  -5.1192907e-02
   4.1700000e+01  -5.7318450e-02  -6.6077124e-02
   4.1800000e+01  -8.4600838e-02  -4.2389619e-02
   4.1900000e+01  -9.8473492e-02   8.9055210e-03
   4.2000000e+01  -1.0014702e-01   5.4952133e-02
   4.2100000e+01  -9.2345624e-02   7.1136749e-02
   4.2200000e+01  -7.4021752e-02   6.0031618e-02
   4.2300000e+01  -4.6474190e-02   4.2623014e-02
   4.2400000e+01  -2.0806721e-02   3.5052121e-02
   4.2500000e+01  -1.2336191e-02   3.5861396e-02
   4.2600000e+01  -2.4677699e-02   3.3824238e-02
   4.2700000e+01  -4.2759036e-02   2.4208881e-02
   4.2800000e+01  -4.6017429e-02   1.4613946e-02
   4.2900000e+01  -2.8525840e-02   1.4650296e-02
   4.3000000e+01  -3.4778345e-03   2.1901943e-02
   4.3100000e+01   1.1693884e-02   2.1248406e-02
   4.3200000e+01   1.0703395e-02   5.7930766e-04
   4.3300000e+01  -1.8353460e-03  -3.3008720e-02
   4.3400000e+01  -2.0268209e-02  -5.5576986e-02
   4.3500000e+01  -4.1136539e-02  -4.7861694e-02
   4.3600000e+01  -5.7460146e-02  -1.4844705e-02
   4.3700000e+01  -5.7139894e-02   1.7852426e-02
   4.3800000e+01  -3.2589920e-02   2.8013995e-02
   4.3900000e+01   8.9577845e-03   1.6158706e-02
   4.4000000e+01   4.8288344e-02   2.1740249e-04
   4.4100000e+01   6.8553300e-02  -6.3792512e-03
   4.4200000e+01   6.6817195e-02  -6.7630717e-03
   4.4300000e+01   5.3418325e-02  -9.9270617e-03
   4.4400000e+01   4.2538367e-02  -1.3714629e-02
   4.4500000e+01   4.2379028e-02  -6.2321234e-03
   4.4600000e+01   5.0470024e-02   1.4473135e-02
   4.4700000e+01   5.6880813e-02   2.9809645e-02
   4.4800000e+01   5.4877027e-02   1.8573596e-02
   4.4900000e+01   5.0847313e-02  -1.4324306e-02
   4.5000000e+01   6.0928386e-02  -3.5757435e-02
   4.5100000e+01   9.2782888e-02  -1.8402800e-02
   4.5200000e+01   1.3038346e-01   2.5404845e-02
   4.5300000e+01   1.4239063e-01   5.2081663e-02
   4.5400000e+01   1.1094709e-01   3.2613119e-02
   4.5500000e+01   5.2295024e-02  -1.4882372e-02
   4.5600000e+01   5.5906531e-03  -4.4035128e-02
   4.5700000e+01  -8.9797540e-04  -3.0045926e-02
   4.5800000e+01   2.6959423e-02   5.5488662e-03
   4.5900000e+01   5.7918310e-02   2.1285146e-02
   4.6000000e+01   6.4574815e-02   9.2342277e-04
   4.6100000e+01   4.3708796e-02  -3.3024042e-02
   4.6200000e+01   1.1937128e-02  -4.7778467e-02
   4.6300000e+01  -1.3215609e-02  -3.4611279e-02
   4.6400000e+01  -2.6286471e-02  -1.2605378e-02
   4.6500000e+01  -3.1875254e-02  -4.4093659e-03
   4.6600000e+01  -3.5452306e-02  -1.4699774e-02
   4.6700000e+01  -3.8961050e-02  -3.1510176e-02
   4.6800000e+01  -4.3804723e-02  -4.2202270e-02
   4.6900000e+01  -5.3844278e-02  -4.4227374e-02
   4.7000000e+01  -7.1876587e-02  -4.2524478e-02
   4.7100000e+01  -9.2834667e-02  -4.0817744e-02
   4.7200000e+01  -1.0341639e-01  -3.7245227e-02
   4.7300000e+01  -9.2167768e-02  -2.7606213e-02
   4.7400000e+01  -6.1445720e-02  -1.1691096e-02
   4.7500000e+01  -2.7864516e-02   4.3936303e-03
   4.7600000e+01  -8.3738006e-03   1.2945821e-02
   4.7700000e+01  -4.9888299e-03   1.1764885e-02
   4.7800000e+01  -4.3137183e-03   5.4966264e-03
   4.7900000e+01   6.8917067e-03  -4.1551635e-04
   4.8000000e+01   2.6394748e-02  -5.0766850e-03
   4.8100000e+01   3.8201411e-02  -9.2850894e-03
   4.8200000e+01   3.0037499e-02  -8.9055043e-03
   4.8300000e+01   8.0632581e-03   4.1589494e-03
   4.8400000e+01  -7.3256058e-03   3.1653086e-02
   4.8500000e+01  -1.0090904e-03   6.1887775e-02
   4.8600000e+01   2.1887633e-02   7.7018401e-02
   4.8700000e+01   4.1140484e-02   6.8888620e-02
   4.8800000e+01   4.1802508e-02   4.6899983e-02
   4.8900000e+01   2.9160654e-02   3.0064885e-02
   4.9000000e+01   2.2750500e-02   3.1558718e-02
   4.9100000e+01   3.5191309e-02   4.9153901e-02
   4.9200000e+01   5.7657474e-02   6.7487535e-02
   4.9300000e+01   6.7632650e-02   6.9505446e-02
   4.9400000e+01   5.1570982e-02   4.9903946e-02
   4.9500000e+01   1.8971900e-02   2.0916140e-02
   4.9600000e+01  -7.0101954e-03   3.1533855e-03
   4.9700000e+01  -1.2392290e-02   6.3486054e-03
   4.9800000e+01  -4.5440787e-03   1.8212741e-02
   4.9900000e+01  -2.1363000e-03   1.5655577e-02
   5.0000000e+01  -1.5707931e-02  -1.0518759e-02
   5.0100000e+01  -3.9919770e-02  -4.3608174e-02
   5.0200000e+01  -6.2554512e-02  -5.6306203e-02
   5.0300000e+01  -7.6250206e-02  -3.8417938e-02
   5.0400000e+01  -7.9632569e-02  -8.3534373e-03
   5.0500000e+01  -7.1087812e-02   3.1115893e-03
   5.0600000e+01  -4.7655733e-02  -1.9534712e-02
   5.0700000e+01  -1.2266511e-02  -6.3179789e-02
   5.0800000e+01   2.1113805e-02  -9.7331481e-02
   5.0900000e+01   3.4154000e-02  -9.8334843e-02
   5.1000000e+01   1.8335423e-02  -6.5893316e-02
   5.1100000e+01  -1.7289200e-02  -1.9994921e-02
   5.1200000e+01  -5.2619046e-02   1.6466028e-02
   5.1300000e+01  -7.0998312e-02   3.3166691e-02
   5.1400000e+01  -6.8656504e-02   3.4108391e-02
   5.1500000e+01  -5.2689250e-02   2.8380499e-02
   5.1600000e+01  -3.2599870e-02   2.1908254e-02
   5.1700000e+01  -1.4533397e-02   1.7012925e-02
   5.1800000e+01  -1.4505160e-03   1.5435893e-02
   5.1900000e+01   4.8713822e-03   1.7965913e-02
   5.2000000e+01   4.1295680e-03   2.1526291e-02
   5.2100000e+01  -1.4471772e-03   2.0064823e-02
   5.2200000e+01  -8.8181451e-03   1.0744671e-02
   5.2300000e+01  -1.7244162e-02  -1.1722035e-03
   5.2400000e+01  -2.7577477e-02  -5.4062521e-03
   5.2500000e+01  -3.7278504e-02   4.0029726e-03
   5.2600000e+01  -3.8418988e-02   2.1832001e-02
   5.2700000e+01  -2.4352147e-02   3.4282435e-02
   5.2800000e+01   5.8594810e-04   2.9579289e-02
   5.2900000e+01   2.0610006e-02   7.6466222e-03
   5.3000000e+01   2.1011279e-02  -1.9747144e-02
   5.3100000e+01   2.4921959e-03  -3.8598951e-02
   5.3200000e+01  -1.7514122e-02  -4.3150469e-02
   5.3300000e+01  -1.9000820e-02  -3.7867339e-02
   5.3400000e+01   3.5005809e-03  -3.0653307e-02
   5.3500000e+01   3.5935789e-02  -2.5635706e-02
   5.3600000e+01   5.5946414e-02  -2.2392814e-02
   5.3700000e+01   5.0769543e-02  -1.9991218e-02
   5.3800000e+01   2.7228115e-02  -1.9675265e-02
   5.3900000e+01   5.9141647e-03  -2.3533559e-02
   5.4000000e+01   4.6822831e-03  -3.1415536e-02
   5.4100000e+01   2.5384194e-02  -3.9062486e-02
   5.4200000e+01   5.4387960e-02  -3.9019118e-02
   5.4300000e+01   7.4643297e-02  -2.5263140e-02
   5.4400000e+01   7.7476694e-02  -1.2943119e-06
   5.4500000e+01   6.5215798e-02   2.3992940e-02
   5.4600000e+01   4.6315966e-02   3.1899430e-02
   5.4700000e+01   3.0194552e-02   2.1518787e-02
   5.4800000e+01   2.4880322e-02   8.2562938e-03
   5.4900000e+01   3.4826412e-02   1.1011432e-02
   5.5000000e+01   5.7137063e-02   3.1328969e-02
   5.5100000e+01   7.9710198e-02   4.9503650e-02
   5.5200000e+01   8.6048976e-02   4.4543399e-02
   5.5300000e+01   6.6038192e-02   1.7239106e-02
   5.5400000e+01   2.5355066e-02  -9.1884861e-03
   5.5500000e+01  -1.5045827e-02  -1.1355594e-02
   5.5600000e+01  -3.1953119e-02   1.3424702e-02
   5.5700000e+01  -1.7922481e-02   4.7724256e-02
   5.5800000e+01   1.0297763e-02   7.0871476e-02
   5.5900000e+01   2.3265824e-02   7.2718393e-02
   5.6000000e+01   3.9428958e-03   5.4975937e-02
   5.6100000e+01  -3.5453435e-02   2.6648797e-02
   5.6200000e+01  -6.2695043e-02   8.9627524e-04
   5.6300000e+01  -5.4524833e-02  -9.0183536e-03
   5.6400000e+01  -1.8212657e-02   1.6292910e-03
   5.6500000e+01   1.5169858e-02   2.2076596e-02
   5.6600000e+01   1.8584629e-02   3.1525004e-02
   5.6700000e+01  -8.9616172e-03   1.6095659e-02
   5.6800000e+01  -4.4814169e-02  -1.8168499e-02
   5.6900000e+01  -6.3463634e-02  -4.9717914e-02
   5.7000000e+01  -5.5439145e-02  -5.9189524e-02
   5.7100000e+01  -3.0579988e-02  -4.3599602e-02
   5.7200000e+01  -7.4885887e-03  -1.6033384e-02
   5.7300000e+01   1.1388855e-04   5.2892839e-03
   5.7400000e+01  -9.1211579e-03   7.9653283e-03
   5.7500000e+01  -2.5618316e-02  -9.5421193e-03
   5.7600000e+01  -3.6283605e-02  -3.8667541e-02
   5.7700000e+01  -3.2581198e-02  -6.5891686e-02
   5.7800000e+01  -1.5230924e-02  -8.0104342e-02
   5.7900000e+01   6.1612935e-03  -7.7407299e-02
   5.8000000e+01   1.8748224e-02  -5.9640741e-02
   5.8100000e+01   1.5400901e-02  -3.0080327e-02
   5.8200000e+01   8.4555329e-04   6.2180319e-03
   5.8300000e+01  -1.2178082e-02   3.7490416e-02
   5.8400000e+01  -1.5524394e-02   4.6136909e-02
   5.8500000e+01  -1.4210780e-02   2.1774068e-02
   5.8600000e+01  -1.9576458e-02  -2.4510398e-02
   5.8700000e+01  -3.3449740e-02  -6.3399879e-02
   5.8800000e+01  -4.3063556e-02  -7.0087606e-02
   5.8900000e+01  -3.5083573e-02  -4.4894956e-02
   5.9000000e+01  -1.2464931e-02  -9.9501878e-03
   5.9100000e+01   7.5647727e-03   1.3844177e-02
   5.9200000e+01   1.2767630e-02   2.3892946e-02
   5.9300000e+01   8.4196259e-03   3.0446901e-02
   5.9400000e+01   7.9383831e-03   3.9413685e-02
   5.9500000e+01   1.5053214e-02   4.5888554e-02
   5.9600000e+01   2.0967598e-02   4.4163796e-02
   5.9700000e+01   1.8553361e-02   3.8213432e-02
   5.9800000e+01   1.2757340e-02   3.7434493e-02
   5.9900000e+01   1.3029155e-02   4.3104841e-02
   6.0000000e+01   1.9278743e-02   4.4104757e-02
   6.0100000e+01   2.1498760e-02   2.9327290e-02
   6.0200000e+01   1.3400317e-02   3.0633425e-03
   6.0300000e+01   6.1441768e-04  -1.5333974e-02
   6.0400000e+01  -7.9759438e-03  -8.9590536e-03
   6.0500000e+01  -1.2954773e-02   1.9732227e-02
   6.0600000e+01  -2.2361724e-02   4.9933052e-02
   6.0700000e+01  -3.7439198e-02   6.0095086e-02
   6.0800000e+01  -4.7351740e-02   4.4801275e-02
   6.0900000e+01  -4.2843136e-02   1.6090586e-02
   6.1000000e+01  -3.1519037e-02  -9.3111194e-03
   6.1100000e+01  -3.1913545e-02  -2.2936107e-02
   6.1200000e+01  -4.9845701e-02  -2.6356177e-02
   6.1300000e+01  -6.5779649e-02  -2.3454131e-02
   6.1400000e+01  -5.2189243e-02  -1.4279294e-02
   6.1500000e+01  -5.0032916e-03   1.9184596e-03
   6.1600000e+01   4.5424286e-02   1.9146035e-02
   6.1700000e+01   5.8446649e-02   2.4256018e-02
   6.1800000e+01   2.0656719e-02   7.7703409e-03
   6.1900000e+01  -3.9009955e-02  -2.4451590e-02
   6.2000000e+01  -7.1607493e-02  -5.2831746e-02
   6.2100000e+01  -4.9022388e-02  -5.9560457e-02
   6.2200000e+01   1.1907213e-02  -4.2740830e-02
   6.2300000e+01   6.3292367e-02  -1.5427387e-02
   6.2400000e+01   6.7280045e-02   6.9925827e-03
   6.2500000e+01   2.9206856e-02   1.6255931e-02
   6.2600000e+01  -7.2566305e-03   1.0582426e-02
   6.2700000e+01  -4.3809570e-05  -8.5328410e-03
   6.2800000e+01   5.2234914e-02  -3.4146572e-02
   6.2900000e+01   1.0870601e-01  -5.1252260e-02
   6.3000000e+01   1.2356561e-01  -4.3963359e-02
   6.3100000e+01   8.6278457e-02  -1.0222559e-02
   6.3200000e+01   2.7073902e-02   3.1941910e-02
   6.3300000e+01  -1.3877932e-02   5.6642147e-02
   6.3400000e+01  -2.0114478e-02   5.0339531e-02
   6.3500000e+01  -3.9936904e-03   2.0210242e-02
   6.3600000e+01   1.4342522e-02  -1.5252264e-02
   6.3700000e+01   2.6153676e-02  -4.0238103e-02
   6.3800000e+01   3.2848646e-02  -4.6509079e-02
   6.3900000e+01   3.4042655e-02  -3.1185511e-02
   6.4000000e+01   2.5296578e-02   2.1362984e-03
   6.4100000e+01   8.0349118e-03   3.8632184e-02
   6.4200000e+01  -5.5111005e-03   5.5502867e-02
   6.4300000e+01  -3.5096882e-03   3.8259017e-02
   6.4400000e+01   1.0215908e-02  -3.7927925e-03
   6.4500000e+01   1.7382158e-02  -4.1615595e-02
   6.4600000e+01   4.3511824e-03  -4.9637345e-02
   6.4700000e+01  -2.2087350e-02  -2.6129936e-02
   6.4800000e+01  -4.0905595e-02   8.4973697e-03
   6.4900000e+01  -3.8538588e-02   3.0996826e-02
   6.5000000e+01  -2.2083227e-02   3.1420351e-02
   6.5100000e+01  -1.0064059e-02   1.3842825e-02
   6.5200000e+01  -1.1948192e-02  -1.1601856e-02
   6.5300000e+01  -1.9116410e-02  -3.3453799e-02
   6.5400000e+01  -1.6203090e-02  -3.9585062e-02
   6.5500000e+01   8.3602844e-04  -2.1324576e-02
   6.5600000e+01   1.9923240e-02   1.7805380e-02
   6.5700000e+01   2.5561199e-02   5.8510882e-02
   6.5800000e+01   1.4062623e-02   7.5882767e-02
   6.5900000e+01  -4.7981547e-03   5.8113678e-02
   6.6000000e+01  -1.9029248e-02   1.7729606e-02
   6.6100000e+01  -2.4015305e-02  -1.6292175e-02
   6.6200000e+01  -2.0828351e-02  -2.0814006e-02
   6.6300000e+01  -9.2841996e-03   3.0491532e-03
   6.6400000e+01   1.2368916e-02   3.1780683e-02
   6.6500000e+01   3.9887839e-02   4.0606799e-02
   6.6600000e+01   5.8864055e-02   2.4801958e-02
   6.6700000e+01   5.3100532e-02   1.1947904e-03
   6.6800000e+01   1.9912355e-02  -1.0651561e-02
   6.6900000e+01  -2.3437962e-02  -7.4897382e-03
   6.7000000e+01  -5.1161216e-02  -2.3172243e-03
   6.7100000e+01  -4.9544521e-02  -7.4723785e-03
   6.7200000e+01  -2.7705864e-02  -2.1071006e-02
   6.7300000e+01  -8.0203817e-03  -3.1066002e-02
   6.7400000e+01  -5.5465158e-03  -2.9961714e-02
   6.7500000e+01  -1.6494473e-02  -2.2225373e-02
   6.7600000e+01  -2.5716820e-02  -1.7202512e-02
   6.7700000e+01  -2.3310037e-02  -1.8061577e-02
   6.7800000e+01  -1.2682643e-02  -2.0599400e-02
   6.7900000e+01  -4.1630876e-03  -2.2023686e-02
   6.8000000e+01  -3.9453303e-03  -2.6751927e-02
   6.8100000e+01  -1.0075689e-02  -4.0130233e-02
   6.8200000e+01  -1.6590023e-02  -5.7427959e-02
   6.8300000e+01  -1.9035645e-02  -6.3934021e-02
   6.8400000e+01  -1.6853973e-02  -4.9883458e-02
   6.8500000e+01  -1.3234714e-02  -2.4018619e-02
   6.8600000e+01  -1.3458926e-02  -7.4118731e-03
   6.8700000e+01  -2.1154158e-02  -1.1176591e-02
   6.8800000e+01  -3.3847822e-02  -2.2933455e-02
   6.8900000e+01  -4.2445817e-02  -1.9475993e-02
   6.9000000e+01  -3.7313689e-02   6.9449967e-03
   6.9100000e+01  -1.6833427e-02   3.8214350e-02
   6.9200000e+01   9.4767629e-03   4.7958419e-02
   6.9300000e+01   2.6878153e-02   2.8203995e-02
   6.9400000e+01   2.5763183e-02  -2.6226716e-03
   6.9500000e+01   8.0725508e-03  -1.7016073e-02
   6.9600000e+01  -1.4726011e-02  -2.8902717e-03
   6.9700000e+01  -2.9566843e-02   2.6747582e-02
   6.9800000e+01  -2.9542960e-02   4.5591730e-02
   6.9900000e+01  -1.7276243e-02   3.6637516e-02
   7.0000000e+01  -3.2227359e-03   7.4472702e-03
   7.0100000e+01   1.8112652e-04  -1.5105578e-02
   7.0200000e+01  -1.3252769e-02  -8.1295837e-03
   7.0300000e+01  -3.7281182e-02   2.5600169e-02
   7.0400000e+01  -5.5076780e-02   5.8866226e-02
   7.0500000e+01  -5.0229054e-02   6.4611883e-02
   7.0600000e+01  -1.8996098e-02   4.0074487e-02
   7.0700000e+01   2.6812561e-02   6.8723291e-03
   7.0800000e+01   6.8430092e-02  -1.0419278e-02
   7.0900000e+01   9.1818618e-02  -3.3421403e-03
   7.1000000e+01   9.3387608e-02   2.0000661e-02
   7.1100000e+01   7.8399444e-02   4.6186934e-02
   7.1200000e+01   5.6087213e-02   6.4090792e-02
   7.1300000e+01   3.4787994e-02   6.5913423e-02
   7.1400000e+01   1.9017993e-02   4.9181688e-02
   7.1500000e+01   1.0272702e-02   2.1187378e-02
   7.1600000e+01   1.0156208e-02  -2.0873109e-03
   7.1700000e+01   2.0083242e-02  -6.0088980e-03
   7.1800000e+01   3.5502463e-02   1.2255386e-02
   7.1900000e+01   4.3236260e-02   4.2379793e-02
   7.2000000e+01   3.1337461e-02   6.7417878e-02
   7.2100000e+01   4.3780850e-03   7.1507293e-02
   7.2200000e+01  -1.6004404e-02   4.7238458e-02
   7.2300000e+01  -1.1681864e-02   3.2651671e-03
   7.2400000e+01   1.1897287e-02  -3.5189983e-02
   7.2500000e+01   3.1481235e-02  -4.2220537e-02
   7.2600000e+01   3.2271224e-02  -1.5686205e-02
   7.2700000e+01   2.2648047e-02   1.5450566e-02
   7.2800000e+01   1.9538781e-02   1.5416754e-02
   7.2900000e+01   2.4261213e-02  -2.3101900e-02
   7.3000000e+01   2.0233749e-02  -7.0365732e-02
   7.3100000e+01  -5.0040375e-03  -8.8617608e-02
   7.3200000e+01  -4.1411537e-02  -6.8238392e-02
   7.3300000e+01  -6.3551887e-02  -3.3567002e-02
   7.3400000e+01  -5.4012295e-02  -1.5702240e-02
   7.3500000e+01  -1.7943423e-02  -2.3681161e-02
   7.3600000e+01   2.2840199e-02  -4.1752663e-02
   7.3700000e+01   4.6586632e-02  -4.9641603e-02
   7.3800000e+01   4.4212101e-02  -4.2092454e-02
   7.3900000e+01   2.1669538e-02  -3.0633373e-02
   7.4000000e+01  -5.6490629e-03  -2.9822823e-02
   7.4100000e+01  -2.2125005e-02  -4.2324161e-02
   7.4200000e+01  -2.0697678e-02  -5.6258483e-02
   7.4300000e+01  -7.1756680e-03  -5.7764734e-02
   7.4400000e+01   2.8943774e-03  -4.7283667e-02
   7.4500000e+01  -5.5959803e-03  -4.1233748e-02
   7.4600000e+01  -3.5417114e-02  -5.3234685e-02
   7.4700000e+01  -7.2389178e-02  -7.3586660e-02
   7.4800000e+01  -9.4350335e-02  -7.3733320e-02
   7.4900000e+01  -8.8736160e-02  -3.7031934e-02
   7.5000000e+01  -6.3079396e-02   1.6900903e-02
   7.5100000e+01  -3.7098863e-02   4.6010474e-02
   7.5200000e+01  -2.4108788e-02   2.7709853e-02
   7.5300000e+01  -2.1820417e-02  -1.6422327e-02
   7.5400000e+01  -2.1119297e-02  -4.2001366e-02
   7.5500000e+01  -1.9206115e-02  -2.6496425e-02
   7.5600000e+01  -1.9659011e-02   1.1407157e-02
   7.5700000e+01  -2.1700784e-02   3.6138695e-02
   7.5800000e+01  -1.6694030e-02   3.2803311e-02
   7.5900000e+01   6.7568836e-04   1.7169486e-02
   7.6000000e+01   2.1161314e-02   1.2919596e-02
   7.6100000e+01   2.6660784e-02   2.6512890e-02
   7.6200000e+01   8.6881332e-03   4.6037169e-02
   7.6300000e+01  -2.1048319e-02   5.8741559e-02
   7.6400000e+01  -3.9595106e-02   6.3311840e-02
   7.6500000e+01  -3.1446982e-02   6.5216593e-02
   7.6600000e+01   6.0067453e-04   6.5833911e-02
   7.6700000e+01   3.9316049e-02   6.0793247e-02
   7.6800000e+01   6.5638985e-02   4.8254822e-02
   7.6900000e+01   7.0736328e-02   3.4636256e-02
   7.7000000e+01   6.0767773e-02   2.9193020e-02
   7.7100000e+01   5.0990073e-02   3.3397017e-02
   7.7200000e+01   5.2159599e-02   3.8089766e-02
   7.7300000e+01   6.0449117e-02   3.2742564e-02
   7.7400000e+01   6.1789303e-02   1.7050528e-02
   7.7500000e+01   4.7608491e-02   1.8183969e-03
   7.7600000e+01   2.5218726e-02  -2.4029323e-03
   7.7700000e+01   1.0836939e-02   3.1086801e-03
   7.7800000e+01   1.2907357e-02   6.1459507e-03
   7.7900000e+01   2.4194678e-02  -3.4395053e-03
   7.8000000e+01   2.9924681e-02  -2.1920361e-02
   7.8100000e+01   2.1180818e-02  -3.3552868e-02
   7.8200000e+01   2.5672898e-06  -2.5013594e-02
   7.8300000e+01  -2.4940362e-02   1.5033487e-03
   7.8400000e+01  -4.4298515e-02   2.9597746e-02
   7.8500000e+01  -5.1481212e-02   4.3250242e-02
   7.8600000e+01  -4.5310741e-02   3.9905280e-02
   7.8700000e+01  -3.1726354e-02   2.8829919e-02
   7.8800000e+01  -2.0707277e-02   1.7819544e-02
   7.8900000e+01  -1.8618776e-02   4.6896815e-03
   7.9000000e+01  -2.3245153e-02  -1.5987960e-02
   7.9100000e+01  -2.7052787e-02  -3.9950179e-02
   7.9200000e+01  -2.4642616e-02  -5.2164190e-02
   7.9300000e+01  -1.6196508e-02  -4.1415076e-02
   7.9400000e+01  -5.2221295e-03  -1.3870738e-02
   7.9500000e+01   4.4362298e-03   1.1190204e-02
   7.9600000e+01   9.5963470e-03   1.9104367e-02
   7.9700000e+01   9.0199845e-03   1.1120411e-02
   7.9800000e+01   5.3736171e-03  -1.2519638e-03
   7.9900000e+01   3.6245727e-03  -9.1113606e-03
   8.0000000e+01   5.3008983e-03  -1.1950751e-02
