   1.0221618e+02   2.8602761e+01   2.5212700e+03
   1.0221347e+02   2.8567211e+01   1.9236200e+03
   0.0000000e+00   4.4326571e-01   4.4326571e-01
   1.0000000e-01   5.4034115e-01   3.5801802e-01
   2.0000000e-01   6.5327636e-01   2.6964576e-01
   3.0000000e-01   7.6978898e-01   1.6977367e-01
   4.0000000e-01   8.7205176e-01   6.5301042e-02
   5.0000000e-01   9.4802137e-01  -3.1782918e-02
   6.0000000e-01   9.9182173e-01  -1.1913260e-01
   7.0000000e-01   1.0000000e+00  -2.0473386e-01
   8.0000000e-01   9.7400953e-01  -2.9568413e-01
   9.0000000e-01   9.2420793e-01  -3.9219757e-01
   1.0000000e+00   8.6337647e-01  -4.9242278e-01
   1.1000000e+00   7.9284801e-01  -5.9514767e-01
   1.2000000e+00   6.9980079e-01  -6.9179027e-01
   1.3000000e+00   5.7363087e-01  -7.6020682e-01
   1.4000000e+00   4.2374159e-01  -7.7662900e-01
   1.5000000e+00   2.7661237e-01  -7.3811558e-01
   1.6000000e+00   1.5513658e-01  -6.6879397e-01
   1.7000000e+00   6.4378910e-02  -5.9912247e-01
   1.8000000e+00  -3.1960323e-03  -5.4057404e-01
   1.9000000e+00  -5.5749212e-02  -4.8430878e-01
   2.0000000e+00  -9.9877032e-02  -4.2227737e-01
   2.1000000e+00  -1.4494003e-01  -3.6237941e-01
   2.2000000e+00  -2.0036052e-01  -3.2002097e-01
   2.3000000e+00  -2.6662875e-01  -2.9965826e-01
   2.4000000e+00  -3.3426504e-01  -2.8975714e-01
   2.5000000e+00  -3.9429935e-01  -2.7437668e-01
   2.6000000e+00  -4.4592067e-01  -2.4562672e-01
   2.7000000e+00  -4.9147759e-01  -2.0617183e-01
   2.8000000e+00  -5.2924287e-01  -1.6521707e-01
   2.9000000e+00  -5.5713114e-01  -1.3295968e-01
   3.0000000e+00  -5.8057203e-01  -1.1247848e-01
   3.1000000e+00  -6.0788183e-01  -9.1953079e-02
   3.2000000e+00  -6.3523886e-01  -4.8912849e-02
   3.3000000e+00  -6.4290690e-01   2.9192755e-02
   3.4000000e+00  -6.1242137e-01   1.2582681e-01
   3.5000000e+00  -5.4585426e-01   2.0196654e-01
   3.6000000e+00  -4.6427577e-01   2.2814734e-01
   3.7000000e+00  -3.8897676e-01   2.1163651e-01
   3.8000000e+00  -3.2827475e-01   1.9036074e-01
   3.9000000e+00  -2.8037195e-01   1.9903034e-01
   4.0000000e+00  -2.4100616e-01   2.4078068e-01
   4.1000000e+00  -2.0470156e-01   2.8976824e-01
   4.2000000e+00  -1.6411459e-01   3.1752336e-01
   4.3000000e+00  -1.1512115e-01   3.1455008e-01
   4.4000000e+00  -6.2541892e-02   2.8925463e-01
   4.5000000e+00  -1.6660728e-02   2.5348297e-01
   4.6000000e+00   1.6588495e-02   2.1536155e-01
   4.7000000e+00   3.9349716e-02   1.8406527e-01
   4.8000000e+00   5.6608062e-02   1.7144036e-01
   4.9000000e+00   7.2186588e-02   1.8117087e-01
   5.0000000e+00   9.1313169e-02   1.9983780e-01
   5.1000000e+00   1.2085627e-01   2.0821749e-01
   5.2000000e+00   1.6024180e-01   2.0333484e-01
   5.3000000e+00   1.9399189e-01   2.0089979e-01
   5.4000000e+00   2.0168036e-01   2.1051136e-01
   5.5000000e+00   1.7976537e-01   2.1608782e-01
   5.6000000e+00   1.4975800e-01   1.9191281e-01
   5.7000000e+00   1.3954512e-01   1.3658673e-01
   5.8000000e+00   1.5703966e-01   7.9020294e-02
   5.9000000e+00   1.8558761e-01   4.5667720e-02
   6.0000000e+00   2.0446410e-01   3.0498743e-02
   6.1000000e+00   2.0902019e-01   6.3195409e-03
   6.2000000e+00   2.0935581e-01  -3.7886893e-02
   6.3000000e+00   2.1463812e-01  -8.0760100e-02
   6.4000000e+00   2.2427682e-01  -9.1614968e-02
   6.5000000e+00   2.3285060e-01  -6.3762923e-02
   6.6000000e+00   2.3735287e-01  -2.1691467e-02
   6.7000000e+00   2.3723439e-01   2.1012545e-03
   6.8000000e+00   2.3150402e-01  -4.9095266e-03
   6.9000000e+00   2.1993554e-01  -2.8911220e-02
   7.0000000e+00   2.0566798e-01  -4.9509822e-02
   7.1000000e+00   1.9279119e-01  -6.4474957e-02
   7.2000000e+00   1.8144950e-01  -9.0811697e-02
   7.3000000e+00   1.6865534e-01  -1.3789134e-01
   7.4000000e+00   1.5417126e-01  -1.8507021e-01
   7.5000000e+00   1.4111753e-01  -1.9761600e-01
   7.6000000e+00   1.2803451e-01  -1.6757103e-01
   7.7000000e+00   1.0450640e-01  -1.2782195e-01
   7.8000000e+00   6.1337851e-02  -1.1687461e-01
   7.9000000e+00   5.9007572e-03  -1.3648778e-01
   8.0000000e+00  -3.8539727e-02  -1.5495999e-01
   8.1000000e+00  -5.3886392e-02  -1.4792567e-01
   8.2000000e+00  -4.6635121e-02  -1.2164332e-01
   8.3000000e+00  -4.2675266e-02  -9.5139127e-02
   8.4000000e+00  -6.2193110e-02  -7.5529845e-02
   8.5000000e+00  -1.0177846e-01  -6.0231571e-02
   8.6000000e+00  -1.4108747e-01  -5.1542850e-02
   8.7000000e+00  -1.6353073e-01  -5.4308934e-02
   8.8000000e+00  -1.6832849e-01  -6.3778827e-02
   8.9000000e+00  -1.6539107e-01  -7.0282654e-02
   9.0000000e+00  -1.6362376e-01  -7.5457688e-02
   9.1000000e+00  -1.6573715e-01  -8.9042042e-02
   9.2000000e+00  -1.7105320e-01  -1.0548094e-01
   9.3000000e+00  -1.7905776e-01  -9.8547077e-02
   9.4000000e+00  -1.8862229e-01  -5.0783125e-02
   9.5000000e+00  -1.9487114e-01   2.0054753e-02
   9.6000000e+00  -1.8916266e-01   7.6931759e-02
   9.7000000e+00  -1.6502067e-01   1.0228745e-01
   9.8000000e+00  -1.2641162e-01   1.0830946e-01
   9.9000000e+00  -8.9796049e-02   1.1034019e-01
   1.0000000e+01  -7.4312120e-02   1.0652431e-01
   1.0100000e+01  -8.5831115e-02   9.0916349e-02
   1.0200000e+01  -1.0971036e-01   7.3489436e-02
   1.0300000e+01  -1.2124072e-01   7.2599000e-02
   1.0400000e+01  -1.0523992e-01   9.1055994e-02
   1.0500000e+01  -6.6399669e-02   1.1223030e-01
   1.0600000e+01  -2.2223905e-02   1.2103738e-01
   1.0700000e+01   1.1430440e-02   1.1877471e-01
   1.0800000e+01   2.7896933e-02   1.1407067e-01
   1.0900000e+01   2.8270374e-02   1.0867789e-01
   1.1000000e+01   1.8964819e-02   9.9520857e-02
   1.1100000e+01   1.1407723e-02   8.9009987e-02
   1.1200000e+01   1.8253266e-02   8.3998558e-02
   1.1300000e+01   4.3864389e-02   8.5173496e-02
   1.1400000e+01   7.8025646e-02   8.4846272e-02
   1.1500000e+01   1.0245903e-01   7.6675192e-02
   1.1600000e+01   1.0578552e-01   6.1895987e-02
   1.1700000e+01   9.2075470e-02   4.3893091e-02
   1.1800000e+01   7.5416966e-02   2.2265711e-02
   1.1900000e+01   6.8265393e-02  -3.4105302e-03
   1.2000000e+01   7.5279954e-02  -2.7949030e-02
   1.2100000e+01   9.4659873e-02  -4.4687715e-02
   1.2200000e+01   1.2094121e-01  -5.4112378e-02
   1.2300000e+01   1.4597426e-01  -6.2606569e-02
   1.2400000e+01   1.6057182e-01  -7.1973769e-02
   1.2500000e+01   1.5851272e-01  -7.6062030e-02
   1.2600000e+01   1.4018023e-01  -7.1066704e-02
   1.2700000e+01   1.1292913e-01  -6.4417555e-02
   1.2800000e+01   8.8388568e-02  -6.7267184e-02
   1.2900000e+01   7.7421263e-02  -7.9371555e-02
   1.3000000e+01   8.2770878e-02  -8.7976603e-02
   1.3100000e+01   9.3296430e-02  -8.3952683e-02
   1.3200000e+01   8.8301276e-02  -7.3918781e-02
   1.3300000e+01   5.4388881e-02  -7.1564928e-02
   1.3400000e+01   1.5141734e-03  -7.9419683e-02
   1.3500000e+01  -4.1020463e-02  -8.5263087e-02
   1.3600000e+01  -5.0231229e-02  -7.7606733e-02
   1.3700000e+01  -3.3002244e-02  -5.9586986e-02
   1.3800000e+01  -2.1519021e-02  -4.3872761e-02
   1.3900000e+01  -4.2468007e-02  -3.6790002e-02
   1.4000000e+01  -9.0450100e-02  -3.2615178e-02
   1.4100000e+01  -1.3283303e-01  -2.3573413e-02
   1.4200000e+01  -1.4108461e-01  -1.0571905e-02
   1.4300000e+01  -1.1711000e-01  -1.1459674e-03
   1.4400000e+01  -8.9381888e-02   5.5245581e-04
   1.4500000e+01  -8.4399404e-02  -2.0684847e-03
   1.4600000e+01  -1.0236251e-01  -3.1950405e-03
   1.4700000e+01  -1.2001571e-01  -1.3805628e-04
   1.4800000e+01  -1.1604615e-01   7.4063054e-03
   1.4900000e+01  -9.2719643e-02   2.0092960e-02
   1.5000000e+01  -7.2372725e-02   3.7124794e-02
   1.5100000e+01  -7.3440527e-02   5.2351375e-02
   1.5200000e+01  -9.1211455e-02   5.6468448e-02
   1.5300000e+01  -1.0247663e-01   4.6321215e-02
   1.5400000e+01  -8.7955066e-02   3.1149882e-02
   1.5500000e+01  -4.9494715e-02   2.6163577e-02
   1.5600000e+01  -7.1984103e-03   3.7622831e-02
   1.5700000e+01   1.7436810e-02   5.5045727e-02
   1.5800000e+01   1.6190744e-02   6.0575746e-02
   1.5900000e+01  -2.4934614e-03   4.7185304e-02
   1.6000000e+01  -1.9821163e-02   2.6376085e-02
   1.6100000e+01  -1.7770719e-02   1.6335198e-02
   1.6200000e+01   9.6321852e-03   2.3235009e-02
   1.6300000e+01   5.1496809e-02   3.6582282e-02
   1.6400000e+01   8.7341724e-02   4.3185144e-02
   1.6500000e+01   1.0248901e-01   4.1995625e-02
   1.6600000e+01   9.7896074e-02   4.1547469e-02
   1.6700000e+01   8.5124268e-02   4.4572517e-02
   1.6800000e+01   7.3252842e-02   4.1592906e-02
   1.6900000e+01   6.2896238e-02   2.3536227e-02
   1.7000000e+01   5.2204738e-02  -2.8634577e-03
   1.7100000e+01   4.4325925e-02  -1.8780812e-02
   1.7200000e+01   4.5266284e-02  -1.3946818e-02
   1.7300000e+01   5.5132661e-02   8.8778960e-04
   1.7400000e+01   6.5159189e-02   5.7567472e-03
   1.7500000e+01   6.5745532e-02  -6.4209395e-03
   1.7600000e+01   5.6770659e-02  -2.3671262e-02
   1.7700000e+01   4.8132543e-02  -3.0260827e-02
   1.7800000e+01   4.9234105e-02  -2.3233641e-02
   1.7900000e+01   5.8213516e-02  -1.1663076e-02
   1.8000000e+01   6.2159727e-02  -3.8216118e-03
   1.8100000e+01   4.8604874e-02  -3.8236940e-04
   1.8200000e+01   1.7603745e-02   5.4240226e-04
   1.8300000e+01  -1.6849967e-02  -2.3672197e-03
   1.8400000e+01  -3.7368380e-02  -1.0867448e-02
   1.8500000e+01  -3.6166503e-02  -2.1301029e-02
   1.8600000e+01  -1.9405494e-02  -2.5928824e-02
   1.8700000e+01  -3.3450297e-04  -2.0855686e-02
   1.8800000e+01   1.1299136e-02  -1.0492455e-02
   1.8900000e+01   1.4001346e-02  -3.2525653e-03
   1.9000000e+01   1.0750938e-02  -3.8736347e-03
   1.9100000e+01   2.4933547e-03  -1.0059610e-02
   1.9200000e+01  -1.3282449e-02  -1.4911964e-02
   1.9300000e+01  -3.7178916e-02  -1.1891545e-02
   1.9400000e+01  -6.2195055e-02   5.9206144e-04
   1.9500000e+01  -7.5835433e-02   1.7077766e-02
   1.9600000e+01  -7.0386284e-02   2.7740829e-02
   1.9700000e+01  -5.1656472e-02   2.5417233e-02
   1.9800000e+01  -3.5723844e-02   1.1427559e-02
   1.9900000e+01  -3.4788005e-02  -5.5971177e-03
   2.0000000e+01  -4.5631988e-02  -1.6834293e-02
   2.0100000e+01  -5.2902836e-02  -1.9299924e-02
   2.0200000e+01  -4.4436944e-02  -1.5967505e-02
   2.0300000e+01  -2.3286111e-02  -1.1869914e-02
   2.0400000e+01  -4.7832169e-03  -1.0747498e-02
   2.0500000e+01  -2.3632495e-03  -1.4012250e-02
   2.0600000e+01  -1.6094587e-02  -2.0914066e-02
   2.0700000e+01  -3.3608136e-02  -2.8789545e-02
   2.0800000e+01  -4.0999842e-02  -3.3358470e-02
   2.0900000e+01  -3.3652864e-02  -2.9755932e-02
   2.1000000e+01  -1.8622261e-02  -1.5358399e-02
   2.1100000e+01  -7.4984826e-03   5.9872591e-03
   2.1200000e+01  -5.8566259e-03   2.2506526e-02
   2.1300000e+01  -8.3115852e-03   2.0910595e-02
   2.1400000e+01  -4.0986706e-03  -1.5065757e-03
   2.1500000e+01   1.1504334e-02  -3.0789892e-02
   2.1600000e+01   3.1377425e-02  -4.5757265e-02
   2.1700000e+01   4.3145110e-02  -3.6398930e-02
   2.1800000e+01   4.1612800e-02  -1.2610571e-02
   2.1900000e+01   3.3368018e-02   6.6217843e-03
   2.2000000e+01   2.8644550e-02   1.2052754e-02
   2.2100000e+01   3.0692704e-02   1.0798210e-02
   2.2200000e+01   3.5334232e-02   1.5100485e-02
   2.2300000e+01   3.9404758e-02   2.7594032e-02
   2.2400000e+01   4.4819831e-02   3.9458815e-02
   2.2500000e+01   5.1866187e-02   4.1449789e-02
   2.2600000e+01   5.2229486e-02   3.3672456e-02
   2.2700000e+01   3.5072715e-02   2.3568446e-02
   2.2800000e+01   2.0497160e-03   1.6316441e-02
   2.2900000e+01  -2.7893020e-02   9.7406895e-03
   2.3000000e+01  -3.3691272e-02  -1.0205518e-03
   2.3100000e+01  -1.2860700e-02  -1.5848874e-02
   2.3200000e+01   1.5327661e-02  -2.8613150e-02
   2.3300000e+01   2.8343209e-02  -3.3593301e-02
   2.3400000e+01   2.0724847e-02  -3.1043454e-02
   2.3500000e+01   5.4580834e-03  -2.5259390e-02
   2.3600000e+01  -2.6779871e-03  -1.8385253e-02
   2.3700000e+01  -2.4030970e-03  -8.3968864e-03
   2.3800000e+01  -4.4191937e-03   6.2237635e-03
   2.3900000e+01  -1.6859042e-02   2.1490342e-02
   2.4000000e+01  -3.4558622e-02   2.9233498e-02
   2.4100000e+01  -4.3792262e-02   2.3459476e-02
   2.4200000e+01  -3.7289885e-02   5.1175085e-03
   2.4300000e+01  -2.3105942e-02  -1.8325754e-02
   2.4400000e+01  -1.6931389e-02  -3.6602360e-02
   2.4500000e+01  -2.5396826e-02  -4.0945380e-02
   2.4600000e+01  -3.8710901e-02  -2.8327748e-02
   2.4700000e+01  -4.1285452e-02  -4.2599559e-03
   2.4800000e+01  -2.8547720e-02   1.9355301e-02
   2.4900000e+01  -1.0989202e-02   3.2091505e-02
   2.5000000e+01  -1.8100685e-03   3.2601615e-02
   2.5100000e+01  -3.5264743e-03   2.8370790e-02
   2.5200000e+01  -8.2541939e-03   2.7804681e-02
   2.5300000e+01  -8.4521267e-03   3.3126803e-02
   2.5400000e+01  -3.7300757e-03   4.0688371e-02
   2.5500000e+01   2.3521184e-03   4.5959874e-02
   2.5600000e+01   7.8886187e-03   4.6240147e-02
   2.5700000e+01   1.2788952e-02   3.9681075e-02
   2.5800000e+01   1.6032969e-02   2.5223050e-02
   2.5900000e+01   1.6301145e-02   5.4090965e-03
   2.6000000e+01   1.4829355e-02  -1.2484991e-02
   2.6100000e+01   1.4363304e-02  -2.0981930e-02
   2.6200000e+01   1.4498817e-02  -1.8701175e-02
   2.6300000e+01   1.1094939e-02  -1.0925043e-02
   2.6400000e+01   2.6212008e-03  -3.7202250e-03
   2.6500000e+01  -4.9240593e-03   9.4637392e-04
   2.6600000e+01  -3.0546336e-03   3.6469387e-03
   2.6700000e+01   8.9318426e-03   3.3208301e-03
   2.6800000e+01   2.1672338e-02  -2.3942302e-03
   2.6900000e+01   2.5346882e-02  -1.2479589e-02
   2.7000000e+01   1.9814598e-02  -2.0774099e-02
   2.7100000e+01   1.3454366e-02  -2.1042774e-02
   2.7200000e+01   1.3469479e-02  -1.3619232e-02
   2.7300000e+01   1.9830226e-02  -5.8946011e-03
   2.7400000e+01   2.7820621e-02  -5.9435242e-03
   2.7500000e+01   3.2821152e-02  -1.5668826e-02
   2.7600000e+01   3.1576922e-02  -2.9322124e-02
   2.7700000e+01   2.2605234e-02  -3.7842722e-02
   2.7800000e+01   9.0514866e-03  -3.5489728e-02
   2.7900000e+01  -4.9383275e-04  -2.4269501e-02
   2.8000000e+01   1.3247291e-03  -1.2565657e-02
   2.8100000e+01   1.1896487e-02  -7.9698243e-03
   2.8200000e+01   1.9871955e-02  -1.0011447e-02
   2.8300000e+01   1.7393578e-02  -1.0389932e-02
   2.8400000e+01   8.8553017e-03  -1.7127059e-03
   2.8500000e+01   4.5042789e-03   1.3743930e-02
   2.8600000e+01   6.7594370e-03   2.4790455e-02
   2.8700000e+01   7.0713511e-03   2.1465495e-02
   2.8800000e+01  -2.8333181e-03   4.6535082e-03
   2.8900000e+01  -2.0432027e-02  -1.4106840e-02
   2.9000000e+01  -3.5789106e-02  -2.2361137e-02
   2.9100000e+01  -4.2883094e-02  -1.7119135e-02
   2.9200000e+01  -4.3694449e-02  -6.4738368e-03
   2.9300000e+01  -4.1972495e-02  -7.4383274e-04
   2.9400000e+01  -3.7793310e-02  -1.5260636e-03
   2.9500000e+01  -3.0170934e-02  -4.5873575e-04
   2.9600000e+01  -2.1235022e-02   9.6556809e-03
   2.9700000e+01  -1.3963448e-02   2.3463609e-02
   2.9800000e+01  -7.6508947e-03   2.6462742e-02
   2.9900000e+01  -3.8018695e-04   1.2053470e-02
   3.0000000e+01   3.8424854e-03  -7.1920116e-03
   3.0100000e+01  -4.1591083e-03  -9.7865273e-03
   3.0200000e+01  -2.6976916e-02   1.1681810e-02
   3.0300000e+01  -5.2251887e-02   4.0159190e-02
   3.0400000e+01  -6.1188569e-02   4.9069246e-02
   3.0500000e+01  -4.6536988e-02   2.7725565e-02
   3.0600000e+01  -1.9559622e-02  -8.4341309e-03
   3.0700000e+01   1.5695834e-03  -3.1872430e-02
   3.0800000e+01   7.9092053e-03  -2.6751393e-02
   3.0900000e+01   3.8968046e-03  -1.2631877e-03
   3.1000000e+01  -5.6229890e-04   2.0435695e-02
   3.1100000e+01   1.4217292e-03   1.8731038e-02
   3.1200000e+01   1.0994692e-02  -5.1174748e-03
   3.1300000e+01   2.4131276e-02  -2.9974519e-02
   3.1400000e+01   3.3558024e-02  -3.2948216e-02
   3.1500000e+01   3.3577322e-02  -9.5023089e-03
   3.1600000e+01   2.5705435e-02   2.2757271e-02
   3.1700000e+01   1.8109990e-02   4.0325471e-02
   3.1800000e+01   1.7222091e-02   3.4050224e-02
   3.1900000e+01   2.0746907e-02   1.3897102e-02
   3.2000000e+01   2.1148999e-02  -3.9421731e-03
   3.2100000e+01   1.5545863e-02  -1.1603287e-02
   3.2200000e+01   9.4828737e-03  -1.1426508e-02
   3.2300000e+01   1.0189591e-02  -7.9039883e-03
   3.2400000e+01   1.8265583e-02  -2.4302973e-03
   3.2500000e+01   2.7472241e-02   4.1448480e-03
   3.2600000e+01   3.1193075e-02   8.1624320e-03
   3.2700000e+01   2.7264167e-02   5.5587531e-03
   3.2800000e+01   1.7642688e-02  -3.3683449e-03
   3.2900000e+01   6.2491119e-03  -1.3881357e-02
   3.3000000e+01  -2.3379835e-03  -2.1225115e-02
   3.3100000e+01  -4.8554219e-03  -2.3305955e-02
   3.3200000e+01  -2.5530574e-03  -1.9525017e-02
   3.3300000e+01  -1.5794701e-03  -1.0292399e-02
   3.3400000e+01  -7.3904611e-03   4.9726180e-04
   3.3500000e+01  -1.7703767e-02   5.1690114e-03
   3.3600000e+01  -2.2791430e-02  -1.4176936e-03
   3.3700000e+01  -1.4957665e-02  -1.4557244e-02
   3.3800000e+01   2.2676968e-03  -2.1653283e-02
   3.3900000e+01   1.6156429e-02  -1.3903410e-02
   3.4000000e+01   1.7099399e-02   4.4505182e-03
   3.4100000e+01   8.1503214e-03   1.9767657e-02
   3.4200000e+01   1.0928572e-03   2.1494430e-02
   3.4300000e+01   3.4100571e-03   1.0402193e-02
   3.4400000e+01   1.0943242e-02  -4.0046693e-03
   3.4500000e+01   1.4129432e-02  -1.1724642e-02
   3.4600000e+01   9.5088208e-03  -8.2178462e-03
   3.4700000e+01   2.3839625e-03   4.1376505e-03
   3.4800000e+01  -1.7409052e-03   1.7639728e-02
   3.4900000e+01  -4.8498451e-03   2.3614311e-02
   3.5000000e+01  -1.2541040e-02   1.8673008e-02
   3.5100000e+01  -2.3645468e-02   8.0022395e-03
   3.5200000e+01  -2.8172532e-02   9.7651375e-04
   3.5300000e+01  -1.8725581e-02   2.2947288e-03
   3.5400000e+01  -2.5333385e-03   8.1008643e-03
   3.5500000e+01   2.2516939e-03   1.1323660e-02
   3.5600000e+01  -1.4839625e-02   9.3373061e-03
   3.5700000e+01  -4.2584560e-02   4.7654095e-03
   3.5800000e+01  -5.5787733e-02  -9.1708507e-05
   3.5900000e+01  -3.9248971e-02  -6.4899829e-03
   3.6000000e+01  -3.9829517e-03  -1.5612339e-02
   3.6100000e+01   2.1766002e-02  -2.3713221e-02
   3.6200000e+01   1.8573155e-02  -2.3689460e-02
   3.6300000e+01  -6.8613828e-03  -1.2374914e-02
   3.6400000e+01  -2.9825889e-02   4.5360950e-03
   3.6500000e+01  -3.1648273e-02   1.5702164e-02
   3.6600000e+01  -1.4942146e-02   1.3020121e-02
   3.6700000e+01   3.4363047e-03  -1.3825678e-03
   3.6800000e+01   1.1005862e-02  -1.6029918e-02
   3.6900000e+01   9.0322548e-03  -1.8909979e-02
   3.7000000e+01   5.4748586e-03  -7.7230027e-03
   3.7100000e+01   3.7555597e-03   7.6126266e-03
   3.7200000e+01   1.6708667e-03   1.3857700e-02
   3.7300000e+01  -8.8947799e-04   7.0683601e-03
   3.7400000e+01   1.4063596e-03  -4.2874103e-03
   3.7500000e+01   1.2322269e-02  -9.7013109e-03
   3.7600000e+01   2.6348391e-02  -8.7127738e-03
   3.7700000e+01   3.2290346e-02  -9.9500312e-03
   3.7800000e+01   2.5445143e-02  -1.7996592e-02
   3.7900000e+01   1.3453256e-02  -2.4886843e-02
   3.8000000e+01   7.9130196e-03  -1.8312369e-02
   3.8100000e+01   1.1476676e-02   2.2684425e-03
   3.8200000e+01   1.5787480e-02   2.1477474e-02
   3.8300000e+01   1.2235748e-02   2.2344304e-02
   3.8400000e+01   2.3155343e-03   3.8666844e-03
   3.8500000e+01  -4.1441789e-03  -1.7363261e-02
   3.8600000e+01   2.4073349e-04  -2.2784944e-02
   3.8700000e+01   1.3037541e-02  -8.1437495e-03
   3.8800000e+01   2.4668956e-02   1.4757263e-02
   3.8900000e+01   2.6535079e-02   2.9811610e-02
   3.9000000e+01   1.6735517e-02   2.9170516e-02
   3.9100000e+01   6.0133714e-04   1.6698217e-02
   3.9200000e+01  -1.2490120e-02   2.4921547e-03
   3.9300000e+01  -1.4647087e-02  -5.2722720e-03
   3.9400000e+01  -5.5384073e-03  -5.4551557e-03
   3.9500000e+01   5.7928164e-03  -3.4112103e-03
   3.9600000e+01   7.5765217e-03  -5.4001864e-03
   3.9700000e+01  -3.4478867e-03  -1.2053208e-02
   3.9800000e+01  -1.7471424e-02  -1.6768930e-02
   3.9900000e+01  -2.0357226e-02  -1.1383646e-02
   4.0000000e+01  -8.1204475e-03   5.7406356e-03
   4.0100000e+01   7.9140231e-03   2.7149791e-02
   4.0200000e+01   1.1177534e-02   4.1704349e-02
   4.0300000e+01  -4.8530312e-03   4.2397969e-02
   4.0400000e+01  -3.0892202e-02   2.9899637e-02
   4.0500000e+01  -4.9862202e-02   1.1015496e-02
   4.0600000e+01  -5.0153151e-02  -4.6418244e-03
   4.0700000e+01  -3.3140476e-02  -8.5402883e-03
   4.0800000e+01  -1.0831507e-02   1.5453788e-03
   4.0900000e+01   3.1961563e-03   1.7783314e-02
   4.1000000e+01   3.2385329e-03   2.6175104e-02
   4.1100000e+01  -4.9994164e-03   1.8326869e-02
   4.1200000e+01  -9.9025384e-03   4.1278884e-04
   4.1300000e+01  -4.7056721e-03  -1.1909908e-02
   4.1400000e+01   6.2007873e-03  -9.2816709e-03
   4.1500000e+01   1.2187440e-02   1.7275123e-03
   4.1600000e+01   7.7801245e-03   6.3445889e-03
   4.1700000e+01  -1.9212581e-03  -1.8204954e-03
   4.1800000e+01  -7.7029322e-03  -1.4021270e-02
   4.1900000e+01  -6.3314565e-03  -1.6474746e-02
   4.2000000e+01  -1.8806200e-03  -5.3125300e-03
   4.2100000e+01   2.3546201e-03   9.6439360e-03
   4.2200000e+01   9.3354101e-03   1.4700440e-02
   4.2300000e+01   2.2711346e-02   4.4429350e-03
   4.2400000e+01   3.7535380e-02  -1.4728695e-02
   4.2500000e+01   4.1335337e-02  -3.0604016e-02
   4.2600000e+01   2.7074989e-02  -3.4241152e-02
   4.2700000e+01   3.2035783e-03  -2.5569290e-02
   4.2800000e+01  -1.2404771e-02  -1.2480025e-02
   4.2900000e+01  -9.1886732e-03  -4.4691186e-03
   4.3000000e+01   6.7779777e-03  -5.7993441e-03
   4.3100000e+01   2.0223203e-02  -1.3903256e-02
   4.3200000e+01   2.1515239e-02  -2.3612694e-02
   4.3300000e+01   1.3318889e-02  -3.1460996e-02
   4.3400000e+01   4.7947979e-03  -3.5293348e-02
   4.3500000e+01   2.0888824e-03  -3.2103292e-02
   4.3600000e+01   4.4452004e-03  -2.0059351e-02
   4.3700000e+01   6.9051130e-03  -3.4554768e-03
   4.3800000e+01   5.0804695e-03   7.7198467e-03
   4.3900000e+01  -1.5012273e-03   6.5040752e-03
   4.4000000e+01  -8.7209569e-03  -3.2152721e-03
   4.4100000e+01  -1.0471878e-02  -1.0168549e-02
   4.4200000e+01  -3.5780010e-03  -7.4783696e-03
   4.4300000e+01   8.8787376e-03   8.6932390e-04
   4.4400000e+01   1.9520374e-02   5.7897463e-03
   4.4500000e+01   2.2495808e-02   3.0893735e-03
   4.4600000e+01   1.7438219e-02  -3.7876254e-03
   4.4700000e+01   8.1525093e-03  -8.8612161e-03
   4.4800000e+01  -1.3184974e-03  -8.3500489e-03
   4.4900000e+01  -8.6324505e-03  -9.0082526e-04
   4.5000000e+01  -1.2424688e-02   1.2790383e-02
   4.5100000e+01  -1.1927021e-02   2.8070699e-02
   4.5200000e+01  -8.3254879e-03   3.6342682e-02
   4.5300000e+01  -5.3614916e-03   3.1259773e-02
   4.5400000e+01  -6.6531359e-03   1.6305863e-02
   4.5500000e+01  -1.1602434e-02   3.8693532e-03
   4.5600000e+01  -1.4787391e-02   4.0731832e-03
   4.5700000e+01  -1.0870490e-02   1.4254170e-02
   4.5800000e+01  -8.3229684e-04   2.1072504e-02
   4.5900000e+01   7.2209505e-03   1.4216120e-02
   4.6000000e+01   4.6764446e-03  -2.1323116e-03
   4.6100000e+01  -9.3166370e-03  -1.2269373e-02
   4.6200000e+01  -2.6171852e-02  -4.1359792e-03
   4.6300000e+01  -3.4828880e-02   1.8065316e-02
   4.6400000e+01  -3.0730180e-02   3.6622742e-02
   4.6500000e+01  -1.8486346e-02   3.6562577e-02
   4.6600000e+01  -6.8690891e-03   1.9929367e-02
   4.6700000e+01  -2.1126351e-03   3.6925776e-03
   4.6800000e+01  -5.2390357e-03   2.6981216e-03
   4.6900000e+01  -1.3318812e-02   1.4615192e-02
   4.7000000e+01  -2.1466323e-02   2.2547503e-02
   4.7100000e+01  -2.4598518e-02   1.2887662e-02
   4.7200000e+01  -2.0038352e-02  -1.0203829e-02
   4.7300000e+01  -9.9259699e-03  -2.8725318e-02
   4.7400000e+01  -1.5450756e-04  -2.8496273e-02
   4.7500000e+01   4.5790682e-03  -1.1925516e-02
   4.7600000e+01   4.8385478e-03   6.0665084e-03
   4.7700000e+01   4.9558945e-03   1.2565511e-02
   4.7800000e+01   7.6099824e-03   6.1786964e-03
   4.7900000e+01   1.0734982e-02  -5.5887769e-03
   4.8000000e+01   1.0062475e-02  -1.4795673e-02
   4.8100000e+01   4.0673657e-03  -1.7800956e-02
   4.8200000e+01  -4.0687471e-03  -1.4233770e-02
   4.8300000e+01  -9.0840987e-03  -5.0091145e-03
   4.8400000e+01  -7.9643824e-03   7.1709608e-03
   4.8500000e+01  -2.1072530e-03   1.6885216e-02
   4.8600000e+01   4.4250335e-03   1.8180760e-02
   4.8700000e+01   9.1178149e-03   9.3228760e-03
   4.8800000e+01   1.3581616e-02  -4.5576744e-03
   4.8900000e+01   2.0908146e-02  -1.4455600e-02
   4.9000000e+01   2.9584588e-02  -1.4255237e-02
   4.9100000e+01   3.1468999e-02  -5.4057398e-03
   4.9200000e+01   1.8960858e-02   4.6668864e-03
   4.9300000e+01  -4.4060866e-03   8.7617598e-03
   4.9400000e+01  -2.2662342e-02   4.9970864e-03
   4.9500000e+01  -1.9948270e-02  -3.2099470e-03
   4.9600000e+01   4.4483911e-03  -1.1006014e-02
   4.9700000e+01   3.4179098e-02  -1.5525147e-02
   4.9800000e+01   4.9027012e-02  -1.6430429e-02
   4.9900000e+01   3.9997725e-02  -1.4636819e-02
   5.0000000e+01   1.3824888e-02  -1.1263062e-02
   5.0100000e+01  -1.3044664e-02  -7.3426797e-03
   5.0200000e+01  -2.3822335e-02  -3.7592735e-03
   5.0300000e+01  -1.0159260e-02  -1.2979995e-03
   5.0400000e+01   2.1256202e-02  -9.3043543e-04
   5.0500000e+01   4.9683618e-02  -3.7287724e-03
   5.0600000e+01   5.3572103e-02  -9.7718547e-03
   5.0700000e+01   2.8503478e-02  -1.6887121e-02
   5.0800000e+01  -7.6520769e-03  -2.1060891e-02
   5.0900000e+01  -3.0084744e-02  -1.8968731e-02
   5.1000000e+01  -2.8615190e-02  -1.0738045e-02
   5.1100000e+01  -1.3812656e-02  -5.3793745e-04
   5.1200000e+01  -3.4528005e-03   5.7314799e-03
   5.1300000e+01  -5.9320443e-03   4.3342908e-03
   5.1400000e+01  -1.6788722e-02  -3.3285164e-03
   5.1500000e+01  -2.6859858e-02  -1.1193654e-02
   5.1600000e+01  -2.9921932e-02  -1.3035569e-02
   5.1700000e+01  -2.4087788e-02  -7.8242033e-03
   5.1800000e+01  -1.0998735e-02  -6.9391545e-04
   5.1900000e+01   3.9144179e-03   2.3223079e-03
   5.2000000e+01   1.3009083e-02   9.0781842e-04
   5.2100000e+01   1.1909836e-02   1.1451485e-03
   5.2200000e+01   3.9302518e-03   8.8370888e-03
   5.2300000e+01  -2.7566515e-03   2.2213278e-02
   5.2400000e+01  -3.1488861e-03   3.1980993e-02
   5.2500000e+01   3.4282038e-04   2.9374818e-02
   5.2600000e+01   2.2087617e-03   1.4748761e-02
   5.2700000e+01   1.0806672e-03  -1.6042219e-03
   5.2800000e+01   8.5982703e-04  -7.7054293e-03
   5.2900000e+01   4.5105950e-03  -3.2654247e-05
   5.3000000e+01   8.6564522e-03   1.3839778e-02
   5.3100000e+01   6.5484131e-03   2.2632696e-02
   5.3200000e+01  -3.1597725e-03   2.1243421e-02
   5.3300000e+01  -1.2325943e-02   1.3062830e-02
   5.3400000e+01  -1.0279646e-02   3.6385843e-03
   5.3500000e+01   4.3865447e-03  -5.1331212e-03
   5.3600000e+01   2.0289822e-02  -1.3010822e-02
   5.3700000e+01   2.3269166e-02  -1.6413867e-02
   5.3800000e+01   1.0247220e-02  -1.0324840e-02
   5.3900000e+01  -7.8575168e-03   3.5436756e-03
   5.4000000e+01  -1.7395292e-02   1.4501877e-02
   5.4100000e+01  -1.5025022e-02   1.2852838e-02
   5.4200000e+01  -8.6007755e-03   1.0606584e-03
   5.4300000e+01  -6.4048373e-03  -8.9770731e-03
   5.4400000e+01  -8.3298932e-03  -1.0423391e-02
   5.4500000e+01  -8.8046394e-03  -9.5180298e-03
   5.4600000e+01  -5.9256813e-03  -1.6482453e-02
   5.4700000e+01  -4.0312863e-03  -3.0679825e-02
   5.4800000e+01  -6.7387596e-03  -3.8856646e-02
   5.4900000e+01  -1.0885005e-02  -2.8999167e-02
   5.5000000e+01  -1.0589268e-02  -3.7895318e-03
   5.5100000e+01  -6.1545202e-03   2.0930312e-02
   5.5200000e+01  -4.7124461e-03   3.0089341e-02
   5.5300000e+01  -1.0234391e-02   2.1243973e-02
   5.5400000e+01  -1.6116078e-02   4.2542454e-03
   5.5500000e+01  -1.1958635e-02  -8.5846265e-03
   5.5600000e+01   2.4257670e-03  -1.1607765e-02
   5.5700000e+01   1.4020249e-02  -6.6497009e-03
   5.5800000e+01   1.0306560e-02   2.3852602e-03
   5.5900000e+01  -6.0260334e-03   1.3328851e-02
   5.6000000e+01  -1.9336291e-02   2.3882810e-02
   5.6100000e+01  -1.7785201e-02   2.9206525e-02
   5.6200000e+01  -4.9391727e-03   2.5722675e-02
   5.6300000e+01   6.1235097e-03   1.7839344e-02
   5.6400000e+01   7.4371415e-03   1.6326048e-02
   5.6500000e+01   2.5175358e-03   2.5768204e-02
   5.6600000e+01  -2.1538737e-04   3.5302898e-02
   5.6700000e+01   3.0817868e-03   2.7400412e-02
   5.6800000e+01   9.4034674e-03  -1.7375991e-03
   5.6900000e+01   1.3519071e-02  -3.3728041e-02
   5.7000000e+01   1.2983684e-02  -4.3695518e-02
   5.7100000e+01   9.5469166e-03  -2.4286851e-02
   5.7200000e+01   7.1945764e-03   7.7713478e-03
   5.7300000e+01   8.3192085e-03   2.8204498e-02
   5.7400000e+01   1.0297440e-02   2.5740838e-02
   5.7500000e+01   6.1925354e-03   7.0317419e-03
   5.7600000e+01  -8.6872522e-03  -1.3741479e-02
   5.7700000e+01  -2.9235228e-02  -2.6195108e-02
   5.7800000e+01  -4.0794543e-02  -2.6918157e-02
   5.7900000e+01  -3.0095709e-02  -1.7658309e-02
   5.8000000e+01   1.7104756e-03  -4.2099645e-03
   5.8100000e+01   3.6811406e-02   4.7963546e-03
   5.8200000e+01   5.3088562e-02   2.8146656e-03
   5.8300000e+01   4.0967105e-02  -8.2008575e-03
   5.8400000e+01   1.0164475e-02  -1.7609462e-02
   5.8500000e+01  -1.8834796e-02  -1.5350934e-02
   5.8600000e+01  -3.0127219e-02  -2.7453697e-03
   5.8700000e+01  -2.1533948e-02   7.3662440e-03
   5.8800000e+01  -2.1343988e-03   3.3583847e-03
   5.8900000e+01   1.6541993e-02  -1.2122253e-02
   5.9000000e+01   2.7265610e-02  -2.3575392e-02
   5.9100000e+01   2.8564405e-02  -1.8336686e-02
   5.9200000e+01   2.3127679e-02   7.0271084e-06
   5.9300000e+01   1.5530624e-02   1.5286143e-02
   5.9400000e+01   9.4212862e-03   1.5402184e-02
   5.9500000e+01   4.9200378e-03   3.5204516e-03
   5.9600000e+01  -8.9953136e-04  -7.6264691e-03
   5.9700000e+01  -9.4762861e-03  -1.0173849e-02
   5.9800000e+01  -1.6754679e-02  -7.5044971e-03
   5.9900000e+01  -1.5625407e-02  -7.2132187e-03
   6.0000000e+01  -3.7316408e-03  -1.1300700e-02
   6.0100000e+01   1.2078926e-02  -1.5377302e-02
   6.0200000e+01   2.0928298e-02  -1.5644250e-02
   6.0300000e+01   1.7913470e-02  -1.3155512e-02
   6.0400000e+01   7.9453320e-03  -1.0337398e-02
   6.0500000e+01  -5.9270302e-04  -6.0440062e-03
   6.0600000e+01  -4.5499213e-03   2.8857568e-03
   6.0700000e+01  -7.1965609e-03   1.5190084e-02
   6.0800000e+01  -1.1760781e-02   2.3127229e-02
   6.0900000e+01  -1.6069526e-02   1.9384223e-02
   6.1000000e+01  -1.4582623e-02   6.0503655e-03
   6.1100000e+01  -4.7359474e-03  -5.2829615e-03
   6.1200000e+01   9.8084810e-03  -4.1889804e-03
   6.1300000e+01   2.1864636e-02   7.6598224e-03
   6.1400000e+01   2.5944306e-02   1.7359581e-02
   6.1500000e+01   2.1428214e-02   1.3572571e-02
   6.1600000e+01   1.2105610e-02  -1.7257225e-03
   6.1700000e+01   3.1288666e-03  -1.5178806e-02
   6.1800000e+01  -2.5520354e-03  -1.5821227e-02
   6.1900000e+01  -5.8412640e-03  -5.6974784e-03
   6.2000000e+01  -9.7689774e-03   4.2164970e-03
   6.2100000e+01  -1.5897723e-02   7.3684551e-03
   6.2200000e+01  -2.2557365e-02   8.0347355e-03
   6.2300000e+01  -2.6611815e-02   1.3369740e-02
   6.2400000e+01  -2.6270004e-02   2.1833990e-02
   6.2500000e+01  -2.1657776e-02   2.3468829e-02
   6.2600000e+01  -1.3483007e-02   1.2317648e-02
   6.2700000e+01  -2.7139083e-03  -4.6599871e-03
   6.2800000e+01   8.0116128e-03  -1.3869705e-02
   6.2900000e+01   1.3934432e-02  -9.2809789e-03
   6.3000000e+01   1.0719063e-02   2.2844340e-03
   6.3100000e+01  -1.7357802e-03   9.9058272e-03
   6.3200000e+01  -1.7741323e-02   9.4807559e-03
   6.3300000e+01  -2.8232709e-02   4.3697849e-03
   6.3400000e+01  -2.6184427e-02  -1.8836724e-03
   6.3500000e+01  -1.2126406e-02  -9.0931448e-03
   6.3600000e+01   4.5702245e-03  -1.6176602e-02
   6.3700000e+01   1.1820873e-02  -1.7388777e-02
   6.3800000e+01   5.2529015e-03  -6.8770720e-03
   6.3900000e+01  -6.9480507e-03   1.2708580e-02
   6.4000000e+01  -1.1715105e-02   2.8788963e-02
   6.4100000e+01  -4.8451206e-03   2.8365730e-02
   6.4200000e+01   4.4935514e-03   9.7380530e-03
   6.4300000e+01   4.6544327e-03  -1.5066807e-02
   6.4400000e+01  -4.4500751e-03  -2.9515907e-02
   6.4500000e+01  -1.1095123e-02  -2.5308323e-02
   6.4600000e+01  -5.8452804e-03  -8.2133222e-03
   6.4700000e+01   6.8706519e-03   7.2409092e-03
   6.4800000e+01   1.3283620e-02   9.7892220e-03
   6.4900000e+01   5.1417410e-03   4.7551191e-04
   6.5000000e+01  -1.1938012e-02  -9.0404204e-03
   6.5100000e+01  -2.4384323e-02  -7.7623960e-03
   6.5200000e+01  -2.2894915e-02   4.2210606e-03
   6.5300000e+01  -9.0036823e-03   1.6529881e-02
   6.5400000e+01   7.6326489e-03   1.9466196e-02
   6.5500000e+01   1.6761846e-02   1.3015796e-02
   6.5600000e+01   1.4317543e-02   4.3310872e-03
   6.5700000e+01   4.8923604e-03  -1.8489145e-03
   6.5800000e+01  -2.0020215e-03  -7.3163627e-03
   6.5900000e+01  -2.4300353e-04  -1.4754390e-02
   6.6000000e+01   6.9473498e-03  -2.1358895e-02
   6.6100000e+01   1.0359374e-02  -2.1045943e-02
   6.6200000e+01   5.3835574e-03  -1.2018755e-02
   6.6300000e+01  -1.6520880e-03   8.3512276e-04
   6.6400000e+01   1.3851773e-04   1.1380867e-02
   6.6500000e+01   1.3089895e-02   1.7383405e-02
   6.6600000e+01   2.6370031e-02   1.9164599e-02
   6.6700000e+01   2.6541102e-02   1.6066760e-02
   6.6800000e+01   1.2343614e-02   7.4895396e-03
   6.6900000e+01  -2.9896561e-03  -3.4398512e-03
   6.7000000e+01  -4.8656491e-03  -1.0794437e-02
   6.7100000e+01   8.3364872e-03  -1.1594477e-02
   6.7200000e+01   2.4554837e-02  -8.3020663e-03
   6.7300000e+01   3.0097391e-02  -4.0595386e-03
   6.7400000e+01   2.1030346e-02   2.3514263e-03
   6.7500000e+01   4.2611336e-03   1.3731711e-02
   6.7600000e+01  -9.1364425e-03   2.7094867e-02
   6.7700000e+01  -1.0815694e-02   3.2657788e-02
   6.7800000e+01   8.3108077e-04   2.2751820e-02
   6.7900000e+01   1.9071281e-02   1.1694532e-03
   6.8000000e+01   3.1146604e-02  -1.8137082e-02
   6.8100000e+01   2.6315108e-02  -2.2406796e-02
   6.8200000e+01   5.1459985e-03  -1.0369213e-02
   6.8300000e+01  -1.9321570e-02   7.6046198e-03
   6.8400000e+01  -3.1779678e-02   1.8269280e-02
   6.8500000e+01  -2.7116822e-02   1.4952043e-02
   6.8600000e+01  -1.2811452e-02   8.7959507e-04
   6.8700000e+01   1.7519657e-04  -1.4471711e-02
   6.8800000e+01   7.2074932e-03  -2.2183235e-02
   6.8900000e+01   1.0572100e-02  -1.9012154e-02
   6.9000000e+01   1.2797986e-02  -8.0928672e-03
   6.9100000e+01   1.2382340e-02   4.0413023e-03
   6.9200000e+01   6.7098735e-03   1.1170263e-02
   6.9300000e+01  -2.9623225e-03   9.6590532e-03
   6.9400000e+01  -1.1708351e-02  -5.2222188e-04
   6.9500000e+01  -1.6063458e-02  -1.5193455e-02
   6.9600000e+01  -1.7076366e-02  -2.6743405e-02
   6.9700000e+01  -1.7186050e-02  -2.8086825e-02
   6.9800000e+01  -1.5481960e-02  -1.8512032e-02
   6.9900000e+01  -8.6560709e-03  -5.9742843e-03
   7.0000000e+01   2.5759703e-03  -1.4822505e-03
   7.0100000e+01   1.0301561e-02  -8.8851671e-03
   7.0200000e+01   5.7914694e-03  -1.9991199e-02
   7.0300000e+01  -1.0178280e-02  -2.1558334e-02
   7.0400000e+01  -2.5449435e-02  -8.6257307e-03
   7.0500000e+01  -2.7103464e-02   9.4350611e-03
   7.0600000e+01  -1.3938634e-02   1.7414421e-02
   7.0700000e+01   2.8374067e-03   9.1089941e-03
   7.0800000e+01   1.1099884e-02  -7.1252796e-03
   7.0900000e+01   8.2930704e-03  -1.7817652e-02
   7.1000000e+01   3.3681875e-04  -1.7931383e-02
   7.1100000e+01  -6.9934219e-03  -1.3587850e-02
   7.1200000e+01  -1.2667423e-02  -1.2236290e-02
   7.1300000e+01  -1.7418815e-02  -1.3043864e-02
   7.1400000e+01  -2.0236788e-02  -8.9386617e-03
   7.1500000e+01  -1.9852830e-02   3.0177219e-03
   7.1600000e+01  -1.7303894e-02   1.6169836e-02
   7.1700000e+01  -1.3937405e-02   2.0672905e-02
   7.1800000e+01  -7.8246222e-03   1.4517729e-02
   7.1900000e+01   4.0553056e-03   6.4604035e-03
   7.2000000e+01   1.8985215e-02   7.0211438e-03
   7.2100000e+01   2.7403190e-02   1.6795435e-02
   7.2200000e+01   2.2241131e-02   2.4745004e-02
   7.2300000e+01   8.4937291e-03   1.9236171e-02
   7.2400000e+01  -3.0322664e-04   1.0086942e-03
   7.2500000e+01   3.3579305e-03  -1.5931421e-02
   7.2600000e+01   1.2166887e-02  -1.7592951e-02
   7.2700000e+01   1.2120737e-02  -3.9617063e-03
   7.2800000e+01  -1.2519755e-03   1.1565188e-02
   7.2900000e+01  -1.7060394e-02   1.6707438e-02
   7.3000000e+01  -2.0018079e-02   1.2308050e-02
   7.3100000e+01  -5.8042853e-03   8.5977583e-03
   7.3200000e+01   1.5349698e-02   1.1571619e-02
   7.3300000e+01   2.9052219e-02   1.6667580e-02
   7.3400000e+01   2.8855076e-02   1.6461435e-02
   7.3500000e+01   1.8388268e-02   1.0880287e-02
   7.3600000e+01   4.5240669e-03   6.3310845e-03
   7.3700000e+01  -8.4880764e-03   6.0793236e-03
   7.3800000e+01  -1.8229456e-02   6.0449804e-03
   7.3900000e+01  -2.1209281e-02   1.9815993e-03
   7.4000000e+01  -1.4672885e-02  -2.4868885e-03
   7.4100000e+01  -1.6652110e-03   7.2339980e-04
   7.4200000e+01   8.7869920e-03   1.2697298e-02
   7.4300000e+01   9.2721355e-03   2.3350830e-02
   7.4400000e+01   1.5073837e-03   2.1471510e-02
   7.4500000e+01  -5.3886144e-03   7.5991380e-03
   7.4600000e+01  -4.2604743e-03  -5.9136713e-03
   7.4700000e+01   3.5627765e-03  -7.8132786e-03
   7.4800000e+01   1.0856950e-02   1.4611526e-03
   7.4900000e+01   1.1764457e-02   1.2768524e-02
   7.5000000e+01   5.9724168e-03   1.8850635e-02
   7.5100000e+01  -2.1590048e-03   1.8873617e-02
   7.5200000e+01  -6.6523331e-03   1.3964264e-02
   7.5300000e+01  -3.3808866e-03   3.4859953e-03
   7.5400000e+01   6.4988360e-03  -1.1296730e-02
   7.5500000e+01   1.5804544e-02  -2.2839107e-02
   7.5600000e+01   1.6151164e-02  -2.1951178e-02
   7.5700000e+01   5.4293106e-03  -8.3861809e-03
   7.5800000e+01  -9.7592480e-03   6.3105813e-03
   7.5900000e+01  -1.9878218e-02   9.5165712e-03
   7.6000000e+01  -2.0316040e-02   3.5216881e-04
   7.6100000e+01  -1.3333212e-02  -1.0539004e-02
   7.6200000e+01  -3.8210906e-03  -1.3809733e-02
   7.6300000e+01   4.8901235e-03  -1.1240199e-02
   7.6400000e+01   1.1344646e-02  -1.1400391e-02
   7.6500000e+01   1.4538632e-02  -1.7724284e-02
   7.6600000e+01   1.3867311e-02  -2.4070374e-02
   7.6700000e+01   1.0131999e-02  -2.2436202e-02
   7.6800000e+01   5.7744175e-03  -1.2550232e-02
   7.6900000e+01   3.9998712e-03  -2.0535546e-03
   7.7000000e+01   7.1825718e-03   1.6535872e-03
   7.7100000e+01   1.4520859e-02  -2.2391138e-03
   7.7200000e+01   2.0405681e-02  -9.1913865e-03
   7.7300000e+01   1.7027908e-02  -1.4179779e-02
   7.7400000e+01   1.7561951e-03  -1.4208198e-02
   7.7500000e+01  -1.7452552e-02  -8.4674703e-03
   7.7600000e+01  -2.6757606e-02   5.9990296e-04
   7.7700000e+01  -1.9254087e-02   6.2904726e-03
   7.7800000e+01  -2.6683254e-03   1.2106927e-03
   7.7900000e+01   7.9421941e-03  -1.4965062e-02
   7.8000000e+01   5.5535792e-03  -3.1732331e-02
   7.8100000e+01  -2.6129786e-03  -3.4761596e-02
   7.8200000e+01  -5.0135471e-03  -1.8966122e-02
   7.8300000e+01   3.5565219e-04   5.3313562e-03
   7.8400000e+01   4.6685783e-03   2.0355399e-02
   7.8500000e+01   1.3303235e-04   1.6052942e-02
   7.8600000e+01  -1.0313368e-02  -1.6582266e-03
   7.8700000e+01  -1.6998579e-02  -1.6846687e-02
   7.8800000e+01  -1.5228880e-02  -1.7733068e-02
   7.8900000e+01  -1.0099802e-02  -6.2589946e-03
   7.9000000e+01  -9.4759754e-03   4.8557721e-03
   7.9100000e+01  -1.4394058e-02   4.3312463e-03
   7.9200000e+01  -1.7771424e-02  -7.1185434e-03
   7.9300000e+01  -1.1910271e-02  -1.7095897e-02
   7.9400000e+01   3.5236797e-03  -1.2450926e-02
   7.9500000e+01   2.0457294e-02   8.7101655e-03
   7.9600000e+01   2.8809509e-02   3.4691602e-02
   7.9700000e+01   2.4833134e-02   4.9805045e-02
   7.9800000e+01   1.4094651e-02   4.6819186e-02
   7.9900000e+01   5.5968071e-03   3.0061366e-02
   8.0000000e+01   2.2982202e-03   7.6983806e-03
