   1.0221618e+02   2.8602761e+01   2.5212700e+03
   1.0214704e+02   2.8422321e+01   1.7840200e+03
   0.0000000e+00   3.4872444e-01   3.4872444e-01
   1.0000000e-01   4.1218954e-01   2.9517674e-01
   2.0000000e-01   4.9910677e-01   2.1767485e-01
   3.0000000e-01   5.8538437e-01   1.0531927e-01
   4.0000000e-01   6.4012840e-01  -1.2492697e-02
   5.0000000e-01   6.6731860e-01  -9.4465565e-02
   6.0000000e-01   7.0579469e-01  -1.2903251e-01
   7.0000000e-01   7.8530056e-01  -1.4439335e-01
   8.0000000e-01   8.9026130e-01  -1.7868806e-01
   9.0000000e-01   9.7315693e-01  -2.4346815e-01
   1.0000000e+00   1.0000000e+00  -3.1689509e-01
   1.1000000e+00   9.7658770e-01  -3.6945719e-01
   1.2000000e+00   9.3285599e-01  -3.9270527e-01
   1.3000000e+00   8.9044931e-01  -4.0324750e-01
   1.4000000e+00   8.4737611e-01  -4.2398471e-01
   1.5000000e+00   7.8508536e-01  -4.6652369e-01
   1.6000000e+00   6.8272568e-01  -5.2956008e-01
   1.7000000e+00   5.2968950e-01  -6.0460151e-01
   1.8000000e+00   3.3635182e-01  -6.7621526e-01
   1.9000000e+00   1.3624221e-01  -7.2208665e-01
   2.0000000e+00  -3.0847808e-02  -7.2618535e-01
   2.1000000e+00  -1.4736462e-01  -6.9790879e-01
   2.2000000e+00  -2.3063936e-01  -6.7025902e-01
   2.3000000e+00  -3.1300451e-01  -6.6820749e-01
   2.4000000e+00  -4.0788285e-01  -6.7891233e-01
   2.5000000e+00  -4.9708117e-01  -6.6196025e-01
   2.6000000e+00  -5.5105574e-01  -5.9238105e-01
   2.7000000e+00  -5.5904642e-01  -4.8681997e-01
   2.8000000e+00  -5.3961738e-01  -3.8212528e-01
   2.9000000e+00  -5.2558985e-01  -2.9454215e-01
   3.0000000e+00  -5.3980307e-01  -2.1019910e-01
   3.1000000e+00  -5.8021315e-01  -1.1463074e-01
   3.2000000e+00  -6.2245018e-01  -1.8720870e-02
   3.3000000e+00  -6.3754408e-01   5.3474537e-02
   3.4000000e+00  -6.1346040e-01   9.7048637e-02
   3.5000000e+00  -5.6353647e-01   1.3489456e-01
   3.6000000e+00  -5.1283414e-01   1.9127310e-01
   3.7000000e+00  -4.7450543e-01   2.6390910e-01
   3.8000000e+00  -4.4072077e-01   3.2821880e-01
   3.9000000e+00  -3.9784500e-01   3.6616928e-01
   4.0000000e+00  -3.4755903e-01   3.8398671e-01
   4.1000000e+00  -3.0845614e-01   3.9999681e-01
   4.2000000e+00  -2.9602613e-01   4.2113612e-01
   4.3000000e+00  -3.0434873e-01   4.3787531e-01
   4.4000000e+00  -3.1004276e-01   4.4160848e-01
   4.5000000e+00  -2.9348495e-01   4.3978295e-01
   4.6000000e+00  -2.5489625e-01   4.4767713e-01
   4.7000000e+00  -2.1079804e-01   4.6663055e-01
   4.8000000e+00  -1.7708127e-01   4.7754988e-01
   4.9000000e+00  -1.5620652e-01   4.6051865e-01
   5.0000000e+00  -1.3945564e-01   4.1776943e-01
   5.1000000e+00  -1.1930772e-01   3.7115816e-01
   5.2000000e+00  -9.6987821e-02   3.3624803e-01
   5.3000000e+00  -7.6090844e-02   3.0468141e-01
   5.4000000e+00  -5.0542415e-02   2.5646362e-01
   5.5000000e+00  -4.9211897e-03   1.8648758e-01
   5.6000000e+00   6.7867303e-02   1.1265425e-01
   5.7000000e+00   1.5075222e-01   5.6939299e-02
   5.8000000e+00   2.1174457e-01   2.3553612e-02
   5.9000000e+00   2.3416632e-01  -1.1318789e-03
   6.0000000e+00   2.3540831e-01  -3.1055351e-02
   6.1000000e+00   2.5047648e-01  -6.8686951e-02
   6.2000000e+00   2.9629682e-01  -1.1017038e-01
   6.3000000e+00   3.5584281e-01  -1.5536267e-01
   6.4000000e+00   3.9834048e-01  -2.0720968e-01
   6.5000000e+00   4.1095341e-01  -2.6188487e-01
   6.6000000e+00   4.0772768e-01  -3.0394045e-01
   6.7000000e+00   4.1123628e-01  -3.1441361e-01
   6.8000000e+00   4.3172021e-01  -2.8514712e-01
   6.9000000e+00   4.6442923e-01  -2.2692884e-01
   7.0000000e+00   5.0055130e-01  -1.6501517e-01
   7.1000000e+00   5.3470580e-01  -1.2437312e-01
   7.2000000e+00   5.6266956e-01  -1.1316861e-01
   7.3000000e+00   5.7705112e-01  -1.1602551e-01
   7.4000000e+00   5.6865981e-01  -1.0476615e-01
   7.5000000e+00   5.3245612e-01  -6.1004674e-02
   7.6000000e+00   4.7250477e-01   8.0399235e-03
   7.7000000e+00   4.0232053e-01   7.5255955e-02
   7.8000000e+00   3.3940744e-01   1.1507371e-01
   7.9000000e+00   2.9478014e-01   1.2029478e-01
   8.0000000e+00   2.6299374e-01   1.0238624e-01
   8.1000000e+00   2.2227794e-01   8.1573513e-02
   8.2000000e+00   1.4933117e-01   7.6984601e-02
   8.3000000e+00   3.9689140e-02   9.7386510e-02
   8.4000000e+00  -8.4129114e-02   1.3181253e-01
   8.5000000e+00  -1.8658636e-01   1.5056332e-01
   8.6000000e+00  -2.4586988e-01   1.2631235e-01
   8.7000000e+00  -2.7153995e-01   6.1371673e-02
   8.8000000e+00  -2.9759189e-01  -9.3816818e-03
   8.9000000e+00  -3.5556255e-01  -4.8658633e-02
   9.0000000e+00  -4.4906155e-01  -4.9482160e-02
   9.1000000e+00  -5.5031971e-01  -3.5241710e-02
   9.2000000e+00  -6.2124174e-01  -3.0982800e-02
   9.3000000e+00  -6.4099321e-01  -4.2062522e-02
   9.4000000e+00  -6.1737874e-01  -6.0752515e-02
   9.5000000e+00  -5.7486478e-01  -8.3629801e-02
   9.6000000e+00  -5.3321654e-01  -1.1469170e-01
   9.7000000e+00  -4.9659246e-01  -1.5507403e-01
   9.8000000e+00  -4.5888224e-01  -1.9758857e-01
   9.9000000e+00  -4.1396830e-01  -2.3183490e-01
   1.0000000e+01  -3.5847937e-01  -2.4973085e-01
   1.0100000e+01  -2.8831292e-01  -2.4675370e-01
   1.0200000e+01  -1.9957008e-01  -2.2538303e-01
   1.0300000e+01  -9.7088675e-02  -2.0034978e-01
   1.0400000e+01   1.7988484e-04  -1.9253085e-01
   1.0500000e+01   6.8278048e-02  -2.0797591e-01
   1.0600000e+01   9.7163031e-02  -2.2353357e-01
   1.0700000e+01   1.0098903e-01  -2.0245688e-01
   1.0800000e+01   1.0758830e-01  -1.3081846e-01
   1.0900000e+01   1.3566344e-01  -3.7196851e-02
   1.1000000e+01   1.8037817e-01   2.7840044e-02
   1.1100000e+01   2.1893549e-01   3.3869619e-02
   1.1200000e+01   2.2882593e-01  -5.8575977e-03
   1.1300000e+01   2.0288902e-01  -4.9063095e-02
   1.1400000e+01   1.5231149e-01  -6.0015592e-02
   1.1500000e+01   9.9270641e-02  -3.3561770e-02
   1.1600000e+01   6.4726561e-02   9.3818791e-03
   1.1700000e+01   5.6445676e-02   4.5621328e-02
   1.1800000e+01   6.3576431e-02   6.9811633e-02
   1.1900000e+01   6.3819479e-02   9.4883803e-02
   1.2000000e+01   4.1029429e-02   1.3563994e-01
   1.2100000e+01  -1.5630751e-04   1.9256231e-01
   1.2200000e+01  -3.6316095e-02   2.5048499e-01
   1.2300000e+01  -4.3016648e-02   2.9129882e-01
   1.2400000e+01  -1.3019849e-02   3.0717939e-01
   1.2500000e+01   3.9219669e-02   3.0280895e-01
   1.2600000e+01   8.7401253e-02   2.8746627e-01
   1.2700000e+01   1.0855675e-01   2.6673092e-01
   1.2800000e+01   9.5409910e-02   2.4121990e-01
   1.2900000e+01   6.1170583e-02   2.1117116e-01
   1.3000000e+01   3.2680794e-02   1.8036761e-01
   1.3100000e+01   3.2310672e-02   1.5487575e-01
   1.3200000e+01   6.0489632e-02   1.3790923e-01
   1.3300000e+01   9.5985058e-02   1.2597577e-01
   1.3400000e+01   1.1657548e-01   1.1043746e-01
   1.3500000e+01   1.2010102e-01   8.4243878e-02
   1.3600000e+01   1.2323577e-01   4.9384941e-02
   1.3700000e+01   1.3996398e-01   1.8988477e-02
   1.3800000e+01   1.6522768e-01   1.0021020e-02
   1.3900000e+01   1.8196866e-01   2.8828848e-02
   1.4000000e+01   1.8084657e-01   6.0060928e-02
   1.4100000e+01   1.6808887e-01   7.1912714e-02
   1.4200000e+01   1.5430414e-01   3.9404687e-02
   1.4300000e+01   1.4100645e-01  -3.1736968e-02
   1.4400000e+01   1.2147897e-01  -1.0476959e-01
   1.4500000e+01   9.1982912e-02  -1.4035588e-01
   1.4600000e+01   5.7288365e-02  -1.2945179e-01
   1.4700000e+01   2.4712226e-02  -9.9057843e-02
   1.4800000e+01  -3.7222523e-03  -8.5430001e-02
   1.4900000e+01  -3.1194860e-02  -1.0195460e-01
   1.5000000e+01  -6.0138179e-02  -1.3223115e-01
   1.5100000e+01  -8.8727407e-02  -1.5092875e-01
   1.5200000e+01  -1.1272247e-01  -1.4817589e-01
   1.5300000e+01  -1.2904255e-01  -1.3467376e-01
   1.5400000e+01  -1.3801730e-01  -1.2734012e-01
   1.5500000e+01  -1.4433596e-01  -1.3255586e-01
   1.5600000e+01  -1.5593803e-01  -1.4200973e-01
   1.5700000e+01  -1.7875220e-01  -1.4238160e-01
   1.5800000e+01  -2.0932599e-01  -1.2868268e-01
   1.5900000e+01  -2.3318374e-01  -1.0918269e-01
   1.6000000e+01  -2.3421015e-01  -9.7501964e-02
   1.6100000e+01  -2.0892435e-01  -9.9243106e-02
   1.6200000e+01  -1.7179460e-01  -1.0634267e-01
   1.6300000e+01  -1.4439267e-01  -1.0499773e-01
   1.6400000e+01  -1.3681545e-01  -8.8981819e-02
   1.6500000e+01  -1.3831646e-01  -6.5009157e-02
   1.6600000e+01  -1.2639809e-01  -4.6227697e-02
   1.6700000e+01  -8.6881727e-02  -4.1762837e-02
   1.6800000e+01  -2.7292565e-02  -5.1068420e-02
   1.6900000e+01   2.8512782e-02  -6.4533367e-02
   1.7000000e+01   6.0067168e-02  -6.8125763e-02
   1.7100000e+01   6.7047842e-02  -5.1318204e-02
   1.7200000e+01   6.8130738e-02  -1.5699294e-02
   1.7300000e+01   8.3091537e-02   2.3620011e-02
   1.7400000e+01   1.1473705e-01   4.9034372e-02
   1.7500000e+01   1.4748299e-01   5.5706814e-02
   1.7600000e+01   1.6356351e-01   5.4930509e-02
   1.7700000e+01   1.6058999e-01   6.1063536e-02
   1.7800000e+01   1.5250727e-01   7.6793201e-02
   1.7900000e+01   1.5271002e-01   9.3278575e-02
   1.8000000e+01   1.5723549e-01   1.0259218e-01
   1.8100000e+01   1.4713011e-01   1.0502146e-01
   1.8200000e+01   1.0914968e-01   1.0308521e-01
   1.8300000e+01   5.3273554e-02   9.4136978e-02
   1.8400000e+01   7.5579952e-03   7.5537514e-02
   1.8500000e+01  -5.4073429e-03   5.6712958e-02
   1.8600000e+01   1.2874859e-02   5.8336609e-02
   1.8700000e+01   3.9817874e-02   9.2281632e-02
   1.8800000e+01   5.0478492e-02   1.4243364e-01
   1.8900000e+01   3.3974591e-02   1.7162581e-01
   1.9000000e+01  -2.5404965e-03   1.5339170e-01
   1.9100000e+01  -4.0002007e-02   9.7777819e-02
   1.9200000e+01  -5.8598253e-02   4.3348082e-02
   1.9300000e+01  -5.0664984e-02   2.2043702e-02
   1.9400000e+01  -2.8433299e-02   3.2173189e-02
   1.9500000e+01  -1.7137138e-02   4.5597793e-02
   1.9600000e+01  -3.4449917e-02   3.8631664e-02
   1.9700000e+01  -7.3794931e-02   1.3073261e-02
   1.9800000e+01  -1.0935486e-01  -1.1711336e-02
   1.9900000e+01  -1.1898204e-01  -2.1774387e-02
   2.0000000e+01  -1.0172434e-01  -1.9534823e-02
   2.0100000e+01  -7.3433787e-02  -1.4277828e-02
   2.0200000e+01  -4.8696190e-02  -8.7770998e-03
   2.0300000e+01  -3.0082728e-02   1.8061785e-04
   2.0400000e+01  -1.3423776e-02   1.0595504e-02
   2.0500000e+01   1.4392112e-03   1.1302672e-02
   2.0600000e+01   8.2297038e-03  -6.8962317e-03
   2.0700000e+01   1.4113018e-03  -3.8191081e-02
   2.0800000e+01  -1.6420504e-02  -6.4480032e-02
   2.0900000e+01  -3.4711476e-02  -7.3192612e-02
   2.1000000e+01  -4.2239974e-02  -7.0743545e-02
   2.1100000e+01  -3.5362419e-02  -7.5946111e-02
   2.1200000e+01  -2.0428018e-02  -9.9939674e-02
   2.1300000e+01  -7.5054728e-03  -1.3383495e-01
   2.1400000e+01  -4.0663848e-04  -1.5607872e-01
   2.1500000e+01   6.0801146e-03  -1.5054266e-01
   2.1600000e+01   1.6565078e-02  -1.1765422e-01
   2.1700000e+01   2.3725281e-02  -7.1363794e-02
   2.1800000e+01   1.2640199e-02  -2.8727138e-02
   2.1900000e+01  -1.8986384e-02  -1.0704662e-03
   2.2000000e+01  -4.8814389e-02   1.0553916e-02
   2.2100000e+01  -4.7242354e-02   1.5436353e-02
   2.2200000e+01  -1.0539940e-02   2.6634446e-02
   2.2300000e+01   2.9283880e-02   4.8832437e-02
   2.2400000e+01   3.4982121e-02   7.0749729e-02
   2.2500000e+01   3.8517226e-03   7.3028685e-02
   2.2600000e+01  -2.8560654e-02   4.7526148e-02
   2.2700000e+01  -2.5335613e-02   8.4704431e-03
   2.2800000e+01   1.6259572e-02  -1.8440318e-02
   2.2900000e+01   6.7289270e-02  -1.9129718e-02
   2.3000000e+01   9.7899168e-02  -2.2613162e-03
   2.3100000e+01   9.9294272e-02   1.2539468e-02
   2.3200000e+01   8.0766915e-02   1.5067245e-02
   2.3300000e+01   5.7539005e-02   1.1698091e-02
   2.3400000e+01   4.5119562e-02   1.4406605e-02
   2.3500000e+01   5.4789125e-02   2.6004066e-02
   2.3600000e+01   8.2738672e-02   3.6730086e-02
   2.3700000e+01   1.0525708e-01   3.3401842e-02
   2.3800000e+01   9.6231883e-02   1.1527156e-02
   2.3900000e+01   5.5443068e-02  -1.9038093e-02
   2.4000000e+01   1.4037434e-02  -3.8882079e-02
   2.4100000e+01   4.8357195e-03  -3.2515691e-02
   2.4200000e+01   2.8188282e-02  -2.0497709e-03
   2.4300000e+01   5.2495601e-02   3.1442861e-02
   2.4400000e+01   4.8307198e-02   4.3829051e-02
   2.4500000e+01   1.6071650e-02   2.8720754e-02
   2.4600000e+01  -2.1669463e-02   2.5825152e-03
   2.4700000e+01  -4.8752074e-02  -1.1802874e-02
   2.4800000e+01  -6.8696421e-02  -6.0002147e-03
   2.4900000e+01  -9.1603844e-02   1.0656929e-02
   2.5000000e+01  -1.1699883e-01   2.5286246e-02
   2.5100000e+01  -1.3489825e-01   3.4525152e-02
   2.5200000e+01  -1.3947447e-01   4.3373435e-02
   2.5300000e+01  -1.3440051e-01   5.6271941e-02
   2.5400000e+01  -1.2440188e-01   7.2864845e-02
   2.5500000e+01  -1.0824574e-01   8.9207202e-02
   2.5600000e+01  -8.4455077e-02   9.7562873e-02
   2.5700000e+01  -5.9805835e-02   8.5891584e-02
   2.5800000e+01  -4.4511052e-02   4.5205783e-02
   2.5900000e+01  -3.7381155e-02  -1.7060761e-02
   2.6000000e+01  -2.2061851e-02  -7.3819794e-02
   2.6100000e+01   1.5580098e-02  -9.5426307e-02
   2.6200000e+01   6.6994995e-02  -7.3763892e-02
   2.6300000e+01   1.0354374e-01  -2.8843262e-02
   2.6400000e+01   1.0301586e-01   9.0417159e-03
   2.6500000e+01   7.2219024e-02   2.3065577e-02
   2.6600000e+01   4.1116468e-02   1.7475626e-02
   2.6700000e+01   3.5449966e-02   6.4660328e-03
   2.6800000e+01   5.6770645e-02  -7.7566006e-04
   2.6900000e+01   8.7393111e-02  -5.2938235e-03
   2.7000000e+01   1.0992998e-01  -1.2945757e-02
   2.7100000e+01   1.1970688e-01  -2.6040967e-02
   2.7200000e+01   1.2184989e-01  -3.9770493e-02
   2.7300000e+01   1.2211659e-01  -4.6475935e-02
   2.7400000e+01   1.2213182e-01  -4.4342914e-02
   2.7500000e+01   1.1993737e-01  -4.1803273e-02
   2.7600000e+01   1.1161252e-01  -5.0927588e-02
   2.7700000e+01   9.3076677e-02  -7.4143237e-02
   2.7800000e+01   6.3488523e-02  -9.8297632e-02
   2.7900000e+01   2.8006608e-02  -1.0516244e-01
   2.8000000e+01  -4.5449761e-03  -9.0102448e-02
   2.8100000e+01  -2.8228451e-02  -6.9497275e-02
   2.8200000e+01  -4.3786571e-02  -6.6781483e-02
   2.8300000e+01  -5.5735480e-02  -8.8618029e-02
   2.8400000e+01  -6.7584071e-02  -1.1438643e-01
   2.8500000e+01  -8.1577791e-02  -1.1115840e-01
   2.8600000e+01  -1.0112145e-01  -6.2543121e-02
   2.8700000e+01  -1.2894014e-01   1.4375898e-02
   2.8800000e+01  -1.6109791e-01   8.0428155e-02
   2.8900000e+01  -1.8601220e-01   1.0505793e-01
   2.9000000e+01  -1.9334725e-01   8.9029967e-02
   2.9100000e+01  -1.8396887e-01   5.9036773e-02
   2.9200000e+01  -1.6860165e-01   4.1289154e-02
   2.9300000e+01  -1.5637725e-01   4.1263530e-02
   2.9400000e+01  -1.4739069e-01   4.8165669e-02
   2.9500000e+01  -1.3750889e-01   5.4586746e-02
   2.9600000e+01  -1.2677382e-01   6.6229388e-02
   2.9700000e+01  -1.1842244e-01   9.1135385e-02
   2.9800000e+01  -1.1008743e-01   1.2391773e-01
   2.9900000e+01  -9.1691295e-02   1.4593185e-01
   3.0000000e+01  -5.6734948e-02   1.4176126e-01
   3.0100000e+01  -1.4221938e-02   1.1292493e-01
   3.0200000e+01   1.6262603e-02   7.4751470e-02
   3.0300000e+01   2.4868626e-02   4.2642800e-02
   3.0400000e+01   2.4975405e-02   2.3092173e-02
   3.0500000e+01   4.1893453e-02   1.4903323e-02
   3.0600000e+01   8.6224737e-02   1.3974184e-02
   3.0700000e+01   1.4084510e-01   1.5507610e-02
   3.0800000e+01   1.7729598e-01   1.4739838e-02
   3.0900000e+01   1.8426701e-01   8.5528376e-03
   3.1000000e+01   1.7622776e-01  -3.6946817e-03
   3.1100000e+01   1.7307046e-01  -2.1568352e-02
   3.1200000e+01   1.7593869e-01  -4.3919508e-02
   3.1300000e+01   1.6849502e-01  -6.5447012e-02
   3.1400000e+01   1.4097267e-01  -7.4498172e-02
   3.1500000e+01   1.0595794e-01  -6.0128074e-02
   3.1600000e+01   8.5779895e-02  -2.5912488e-02
   3.1700000e+01   8.7520389e-02   4.9495105e-03
   3.1800000e+01   9.6709214e-02   4.8012008e-03
   3.1900000e+01   9.6299973e-02  -3.2911859e-02
   3.2000000e+01   8.6129417e-02  -8.3037351e-02
   3.2100000e+01   7.9472749e-02  -1.0707594e-01
   3.2200000e+01   8.3200988e-02  -8.5406107e-02
   3.2300000e+01   8.7003913e-02  -3.2865077e-02
   3.2400000e+01   7.3664104e-02   1.6459064e-02
   3.2500000e+01   3.7165411e-02   3.8481128e-02
   3.2600000e+01  -1.0672764e-02   3.3786151e-02
   3.2700000e+01  -4.9299021e-02   1.7619913e-02
   3.2800000e+01  -6.4154624e-02   1.2395790e-03
   3.2900000e+01  -5.6139933e-02  -1.4635233e-02
   3.3000000e+01  -4.0974477e-02  -3.1840411e-02
   3.3100000e+01  -3.8371771e-02  -4.6609164e-02
   3.3200000e+01  -5.6642442e-02  -5.2057579e-02
   3.3300000e+01  -8.5058720e-02  -4.6386100e-02
   3.3400000e+01  -1.0359868e-01  -3.5140116e-02
   3.3500000e+01  -1.0286089e-01  -2.4945254e-02
   3.3600000e+01  -9.2910291e-02  -1.7333940e-02
   3.3700000e+01  -8.9715913e-02  -1.0254502e-02
   3.3800000e+01  -9.4585342e-02  -4.2437517e-03
   3.3900000e+01  -9.2511211e-02  -4.2038807e-03
   3.4000000e+01  -7.2917696e-02  -1.3461723e-02
   3.4100000e+01  -4.7003059e-02  -2.6872774e-02
   3.4200000e+01  -3.8001785e-02  -3.2108730e-02
   3.4300000e+01  -5.3966160e-02  -1.9945661e-02
   3.4400000e+01  -7.5876605e-02   5.9634772e-03
   3.4500000e+01  -7.6891168e-02   3.0542795e-02
   3.4600000e+01  -5.1413544e-02   4.0327076e-02
   3.4700000e+01  -2.0740595e-02   3.6030707e-02
   3.4800000e+01  -9.4050430e-03   3.1389346e-02
   3.4900000e+01  -1.9539689e-02   3.8231000e-02
   3.5000000e+01  -3.1045416e-02   5.2863053e-02
   3.5100000e+01  -2.4949070e-02   5.8858157e-02
   3.5200000e+01  -2.8088355e-03   4.4182621e-02
   3.5300000e+01   1.7447208e-02   1.4520130e-02
   3.5400000e+01   2.1602909e-02  -1.1446252e-02
   3.5500000e+01   1.2363810e-02  -1.8894937e-02
   3.5600000e+01   3.6435591e-03  -7.3286921e-03
   3.5700000e+01   4.7825492e-03   1.4240130e-02
   3.5800000e+01   1.1724855e-02   3.7521343e-02
   3.5900000e+01   1.2495316e-02   5.7157860e-02
   3.6000000e+01   2.5117672e-05   6.6136282e-02
   3.6100000e+01  -1.9810252e-02   5.6539179e-02
   3.6200000e+01  -3.1487744e-02   2.8835683e-02
   3.6300000e+01  -2.1753599e-02  -2.9176437e-03
   3.6400000e+01   8.7659417e-03  -2.1015078e-02
   3.6500000e+01   4.3443303e-02  -2.0754908e-02
   3.6600000e+01   6.0144885e-02  -1.4056643e-02
   3.6700000e+01   4.7747331e-02  -1.4449186e-02
   3.6800000e+01   1.5661936e-02  -2.0907879e-02
   3.6900000e+01  -1.2588864e-02  -2.0137046e-02
   3.7000000e+01  -1.7383726e-02  -4.4928090e-03
   3.7100000e+01   2.6590123e-03   1.6256551e-02
   3.7200000e+01   3.2299016e-02   2.3413533e-02
   3.7300000e+01   5.4568725e-02   8.2061093e-03
   3.7400000e+01   6.4140986e-02  -1.9721179e-02
   3.7500000e+01   6.7372224e-02  -4.1674260e-02
   3.7600000e+01   7.1637148e-02  -4.5479137e-02
   3.7700000e+01   7.6771439e-02  -3.2297287e-02
   3.7800000e+01   7.7153176e-02  -1.1946215e-02
   3.7900000e+01   7.0094190e-02   5.3266887e-03
   3.8000000e+01   5.9575170e-02   1.3595537e-02
   3.8100000e+01   5.0956309e-02   1.2017657e-02
   3.8200000e+01   4.3835915e-02   3.7578993e-03
   3.8300000e+01   3.2744798e-02  -6.2005672e-03
   3.8400000e+01   1.5465035e-02  -1.3987691e-02
   3.8500000e+01  -1.7132029e-03  -1.8708738e-02
   3.8600000e+01  -9.8943755e-03  -2.1811275e-02
   3.8700000e+01  -8.8254555e-03  -2.5165685e-02
   3.8800000e+01  -9.3309173e-03  -3.0017856e-02
   3.8900000e+01  -2.1983295e-02  -3.6772126e-02
   3.9000000e+01  -4.4233701e-02  -4.4050017e-02
   3.9100000e+01  -6.1867983e-02  -4.7524439e-02
   3.9200000e+01  -6.4348779e-02  -4.1393158e-02
   3.9300000e+01  -5.6299059e-02  -2.3316680e-02
   3.9400000e+01  -5.1059500e-02   1.2968276e-03
   3.9500000e+01  -5.3658846e-02   2.1043743e-02
   3.9600000e+01  -5.3856761e-02   2.6402999e-02
   3.9700000e+01  -3.8464087e-02   1.7189054e-02
   3.9800000e+01  -9.2211800e-03   2.5712124e-03
   3.9900000e+01   1.4773350e-02  -6.5412343e-03
   4.0000000e+01   1.4282088e-02  -5.6825189e-03
   4.0100000e+01  -1.0666662e-02   1.7277199e-03
   4.0200000e+01  -3.9349447e-02   9.9874159e-03
   4.0300000e+01  -4.8617580e-02   1.7156074e-02
   4.0400000e+01  -3.2990355e-02   2.5338457e-02
   4.0500000e+01  -7.6555350e-03   3.5916851e-02
   4.0600000e+01   7.1455383e-03   4.5914937e-02
   4.0700000e+01   4.2129904e-03   4.9813332e-02
   4.0800000e+01  -6.9137093e-03   4.4753706e-02
   4.0900000e+01  -1.1949647e-02   3.3658713e-02
   4.1000000e+01  -5.7293229e-03   2.3385173e-02
   4.1100000e+01   5.4997031e-03   1.9744126e-02
   4.1200000e+01   1.3151826e-02   2.3292827e-02
   4.1300000e+01   1.5375206e-02   2.8668603e-02
   4.1400000e+01   1.7066766e-02   2.7950741e-02
   4.1500000e+01   2.2678982e-02   1.6278960e-02
   4.1600000e+01   3.0342335e-02  -3.7884091e-03
   4.1700000e+01   3.2840825e-02  -2.2580741e-02
   4.1800000e+01   2.3874159e-02  -2.8876594e-02
   4.1900000e+01   4.0859588e-03  -1.7536374e-02
   4.2000000e+01  -1.7897253e-02   5.8056877e-03
   4.2100000e+01  -3.0698355e-02   2.6736588e-02
   4.2200000e+01  -2.8389389e-02   3.0821540e-02
   4.2300000e+01  -1.4983074e-02   1.4328132e-02
   4.2400000e+01  -4.4923482e-04  -1.1275119e-02
   4.2500000e+01   8.6480658e-03  -2.6712787e-02
   4.2600000e+01   1.4187162e-02  -2.0266284e-02
   4.2700000e+01   2.1005576e-02   1.8808776e-03
   4.2800000e+01   2.6795798e-02   2.0810043e-02
   4.2900000e+01   2.0537921e-02   2.1529844e-02
   4.3000000e+01  -5.5442894e-03   5.1303978e-03
   4.3100000e+01  -4.2203494e-02  -1.4878438e-02
   4.3200000e+01  -6.5066469e-02  -2.6440305e-02
   4.3300000e+01  -5.4875711e-02  -2.7673862e-02
   4.3400000e+01  -1.7315306e-02  -2.3274105e-02
   4.3500000e+01   1.9526585e-02  -1.6362397e-02
   4.3600000e+01   3.0092019e-02  -6.7542774e-03
   4.3700000e+01   1.4158176e-02   4.0544763e-03
   4.3800000e+01  -5.7531371e-03   9.9982812e-03
   4.3900000e+01  -8.2653725e-03   4.6597352e-03
   4.4000000e+01   8.2178858e-03  -1.2313296e-02
   4.4100000e+01   3.0056490e-02  -3.3953953e-02
   4.4200000e+01   4.5810516e-02  -5.0574663e-02
   4.4300000e+01   5.3926548e-02  -5.5244741e-02
   4.4400000e+01   5.5339548e-02  -4.6635770e-02
   4.4500000e+01   4.7029387e-02  -2.9427811e-02
   4.4600000e+01   2.8334922e-02  -1.2587365e-02
   4.4700000e+01   9.5285373e-03  -4.6344599e-03
   4.4800000e+01   5.7178024e-03  -7.3401193e-03
   4.4900000e+01   1.9750497e-02  -1.3153534e-02
   4.5000000e+01   3.6335249e-02  -1.0593001e-02
   4.5100000e+01   3.7621187e-02   5.1741987e-03
   4.5200000e+01   2.2285384e-02   2.5527287e-02
   4.5300000e+01   4.4784743e-03   3.2906984e-02
   4.5400000e+01  -5.2907923e-03   1.5298884e-02
   4.5500000e+01  -1.2273370e-02  -2.0384199e-02
   4.5600000e+01  -2.7714210e-02  -4.9126235e-02
   4.5700000e+01  -5.1114840e-02  -4.5911531e-02
   4.5800000e+01  -6.7644959e-02  -7.8780921e-03
   4.5900000e+01  -6.3356728e-02   4.0062135e-02
   4.6000000e+01  -3.9352884e-02   6.4177838e-02
   4.6100000e+01  -9.8326966e-03   4.9896306e-02
   4.6200000e+01   1.0864362e-02   1.2707000e-02
   4.6300000e+01   1.7371027e-02  -1.8208123e-02
   4.6400000e+01   1.2562330e-02  -2.6703516e-02
   4.6500000e+01   2.4474888e-03  -2.0317330e-02
   4.6600000e+01  -7.3563044e-03  -1.6374671e-02
   4.6700000e+01  -1.3218028e-02  -2.0591477e-02
   4.6800000e+01  -1.4297590e-02  -2.1384277e-02
   4.6900000e+01  -1.1721445e-02  -5.0287154e-03
   4.7000000e+01  -6.2918236e-03   2.5453908e-02
   4.7100000e+01   2.2281887e-03   4.8731334e-02
   4.7200000e+01   1.2857137e-02   4.4249737e-02
   4.7300000e+01   2.1814474e-02   1.3543695e-02
   4.7400000e+01   2.5269633e-02  -1.8716473e-02
   4.7500000e+01   2.3540873e-02  -2.7167286e-02
   4.7600000e+01   2.0533222e-02  -1.0198272e-02
   4.7700000e+01   1.8332396e-02   9.1363329e-03
   4.7800000e+01   1.4187141e-02   7.7444765e-03
   4.7900000e+01   4.3589463e-03  -1.2928334e-02
   4.8000000e+01  -1.0245970e-02  -2.8670835e-02
   4.8100000e+01  -2.4358649e-02  -1.8332180e-02
   4.8200000e+01  -3.3993420e-02   1.4763249e-02
   4.8300000e+01  -3.9704038e-02   4.8129411e-02
   4.8400000e+01  -4.3638703e-02   6.3790191e-02
   4.8500000e+01  -4.5411332e-02   6.2966499e-02
   4.8600000e+01  -4.2774847e-02   5.7939162e-02
   4.8700000e+01  -3.5581562e-02   5.4568540e-02
   4.8800000e+01  -2.6926175e-02   4.7131986e-02
   4.8900000e+01  -1.9893014e-02   2.9344929e-02
   4.9000000e+01  -1.4729754e-02   5.9369915e-03
   4.9100000e+01  -1.0286239e-02  -9.4068177e-03
   4.9200000e+01  -7.0825709e-03  -6.6603893e-03
   4.9300000e+01  -6.9472493e-03   1.1480594e-02
   4.9400000e+01  -9.2530522e-03   3.2348843e-02
   4.9500000e+01  -9.2448561e-03   4.3462309e-02
   4.9600000e+01  -2.0590208e-03   4.0558895e-02
   4.9700000e+01   1.1175914e-02   2.8473195e-02
   4.9800000e+01   2.2183621e-02   1.6045189e-02
   4.9900000e+01   2.1547025e-02   8.9216952e-03
   5.0000000e+01   6.6960976e-03   4.6031683e-03
   5.0100000e+01  -1.5061310e-02  -6.1115229e-03
   5.0200000e+01  -3.0612000e-02  -3.0377800e-02
   5.0300000e+01  -2.9008183e-02  -6.3372465e-02
   5.0400000e+01  -8.4767798e-03  -8.7604732e-02
   5.0500000e+01   2.1556282e-02  -8.5602520e-02
   5.0600000e+01   4.5658298e-02  -5.6220342e-02
   5.0700000e+01   5.2840681e-02  -1.8274634e-02
   5.0800000e+01   4.4604185e-02   3.8328920e-03
   5.0900000e+01   3.2530247e-02  -7.0740140e-04
   5.1000000e+01   2.6616679e-02  -2.3364302e-02
   5.1100000e+01   2.6179930e-02  -4.7179208e-02
   5.1200000e+01   2.3394437e-02  -6.0450399e-02
   5.1300000e+01   1.5105453e-02  -6.0235822e-02
   5.1400000e+01   8.3335840e-03  -4.8007647e-02
   5.1500000e+01   1.2307747e-02  -2.7608451e-02
   5.1600000e+01   2.6319096e-02  -6.9132129e-03
   5.1700000e+01   3.7864830e-02   4.7949074e-03
   5.1800000e+01   3.3639254e-02   5.4949235e-03
   5.1900000e+01   1.2077980e-02   4.1420273e-03
   5.2000000e+01  -1.4290698e-02   1.0957078e-02
   5.2100000e+01  -2.7872382e-02   2.3949539e-02
   5.2200000e+01  -1.8811003e-02   2.9634122e-02
   5.2300000e+01   7.1914077e-03   1.9246153e-02
   5.2400000e+01   3.1533795e-02   4.9760232e-04
   5.2500000e+01   3.5781488e-02  -1.0802452e-02
   5.2600000e+01   1.6903713e-02  -8.7055553e-03
   5.2700000e+01  -8.7773302e-03  -1.2974729e-03
   5.2800000e+01  -1.9238601e-02   3.1826012e-03
   5.2900000e+01  -6.9466334e-03   7.5378341e-03
   5.3000000e+01   1.4696676e-02   1.7776744e-02
   5.3100000e+01   2.6045978e-02   2.8157696e-02
   5.3200000e+01   2.1312829e-02   2.3170761e-02
   5.3300000e+01   1.2056468e-02  -2.1153337e-03
   5.3400000e+01   1.1276383e-02  -2.9377492e-02
   5.3500000e+01   1.7584953e-02  -3.2057123e-02
   5.3600000e+01   1.7692778e-02  -4.2725809e-03
   5.3700000e+01   3.1354818e-03   2.9185484e-02
   5.3800000e+01  -1.8612227e-02   3.4749873e-02
   5.3900000e+01  -3.0241244e-02   2.0870784e-03
   5.4000000e+01  -1.9965885e-02  -4.5448672e-02
   5.4100000e+01   9.0829861e-03  -7.0552801e-02
   5.4200000e+01   4.1121787e-02  -5.2279815e-02
   5.4300000e+01   5.6779117e-02  -1.2251634e-03
   5.4400000e+01   4.3498776e-02   4.9957166e-02
   5.4500000e+01   4.4250699e-03   7.0713881e-02
   5.4600000e+01  -3.9732544e-02   5.3255147e-02
   5.4700000e+01  -6.2614570e-02   1.6137524e-02
   5.4800000e+01  -5.3809010e-02  -1.0897659e-02
   5.4900000e+01  -3.0912044e-02  -9.6586266e-03
   5.5000000e+01  -2.5576051e-02   1.3638066e-02
   5.5100000e+01  -5.2563913e-02   3.6101579e-02
   5.5200000e+01  -9.2526653e-02   3.9865976e-02
   5.5300000e+01  -1.0864414e-01   2.7601716e-02
   5.5400000e+01  -8.2183152e-02   1.6911075e-02
   5.5500000e+01  -3.1104449e-02   2.0097500e-02
   5.5600000e+01   6.7974115e-03   3.1462376e-02
   5.5700000e+01   8.3389599e-03   3.5648427e-02
   5.5800000e+01  -1.6971606e-02   2.6267008e-02
   5.5900000e+01  -4.0127518e-02   1.2583938e-02
   5.6000000e+01  -4.0767776e-02   7.3077048e-03
   5.6100000e+01  -2.2495124e-02   1.1382912e-02
   5.6200000e+01  -3.8416886e-03   1.3891468e-02
   5.6300000e+01   2.2537350e-03   5.5911605e-03
   5.6400000e+01  -9.1512542e-04  -1.0837860e-02
   5.6500000e+01  -1.3940789e-03  -2.4432759e-02
   5.6600000e+01   6.5451526e-03  -2.7291545e-02
   5.6700000e+01   1.6839671e-02  -2.1199881e-02
   5.6800000e+01   1.9930125e-02  -1.4642235e-02
   5.6900000e+01   1.4041080e-02  -1.4331965e-02
   5.7000000e+01   6.7175337e-03  -1.8493419e-02
   5.7100000e+01   6.0883473e-03  -1.8020733e-02
   5.7200000e+01   1.2457738e-02  -6.5579139e-03
   5.7300000e+01   1.8943419e-02   9.0847980e-03
   5.7400000e+01   1.9230601e-02   1.1679654e-02
   5.7500000e+01   1.3875312e-02  -8.6704991e-03
   5.7600000e+01   9.5454340e-03  -3.9936704e-02
   5.7700000e+01   1.2787613e-02  -5.6565200e-02
   5.7800000e+01   2.4071185e-02  -4.5342332e-02
   5.7900000e+01   3.6908910e-02  -1.9817721e-02
   5.8000000e+01   4.2695630e-02  -5.4451657e-03
   5.8100000e+01   3.7384645e-02  -1.2257482e-02
   5.8200000e+01   2.4466231e-02  -2.6429523e-02
   5.8300000e+01   1.1889101e-02  -2.8104305e-02
   5.8400000e+01   6.0607466e-03  -1.2209785e-02
   5.8500000e+01   8.2501416e-03   1.0186659e-02
   5.8600000e+01   1.5503907e-02   2.5911756e-02
   5.8700000e+01   2.3822246e-02   2.9746935e-02
   5.8800000e+01   3.0564573e-02   2.2770684e-02
   5.8900000e+01   3.5144532e-02   7.8268503e-03
   5.9000000e+01   3.8434813e-02  -1.0222157e-02
   5.9100000e+01   4.1319247e-02  -2.3504455e-02
   5.9200000e+01   4.3276705e-02  -2.5261693e-02
   5.9300000e+01   4.2354840e-02  -1.5518094e-02
   5.9400000e+01   3.6538460e-02  -5.7315718e-04
   5.9500000e+01   2.4702889e-02   1.3486974e-02
   5.9600000e+01   6.4372841e-03   2.5193956e-02
   5.9700000e+01  -1.7207846e-02   3.5279727e-02
   5.9800000e+01  -4.1056774e-02   4.1725808e-02
   5.9900000e+01  -5.5311536e-02   3.9200811e-02
   6.0000000e+01  -5.1998858e-02   2.4081190e-02
   6.0100000e+01  -3.4596742e-02  -2.8419553e-05
   6.0200000e+01  -1.8955892e-02  -2.2167954e-02
   6.0300000e+01  -1.9844750e-02  -3.0838284e-02
   6.0400000e+01  -3.4856408e-02  -2.3068056e-02
   6.0500000e+01  -4.4774194e-02  -7.4205485e-03
   6.0600000e+01  -3.3667249e-02   3.4782543e-03
   6.0700000e+01  -8.4815861e-03   4.8598866e-03
   6.0800000e+01   4.8078229e-03   3.7035289e-03
   6.0900000e+01  -1.2798329e-02   9.4575220e-03
   6.1000000e+01  -5.1421357e-02   2.1583400e-02
   6.1100000e+01  -7.8005555e-02   2.8697483e-02
   6.1200000e+01  -6.5201334e-02   2.0994519e-02
   6.1300000e+01  -1.6006562e-02   1.7711688e-03
   6.1400000e+01   3.8258600e-02  -1.5053754e-02
   6.1500000e+01   6.3521149e-02  -1.7960396e-02
   6.1600000e+01   4.9053949e-02  -6.7766201e-03
   6.1700000e+01   1.3334486e-02   1.0007471e-02
   6.1800000e+01  -1.2623711e-02   2.3036989e-02
   6.1900000e+01  -9.4615255e-03   2.5822849e-02
   6.2000000e+01   1.7602671e-02   1.4727150e-02
   6.2100000e+01   4.5661526e-02  -8.7794025e-03
   6.2200000e+01   5.3715704e-02  -3.4201471e-02
   6.2300000e+01   3.8585887e-02  -4.4771026e-02
   6.2400000e+01   1.5013276e-02  -2.9851724e-02
   6.2500000e+01   1.8032098e-03   3.6148309e-03
   6.2600000e+01   6.8948121e-03   3.4245812e-02
   6.2700000e+01   2.2914631e-02   4.3157179e-02
   6.2800000e+01   3.4367797e-02   2.8407927e-02
   6.2900000e+01   2.9090791e-02   3.2433864e-03
   6.3000000e+01   5.9307106e-03  -1.7780194e-02
   6.3100000e+01  -2.5068158e-02  -2.9119060e-02
   6.3200000e+01  -4.9084608e-02  -3.2479188e-02
   6.3300000e+01  -5.5165643e-02  -2.9360537e-02
   6.3400000e+01  -4.1377896e-02  -1.8625681e-02
   6.3500000e+01  -1.3827765e-02  -8.5652126e-04
   6.3600000e+01   1.7321378e-02   1.7640309e-02
   6.3700000e+01   4.0285393e-02   2.6995275e-02
   6.3800000e+01   4.3482541e-02   2.0412780e-02
   6.3900000e+01   2.1437396e-02  -5.5397733e-04
   6.4000000e+01  -1.6988189e-02  -2.6038080e-02
   6.4100000e+01  -4.9064362e-02  -4.3204033e-02
   6.4200000e+01  -5.3991926e-02  -4.3906587e-02
   6.4300000e+01  -3.2214840e-02  -2.9894963e-02
   6.4400000e+01  -6.6286333e-03  -1.1402541e-02
   6.4500000e+01  -5.1610200e-04   5.7055704e-04
   6.4600000e+01  -1.4224875e-02   2.3432746e-03
   6.4700000e+01  -2.6649315e-02  -8.3257631e-04
   6.4800000e+01  -2.0098096e-02  -7.8525270e-04
   6.4900000e+01   1.6343761e-04   5.7375280e-03
   6.5000000e+01   1.3812656e-02   1.4691995e-02
   6.5100000e+01   1.0066208e-02   1.9888273e-02
   6.5200000e+01  -7.5384883e-04   2.0444000e-02
   6.5300000e+01  -1.2160390e-03   2.2357193e-02
   6.5400000e+01   1.1950299e-02   3.1069592e-02
   6.5500000e+01   2.4501714e-02   4.1983567e-02
   6.5600000e+01   2.1421118e-02   4.0926481e-02
   6.5700000e+01   2.9571890e-03   1.8092538e-02
   6.5800000e+01  -1.7239318e-02  -1.7138609e-02
   6.5900000e+01  -2.6726783e-02  -3.8425231e-02
   6.6000000e+01  -2.3767866e-02  -2.4063943e-02
   6.6100000e+01  -1.3652835e-02   2.1514192e-02
   6.6200000e+01  -6.8560290e-04   6.8413431e-02
   6.6300000e+01   1.2725259e-02   8.4600072e-02
   6.6400000e+01   2.1066894e-02   6.0199904e-02
   6.6500000e+01   1.5688516e-02   1.2070533e-02
   6.6600000e+01  -5.8776225e-03  -3.1738435e-02
   6.6700000e+01  -3.1321940e-02  -5.1830009e-02
   6.6800000e+01  -3.9026746e-02  -4.7130323e-02
   6.6900000e+01  -1.6686089e-02  -3.1125020e-02
   6.7000000e+01   2.4262365e-02  -1.9943438e-02
   6.7100000e+01   5.4681364e-02  -2.0594173e-02
   6.7200000e+01   5.1230693e-02  -2.7296244e-02
   6.7300000e+01   1.6514586e-02  -2.8867846e-02
   6.7400000e+01  -2.2605761e-02  -2.0732289e-02
   6.7500000e+01  -3.7136704e-02  -9.6960174e-03
   6.7600000e+01  -1.9250456e-02  -6.4601517e-03
   6.7700000e+01   1.2610491e-02  -1.4119393e-02
   6.7800000e+01   3.0218921e-02  -2.5184115e-02
   6.7900000e+01   1.9334391e-02  -2.9507363e-02
   6.8000000e+01  -9.1714103e-03  -2.3465988e-02
   6.8100000e+01  -3.0159614e-02  -1.1146107e-02
   6.8200000e+01  -2.7322101e-02   1.1352091e-03
   6.8300000e+01  -7.1817768e-03   9.2544612e-03
   6.8400000e+01   9.4336373e-03   1.1387172e-02
   6.8500000e+01   9.6388917e-03   7.3334424e-03
   6.8600000e+01   1.0210926e-03  -1.1811125e-04
   6.8700000e+01   9.9528411e-04  -4.6244327e-03
   6.8800000e+01   1.4986842e-02  -9.3348531e-05
   6.8900000e+01   2.8319569e-02   1.3620984e-02
   6.9000000e+01   2.1704454e-02   2.9603644e-02
   6.9100000e+01  -6.1851673e-03   3.9297202e-02
   6.9200000e+01  -3.3698725e-02   3.8875994e-02
   6.9300000e+01  -3.4721894e-02   3.0263572e-02
   6.9400000e+01  -2.5835188e-03   1.7168481e-02
   6.9500000e+01   4.3022313e-02   1.7806009e-03
   6.9600000e+01   7.1222150e-02  -1.4412216e-02
   6.9700000e+01   6.3275636e-02  -2.7960739e-02
   6.9800000e+01   2.5785972e-02  -3.3268298e-02
   6.9900000e+01  -1.4608136e-02  -2.6133467e-02
   7.0000000e+01  -3.0353152e-02  -8.1733728e-03
   7.0100000e+01  -1.2665730e-02   1.2186760e-02
   7.0200000e+01   2.2284448e-02   2.4394745e-02
   7.0300000e+01   4.6218781e-02   2.3552790e-02
   7.0400000e+01   4.1296827e-02   1.4467080e-02
   7.0500000e+01   1.3513037e-02   6.8439275e-03
   7.0600000e+01  -1.4755055e-02   5.2938984e-03
   7.0700000e+01  -2.5303166e-02   5.0032108e-03
   7.0800000e+01  -1.7876124e-02  -9.5771033e-04
   7.0900000e+01  -5.6573185e-03  -1.0687752e-02
   7.1000000e+01  -1.2851357e-04  -1.3054587e-02
   7.1100000e+01  -1.5893620e-03  -3.3916234e-04
   7.1200000e+01  -2.3922184e-03   2.0529112e-02
   7.1300000e+01   3.7874227e-03   3.2995438e-02
   7.1400000e+01   1.6398791e-02   2.8273933e-02
   7.1500000e+01   2.8915541e-02   1.5497027e-02
   7.1600000e+01   3.2918417e-02   1.2087619e-02
   7.1700000e+01   2.2444099e-02   2.4074603e-02
   7.1800000e+01  -2.1856414e-03   3.7742283e-02
   7.1900000e+01  -3.2505390e-02   3.2256017e-02
   7.2000000e+01  -5.4717904e-02   1.2918894e-03
   7.2100000e+01  -5.7524109e-02  -3.7410680e-02
   7.2200000e+01  -4.0298037e-02  -5.4694294e-02
   7.2300000e+01  -1.4666287e-02  -3.5083611e-02
   7.2400000e+01   3.3308934e-03   7.2829592e-03
   7.2500000e+01   5.2468985e-03   3.7569063e-02
   7.2600000e+01  -3.7241320e-03   2.8953380e-02
   7.2700000e+01  -1.0632908e-02  -1.3408959e-02
   7.2800000e+01  -7.5977645e-03  -5.6544233e-02
   7.2900000e+01   7.3355559e-04  -6.9896163e-02
   7.3000000e+01   2.3920615e-03  -5.2652775e-02
   7.3100000e+01  -9.7132063e-03  -3.0527751e-02
   7.3200000e+01  -3.1106964e-02  -2.6093902e-02
   7.3300000e+01  -5.0195723e-02  -3.5310386e-02
   7.3400000e+01  -5.7609781e-02  -3.5301609e-02
   7.3500000e+01  -5.1234644e-02  -1.2764932e-02
   7.3600000e+01  -3.5053860e-02   2.0015916e-02
   7.3700000e+01  -1.6179225e-02   3.8424881e-02
   7.3800000e+01  -2.4498245e-03   3.1080982e-02
   7.3900000e+01   1.0334708e-03   9.2322660e-03
   7.4000000e+01  -4.0433935e-03  -7.3087850e-03
   7.4100000e+01  -9.5817604e-03  -9.2297800e-03
   7.4200000e+01  -8.1034193e-03  -2.0773331e-03
   7.4300000e+01   1.7543097e-04   4.0946093e-03
   7.4400000e+01   8.9223650e-03   5.1426564e-03
   7.4500000e+01   1.4401297e-02   3.4348089e-03
   7.4600000e+01   1.9918921e-02   2.2508772e-03
   7.4700000e+01   2.9613201e-02   2.4824995e-03
   7.4800000e+01   3.9799914e-02   3.8225388e-03
   7.4900000e+01   4.0458942e-02   6.2533904e-03
   7.5000000e+01   2.6545755e-02   9.1138534e-03
   7.5100000e+01   5.3666482e-03   1.0097073e-02
   7.5200000e+01  -9.5686095e-03   6.9641187e-03
   7.5300000e+01  -1.1235855e-02   3.0236991e-04
   7.5400000e+01  -3.8336118e-03  -6.3846670e-03
   7.5500000e+01   4.4809416e-03  -9.1733375e-03
   7.5600000e+01   1.0793507e-02  -5.1424674e-03
   7.5700000e+01   1.8002538e-02   8.0070406e-03
   7.5800000e+01   2.7900225e-02   3.0002999e-02
   7.5900000e+01   3.6373737e-02   5.2656375e-02
   7.6000000e+01   3.6647120e-02   5.9184723e-02
   7.6100000e+01   2.6826910e-02   3.6217973e-02
   7.6200000e+01   1.3386157e-02  -9.1342467e-03
   7.6300000e+01   6.3156237e-03  -4.7858310e-02
   7.6400000e+01   9.7881629e-03  -5.2084145e-02
   7.6500000e+01   1.7099963e-02  -2.2434741e-02
   7.6600000e+01   1.5774679e-02   1.0937620e-02
   7.6700000e+01  -5.3996128e-04   1.7788319e-02
   7.6800000e+01  -2.4349046e-02  -3.1391105e-03
   7.6900000e+01  -3.9139685e-02  -2.6587500e-02
   7.7000000e+01  -3.3245479e-02  -2.9808831e-02
   7.7100000e+01  -9.8092583e-03  -1.4198341e-02
   7.7200000e+01   1.6438100e-02   2.1064464e-03
   7.7300000e+01   3.1597005e-02   7.0780306e-03
   7.7400000e+01   3.1804227e-02   5.2730264e-03
   7.7500000e+01   2.1993690e-02   7.6653541e-03
   7.7600000e+01   8.7355059e-03   1.6844220e-02
   7.7700000e+01  -3.8764121e-03   2.4348014e-02
   7.7800000e+01  -1.3017344e-02   1.9996391e-02
   7.7900000e+01  -1.6073934e-02   1.9735493e-03
   7.8000000e+01  -1.3536304e-02  -2.0592289e-02
   7.8100000e+01  -1.1513429e-02  -3.3357694e-02
   7.8200000e+01  -1.7367653e-02  -2.7036010e-02
   7.8300000e+01  -3.0565937e-02  -5.2935107e-03
   7.8400000e+01  -3.9555712e-02   1.7317202e-02
   7.8500000e+01  -3.1167628e-02   2.7688847e-02
   7.8600000e+01  -4.5204680e-03   2.5401481e-02
   7.8700000e+01   2.5839661e-02   2.0227237e-02
   7.8800000e+01   4.2217476e-02   1.8151247e-02
   7.8900000e+01   3.8881391e-02   1.2963761e-02
   7.9000000e+01   2.4134890e-02  -4.8370813e-03
   7.9100000e+01   8.5632293e-03  -3.1404440e-02
   7.9200000e+01  -5.6908534e-03  -4.6289321e-02
   7.9300000e+01  -2.2223901e-02  -3.0052769e-02
   7.9400000e+01  -3.9138273e-02   1.3917161e-02
   7.9500000e+01  -4.5198404e-02   5.7198447e-02
   7.9600000e+01  -3.0549408e-02   6.9080192e-02
   7.9700000e+01  -8.0407294e-04   4.4130123e-02
   7.9800000e+01   2.2951096e-02   7.4402278e-03
   7.9900000e+01   2.1697126e-02  -1.0020800e-02
   8.0000000e+01  -2.7314068e-03  -2.9518224e-03
