   1.0221618e+02   2.8602761e+01   2.5212700e+03
   1.0222069e+02   2.8528580e+01   1.9993100e+03
   0.0000000e+00  -2.4419610e-02  -2.4419610e-02
   1.0000000e-01   1.4692365e-01  -1.3002397e-01
   2.0000000e-01   3.5543125e-01  -1.9143805e-01
   3.0000000e-01   5.4409977e-01  -2.4877403e-01
   4.0000000e-01   6.8177839e-01  -3.2179594e-01
   5.0000000e-01   7.8377812e-01  -4.0653589e-01
   6.0000000e-01   8.7650813e-01  -4.9515259e-01
   7.0000000e-01   9.5725156e-01  -5.8459494e-01
   8.0000000e-01   1.0000000e+00  -6.7063520e-01
   9.0000000e-01   9.9019884e-01  -7.4705633e-01
   1.0000000e+00   9.3696446e-01  -8.1167239e-01
   1.1000000e+00   8.5400051e-01  -8.6298425e-01
   1.2000000e+00   7.4695653e-01  -8.8925541e-01
   1.3000000e+00   6.2588512e-01  -8.7233489e-01
   1.4000000e+00   5.1505648e-01  -8.0980337e-01
   1.5000000e+00   4.3577783e-01  -7.2675844e-01
   1.6000000e+00   3.8369730e-01  -6.5665089e-01
   1.7000000e+00   3.3524462e-01  -6.1134734e-01
   1.8000000e+00   2.7680014e-01  -5.7453706e-01
   1.9000000e+00   2.1803399e-01  -5.2140202e-01
   2.0000000e+00   1.7457604e-01  -4.3902174e-01
   2.1000000e+00   1.4659862e-01  -3.3199167e-01
   2.2000000e+00   1.2003306e-01  -2.1956008e-01
   2.3000000e+00   8.3329800e-02  -1.2914921e-01
   2.4000000e+00   3.6767108e-02  -8.1327733e-02
   2.5000000e+00  -1.1823964e-02  -7.2509922e-02
   2.6000000e+00  -5.4416665e-02  -7.6948925e-02
   2.7000000e+00  -8.6611226e-02  -7.2417585e-02
   2.8000000e+00  -1.0905033e-01  -5.9820675e-02
   2.9000000e+00  -1.2561637e-01  -5.0281744e-02
   3.0000000e+00  -1.3778844e-01  -3.8178085e-02
   3.1000000e+00  -1.4263645e-01  -6.8764101e-04
   3.2000000e+00  -1.4056414e-01   7.3498529e-02
   3.3000000e+00  -1.4244899e-01   1.6764540e-01
   3.4000000e+00  -1.6069246e-01   2.5665559e-01
   3.5000000e+00  -1.9096809e-01   3.3305924e-01
   3.6000000e+00  -2.1070949e-01   4.0141249e-01
   3.7000000e+00  -2.0207906e-01   4.5395388e-01
   3.8000000e+00  -1.7274245e-01   4.7060782e-01
   3.9000000e+00  -1.4846862e-01   4.4754768e-01
   4.0000000e+00  -1.4859276e-01   4.1046575e-01
   4.1000000e+00  -1.7487958e-01   3.8802236e-01
   4.2000000e+00  -2.2029343e-01   3.8034438e-01
   4.3000000e+00  -2.7743821e-01   3.6622249e-01
   4.4000000e+00  -3.3657967e-01   3.3687339e-01
   4.5000000e+00  -3.8591575e-01   3.0783950e-01
   4.6000000e+00  -4.1992444e-01   2.9605687e-01
   4.7000000e+00  -4.3999304e-01   2.9927906e-01
   4.8000000e+00  -4.4051086e-01   3.0546896e-01
   4.9000000e+00  -4.0427832e-01   3.1135516e-01
   5.0000000e+00  -3.2666433e-01   3.1878505e-01
   5.1000000e+00  -2.4186433e-01   3.1684697e-01
   5.2000000e+00  -2.0640111e-01   2.8242991e-01
   5.3000000e+00  -2.4539326e-01   2.0495638e-01
   5.4000000e+00  -3.2259517e-01   1.0493684e-01
   5.5000000e+00  -3.7298635e-01   2.2169972e-02
   5.6000000e+00  -3.6069108e-01  -1.4472559e-02
   5.7000000e+00  -2.9769629e-01  -5.7959388e-03
   5.8000000e+00  -2.1423475e-01   2.4209369e-02
   5.9000000e+00  -1.2882466e-01   4.8676928e-02
   6.0000000e+00  -5.0087486e-02   5.1899395e-02
   6.1000000e+00   1.0745504e-02   2.8529795e-02
   6.2000000e+00   4.6239368e-02  -2.2251378e-02
   6.3000000e+00   6.7465079e-02  -9.3364054e-02
   6.4000000e+00   9.7422206e-02  -1.6145975e-01
   6.5000000e+00   1.4575603e-01  -1.9513909e-01
   6.6000000e+00   1.9807596e-01  -1.8364796e-01
   6.7000000e+00   2.3414227e-01  -1.5212521e-01
   6.8000000e+00   2.4996310e-01  -1.3303444e-01
   6.9000000e+00   2.5708419e-01  -1.2261525e-01
   7.0000000e+00   2.6613420e-01  -8.5678754e-02
   7.1000000e+00   2.7879656e-01  -1.4133212e-02
   7.2000000e+00   2.9281206e-01   3.8697837e-02
   7.3000000e+00   3.0509717e-01   7.3596311e-03
   7.4000000e+00   3.0832086e-01  -1.0641608e-01
   7.5000000e+00   2.9374337e-01  -2.2862110e-01
   7.6000000e+00   2.6441064e-01  -2.9194298e-01
   7.7000000e+00   2.4053843e-01  -2.9636275e-01
   7.8000000e+00   2.4234029e-01  -2.7948473e-01
   7.9000000e+00   2.6630418e-01  -2.5244187e-01
   8.0000000e+00   2.8547557e-01  -1.9538725e-01
   8.1000000e+00   2.7720562e-01  -1.0688082e-01
   8.2000000e+00   2.4621978e-01  -2.1926271e-02
   8.3000000e+00   2.1509540e-01   2.8646590e-02
   8.4000000e+00   1.9476360e-01   4.9318426e-02
   8.5000000e+00   1.7230027e-01   5.2709581e-02
   8.6000000e+00   1.3043400e-01   2.3382022e-02
   8.7000000e+00   7.2961625e-02  -6.2138304e-02
   8.8000000e+00   2.3851834e-02  -1.8616365e-01
   8.9000000e+00   1.4753394e-03  -2.9007034e-01
   9.0000000e+00  -7.8092428e-04  -3.2933683e-01
   9.1000000e+00  -5.9640581e-03  -3.0622224e-01
   9.2000000e+00  -2.9147993e-02  -2.4100628e-01
   9.3000000e+00  -6.4691782e-02  -1.3874693e-01
   9.4000000e+00  -9.5423453e-02  -8.1883119e-03
   9.5000000e+00  -1.0971128e-01   1.0551838e-01
   9.6000000e+00  -1.0898170e-01   1.4576100e-01
   9.7000000e+00  -1.0307035e-01   1.0900560e-01
   9.8000000e+00  -1.0202688e-01   5.6357202e-02
   9.9000000e+00  -1.1090117e-01   4.4504401e-02
   1.0000000e+01  -1.2795503e-01   6.4410648e-02
   1.0100000e+01  -1.4585437e-01   6.9229338e-02
   1.0200000e+01  -1.5651642e-01   4.7881507e-02
   1.0300000e+01  -1.5751474e-01   3.8763624e-02
   1.0400000e+01  -1.5427886e-01   6.8415630e-02
   1.0500000e+01  -1.5473876e-01   1.0856324e-01
   1.0600000e+01  -1.6073696e-01   1.1457011e-01
   1.0700000e+01  -1.6478382e-01   8.8394930e-02
   1.0800000e+01  -1.5606591e-01   7.6100547e-02
   1.0900000e+01  -1.3047039e-01   1.0628364e-01
   1.1000000e+01  -9.5120107e-02   1.5636056e-01
   1.1100000e+01  -6.3015728e-02   1.8659691e-01
   1.1200000e+01  -4.2974302e-02   1.8609757e-01
   1.1300000e+01  -3.4458917e-02   1.7008320e-01
   1.1400000e+01  -3.1432763e-02   1.4710068e-01
   1.1500000e+01  -2.9901726e-02   1.1183982e-01
   1.1600000e+01  -3.0719725e-02   6.7108140e-02
   1.1700000e+01  -3.5456112e-02   3.0323906e-02
   1.1800000e+01  -4.0942510e-02   1.1051862e-02
   1.1900000e+01  -3.9052199e-02  -1.5672929e-03
   1.2000000e+01  -2.2663893e-02  -1.8038339e-02
   1.2100000e+01   6.9498055e-03  -2.7625152e-02
   1.2200000e+01   3.7758334e-02  -1.3340736e-02
   1.2300000e+01   5.3419082e-02   1.8719539e-02
   1.2400000e+01   4.5785224e-02   4.1839878e-02
   1.2500000e+01   2.3528674e-02   4.0307450e-02
   1.2600000e+01   7.1271609e-03   2.3500283e-02
   1.2700000e+01   1.2333857e-02   5.8758446e-03
   1.2800000e+01   3.7468061e-02  -1.0524378e-02
   1.2900000e+01   6.7562009e-02  -2.4699782e-02
   1.3000000e+01   9.0138243e-02  -2.3668533e-02
   1.3100000e+01   1.0440377e-01   4.7960844e-04
   1.3200000e+01   1.1478559e-01   2.6590813e-02
   1.3300000e+01   1.1961427e-01   1.8814304e-02
   1.3400000e+01   1.1069742e-01  -2.9832752e-02
   1.3500000e+01   8.3997209e-02  -8.3529657e-02
   1.3600000e+01   4.7109543e-02  -1.0185436e-01
   1.3700000e+01   1.4193138e-02  -8.0397481e-02
   1.3800000e+01  -5.0508035e-03  -4.3385233e-02
   1.3900000e+01  -1.0073842e-02  -8.3027004e-03
   1.4000000e+01  -5.2421780e-03   2.2982415e-02
   1.4100000e+01   5.6231587e-03   4.1891878e-02
   1.4200000e+01   1.9525419e-02   2.7102897e-02
   1.4300000e+01   3.1447649e-02  -2.5704999e-02
   1.4400000e+01   3.4336578e-02  -8.2572855e-02
   1.4500000e+01   2.3671765e-02  -1.0001978e-01
   1.4600000e+01   2.2694739e-03  -7.4187708e-02
   1.4700000e+01  -2.0281401e-02  -4.4992521e-02
   1.4800000e+01  -3.4479682e-02  -4.6218222e-02
   1.4900000e+01  -3.8647001e-02  -6.5233049e-02
   1.5000000e+01  -4.0191017e-02  -6.4018000e-02
   1.5100000e+01  -4.8508553e-02  -3.2128231e-02
   1.5200000e+01  -6.6075212e-02  -1.5835591e-03
   1.5300000e+01  -8.6595039e-02  -5.9813591e-03
   1.5400000e+01  -1.0165506e-01  -3.8809410e-02
   1.5500000e+01  -1.0793409e-01  -6.3593214e-02
   1.5600000e+01  -1.0686929e-01  -5.9185714e-02
   1.5700000e+01  -9.8481678e-02  -4.1071798e-02
   1.5800000e+01  -7.8953956e-02  -3.5621110e-02
   1.5900000e+01  -4.7072689e-02  -4.5219729e-02
   1.6000000e+01  -1.2239071e-02  -4.8256655e-02
   1.6100000e+01   8.1783825e-03  -2.8342508e-02
   1.6200000e+01   3.6714688e-03   7.6412288e-03
   1.6300000e+01  -1.6591125e-02   4.1326314e-02
   1.6400000e+01  -2.8702748e-02   6.2443781e-02
   1.6500000e+01  -1.4900869e-02   7.0719115e-02
   1.6600000e+01   1.9909582e-02   6.5484526e-02
   1.6700000e+01   5.3417816e-02   4.4494851e-02
   1.6800000e+01   6.7320157e-02   1.4167998e-02
   1.6900000e+01   6.2098695e-02  -7.7087031e-03
   1.7000000e+01   5.1413614e-02  -6.0622957e-03
   1.7100000e+01   4.6084853e-02   1.6258662e-02
   1.7200000e+01   4.6839951e-02   4.0931877e-02
   1.7300000e+01   5.0350877e-02   5.1104553e-02
   1.7400000e+01   5.6163279e-02   4.4064793e-02
   1.7500000e+01   6.4805051e-02   2.9628129e-02
   1.7600000e+01   7.2593981e-02   2.0474345e-02
   1.7700000e+01   7.3249152e-02   2.3570817e-02
   1.7800000e+01   6.5165573e-02   3.5498044e-02
   1.7900000e+01   5.4259839e-02   4.3159222e-02
   1.8000000e+01   4.8419488e-02   3.2907114e-02
   1.8100000e+01   5.0504064e-02   4.5230834e-03
   1.8200000e+01   5.7073386e-02  -2.3417404e-02
   1.8300000e+01   6.1776723e-02  -2.6307598e-02
   1.8400000e+01   5.8829944e-02   4.7976897e-03
   1.8500000e+01   4.5660801e-02   5.3468131e-02
   1.8600000e+01   2.5357247e-02   9.0130722e-02
   1.8700000e+01   6.2856832e-03   9.4783005e-02
   1.8800000e+01  -3.5534902e-03   7.0342754e-02
   1.8900000e+01  -3.1708049e-03   3.7479013e-02
   1.9000000e+01   1.3478157e-03   1.7554709e-02
   1.9100000e+01   3.7561736e-03   1.7488600e-02
   1.9200000e+01   3.1471490e-03   2.7044963e-02
   1.9300000e+01   1.8693195e-03   2.9621165e-02
   1.9400000e+01  -3.4360600e-05   1.7202775e-02
   1.9500000e+01  -5.8917489e-03  -3.8128641e-03
   1.9600000e+01  -1.8150412e-02  -2.0983476e-02
   1.9700000e+01  -3.5138158e-02  -2.8806695e-02
   1.9800000e+01  -5.2777933e-02  -3.1632793e-02
   1.9900000e+01  -6.8221759e-02  -3.3874229e-02
   2.0000000e+01  -8.0920671e-02  -3.1013429e-02
   2.0100000e+01  -9.1144303e-02  -1.4866529e-02
   2.0200000e+01  -9.8756625e-02   1.1438916e-02
   2.0300000e+01  -1.0306742e-01   2.7993911e-02
   2.0400000e+01  -1.0255201e-01   1.3159484e-02
   2.0500000e+01  -9.4702087e-02  -3.3766047e-02
   2.0600000e+01  -7.7952637e-02  -8.7092904e-02
   2.0700000e+01  -5.5297201e-02  -1.1524009e-01
   2.0800000e+01  -3.5139457e-02  -1.0806065e-01
   2.0900000e+01  -2.5662326e-02  -8.3536089e-02
   2.1000000e+01  -2.6179317e-02  -6.7708993e-02
   2.1100000e+01  -2.5181481e-02  -6.9271626e-02
   2.1200000e+01  -1.0783660e-02  -7.4115841e-02
   2.1300000e+01   1.4235006e-02  -6.2907451e-02
   2.1400000e+01   2.9700635e-02  -3.1905862e-02
   2.1500000e+01   1.5534711e-02   3.2759484e-03
   2.1600000e+01  -2.4742761e-02   2.2490667e-02
   2.1700000e+01  -6.0191513e-02   1.8757459e-02
   2.1800000e+01  -5.7509479e-02   2.6230034e-03
   2.1900000e+01  -1.3081082e-02  -9.1956918e-03
   2.2000000e+01   4.1196363e-02  -8.7787307e-03
   2.2100000e+01   6.6724002e-02  -1.1269679e-03
   2.2200000e+01   5.3642533e-02   5.2216519e-03
   2.2300000e+01   2.7169645e-02   9.3666065e-03
   2.2400000e+01   1.9662187e-02   1.7868099e-02
   2.2500000e+01   3.8654451e-02   3.3931077e-02
   2.2600000e+01   6.3024025e-02   4.9812373e-02
   2.2700000e+01   6.7813980e-02   5.2562782e-02
   2.2800000e+01   4.9360874e-02   3.7081689e-02
   2.2900000e+01   2.6081944e-02   1.1982134e-02
   2.3000000e+01   1.8301972e-02  -7.4539047e-03
   2.3100000e+01   3.0232639e-02  -1.1098011e-02
   2.3200000e+01   5.0139422e-02   3.1011654e-04
   2.3300000e+01   6.3704544e-02   1.8149770e-02
   2.3400000e+01   6.5104925e-02   3.2779104e-02
   2.3500000e+01   5.7808563e-02   3.8947808e-02
   2.3600000e+01   4.9065757e-02   3.7108173e-02
   2.3700000e+01   4.4727116e-02   3.0420380e-02
   2.3800000e+01   4.6189313e-02   2.0320876e-02
   2.3900000e+01   4.9061772e-02   5.6602576e-03
   2.4000000e+01   4.5420082e-02  -1.2940957e-02
   2.4100000e+01   3.0767977e-02  -2.9007945e-02
   2.4200000e+01   1.0518555e-02  -3.3230495e-02
   2.4300000e+01  -2.2687649e-03  -2.1972792e-02
   2.4400000e+01   1.4903127e-03  -1.6244139e-03
   2.4500000e+01   1.6614942e-02   1.6827501e-02
   2.4600000e+01   2.6029204e-02   2.6875143e-02
   2.4700000e+01   1.4704229e-02   2.9225816e-02
   2.4800000e+01  -1.7673595e-02   2.7187159e-02
   2.4900000e+01  -5.6414606e-02   2.2602665e-02
   2.5000000e+01  -8.2906769e-02   1.7036163e-02
   2.5100000e+01  -8.6952933e-02   1.3685950e-02
   2.5200000e+01  -7.1520737e-02   1.4721985e-02
   2.5300000e+01  -4.8494112e-02   1.7191508e-02
   2.5400000e+01  -3.0084892e-02   1.4557534e-02
   2.5500000e+01  -2.2141101e-02   3.4652781e-03
   2.5600000e+01  -2.3302134e-02  -1.2504556e-02
   2.5700000e+01  -2.9352650e-02  -2.6460296e-02
   2.5800000e+01  -3.8021675e-02  -3.3735874e-02
   2.5900000e+01  -4.9520007e-02  -3.2901891e-02
   2.6000000e+01  -6.2855959e-02  -2.4245390e-02
   2.6100000e+01  -7.2820642e-02  -1.0962186e-02
   2.6200000e+01  -7.2222857e-02  -7.2205104e-04
   2.6300000e+01  -5.8499955e-02  -6.6410191e-04
   2.6400000e+01  -3.8558037e-02  -8.2277564e-03
   2.6500000e+01  -2.5887569e-02  -1.0706320e-02
   2.6600000e+01  -3.0259503e-02   1.4447276e-03
   2.6700000e+01  -4.7893307e-02   2.2057024e-02
   2.6800000e+01  -6.1844388e-02   3.4825680e-02
   2.6900000e+01  -5.4842244e-02   3.1938890e-02
   2.7000000e+01  -2.4851507e-02   2.1832336e-02
   2.7100000e+01   1.1265925e-02   1.5163554e-02
   2.7200000e+01   3.1317199e-02   7.9955510e-03
   2.7300000e+01   2.7405177e-02  -1.3272248e-02
   2.7400000e+01   1.3181313e-02  -4.9533459e-02
   2.7500000e+01   1.1141622e-02  -7.8864762e-02
   2.7600000e+01   3.1686193e-02  -7.5060537e-02
   2.7700000e+01   6.3971047e-02  -3.5226242e-02
   2.7800000e+01   8.6946131e-02   1.5389324e-02
   2.7900000e+01   8.8944225e-02   4.6506186e-02
   2.8000000e+01   7.6300650e-02   4.7911824e-02
   2.8100000e+01   6.3801560e-02   3.1923465e-02
   2.8200000e+01   5.8933988e-02   1.6187743e-02
   2.8300000e+01   5.7172530e-02   8.1010741e-03
   2.8400000e+01   5.1637089e-02   3.8795277e-03
   2.8500000e+01   4.3919905e-02  -2.7388809e-03
   2.8600000e+01   4.2835386e-02  -1.3235891e-02
   2.8700000e+01   5.3228040e-02  -2.3314410e-02
   2.8800000e+01   6.8482959e-02  -2.6784749e-02
   2.8900000e+01   7.5060440e-02  -2.1136033e-02
   2.9000000e+01   6.3705060e-02  -1.0376601e-02
   2.9100000e+01   3.6524802e-02  -1.1972654e-03
   2.9200000e+01   5.1715189e-03   5.0210397e-03
   2.9300000e+01  -1.7128132e-02   1.4664243e-02
   2.9400000e+01  -2.4397317e-02   3.3195047e-02
   2.9500000e+01  -2.2020880e-02   5.4065464e-02
   2.9600000e+01  -2.1602494e-02   6.0405353e-02
   2.9700000e+01  -2.8732899e-02   4.1387194e-02
   2.9800000e+01  -3.5522480e-02   6.3587733e-03
   2.9900000e+01  -2.8709633e-02  -2.0362069e-02
   3.0000000e+01  -7.1827585e-03  -2.0597259e-02
   3.0100000e+01   1.1764727e-02   1.6107588e-03
   3.0200000e+01   8.2336968e-03   2.4457256e-02
   3.0300000e+01  -1.8263407e-02   2.7950523e-02
   3.0400000e+01  -4.6545324e-02   9.9293444e-03
   3.0500000e+01  -5.5284011e-02  -1.4346947e-02
   3.0600000e+01  -4.4092799e-02  -2.6323572e-02
   3.0700000e+01  -3.0816891e-02  -1.9208700e-02
   3.0800000e+01  -3.0204584e-02  -2.6087102e-03
   3.0900000e+01  -3.9546542e-02   5.8077563e-03
   3.1000000e+01  -4.5715964e-02  -5.1054633e-03
   3.1100000e+01  -4.2074410e-02  -3.0323674e-02
   3.1200000e+01  -3.4835059e-02  -5.1967843e-02
   3.1300000e+01  -3.3761095e-02  -5.3841084e-02
   3.1400000e+01  -4.0063082e-02  -3.5456476e-02
   3.1500000e+01  -4.5169261e-02  -1.2719149e-02
   3.1600000e+01  -4.0563558e-02  -3.6660961e-03
   3.1700000e+01  -2.7598574e-02  -1.2453842e-02
   3.1800000e+01  -1.7136570e-02  -2.7538611e-02
   3.1900000e+01  -1.9015953e-02  -3.5374239e-02
   3.2000000e+01  -3.1199608e-02  -3.3800506e-02
   3.2100000e+01  -3.9743734e-02  -3.0255887e-02
   3.2200000e+01  -3.1276782e-02  -2.9125433e-02
   3.2300000e+01  -6.7741493e-03  -2.6000658e-02
   3.2400000e+01   1.7782146e-02  -1.6247165e-02
   3.2500000e+01   2.5974210e-02  -4.6341140e-03
   3.2600000e+01   1.6539599e-02  -7.3063816e-04
   3.2700000e+01   4.0116389e-03  -5.2787560e-03
   3.2800000e+01   4.4148489e-03  -7.3111289e-03
   3.2900000e+01   2.1475797e-02   1.5471479e-03
   3.3000000e+01   4.5936268e-02   1.3554342e-02
   3.3100000e+01   6.4731028e-02   1.1640183e-02
   3.3200000e+01   6.8716237e-02  -9.2569186e-03
   3.3300000e+01   5.4960344e-02  -3.1793528e-02
   3.3400000e+01   2.8079479e-02  -3.0655402e-02
   3.3500000e+01   1.5880242e-03   2.7565927e-03
   3.3600000e+01  -7.1044816e-03   5.0909338e-02
   3.3700000e+01   1.0200115e-02   8.4340223e-02
   3.3800000e+01   4.2730807e-02   8.4870250e-02
   3.3900000e+01   6.7371107e-02   5.8145889e-02
   3.4000000e+01   6.7921836e-02   2.7963518e-02
   3.4100000e+01   4.7924417e-02   1.8436872e-02
   3.4200000e+01   2.4534816e-02   3.6280326e-02
   3.4300000e+01   1.1830617e-02   6.5268718e-02
   3.4400000e+01   1.1395955e-02   7.8464919e-02
   3.4500000e+01   1.6480512e-02   6.0610764e-02
   3.4600000e+01   2.0630819e-02   2.1920174e-02
   3.4700000e+01   2.0924610e-02  -1.0472807e-02
   3.4800000e+01   1.6314627e-02  -1.6246431e-02
   3.4900000e+01   6.9485860e-03   2.0666589e-03
   3.5000000e+01  -4.3844102e-03   2.5314195e-02
   3.5100000e+01  -1.2566501e-02   3.7167884e-02
   3.5200000e+01  -1.3870692e-02   3.5841440e-02
   3.5300000e+01  -9.6378907e-03   2.9149910e-02
   3.5400000e+01  -5.8992676e-03   2.2926307e-02
   3.5500000e+01  -8.7912022e-03   1.6367418e-02
   3.5600000e+01  -1.9077149e-02   6.0502902e-03
   3.5700000e+01  -3.0085007e-02  -8.9840157e-03
   3.5800000e+01  -3.2049846e-02  -2.6027044e-02
   3.5900000e+01  -2.1253403e-02  -4.0039496e-02
   3.6000000e+01  -5.9863475e-03  -4.5787282e-02
   3.6100000e+01  -9.4968980e-04  -4.1265755e-02
   3.6200000e+01  -1.2558985e-02  -3.0780978e-02
   3.6300000e+01  -3.0328488e-02  -2.2955856e-02
   3.6400000e+01  -3.6599985e-02  -2.3063298e-02
   3.6500000e+01  -2.6658825e-02  -2.7518203e-02
   3.6600000e+01  -1.6337758e-02  -2.8322075e-02
   3.6700000e+01  -2.5718712e-02  -2.3594426e-02
   3.6800000e+01  -5.5260097e-02  -2.1295883e-02
   3.6900000e+01  -8.1553685e-02  -3.0169725e-02
   3.7000000e+01  -7.9033485e-02  -4.7638771e-02
   3.7100000e+01  -4.5040370e-02  -5.9235134e-02
   3.7200000e+01  -2.4388990e-03  -5.1554929e-02
   3.7300000e+01   2.1123184e-02  -2.5674250e-02
   3.7400000e+01   1.5195262e-02   2.4005289e-03
   3.7500000e+01  -9.4340282e-03   1.4326471e-02
   3.7600000e+01  -3.3181954e-02   3.4566086e-03
   3.7700000e+01  -4.1884423e-02  -2.0796475e-02
   3.7800000e+01  -3.2505625e-02  -4.0249650e-02
   3.7900000e+01  -1.1115404e-02  -4.0654001e-02
   3.8000000e+01   1.1772160e-02  -2.1205882e-02
   3.8100000e+01   2.6121254e-02   5.0346852e-03
   3.8200000e+01   2.7376260e-02   2.0202652e-02
   3.8300000e+01   1.9765359e-02   1.4523208e-02
   3.8400000e+01   1.4371486e-02  -5.9409574e-03
   3.8500000e+01   2.0904731e-02  -2.3280427e-02
   3.8600000e+01   3.8341107e-02  -2.1945911e-02
   3.8700000e+01   5.3594412e-02  -2.5931574e-03
   3.8800000e+01   5.2465637e-02   1.7234232e-02
   3.8900000e+01   3.4554427e-02   1.8844804e-02
   3.9000000e+01   1.6262008e-02   1.7751225e-03
   3.9100000e+01   1.5602752e-02  -1.3134212e-02
   3.9200000e+01   3.2890546e-02  -3.6110233e-03
   3.9300000e+01   4.9088754e-02   2.9061166e-02
   3.9400000e+01   4.5732348e-02   5.7159269e-02
   3.9500000e+01   2.5084843e-02   5.2406317e-02
   3.9600000e+01   7.5157433e-03   1.5617619e-02
   3.9700000e+01   9.0694777e-03  -2.1794502e-02
   3.9800000e+01   2.5037694e-02  -2.7532303e-02
   3.9900000e+01   3.7281403e-02   1.4269275e-03
   4.0000000e+01   3.4790315e-02   3.9239036e-02
   4.0100000e+01   2.3361869e-02   5.9335697e-02
   4.0200000e+01   1.5732744e-02   5.8431934e-02
   4.0300000e+01   1.6294140e-02   5.2454006e-02
   4.0400000e+01   1.7615663e-02   5.3530506e-02
   4.0500000e+01   9.9236745e-03   5.6199851e-02
   4.0600000e+01  -8.5984277e-03   4.6654056e-02
   4.0700000e+01  -3.0213669e-02   2.1511803e-02
   4.0800000e+01  -4.3766356e-02  -5.9310332e-03
   4.0900000e+01  -4.2280884e-02  -1.7680245e-02
   4.1000000e+01  -2.7467065e-02  -7.4273843e-03
   4.1100000e+01  -9.2443508e-03   1.4586065e-02
   4.1200000e+01   1.4077101e-04   3.0669736e-02
   4.1300000e+01  -5.1238838e-03   2.8820469e-02
   4.1400000e+01  -1.9262414e-02   9.4919010e-03
   4.1500000e+01  -2.9189134e-02  -1.6510605e-02
   4.1600000e+01  -2.6179084e-02  -3.4918714e-02
   4.1700000e+01  -1.4537475e-02  -3.5026784e-02
   4.1800000e+01  -8.0484569e-03  -1.4938329e-02
   4.1900000e+01  -1.6613323e-02   1.5862927e-02
   4.2000000e+01  -3.6056961e-02   3.9030780e-02
   4.2100000e+01  -5.1469249e-02   3.6973717e-02
   4.2200000e+01  -5.0569684e-02   5.7792630e-03
   4.2300000e+01  -3.3545129e-02  -3.8949949e-02
   4.2400000e+01  -1.0634691e-02  -7.1401746e-02
   4.2500000e+01   7.8047538e-03  -7.4835594e-02
   4.2600000e+01   1.7574873e-02  -5.4109425e-02
   4.2700000e+01   1.8719896e-02  -2.9386130e-02
   4.2800000e+01   1.1040264e-02  -1.7359880e-02
   4.2900000e+01  -5.7138531e-03  -1.8798022e-02
   4.3000000e+01  -2.7100062e-02  -2.3339824e-02
   4.3100000e+01  -4.1747299e-02  -2.3359154e-02
   4.3200000e+01  -3.7404608e-02  -2.0403187e-02
   4.3300000e+01  -1.2470471e-02  -1.8879808e-02
   4.3400000e+01   1.7866569e-02  -1.7646544e-02
   4.3500000e+01   3.0290316e-02  -1.1581586e-02
   4.3600000e+01   1.3076745e-02  -1.1760864e-03
   4.3700000e+01  -2.0896838e-02   3.4941606e-03
   4.3800000e+01  -4.3398874e-02  -7.6101122e-03
   4.3900000e+01  -3.6444907e-02  -3.0553350e-02
   4.4000000e+01  -8.9798115e-03  -4.6606398e-02
   4.4100000e+01   1.3490748e-02  -3.9170420e-02
   4.4200000e+01   1.5487991e-02  -1.1860354e-02
   4.4300000e+01   5.6607764e-03   1.3257556e-02
   4.4400000e+01   4.5167985e-03   1.7688050e-02
   4.4500000e+01   2.1518243e-02   5.5156783e-03
   4.4600000e+01   4.6643108e-02  -1.9510863e-03
   4.4700000e+01   6.2419192e-02   1.0045909e-02
   4.4800000e+01   6.0617253e-02   3.4323052e-02
   4.4900000e+01   4.7170145e-02   5.0806679e-02
   4.5000000e+01   3.4296938e-02   4.7458329e-02
   4.5100000e+01   2.9817391e-02   2.9284308e-02
   4.5200000e+01   3.2224979e-02   9.2663112e-03
   4.5300000e+01   3.3621817e-02  -3.8934026e-03
   4.5400000e+01   2.7637275e-02  -7.9311814e-03
   4.5500000e+01   1.6045888e-02  -2.8512445e-03
   4.5600000e+01   7.6030854e-03   9.4724772e-03
   4.5700000e+01   9.1110577e-03   2.2498098e-02
   4.5800000e+01   1.7568332e-02   2.7561900e-02
   4.5900000e+01   2.2366290e-02   2.2152211e-02
   4.6000000e+01   1.5630628e-02   1.3237276e-02
   4.6100000e+01  -4.6008561e-04   9.5054641e-03
   4.6200000e+01  -1.6697687e-02   1.1314227e-02
   4.6300000e+01  -2.5738818e-02   1.1004014e-02
   4.6400000e+01  -2.7112101e-02   2.9540652e-03
   4.6500000e+01  -2.4567074e-02  -9.5360341e-03
   4.6600000e+01  -2.0489923e-02  -1.8441960e-02
   4.6700000e+01  -1.3923731e-02  -1.9640499e-02
   4.6800000e+01  -3.8513193e-03  -1.4979580e-02
   4.6900000e+01   6.3803981e-03  -7.1016883e-03
   4.7000000e+01   9.2840220e-03   4.0430758e-03
   4.7100000e+01  -3.6572947e-04   1.7942684e-02
   4.7200000e+01  -1.8723942e-02   2.9335787e-02
   4.7300000e+01  -3.4055526e-02   3.0994674e-02
   4.7400000e+01  -3.6929139e-02   2.1575408e-02
   4.7500000e+01  -2.9514496e-02   8.4296898e-03
   4.7600000e+01  -2.3221614e-02   5.0712002e-04
   4.7700000e+01  -2.6416666e-02  -8.5295306e-04
   4.7800000e+01  -3.5630483e-02  -1.9012866e-03
   4.7900000e+01  -3.9845862e-02  -6.9872651e-03
   4.8000000e+01  -3.2508407e-02  -1.1556186e-02
   4.8100000e+01  -1.7983920e-02  -7.1187346e-03
   4.8200000e+01  -6.6928162e-03   7.0793245e-03
   4.8300000e+01  -5.4500925e-03   1.9894011e-02
   4.8400000e+01  -1.2601663e-02   1.7772911e-02
   4.8500000e+01  -2.0780157e-02  -1.4946834e-03
   4.8600000e+01  -2.3116939e-02  -2.5153032e-02
   4.8700000e+01  -1.7584144e-02  -3.5847811e-02
   4.8800000e+01  -7.0299540e-03  -2.6084593e-02
   4.8900000e+01   4.1057956e-03  -3.7883813e-03
   4.9000000e+01   1.3133876e-02   1.5055869e-02
   4.9100000e+01   1.9593624e-02   1.9316279e-02
   4.9200000e+01   2.3349471e-02   9.8757356e-03
   4.9300000e+01   2.3741389e-02  -4.2294221e-03
   4.9400000e+01   2.1363217e-02  -1.5553616e-02
   4.9500000e+01   1.9378448e-02  -2.3505927e-02
   4.9600000e+01   2.0954123e-02  -3.0329210e-02
   4.9700000e+01   2.5005866e-02  -3.4052387e-02
   4.9800000e+01   2.6154083e-02  -2.8595689e-02
   4.9900000e+01   2.0246413e-02  -1.2232442e-02
   5.0000000e+01   9.4404526e-03   6.1859509e-03
   5.0100000e+01   8.8239773e-04   1.3079008e-02
   5.0200000e+01   6.1605923e-04   3.6773836e-03
   5.0300000e+01   9.3102978e-03  -1.1946525e-02
   5.0400000e+01   2.2922516e-02  -1.8478106e-02
   5.0500000e+01   3.5616000e-02  -1.0849945e-02
   5.0600000e+01   4.1872132e-02   1.4076739e-03
   5.0700000e+01   3.8151635e-02   5.3890571e-03
   5.0800000e+01   2.5079722e-02  -1.5907120e-03
   5.0900000e+01   8.4149468e-03  -1.0922843e-02
   5.1000000e+01  -3.6024366e-03  -1.3531534e-02
   5.1100000e+01  -5.5714565e-03  -8.7343472e-03
   5.1200000e+01   1.1464990e-03  -1.8099558e-03
   5.1300000e+01   9.1791278e-03   4.1402404e-03
   5.1400000e+01   1.0402986e-02   1.0706527e-02
   5.1500000e+01   2.2865067e-03   1.9171301e-02
   5.1600000e+01  -9.6318524e-03   2.6537214e-02
   5.1700000e+01  -1.6194059e-02   2.8475318e-02
   5.1800000e+01  -1.3103789e-02   2.4380620e-02
   5.1900000e+01  -5.2589630e-03   1.6895300e-02
   5.2000000e+01  -1.6648260e-03   7.1010242e-03
   5.2100000e+01  -5.9774465e-03  -6.3535939e-03
   5.2200000e+01  -1.3511262e-02  -2.1582684e-02
   5.2300000e+01  -1.8130771e-02  -2.9401819e-02
   5.2400000e+01  -2.0064427e-02  -1.9189226e-02
   5.2500000e+01  -2.4447504e-02   9.1692176e-03
   5.2600000e+01  -3.2566146e-02   4.0412507e-02
   5.2700000e+01  -3.7690340e-02   5.3496510e-02
   5.2800000e+01  -3.1982450e-02   3.8193238e-02
   5.2900000e+01  -1.6907869e-02   3.7228034e-03
   5.3000000e+01  -4.3437254e-03  -2.8263663e-02
   5.3100000e+01  -5.6072809e-03  -4.0032376e-02
   5.3200000e+01  -1.9382228e-02  -2.9747671e-02
   5.3300000e+01  -3.1662905e-02  -1.0157937e-02
   5.3400000e+01  -2.8816904e-02   3.4170324e-03
   5.3500000e+01  -1.0949034e-02   5.0126296e-03
   5.3600000e+01   8.3847610e-03   4.7578736e-04
   5.3700000e+01   1.6156925e-02  -9.8324026e-05
   5.3800000e+01   1.2622439e-02   7.6432749e-03
   5.3900000e+01   8.8816447e-03   1.8348367e-02
   5.4000000e+01   1.2497478e-02   2.1593541e-02
   5.4100000e+01   1.8491320e-02   1.0896952e-02
   5.4200000e+01   1.6509325e-02  -9.8778446e-03
   5.4300000e+01   4.9283374e-03  -2.7682527e-02
   5.4400000e+01  -6.0191682e-03  -2.8912786e-02
   5.4500000e+01  -6.0459883e-03  -9.9236139e-03
   5.4600000e+01   3.4535501e-03   1.8617967e-02
   5.4700000e+01   1.2262538e-02   3.8102879e-02
   5.4800000e+01   1.4354334e-02   3.5447878e-02
   5.4900000e+01   1.4022315e-02   1.3494070e-02
   5.5000000e+01   1.7859387e-02  -1.0506556e-02
   5.5100000e+01   2.3988198e-02  -1.8147798e-02
   5.5200000e+01   2.3148480e-02  -4.9251501e-03
   5.5300000e+01   1.0586124e-02   1.5377123e-02
   5.5400000e+01  -6.1664743e-03   2.1753730e-02
   5.5500000e+01  -1.3492423e-02   4.2887877e-03
   5.5600000e+01  -5.1345542e-03  -2.6152064e-02
   5.5700000e+01   1.1676238e-02  -4.6496095e-02
   5.5800000e+01   2.3203695e-02  -4.1281794e-02
   5.5900000e+01   2.1507205e-02  -1.5230270e-02
   5.6000000e+01   1.0450047e-02   1.3087252e-02
   5.6100000e+01   1.1239251e-03   2.8787084e-02
   5.6200000e+01   1.6007471e-03   3.0790021e-02
   5.6300000e+01   9.5810599e-03   2.5901019e-02
   5.6400000e+01   1.3937927e-02   1.7250370e-02
   5.6500000e+01   4.6038844e-03   2.5864050e-03
   5.6600000e+01  -1.7007686e-02  -1.6653219e-02
   5.6700000e+01  -3.7053571e-02  -2.9802923e-02
   5.6800000e+01  -4.0398601e-02  -2.5307490e-02
   5.6900000e+01  -2.4305138e-02  -4.7578942e-03
   5.7000000e+01  -1.1607661e-03   1.4993455e-02
   5.7100000e+01   1.2807412e-02   1.6768371e-02
   5.7200000e+01   1.1490770e-02   9.7923809e-05
   5.7300000e+01   2.0954999e-03  -1.8250733e-02
   5.7400000e+01  -3.7406834e-03  -2.1406902e-02
   5.7500000e+01  -5.2544499e-04  -9.3941851e-03
   5.7600000e+01   8.1939226e-03   1.6328420e-03
   5.7700000e+01   1.4463439e-02  -2.9231717e-03
   5.7800000e+01   1.2160268e-02  -1.9657135e-02
   5.7900000e+01   7.2876319e-04  -2.9252222e-02
   5.8000000e+01  -1.4385946e-02  -1.6232587e-02
   5.8100000e+01  -2.4722683e-02   1.2899542e-02
   5.8200000e+01  -2.4464932e-02   3.2757459e-02
   5.8300000e+01  -1.5101824e-02   2.2653898e-02
   5.8400000e+01  -4.5520280e-03  -1.2319711e-02
   5.8500000e+01  -7.9158638e-04  -4.5254296e-02
   5.8600000e+01  -5.6195381e-03  -5.3029459e-02
   5.8700000e+01  -1.3919194e-02  -3.6261208e-02
   5.8800000e+01  -1.8159015e-02  -1.3112639e-02
   5.8900000e+01  -1.3831082e-02   2.7991771e-03
   5.9000000e+01  -2.3744336e-03   1.3012301e-02
   5.9100000e+01   9.5128624e-03   2.3491900e-02
   5.9200000e+01   1.4185586e-02   3.1031423e-02
   5.9300000e+01   9.1864886e-03   2.6683071e-02
   5.9400000e+01   1.9203791e-04   1.0357814e-02
   5.9500000e+01  -3.7201196e-03  -5.3378240e-03
   5.9600000e+01   5.3798867e-04  -8.3687632e-03
   5.9700000e+01   6.1524388e-03   8.5836086e-05
   5.9800000e+01   3.9461509e-03   9.8061554e-03
   5.9900000e+01  -6.0594926e-03   1.5106004e-02
   6.0000000e+01  -1.2977820e-02   1.8957244e-02
   6.0100000e+01  -6.6606302e-03   2.4335932e-02
   6.0200000e+01   1.0250041e-02   2.7665125e-02
   6.0300000e+01   2.4187564e-02   2.4147791e-02
   6.0400000e+01   2.4749400e-02   1.5985578e-02
   6.0500000e+01   1.5026768e-02   1.0522908e-02
   6.0600000e+01   7.0946862e-03   1.0985644e-02
   6.0700000e+01   9.0391745e-03   1.3419943e-02
   6.0800000e+01   1.8265681e-02   1.3761678e-02
   6.0900000e+01   2.6320541e-02   1.3909719e-02
   6.1000000e+01   2.7038956e-02   1.7645295e-02
   6.1100000e+01   1.9234215e-02   2.2783008e-02
   6.1200000e+01   5.0262620e-03   2.1923766e-02
   6.1300000e+01  -1.0549750e-02   1.1940688e-02
   6.1400000e+01  -1.9372096e-02  -5.3369836e-04
   6.1500000e+01  -1.5110542e-02  -5.7206140e-03
   6.1600000e+01  -1.5857364e-03  -1.7792067e-03
   6.1700000e+01   6.7472765e-03   3.0688154e-03
   6.1800000e+01  -1.7551514e-03  -3.2588850e-04
   6.1900000e+01  -2.0968137e-02  -1.2485314e-02
   6.2000000e+01  -3.0222710e-02  -2.5409318e-02
   6.2100000e+01  -1.6588896e-02  -3.0569470e-02
   6.2200000e+01   8.1241048e-03  -2.5480011e-02
   6.2300000e+01   1.8057270e-02  -1.3705103e-02
   6.2400000e+01   2.3812127e-03  -1.1718059e-03
   6.2500000e+01  -2.0861574e-02   6.6956442e-03
   6.2600000e+01  -2.4363052e-02   6.5236863e-03
   6.2700000e+01  -3.3035686e-03  -1.4331703e-03
   6.2800000e+01   1.8074460e-02  -1.2838745e-02
   6.2900000e+01   1.3872178e-02  -2.2102223e-02
   6.3000000e+01  -1.3339959e-02  -2.6829542e-02
   6.3100000e+01  -3.4619351e-02  -2.9008208e-02
   6.3200000e+01  -2.6549823e-02  -3.1260487e-02
   6.3300000e+01   3.6931898e-03  -3.2690763e-02
   6.3400000e+01   2.7844659e-02  -2.9499651e-02
   6.3500000e+01   2.7834389e-02  -1.9583129e-02
   6.3600000e+01   1.2225062e-02  -5.7612576e-03
   6.3700000e+01   1.1646193e-03   5.5000707e-03
   6.3800000e+01   1.3023323e-03   8.1220853e-03
   6.3900000e+01   1.7898331e-03   7.0772176e-05
   6.4000000e+01  -6.5314122e-03  -1.4937283e-02
   6.4100000e+01  -1.6346089e-02  -2.8636004e-02
   6.4200000e+01  -1.3602005e-02  -3.2901531e-02
   6.4300000e+01   1.9482976e-03  -2.5517669e-02
   6.4400000e+01   1.4040153e-02  -1.1687054e-02
   6.4500000e+01   9.6991253e-03   9.9109075e-04
   6.4600000e+01  -4.3388080e-03   9.0163030e-03
   6.4700000e+01  -1.0272257e-02   1.3858549e-02
   6.4800000e+01  -1.3521787e-03   1.7236074e-02
   6.4900000e+01   1.1332876e-02   1.7952545e-02
   6.5000000e+01   1.4646502e-02   1.4590938e-02
   6.5100000e+01   9.1240716e-03   9.5147620e-03
   6.5200000e+01   4.4133016e-03   7.5020830e-03
   6.5300000e+01   3.6369516e-03   1.0082968e-02
   6.5400000e+01   1.2289148e-04   1.3272944e-02
   6.5500000e+01  -9.7608177e-03   1.2430022e-02
   6.5600000e+01  -1.7851765e-02   8.5939163e-03
   6.5700000e+01  -1.3548457e-02   8.2589945e-03
   6.5800000e+01   1.2492787e-03   1.6191586e-02
   6.5900000e+01   1.2786618e-02   2.9236740e-02
   6.6000000e+01   1.1587623e-02   3.8343453e-02
   6.6100000e+01   2.8694449e-03   3.7162466e-02
   6.6200000e+01  -1.9990091e-03   2.8237545e-02
   6.6300000e+01  -8.5411980e-04   2.0055149e-02
   6.6400000e+01  -2.4114957e-03   1.8081804e-02
   6.6500000e+01  -1.2574718e-02   1.9767984e-02
   6.6600000e+01  -2.3971494e-02   1.8946918e-02
   6.6700000e+01  -2.3050718e-02   1.3689521e-02
   6.6800000e+01  -6.7092335e-03   7.5834212e-03
   6.6900000e+01   1.1763804e-02   3.6120070e-03
   6.7000000e+01   1.5314512e-02   2.8147268e-04
   6.7100000e+01   6.9183946e-04  -3.9045118e-03
   6.7200000e+01  -1.8350614e-02  -5.0077336e-03
   6.7300000e+01  -2.5444667e-02   2.1303451e-03
   6.7400000e+01  -1.7629970e-02   1.3625768e-02
   6.7500000e+01  -6.1405606e-03   1.5943442e-02
   6.7600000e+01  -2.7058901e-03   4.0239934e-04
   6.7700000e+01  -7.6825265e-03  -2.3532843e-02
   6.7800000e+01  -1.2420109e-02  -3.5124677e-02
   6.7900000e+01  -1.0753722e-02  -2.4353070e-02
   6.8000000e+01  -4.9089641e-03  -3.3868264e-03
   6.8100000e+01  -4.7046287e-05   6.7831821e-03
   6.8200000e+01   3.5476042e-03  -1.2979031e-03
   6.8300000e+01   9.9574798e-03  -1.6357311e-02
   6.8400000e+01   2.0382567e-02  -2.4211329e-02
   6.8500000e+01   2.9790452e-02  -2.3183455e-02
   6.8600000e+01   3.2265018e-02  -2.1301889e-02
   6.8700000e+01   2.7859224e-02  -2.2518536e-02
   6.8800000e+01   2.1942758e-02  -2.1801153e-02
   6.8900000e+01   1.8211203e-02  -1.4517873e-02
   6.9000000e+01   1.4575478e-02  -5.5898090e-03
   6.9100000e+01   6.8162724e-03  -4.9054198e-03
   6.9200000e+01  -5.1502144e-03  -1.4565357e-02
   6.9300000e+01  -1.6035756e-02  -2.4737103e-02
   6.9400000e+01  -1.9603885e-02  -2.4035380e-02
   6.9500000e+01  -1.3174365e-02  -1.1974281e-02
   6.9600000e+01   1.4930524e-03   1.4022954e-03
   6.9700000e+01   1.9355343e-02   7.4259573e-03
   6.9800000e+01   3.3103911e-02   6.9382916e-03
   6.9900000e+01   3.5369107e-02   5.2527225e-03
   7.0000000e+01   2.3676256e-02   2.4924765e-03
   7.0100000e+01   4.6594677e-03  -6.0106139e-03
   7.0200000e+01  -8.8301211e-03  -1.9132816e-02
   7.0300000e+01  -8.1519020e-03  -2.5161573e-02
   7.0400000e+01   2.3855903e-03  -1.3190636e-02
   7.0500000e+01   8.7660047e-03   1.1177583e-02
   7.0600000e+01   1.3062321e-03   2.7189218e-02
   7.0700000e+01  -1.4268410e-02   1.9842757e-02
   7.0800000e+01  -2.1285356e-02  -2.5436767e-03
   7.0900000e+01  -9.1259431e-03  -1.5711245e-02
   7.1000000e+01   1.4194730e-02  -4.8874065e-03
   7.1100000e+01   2.7645155e-02   1.9895292e-02
   7.1200000e+01   1.6705906e-02   3.4933122e-02
   7.1300000e+01  -1.2066328e-02   2.7066534e-02
   7.1400000e+01  -3.6122606e-02   5.2426812e-03
   7.1500000e+01  -3.7136255e-02  -1.0006453e-02
   7.1600000e+01  -1.6851299e-02  -5.8424363e-03
   7.1700000e+01   6.4144278e-03   1.3164629e-02
   7.1800000e+01   1.6020712e-02   3.0752417e-02
   7.1900000e+01   1.0996191e-02   3.2652048e-02
   7.2000000e+01   2.5919640e-03   1.7003850e-02
   7.2100000e+01  -3.6667226e-04  -5.3872526e-03
   7.2200000e+01   7.0693026e-05  -2.0075036e-02
   7.2300000e+01  -3.1682276e-03  -1.9441504e-02
   7.2400000e+01  -1.1600965e-02  -6.0554352e-03
   7.2500000e+01  -1.9679343e-02   1.2171811e-02
   7.2600000e+01  -2.2677759e-02   2.8008663e-02
   7.2700000e+01  -2.1852673e-02   3.6229147e-02
   7.2800000e+01  -1.9920735e-02   3.2754223e-02
   7.2900000e+01  -1.4780304e-02   1.7073401e-02
   7.3000000e+01  -2.3935097e-03  -3.8310361e-03
   7.3100000e+01   1.4046550e-02  -1.7768377e-02
   7.3200000e+01   2.2618537e-02  -1.7154388e-02
   7.3300000e+01   1.4158049e-02  -6.3729235e-03
   7.3400000e+01  -6.0605083e-03   2.8166834e-03
   7.3500000e+01  -2.1948540e-02   3.5015161e-03
   7.3600000e+01  -2.2983814e-02  -5.2230011e-04
   7.3700000e+01  -1.4595034e-02  -1.6001932e-03
   7.3800000e+01  -1.0548578e-02   1.4181510e-03
   7.3900000e+01  -1.6683102e-02   2.3121533e-03
   7.4000000e+01  -2.4721049e-02  -3.2467372e-03
   7.4100000e+01  -2.2000352e-02  -1.0446816e-02
   7.4200000e+01  -5.1787834e-03  -9.8716095e-03
   7.4300000e+01   1.6148639e-02   7.2228856e-04
   7.4400000e+01   2.7535953e-02   1.1214867e-02
   7.4500000e+01   2.0738264e-02   7.9198859e-03
   7.4600000e+01  -4.7080954e-04  -1.1537823e-02
   7.4700000e+01  -2.2325863e-02  -3.2960992e-02
   7.4800000e+01  -2.9693922e-02  -3.7062331e-02
   7.4900000e+01  -1.6881297e-02  -1.7783645e-02
   7.5000000e+01   7.2939336e-03   1.0611223e-02
   7.5100000e+01   2.6265875e-02   2.5608194e-02
   7.5200000e+01   3.0058337e-02   1.6559899e-02
   7.5300000e+01   2.3464399e-02  -6.5697056e-03
   7.5400000e+01   1.8955977e-02  -2.3708106e-02
   7.5500000e+01   2.1699310e-02  -2.3138231e-02
   7.5600000e+01   2.3699279e-02  -1.0067359e-02
   7.5700000e+01   1.4111181e-02   9.5563760e-04
   7.5800000e+01  -6.2056382e-03   2.6254717e-04
   7.5900000e+01  -2.3267326e-02  -9.5421071e-03
   7.6000000e+01  -2.3986631e-02  -1.7730313e-02
   7.6100000e+01  -9.8392617e-03  -1.5544176e-02
   7.6200000e+01   5.4307093e-03  -3.3820264e-03
   7.6300000e+01   1.1279342e-02   1.0161633e-02
   7.6400000e+01   1.1063480e-02   1.6130045e-02
   7.6500000e+01   1.5819168e-02   1.2992949e-02
   7.6600000e+01   2.8929873e-02   6.9793564e-03
   7.6700000e+01   4.0184172e-02   4.4648864e-03
   7.6800000e+01   3.6480253e-02   4.6967918e-03
   7.6900000e+01   1.6617741e-02   1.3994376e-03
   7.7000000e+01  -7.0586909e-03  -8.4322540e-03
   7.7100000e+01  -2.1478212e-02  -1.9254966e-02
   7.7200000e+01  -2.4557432e-02  -2.2025728e-02
   7.7300000e+01  -2.2902872e-02  -1.3913263e-02
   7.7400000e+01  -2.0615035e-02  -1.4367214e-03
   7.7500000e+01  -1.4478890e-02   6.2910805e-03
   7.7600000e+01  -9.0064584e-04   6.3747884e-03
   7.7700000e+01   1.5986858e-02   3.7431859e-03
   7.7800000e+01   2.6495405e-02   4.7851917e-03
   7.7900000e+01   2.4980261e-02   1.0265607e-02
   7.8000000e+01   1.4510326e-02   1.4673780e-02
   7.8100000e+01   1.7292401e-03   1.2431975e-02
   7.8200000e+01  -9.9890236e-03   4.6211681e-03
   7.8300000e+01  -2.0373907e-02  -1.0603094e-03
   7.8400000e+01  -2.7459997e-02   1.9709567e-03
   7.8500000e+01  -2.6694754e-02   1.1304582e-02
   7.8600000e+01  -1.5783734e-02   1.6534043e-02
   7.8700000e+01   1.4542323e-03   9.3835065e-03
   7.8800000e+01   1.7144669e-02  -7.0501995e-03
   7.8900000e+01   2.4281336e-02  -1.9716237e-02
   7.9000000e+01   1.9572644e-02  -1.6576847e-02
   7.9100000e+01   4.3293329e-03   3.1305374e-03
   7.9200000e+01  -1.4608797e-02   2.7764757e-02
   7.9300000e+01  -2.6242378e-02   4.1151555e-02
   7.9400000e+01  -2.2373148e-02   3.3397457e-02
   7.9500000e+01  -5.7425665e-03   7.8574577e-03
   7.9600000e+01   1.0739977e-02  -2.0605724e-02
   7.9700000e+01   1.5661574e-02  -3.6107608e-02
   7.9800000e+01   9.5154073e-03  -3.3126370e-02
   7.9900000e+01   1.4142010e-03  -1.7786013e-02
   8.0000000e+01  -3.3981921e-03   1.5600545e-03
