   1.0221618e+02   2.8602761e+01   2.5212700e+03
   1.0219071e+02   2.8548234e+01   1.9042800e+03
   0.0000000e+00   4.9172478e-01   4.9172478e-01
   1.0000000e-01   5.3829362e-01   4.4437485e-01
   2.0000000e-01   6.0568113e-01   3.6410492e-01
   3.0000000e-01   6.9291090e-01   2.4050073e-01
   4.0000000e-01   7.8902999e-01   9.8716755e-02
   5.0000000e-01   8.8366704e-01  -2.6563310e-02
   6.0000000e-01   9.6191699e-01  -1.2663747e-01
   7.0000000e-01   1.0000000e+00  -2.1897997e-01
   8.0000000e-01   9.7833777e-01  -3.1452937e-01
   9.0000000e-01   9.0112004e-01  -3.9906000e-01
   1.0000000e+00   7.9768008e-01  -4.5429999e-01
   1.1000000e+00   7.0005378e-01  -4.8704528e-01
   1.2000000e+00   6.1772700e-01  -5.2269742e-01
   1.3000000e+00   5.3367329e-01  -5.7005698e-01
   1.4000000e+00   4.2457066e-01  -6.0534579e-01
   1.5000000e+00   2.8562496e-01  -5.9842407e-01
   1.6000000e+00   1.3715380e-01  -5.4913343e-01
   1.7000000e+00   8.2130524e-03  -4.9059105e-01
   1.8000000e+00  -8.4939776e-02  -4.5849088e-01
   1.9000000e+00  -1.4441638e-01  -4.6188696e-01
   2.0000000e+00  -1.7989028e-01  -4.8122455e-01
   2.1000000e+00  -2.0029669e-01  -4.8788455e-01
   2.2000000e+00  -2.1819049e-01  -4.6603145e-01
   2.3000000e+00  -2.5246373e-01  -4.2354439e-01
   2.4000000e+00  -3.1388762e-01  -3.8547966e-01
   2.5000000e+00  -3.8667541e-01  -3.7152649e-01
   2.6000000e+00  -4.3502471e-01  -3.7532591e-01
   2.7000000e+00  -4.3566319e-01  -3.6951746e-01
   2.8000000e+00  -4.0041576e-01  -3.3463648e-01
   2.9000000e+00  -3.6188779e-01  -2.7747620e-01
   3.0000000e+00  -3.4206170e-01  -2.1476127e-01
   3.1000000e+00  -3.4263386e-01  -1.4596192e-01
   3.2000000e+00  -3.6076236e-01  -5.7089354e-02
   3.3000000e+00  -3.9797694e-01   4.7567975e-02
   3.4000000e+00  -4.4674964e-01   1.3448421e-01
   3.5000000e+00  -4.8067037e-01   1.7399091e-01
   3.6000000e+00  -4.7375721e-01   1.7578994e-01
   3.7000000e+00  -4.2986935e-01   1.7724096e-01
   3.8000000e+00  -3.8169423e-01   1.9977839e-01
   3.9000000e+00  -3.5592071e-01   2.3260002e-01
   4.0000000e+00  -3.4646178e-01   2.6060268e-01
   4.1000000e+00  -3.2760876e-01   2.8924114e-01
   4.2000000e+00  -2.8811594e-01   3.2843560e-01
   4.3000000e+00  -2.4405330e-01   3.6347835e-01
   4.4000000e+00  -2.1898036e-01   3.6179725e-01
   4.5000000e+00  -2.1885876e-01   3.1084523e-01
   4.6000000e+00  -2.2831355e-01   2.3693001e-01
   4.7000000e+00  -2.2513327e-01   1.8215951e-01
   4.8000000e+00  -1.9371579e-01   1.7060516e-01
   4.9000000e+00  -1.2884142e-01   1.9855231e-01
   5.0000000e+00  -3.5346127e-02   2.4488159e-01
   5.1000000e+00   7.1705721e-02   2.8087021e-01
   5.2000000e+00   1.6968117e-01   2.7843464e-01
   5.3000000e+00   2.3716380e-01   2.2589434e-01
   5.4000000e+00   2.6477300e-01   1.4155548e-01
   5.5000000e+00   2.5983966e-01   6.5456912e-02
   5.6000000e+00   2.4066536e-01   3.2248274e-02
   5.7000000e+00   2.2410354e-01   5.0644096e-02
   5.8000000e+00   2.1611696e-01   1.0401680e-01
   5.9000000e+00   2.1345279e-01   1.6250980e-01
   6.0000000e+00   2.1438628e-01   1.9482662e-01
   6.1000000e+00   2.2592168e-01   1.8022206e-01
   6.2000000e+00   2.5727596e-01   1.1964634e-01
   6.3000000e+00   3.0580682e-01   3.4880575e-02
   6.4000000e+00   3.5309154e-01  -4.7392144e-02
   6.5000000e+00   3.7861303e-01  -1.1016609e-01
   6.6000000e+00   3.7669219e-01  -1.4560880e-01
   6.7000000e+00   3.5712513e-01  -1.4947186e-01
   6.8000000e+00   3.3003653e-01  -1.2529963e-01
   6.9000000e+00   2.9522973e-01  -8.9517234e-02
   7.0000000e+00   2.4911487e-01  -5.9239452e-02
   7.1000000e+00   1.9759491e-01  -3.3480876e-02
   7.2000000e+00   1.5502329e-01   3.4904644e-04
   7.3000000e+00   1.2916645e-01   3.4889099e-02
   7.4000000e+00   1.1257273e-01   3.2297857e-02
   7.5000000e+00   9.3103990e-02  -3.6465438e-02
   7.6000000e+00   7.0609124e-02  -1.4465507e-01
   7.7000000e+00   5.7873046e-02  -2.2149414e-01
   7.8000000e+00   6.4042945e-02  -2.1949914e-01
   7.9000000e+00   8.0901091e-02  -1.5847882e-01
   8.0000000e+00   8.8151068e-02  -9.3276220e-02
   8.1000000e+00   7.0538665e-02  -5.0349096e-02
   8.2000000e+00   2.7717694e-02  -1.5075799e-02
   8.3000000e+00  -3.0266159e-02   2.2992405e-02
   8.4000000e+00  -9.2017171e-02   3.9865100e-02
   8.5000000e+00  -1.4783316e-01   8.0597296e-03
   8.6000000e+00  -1.8835502e-01  -5.7478128e-02
   8.7000000e+00  -2.0640949e-01  -1.0868662e-01
   8.8000000e+00  -2.0273690e-01  -1.2051085e-01
   8.9000000e+00  -1.8841866e-01  -1.1783723e-01
   9.0000000e+00  -1.7925012e-01  -1.3717604e-01
   9.1000000e+00  -1.8598115e-01  -1.7642727e-01
   9.2000000e+00  -2.0798525e-01  -1.9877057e-01
   9.3000000e+00  -2.3370281e-01  -1.7920778e-01
   9.4000000e+00  -2.4610592e-01  -1.2762215e-01
   9.5000000e+00  -2.3070740e-01  -6.3950090e-02
   9.6000000e+00  -1.8450214e-01   8.1507585e-03
   9.7000000e+00  -1.2216005e-01   8.6657184e-02
   9.8000000e+00  -7.2906588e-02   1.4152950e-01
   9.9000000e+00  -6.4801356e-02   1.2540038e-01
   1.0000000e+01  -1.0406940e-01   2.5554804e-02
   1.0100000e+01  -1.6612655e-01  -1.0422920e-01
   1.0200000e+01  -2.0957327e-01  -1.7704490e-01
   1.0300000e+01  -2.0520144e-01  -1.4180437e-01
   1.0400000e+01  -1.5651380e-01  -1.9545899e-02
   1.0500000e+01  -9.4148183e-02   1.2119198e-01
   1.0600000e+01  -5.0287645e-02   2.1536914e-01
   1.0700000e+01  -3.6616553e-02   2.3141952e-01
   1.0800000e+01  -4.2751856e-02   1.7132526e-01
   1.0900000e+01  -5.0489435e-02   6.3382706e-02
   1.1000000e+01  -4.7150875e-02  -4.1511779e-02
   1.1100000e+01  -2.8756023e-02  -8.5803664e-02
   1.1200000e+01   3.1128077e-03  -4.2495123e-02
   1.1300000e+01   4.4112070e-02   5.4919878e-02
   1.1400000e+01   8.8647575e-02   1.3133061e-01
   1.1500000e+01   1.3140995e-01   1.3384913e-01
   1.1600000e+01   1.6738350e-01   7.9004308e-02
   1.1700000e+01   1.8948881e-01   2.9729085e-02
   1.1800000e+01   1.8868859e-01   2.6183721e-02
   1.1900000e+01   1.6138645e-01   4.9674898e-02
   1.2000000e+01   1.1864490e-01   5.7510944e-02
   1.2100000e+01   8.4261529e-02   3.7995526e-02
   1.2200000e+01   7.8180290e-02   1.4787416e-02
   1.2300000e+01   9.9943227e-02   3.8708948e-03
   1.2400000e+01   1.3021179e-01  -9.3849988e-03
   1.2500000e+01   1.4937242e-01  -4.0149311e-02
   1.2600000e+01   1.5293185e-01  -6.9127726e-02
   1.2700000e+01   1.4830057e-01  -5.9754209e-02
   1.2800000e+01   1.4066816e-01  -8.3892309e-03
   1.2900000e+01   1.2726094e-01   4.2612494e-02
   1.3000000e+01   1.0522176e-01   5.0718540e-02
   1.3100000e+01   7.9107059e-02   2.0118279e-02
   1.3200000e+01   5.6207626e-02  -8.6306499e-03
   1.3300000e+01   3.7204030e-02  -8.9626526e-03
   1.3400000e+01   1.7111307e-02   5.7406193e-03
   1.3500000e+01  -4.3787275e-03   6.9330405e-03
   1.3600000e+01  -1.9567838e-02  -1.1082050e-02
   1.3700000e+01  -2.3552859e-02  -2.5549775e-02
   1.3800000e+01  -2.4270910e-02  -1.2664929e-02
   1.3900000e+01  -3.5150310e-02   2.6108352e-02
   1.4000000e+01  -5.7444396e-02   6.4248292e-02
   1.4100000e+01  -7.5787335e-02   7.3512552e-02
   1.4200000e+01  -7.5021215e-02   4.8705492e-02
   1.4300000e+01  -5.8656024e-02   1.2074224e-02
   1.4400000e+01  -4.6701689e-02  -8.5199177e-03
   1.4500000e+01  -5.5942986e-02  -7.9118314e-03
   1.4600000e+01  -8.5121799e-02  -6.8097426e-03
   1.4700000e+01  -1.1833815e-01  -2.2825978e-02
   1.4800000e+01  -1.3874784e-01  -4.3232984e-02
   1.4900000e+01  -1.3855192e-01  -3.6774741e-02
   1.5000000e+01  -1.2116670e-01   5.9920448e-03
   1.5100000e+01  -9.8530582e-02   5.4575634e-02
   1.5200000e+01  -8.4341723e-02   6.8320802e-02
   1.5300000e+01  -8.3860046e-02   3.8467583e-02
   1.5400000e+01  -8.7495494e-02  -8.4449913e-03
   1.5500000e+01  -7.7091187e-02  -4.5220272e-02
   1.5600000e+01  -4.2574097e-02  -6.8761221e-02
   1.5700000e+01   6.0944017e-03  -8.6941805e-02
   1.5800000e+01   4.4430832e-02  -9.4351089e-02
   1.5900000e+01   5.2768486e-02  -7.5409221e-02
   1.6000000e+01   3.2492227e-02  -2.9853269e-02
   1.6100000e+01   4.9058815e-03   1.7693461e-02
   1.6200000e+01  -6.3763906e-03   3.9551128e-02
   1.6300000e+01   5.5301112e-03   3.0512786e-02
   1.6400000e+01   2.6871181e-02   6.4552066e-03
   1.6500000e+01   3.7879349e-02  -1.7289901e-02
   1.6600000e+01   3.1979724e-02  -3.7834220e-02
   1.6700000e+01   2.0914087e-02  -5.6245515e-02
   1.6800000e+01   2.1611083e-02  -6.7407875e-02
   1.6900000e+01   3.9749848e-02  -6.4936098e-02
   1.7000000e+01   6.6989382e-02  -5.2014267e-02
   1.7100000e+01   9.1642525e-02  -3.9556566e-02
   1.7200000e+01   1.0779813e-01  -3.2672328e-02
   1.7300000e+01   1.1339994e-01  -2.4610915e-02
   1.7400000e+01   1.0433092e-01  -7.2708649e-03
   1.7500000e+01   7.6172138e-02   1.5908876e-02
   1.7600000e+01   3.2857815e-02   3.1816425e-02
   1.7700000e+01  -9.7931017e-03   3.0884364e-02
   1.7800000e+01  -3.2538901e-02   1.4346329e-02
   1.7900000e+01  -2.6171983e-02  -1.0496814e-02
   1.8000000e+01   2.0498072e-03  -3.5758683e-02
   1.8100000e+01   3.3385492e-02  -5.1142262e-02
   1.8200000e+01   4.9156657e-02  -4.3531642e-02
   1.8300000e+01   4.1412585e-02  -7.7983268e-03
   1.8400000e+01   1.7074337e-02   4.1054477e-02
   1.8500000e+01  -7.2576146e-03   7.4430931e-02
   1.8600000e+01  -1.7406045e-02   7.5167983e-02
   1.8700000e+01  -1.1763372e-02   5.4294770e-02
   1.8800000e+01  -7.0408994e-04   3.8481540e-02
   1.8900000e+01   3.6571754e-03   4.1880882e-02
   1.9000000e+01  -3.2871261e-03   5.4976197e-02
   1.9100000e+01  -1.8409435e-02   6.0592128e-02
   1.9200000e+01  -3.6436829e-02   5.3623234e-02
   1.9300000e+01  -5.3326569e-02   4.0795420e-02
   1.9400000e+01  -6.5923786e-02   2.7031814e-02
   1.9500000e+01  -7.2579909e-02   1.1427640e-02
   1.9600000e+01  -7.5582113e-02  -3.0914042e-03
   1.9700000e+01  -7.9910977e-02  -5.7820080e-03
   1.9800000e+01  -8.6329859e-02   9.2081737e-03
   1.9900000e+01  -8.6591193e-02   3.0196908e-02
   2.0000000e+01  -6.9211892e-02   3.6711373e-02
   2.0100000e+01  -3.2122312e-02   2.2641497e-02
   2.0200000e+01   1.1227685e-02   4.7107383e-03
   2.0300000e+01   3.9734002e-02   3.6948956e-03
   2.0400000e+01   3.9384520e-02   2.0249699e-02
   2.0500000e+01   1.2037776e-02   3.4068909e-02
   2.0600000e+01  -2.7076690e-02   2.6212234e-02
   2.0700000e+01  -5.8794424e-02  -2.0659964e-03
   2.0800000e+01  -6.9678422e-02  -3.3166131e-02
   2.0900000e+01  -5.7636065e-02  -5.1187284e-02
   2.1000000e+01  -3.1124317e-02  -5.3169210e-02
   2.1100000e+01  -2.0718609e-03  -4.5405209e-02
   2.1200000e+01   2.2317981e-02  -3.3933170e-02
   2.1300000e+01   4.1415783e-02  -2.0474546e-02
   2.1400000e+01   5.5555328e-02  -5.5467965e-03
   2.1500000e+01   6.1286567e-02   7.0038090e-03
   2.1600000e+01   5.5353347e-02   9.7656266e-03
   2.1700000e+01   4.3086615e-02  -2.8760060e-03
   2.1800000e+01   3.8377560e-02  -2.7824735e-02
   2.1900000e+01   5.0985593e-02  -5.1978365e-02
   2.2000000e+01   7.4069168e-02  -6.0297506e-02
   2.2100000e+01   8.8112983e-02  -4.7644042e-02
   2.2200000e+01   7.9780629e-02  -2.3123406e-02
   2.2300000e+01   5.5756081e-02  -1.9974555e-03
   2.2400000e+01   3.5885067e-02   7.0526528e-03
   2.2500000e+01   3.3207102e-02   6.9789121e-03
   2.2600000e+01   4.2939128e-02   6.1759162e-03
   2.2700000e+01   5.0851786e-02   8.9798768e-03
   2.2800000e+01   4.8898374e-02   1.2471074e-02
   2.2900000e+01   4.0096753e-02   1.1145446e-02
   2.3000000e+01   3.0457964e-02   3.2647568e-03
   2.3100000e+01   2.1100574e-02  -7.5357775e-03
   2.3200000e+01   1.0043254e-02  -1.6069493e-02
   2.3300000e+01  -1.5146951e-03  -2.0145661e-02
   2.3400000e+01  -8.7459933e-03  -2.0963228e-02
   2.3500000e+01  -9.5009503e-03  -1.9486477e-02
   2.3600000e+01  -8.7525380e-03  -1.3902512e-02
   2.3700000e+01  -1.4987142e-02  -2.1363073e-03
   2.3800000e+01  -3.1988680e-02   1.3268351e-02
   2.3900000e+01  -5.4286270e-02   2.4592657e-02
   2.4000000e+01  -7.0663973e-02   2.4707988e-02
   2.4100000e+01  -7.2951580e-02   1.3094100e-02
   2.4200000e+01  -6.2882414e-02  -4.5845579e-03
   2.4300000e+01  -5.0812389e-02  -2.1857335e-02
   2.4400000e+01  -4.6539370e-02  -3.4302172e-02
   2.4500000e+01  -5.0237058e-02  -3.7114183e-02
   2.4600000e+01  -5.2739094e-02  -2.3583917e-02
   2.4700000e+01  -4.5632190e-02   9.3663327e-03
   2.4800000e+01  -3.1019708e-02   5.2924636e-02
   2.4900000e+01  -2.0683072e-02   8.6894604e-02
   2.5000000e+01  -2.5468361e-02   9.2900661e-02
   2.5100000e+01  -4.5369535e-02   6.9141800e-02
   2.5200000e+01  -6.8807993e-02   3.1416584e-02
   2.5300000e+01  -8.0348201e-02  -1.1262792e-03
   2.5400000e+01  -7.0380186e-02  -2.0447259e-02
   2.5500000e+01  -4.1173990e-02  -2.9687907e-02
   2.5600000e+01  -6.3569616e-03  -3.1854062e-02
   2.5700000e+01   1.6903740e-02  -2.3458456e-02
   2.5800000e+01   1.9494930e-02  -1.7529672e-03
   2.5900000e+01   7.3653879e-03   2.4897712e-02
   2.6000000e+01  -2.9488413e-03   3.9478236e-02
   2.6100000e+01   2.4286650e-03   3.1581179e-02
   2.6200000e+01   2.3934448e-02   8.1543857e-03
   2.6300000e+01   4.9136014e-02  -1.3354484e-02
   2.6400000e+01   6.2896345e-02  -2.1693707e-02
   2.6500000e+01   5.8011423e-02  -1.9515861e-02
   2.6600000e+01   3.9058614e-02  -1.5428857e-02
   2.6700000e+01   1.8530798e-02  -1.2541923e-02
   2.6800000e+01   8.7096493e-03  -7.4186336e-03
   2.6900000e+01   1.4250857e-02   1.9094826e-03
   2.7000000e+01   3.0177049e-02   1.1008971e-02
   2.7100000e+01   4.6724614e-02   1.2913096e-02
   2.7200000e+01   5.6800156e-02   4.3541054e-03
   2.7300000e+01   5.9319861e-02  -1.2991636e-02
   2.7400000e+01   5.6504702e-02  -3.4698020e-02
   2.7500000e+01   5.0078614e-02  -5.4094421e-02
   2.7600000e+01   4.1308867e-02  -6.2294337e-02
   2.7700000e+01   3.3102685e-02  -5.2835415e-02
   2.7800000e+01   2.8866786e-02  -2.8824651e-02
   2.7900000e+01   2.8057756e-02  -2.8743790e-03
   2.8000000e+01   2.4796047e-02   1.3420925e-02
   2.8100000e+01   1.3475656e-02   1.9261868e-02
   2.8200000e+01  -3.8677560e-03   2.1182677e-02
   2.8300000e+01  -1.7397439e-02   2.0761421e-02
   2.8400000e+01  -1.8068783e-02   1.0855894e-02
   2.8500000e+01  -6.5122377e-03  -1.3004945e-02
   2.8600000e+01   6.9608820e-03  -4.1034437e-02
   2.8700000e+01   1.1135453e-02  -5.4716938e-02
   2.8800000e+01   2.6825401e-03  -4.4808875e-02
   2.8900000e+01  -1.2884189e-02  -2.0039278e-02
   2.9000000e+01  -2.7376976e-02   3.8357039e-03
   2.9100000e+01  -3.5959917e-02   2.0081491e-02
   2.9200000e+01  -3.7730433e-02   3.2610608e-02
   2.9300000e+01  -3.2852400e-02   4.4252556e-02
   2.9400000e+01  -2.1889243e-02   4.9997851e-02
   2.9500000e+01  -8.6734979e-03   4.4666300e-02
   2.9600000e+01  -1.5968262e-03   3.3182934e-02
   2.9700000e+01  -8.7060520e-03   2.7656862e-02
   2.9800000e+01  -2.9832400e-02   3.3605539e-02
   2.9900000e+01  -5.4314013e-02   4.2916737e-02
   3.0000000e+01  -6.8050933e-02   4.3138212e-02
   3.0100000e+01  -6.3772703e-02   3.2017439e-02
   3.0200000e+01  -4.5212324e-02   1.9488911e-02
   3.0300000e+01  -2.2625495e-02   1.4931702e-02
   3.0400000e+01  -5.1323714e-03   1.5800936e-02
   3.0500000e+01   3.7671097e-03   1.1905280e-02
   3.0600000e+01   5.8495771e-03  -5.6680434e-05
   3.0700000e+01   4.9204494e-03  -1.0145013e-02
   3.0800000e+01   3.1073276e-03  -5.5737698e-03
   3.0900000e+01  -8.3777474e-04   1.4153331e-02
   3.1000000e+01  -9.2068517e-03   3.5042934e-02
   3.1100000e+01  -2.0348769e-02   4.1301599e-02
   3.1200000e+01  -2.6730834e-02   2.8188165e-02
   3.1300000e+01  -2.0410645e-02   2.7689037e-03
   3.1400000e+01  -2.0135241e-03  -2.4013165e-02
   3.1500000e+01   1.6819373e-02  -4.3241124e-02
   3.1600000e+01   2.2443129e-02  -4.9003933e-02
   3.1700000e+01   1.2186402e-02  -3.9621099e-02
   3.1800000e+01  -1.9108671e-03  -2.0569198e-02
   3.1900000e+01  -3.3355684e-03  -3.4070233e-03
   3.2000000e+01   1.3976968e-02   1.9518311e-03
   3.2100000e+01   3.9948291e-02  -5.4808551e-03
   3.2200000e+01   5.6613170e-02  -1.9126897e-02
   3.2300000e+01   5.2307765e-02  -3.2515354e-02
   3.2400000e+01   2.9971628e-02  -4.3439096e-02
   3.2500000e+01   4.4580377e-03  -5.0757686e-02
   3.2600000e+01  -7.5557659e-03  -5.0591590e-02
   3.2700000e+01   1.9994314e-03  -3.8952643e-02
   3.2800000e+01   2.7578616e-02  -1.8179530e-02
   3.2900000e+01   5.3375122e-02   1.3543009e-03
   3.3000000e+01   6.3712084e-02   7.5510047e-03
   3.3100000e+01   5.3612671e-02  -4.5830255e-03
   3.3200000e+01   3.0946222e-02  -2.9076920e-02
   3.3300000e+01   8.4092887e-03  -5.2494883e-02
   3.3400000e+01  -6.2588347e-03  -6.1824364e-02
   3.3500000e+01  -1.2213191e-02  -5.1950510e-02
   3.3600000e+01  -1.0316410e-02  -2.8504146e-02
   3.3700000e+01  -2.9595745e-04  -3.9955284e-03
   3.3800000e+01   1.5226513e-02   1.0723257e-02
   3.3900000e+01   2.7089118e-02   1.3522631e-02
   3.4000000e+01   2.4851872e-02   1.0868313e-02
   3.4100000e+01   7.2459675e-03   1.0768771e-02
   3.4200000e+01  -1.4874385e-02   1.5267641e-02
   3.4300000e+01  -2.8065475e-02   1.9170637e-02
   3.4400000e+01  -2.8206463e-02   1.5844703e-02
   3.4500000e+01  -2.1816316e-02   4.6782335e-03
   3.4600000e+01  -1.6707583e-02  -6.5852130e-03
   3.4700000e+01  -1.3958690e-02  -7.2063840e-03
   3.4800000e+01  -9.9734327e-03   7.4827843e-03
   3.4900000e+01  -4.3692736e-03   3.1166994e-02
   3.5000000e+01  -3.0165522e-03   5.0881465e-02
   3.5100000e+01  -1.2280315e-02   5.7352953e-02
   3.5200000e+01  -3.1089172e-02   5.1793109e-02
   3.5300000e+01  -4.9782100e-02   4.2778080e-02
   3.5400000e+01  -5.7352657e-02   3.7197340e-02
   3.5500000e+01  -5.0306440e-02   3.5182143e-02
   3.5600000e+01  -3.5050391e-02   3.3280759e-02
   3.5700000e+01  -2.1922001e-02   3.0148373e-02
   3.5800000e+01  -1.6462094e-02   2.7380811e-02
   3.5900000e+01  -1.5781714e-02   2.6006398e-02
   3.6000000e+01  -1.3125902e-02   2.4878380e-02
   3.6100000e+01  -6.1104019e-03   2.3130325e-02
   3.6200000e+01  -3.7014660e-04   2.2018910e-02
   3.6300000e+01  -4.3613191e-03   2.2504650e-02
   3.6400000e+01  -1.9734919e-02   2.1988200e-02
   3.6500000e+01  -3.6875864e-02   1.5643419e-02
   3.6600000e+01  -4.1120648e-02   1.5178986e-03
   3.6700000e+01  -2.4983564e-02  -1.6674919e-02
   3.6800000e+01   4.6686077e-03  -3.1919665e-02
   3.6900000e+01   3.1423548e-02  -3.7971516e-02
   3.7000000e+01   4.2117539e-02  -3.1549077e-02
   3.7100000e+01   3.6430684e-02  -1.3747367e-02
   3.7200000e+01   2.5294776e-02   7.7608469e-03
   3.7300000e+01   2.0292704e-02   1.9324388e-02
   3.7400000e+01   2.3841185e-02   9.4127309e-03
   3.7500000e+01   2.8463001e-02  -1.9711630e-02
   3.7600000e+01   2.4823001e-02  -4.9332187e-02
   3.7700000e+01   1.0625663e-02  -5.7825940e-02
   3.7800000e+01  -7.2895699e-03  -4.0227020e-02
   3.7900000e+01  -1.8304410e-02  -1.3837409e-02
   3.8000000e+01  -1.5207109e-02  -2.0564409e-03
   3.8100000e+01   2.1645043e-03  -1.1825751e-02
   3.8200000e+01   2.7455647e-02  -2.8234179e-02
   3.8300000e+01   5.0274432e-02  -3.1896246e-02
   3.8400000e+01   5.9679362e-02  -1.9789373e-02
   3.8500000e+01   4.9226725e-02  -6.7690895e-03
   3.8600000e+01   2.2174389e-02  -7.2687428e-03
   3.8700000e+01  -7.6661171e-03  -1.8931634e-02
   3.8800000e+01  -2.2844253e-02  -2.6470296e-02
   3.8900000e+01  -1.3995857e-02  -1.9858231e-02
   3.9000000e+01   1.2574218e-02  -5.1032814e-03
   3.9100000e+01   3.8948961e-02   3.8329381e-03
   3.9200000e+01   4.9192659e-02   8.9111967e-04
   3.9300000e+01   4.0905501e-02  -7.0653010e-03
   3.9400000e+01   2.4196555e-02  -1.0039271e-02
   3.9500000e+01   9.8760073e-03  -6.1732951e-03
   3.9600000e+01  -1.1087754e-04  -1.6233025e-03
   3.9700000e+01  -1.0145136e-02  -1.3714469e-03
   3.9800000e+01  -2.1175008e-02  -3.3590631e-03
   3.9900000e+01  -2.7190811e-02  -2.1862194e-03
   4.0000000e+01  -2.2717393e-02   3.8293132e-03
   4.0100000e+01  -1.1193362e-02   1.1312475e-02
   4.0200000e+01  -2.5797581e-03   1.6719599e-02
   4.0300000e+01  -2.5434923e-03   2.0266776e-02
   4.0400000e+01  -6.5948587e-03   2.4145306e-02
   4.0500000e+01  -6.3335226e-03   2.8182835e-02
   4.0600000e+01  -1.0152676e-04   2.8897749e-02
   4.0700000e+01   4.2327549e-03   2.3022234e-02
   4.0800000e+01  -3.2204764e-03   1.1229175e-02
   4.0900000e+01  -2.4819625e-02  -1.7048650e-03
   4.1000000e+01  -5.2116935e-02  -9.7724724e-03
   4.1100000e+01  -7.0355164e-02  -8.9237211e-03
   4.1200000e+01  -6.7485315e-02   8.4288714e-04
   4.1300000e+01  -4.3020551e-02   1.4704997e-02
   4.1400000e+01  -1.0729733e-02   2.4602810e-02
   4.1500000e+01   9.5441521e-03   2.4151398e-02
   4.1600000e+01   7.2876775e-03   1.4359862e-02
   4.1700000e+01  -9.3504679e-03   4.3081514e-03
   4.1800000e+01  -2.0998808e-02   3.8328446e-03
   4.1900000e+01  -1.5404191e-02   1.3753625e-02
   4.2000000e+01   1.9072804e-03   2.3908500e-02
   4.2100000e+01   1.5302173e-02   2.2728337e-02
   4.2200000e+01   1.5231833e-02   9.4981445e-03
   4.2300000e+01   5.0201120e-03  -4.0117237e-03
   4.2400000e+01  -6.1549486e-03  -5.4933275e-03
   4.2500000e+01  -1.2165975e-02   4.3985832e-03
   4.2600000e+01  -1.0636983e-02   1.1809983e-02
   4.2700000e+01   1.6064509e-04   4.0041549e-03
   4.2800000e+01   1.9169864e-02  -1.6271029e-02
   4.2900000e+01   3.7443698e-02  -3.1771181e-02
   4.3000000e+01   4.0936901e-02  -2.7048267e-02
   4.3100000e+01   2.2980364e-02  -4.1294076e-03
   4.3200000e+01  -6.6353512e-03   1.8121697e-02
   4.3300000e+01  -2.7866482e-02   2.0572074e-02
   4.3400000e+01  -2.6651893e-02   4.7603186e-04
   4.3500000e+01  -4.8852175e-03  -2.6970509e-02
   4.3600000e+01   2.3821605e-02  -4.2199861e-02
   4.3700000e+01   4.5280914e-02  -3.6484449e-02
   4.3800000e+01   5.2048747e-02  -1.6301035e-02
   4.3900000e+01   4.4521353e-02   3.7958761e-03
   4.4000000e+01   2.9220729e-02   1.1494504e-02
   4.4100000e+01   1.5398761e-02   3.0604344e-03
   4.4200000e+01   9.2521491e-03  -1.5736007e-02
   4.4300000e+01   9.1656022e-03  -3.2869585e-02
   4.4400000e+01   7.9509107e-03  -3.6568407e-02
   4.4500000e+01   1.4522083e-03  -2.2835016e-02
   4.4600000e+01  -5.9511330e-03   9.2784005e-04
   4.4700000e+01  -6.2958047e-03   2.0031549e-02
   4.4800000e+01   1.8241785e-03   2.2310479e-02
   4.4900000e+01   1.0438136e-02   6.5653659e-03
   4.5000000e+01   1.0690225e-02  -1.6439487e-02
   4.5100000e+01   2.4650656e-03  -3.1011112e-02
   4.5200000e+01  -6.5610389e-03  -2.6969003e-02
   4.5300000e+01  -1.0757604e-02  -6.6234917e-03
   4.5400000e+01  -1.2507998e-02   1.7015095e-02
   4.5500000e+01  -1.7140121e-02   3.0231661e-02
   4.5600000e+01  -2.4330247e-02   2.8911267e-02
   4.5700000e+01  -2.7760790e-02   1.9844201e-02
   4.5800000e+01  -2.3297356e-02   1.2086352e-02
   4.5900000e+01  -1.4504994e-02   7.8927732e-03
   4.6000000e+01  -8.3693370e-03   2.9111470e-03
   4.6100000e+01  -7.5811410e-03  -5.7756822e-03
   4.6200000e+01  -9.7879214e-03  -1.4217045e-02
   4.6300000e+01  -1.3540452e-02  -1.5282251e-02
   4.6400000e+01  -2.0915141e-02  -6.6226019e-03
   4.6500000e+01  -3.2173036e-02   6.4349067e-03
   4.6600000e+01  -4.0586911e-02   1.5685852e-02
   4.6700000e+01  -3.6870200e-02   1.6787630e-02
   4.6800000e+01  -1.9613562e-02   1.1654775e-02
   4.6900000e+01   1.3204528e-03   5.8342911e-03
   4.7000000e+01   1.3639541e-02   4.2365238e-03
   4.7100000e+01   1.3741687e-02   8.2118126e-03
   4.7200000e+01   7.8037191e-03   1.5117176e-02
   4.7300000e+01   3.4867555e-03   2.0385511e-02
   4.7400000e+01   3.3212256e-03   2.0842788e-02
   4.7500000e+01   5.8672038e-03   1.6685283e-02
   4.7600000e+01   9.5339626e-03   1.0372605e-02
   4.7700000e+01   1.2740350e-02   3.9206398e-03
   4.7800000e+01   1.2529120e-02  -2.0819372e-03
   4.7900000e+01   7.0350748e-03  -6.8425237e-03
   4.8000000e+01  -1.7257653e-04  -8.0910904e-03
   4.8100000e+01  -1.5039150e-03  -3.9823413e-03
   4.8200000e+01   6.6353021e-03   3.6249239e-03
   4.8300000e+01   1.8810384e-02   9.3338259e-03
   4.8400000e+01   2.5963896e-02   9.1437059e-03
   4.8500000e+01   2.5217900e-02   4.9510404e-03
   4.8600000e+01   2.1723046e-02   2.5236384e-03
   4.8700000e+01   2.0644676e-02   4.2547108e-03
   4.8800000e+01   2.0548162e-02   5.3230272e-03
   4.8900000e+01   1.7034113e-02  -9.5425495e-04
   4.9000000e+01   1.0848836e-02  -1.3956583e-02
   4.9100000e+01   8.3567447e-03  -2.4154709e-02
   4.9200000e+01   1.3076273e-02  -2.2486898e-02
   4.9300000e+01   1.9862058e-02  -1.0751288e-02
   4.9400000e+01   2.0308299e-02  -7.6065868e-04
   4.9500000e+01   1.2936656e-02  -2.4531526e-03
   4.9600000e+01   4.9677155e-03  -1.3731262e-02
   4.9700000e+01   3.1753747e-03  -2.2736444e-02
   4.9800000e+01   5.5110086e-03  -1.9669592e-02
   4.9900000e+01   4.2776446e-03  -6.0555755e-03
   5.0000000e+01  -3.3029831e-03   6.6757634e-03
   5.0100000e+01  -1.1010626e-02   6.8806026e-03
   5.0200000e+01  -1.1740251e-02  -7.7869934e-03
   5.0300000e+01  -7.6193387e-03  -2.7878385e-02
   5.0400000e+01  -8.6494823e-03  -3.8156804e-02
   5.0500000e+01  -2.0434868e-02  -2.8286448e-02
   5.0600000e+01  -3.5665322e-02  -1.0548139e-03
   5.0700000e+01  -4.0357826e-02   2.8155990e-02
   5.0800000e+01  -2.8531914e-02   4.1076965e-02
   5.0900000e+01  -9.0318980e-03   2.8869441e-02
   5.1000000e+01   2.6647659e-03  -1.6918492e-03
   5.1100000e+01  -1.7554719e-03  -3.2460218e-02
   5.1200000e+01  -1.7925941e-02  -4.5620246e-02
   5.1300000e+01  -3.4563698e-02  -3.4952655e-02
   5.1400000e+01  -4.2152968e-02  -9.0172459e-03
   5.1500000e+01  -3.6816813e-02   1.5805350e-02
   5.1600000e+01  -1.9854760e-02   2.6826471e-02
   5.1700000e+01   2.9758944e-03   2.2095978e-02
   5.1800000e+01   2.2193732e-02   8.5843587e-03
   5.1900000e+01   2.8285594e-02  -4.6379109e-03
   5.2000000e+01   1.8102604e-02  -1.1385638e-02
   5.2100000e+01  -1.3978266e-03  -9.3092348e-03
   5.2200000e+01  -1.6838970e-02   4.0998613e-04
   5.2300000e+01  -1.7731230e-02   1.2895375e-02
   5.2400000e+01  -3.9898642e-03   2.0943701e-02
   5.2500000e+01   1.4530844e-02   1.9313820e-02
   5.2600000e+01   2.5869335e-02   8.9099256e-03
   5.2700000e+01   2.4467995e-02  -3.4560207e-03
   5.2800000e+01   1.3728274e-02  -9.8753710e-03
   5.2900000e+01   1.8081230e-03  -6.6496405e-03
   5.3000000e+01  -4.3984884e-03   3.6859431e-03
   5.3100000e+01  -2.1870345e-03   1.4404110e-02
   5.3200000e+01   7.2172431e-03   1.9239657e-02
   5.3300000e+01   1.9268099e-02   1.6864479e-02
   5.3400000e+01   2.6750253e-02   1.1675900e-02
   5.3500000e+01   2.3189303e-02   9.4914430e-03
   5.3600000e+01   8.8390534e-03   1.1763716e-02
   5.3700000e+01  -6.8883289e-03   1.4352209e-02
   5.3800000e+01  -1.1928163e-02   1.2301832e-02
   5.3900000e+01  -2.6854900e-03   5.1716393e-03
   5.4000000e+01   1.1910039e-02  -2.9371911e-03
   5.4100000e+01   1.9020529e-02  -7.8367359e-03
   5.4200000e+01   1.4573721e-02  -8.5123573e-03
   5.4300000e+01   6.1241776e-03  -6.2601004e-03
   5.4400000e+01   3.0771454e-03  -2.2969968e-03
   5.4500000e+01   5.9998525e-03   2.7956685e-03
   5.4600000e+01   7.2644436e-03   8.1134712e-03
   5.4700000e+01   1.3549507e-03   1.2295047e-02
   5.4800000e+01  -8.0959914e-03   1.4618198e-02
   5.4900000e+01  -1.2817367e-02   1.5583527e-02
   5.5000000e+01  -1.0010114e-02   1.6072268e-02
   5.5100000e+01  -5.6739699e-03   1.6277069e-02
   5.5200000e+01  -7.2508827e-03   1.5782875e-02
   5.5300000e+01  -1.4349891e-02   1.4365918e-02
   5.5400000e+01  -1.8337817e-02   1.1997398e-02
   5.5500000e+01  -1.1341748e-02   7.8264499e-03
   5.5600000e+01   5.0613824e-03  -3.2131531e-05
   5.5700000e+01   2.0397349e-02  -1.2355121e-02
   5.5800000e+01   2.4138244e-02  -2.5931217e-02
   5.5900000e+01   1.4118272e-02  -3.3899447e-02
   5.6000000e+01  -2.5718157e-03  -3.0715884e-02
   5.6100000e+01  -1.5653442e-02  -1.7523603e-02
   5.6200000e+01  -1.8815698e-02  -1.9935063e-03
   5.6300000e+01  -1.2961155e-02   7.7989773e-03
   5.6400000e+01  -4.6052180e-03   9.3047775e-03
   5.6500000e+01  -1.2791319e-03   5.6204300e-03
   5.6600000e+01  -6.4632619e-03   9.6463343e-04
   5.6700000e+01  -1.6761854e-02  -3.0084820e-03
   5.6800000e+01  -2.3733473e-02  -7.1418287e-03
   5.6900000e+01  -2.0237490e-02  -1.2550477e-02
   5.7000000e+01  -6.8852821e-03  -1.8767259e-02
   5.7100000e+01   7.3885697e-03  -2.3382726e-02
   5.7200000e+01   1.2176184e-02  -2.3692440e-02
   5.7300000e+01   4.2870264e-03  -1.9768773e-02
   5.7400000e+01  -9.5649306e-03  -1.5628246e-02
   5.7500000e+01  -1.8411326e-02  -1.5384091e-02
   5.7600000e+01  -1.5709296e-02  -1.7663592e-02
   5.7700000e+01  -3.6814437e-03  -1.6421899e-02
   5.7800000e+01   9.3893936e-03  -9.6011928e-03
   5.7900000e+01   1.5716272e-02  -4.7764220e-03
   5.8000000e+01   1.3143051e-02  -1.1457201e-02
   5.8100000e+01   5.5893610e-03  -2.6976665e-02
   5.8200000e+01  -8.6695085e-04  -3.4945629e-02
   5.8300000e+01  -2.9314959e-03  -2.2257948e-02
   5.8400000e+01  -1.9849334e-03   3.9346371e-03
   5.8500000e+01  -1.4523509e-03   2.1143064e-02
   5.8600000e+01  -2.4934825e-03   1.4815543e-02
   5.8700000e+01  -2.6049217e-03  -6.5069013e-03
   5.8800000e+01   1.4176090e-03  -2.1425237e-02
   5.8900000e+01   9.4849447e-03  -1.8584733e-02
   5.9000000e+01   1.7495433e-02  -6.0036495e-03
   5.9100000e+01   2.0478123e-02   1.5019885e-03
   5.9200000e+01   1.6334093e-02  -1.7402013e-04
   5.9300000e+01   7.0268175e-03  -1.8496957e-03
   5.9400000e+01  -2.8775694e-03   6.0920212e-03
   5.9500000e+01  -8.4152828e-03   2.1659716e-02
   5.9600000e+01  -6.0435801e-03   3.3055879e-02
   5.9700000e+01   4.5975524e-03   3.1160978e-02
   5.9800000e+01   1.9148053e-02   1.8857694e-02
   5.9900000e+01   2.9272560e-02   7.7694990e-03
   6.0000000e+01   2.7536494e-02   6.4197038e-03
   6.0100000e+01   1.4133001e-02   1.2509244e-02
   6.0200000e+01  -1.0908040e-03   1.7294770e-02
   6.0300000e+01  -5.7555725e-03   1.6637782e-02
   6.0400000e+01   3.4367814e-03   1.5698302e-02
   6.0500000e+01   1.6228952e-02   2.1639459e-02
   6.0600000e+01   1.8035341e-02   3.3158942e-02
   6.0700000e+01   5.0979751e-03   3.9912956e-02
   6.0800000e+01  -1.0347374e-02   3.3277019e-02
   6.0900000e+01  -1.1801720e-02   1.6238898e-02
   6.1000000e+01   3.9935141e-03   1.1100885e-03
   6.1100000e+01   2.2180460e-02  -2.1744500e-03
   6.1200000e+01   2.3504256e-02   5.7547833e-03
   6.1300000e+01   3.2111793e-03   1.6809828e-02
   6.1400000e+01  -2.3943679e-02   2.4560846e-02
   6.1500000e+01  -3.7533023e-02   2.8602984e-02
   6.1600000e+01  -3.0069526e-02   3.0626244e-02
   6.1700000e+01  -1.2100841e-02   2.8871930e-02
   6.1800000e+01   2.7319704e-06   1.9036674e-02
   6.1900000e+01  -2.4415260e-04   1.1819140e-03
   6.2000000e+01  -6.2505546e-03  -1.6115043e-02
   6.2100000e+01  -8.8716996e-03  -2.1301076e-02
   6.2200000e+01  -7.0002685e-03  -1.1106151e-02
   6.2300000e+01  -6.2872530e-03   4.5235230e-03
   6.2400000e+01  -9.4468946e-03   1.0797668e-02
   6.2500000e+01  -1.1728051e-02   2.4475939e-03
   6.2600000e+01  -7.7659677e-03  -1.1008369e-02
   6.2700000e+01  -7.3934403e-04  -1.5383141e-02
   6.2800000e+01  -1.0808689e-03  -6.8918805e-03
   6.2900000e+01  -1.4812023e-02   4.0294807e-03
   6.3000000e+01  -3.4887463e-02   4.1352751e-03
   6.3100000e+01  -4.6121478e-02  -8.6195270e-03
   6.3200000e+01  -3.8907430e-02  -2.3464914e-02
   6.3300000e+01  -1.7629206e-02  -2.8623276e-02
   6.3400000e+01   3.5901754e-03  -2.3331718e-02
   6.3500000e+01   1.2056327e-02  -1.7558657e-02
   6.3600000e+01   4.4739361e-03  -2.0498549e-02
   6.3700000e+01  -1.2340881e-02  -3.0353036e-02
   6.3800000e+01  -2.5897926e-02  -3.5985815e-02
   6.3900000e+01  -2.5079644e-02  -2.8797564e-02
   6.4000000e+01  -7.6956362e-03  -1.2920054e-02
   6.4100000e+01   1.6348254e-02  -3.1040431e-03
   6.4200000e+01   3.1498105e-02  -1.1352013e-02
   6.4300000e+01   2.9696016e-02  -3.4755615e-02
   6.4400000e+01   1.7802312e-02  -5.6783489e-02
   6.4500000e+01   1.0139180e-02  -6.1393798e-02
   6.4600000e+01   1.3117192e-02  -4.6224729e-02
   6.4700000e+01   1.9181839e-02  -2.2172534e-02
   6.4800000e+01   1.7177813e-02  -1.5254615e-03
   6.4900000e+01   6.5728536e-03   1.1381031e-02
   6.5000000e+01  -1.6188008e-03   1.8157061e-02
   6.5100000e+01   2.3003597e-03   1.9100855e-02
   6.5200000e+01   1.6271238e-02   1.2002019e-02
   6.5300000e+01   3.0305507e-02  -2.1600758e-03
   6.5400000e+01   3.7786795e-02  -1.6370685e-02
   6.5500000e+01   3.9392715e-02  -2.3028177e-02
   6.5600000e+01   3.6669289e-02  -2.0807160e-02
   6.5700000e+01   2.6626297e-02  -1.3989061e-02
   6.5800000e+01   6.1949789e-03  -6.1704852e-03
   6.5900000e+01  -1.9386531e-02   2.3902980e-03
   6.6000000e+01  -3.6607708e-02   1.1257916e-02
   6.6100000e+01  -3.4270305e-02   1.7467598e-02
   6.6200000e+01  -1.3638429e-02   1.9309134e-02
   6.6300000e+01   1.2551069e-02   2.0440351e-02
   6.6400000e+01   3.0636460e-02   2.6434860e-02
   6.6500000e+01   3.5279304e-02   3.6672508e-02
   6.6600000e+01   2.9676560e-02   4.2614274e-02
   6.6700000e+01   1.9141576e-02   3.6384559e-02
   6.6800000e+01   6.1604096e-03   2.0155765e-02
   6.6900000e+01  -8.5140597e-03   5.1264137e-03
   6.7000000e+01  -2.1855938e-02   1.1599549e-03
   6.7100000e+01  -2.8060516e-02   8.5503266e-03
   6.7200000e+01  -2.3431324e-02   1.9697705e-02
   6.7300000e+01  -1.1395659e-02   2.6990233e-02
   6.7400000e+01  -1.1294349e-03   2.8189786e-02
   6.7500000e+01  -3.8508771e-05   2.5784388e-02
   6.7600000e+01  -7.4906364e-03   2.3346559e-02
   6.7700000e+01  -1.6088126e-02   2.2651675e-02
   6.7800000e+01  -1.8693165e-02   2.2579494e-02
   6.7900000e+01  -1.4002803e-02   1.9873730e-02
   6.8000000e+01  -6.3216921e-03   1.2102125e-02
   6.8100000e+01  -1.4795914e-03   1.2485225e-03
   6.8200000e+01  -3.0489251e-03  -6.0618014e-03
   6.8300000e+01  -1.0637970e-02  -3.5699815e-03
   6.8400000e+01  -2.0004028e-02   8.4805274e-03
   6.8500000e+01  -2.5014281e-02   2.2398670e-02
   6.8600000e+01  -2.1350052e-02   2.8333946e-02
   6.8700000e+01  -9.9287152e-03   2.0581756e-02
   6.8800000e+01   2.9318972e-03   1.9991943e-04
   6.8900000e+01   9.3617399e-03  -2.5742133e-02
   6.9000000e+01   5.2621125e-03  -4.6408991e-02
   6.9100000e+01  -6.5417954e-03  -5.1562677e-02
   6.9200000e+01  -1.7582032e-02  -3.8027940e-02
   6.9300000e+01  -1.9273828e-02  -1.3208389e-02
   6.9400000e+01  -9.5395969e-03   9.8364293e-03
   6.9500000e+01   4.8350236e-03   2.2510672e-02
   6.9600000e+01   1.3528216e-02   2.5344136e-02
   6.9700000e+01   1.2040985e-02   2.2410680e-02
   6.9800000e+01   5.7914630e-03   1.3802495e-02
   6.9900000e+01   3.7453489e-03  -3.1706106e-03
   7.0000000e+01   8.0157234e-03  -2.5829566e-02
   7.0100000e+01   1.1536417e-02  -4.3115502e-02
   7.0200000e+01   7.0685381e-03  -4.3612046e-02
   7.0300000e+01  -3.0840065e-03  -2.6241725e-02
   7.0400000e+01  -8.7480336e-03  -1.9009816e-03
   7.0500000e+01  -3.3043631e-03   1.5000072e-02
   7.0600000e+01   8.8758073e-03   1.6128241e-02
   7.0700000e+01   1.7772763e-02   2.5779898e-03
   7.0800000e+01   1.8846085e-02  -1.7718560e-02
   7.0900000e+01   1.6343563e-02  -3.4740773e-02
   7.1000000e+01   1.5732797e-02  -4.1017107e-02
   7.1100000e+01   1.5915127e-02  -3.4953557e-02
   7.1200000e+01   1.1345748e-02  -2.1166066e-02
   7.1300000e+01   7.9506286e-04  -7.2181786e-03
   7.1400000e+01  -9.1612275e-03   1.0604301e-03
   7.1500000e+01  -1.0929936e-02   2.4236240e-03
   7.1600000e+01  -4.7435675e-03  -3.0139867e-04
   7.1700000e+01   1.4275237e-03  -3.2665886e-03
   7.1800000e+01   1.0047500e-03  -4.8423628e-03
   7.1900000e+01  -3.7743862e-03  -6.2143366e-03
   7.2000000e+01  -4.7155703e-03  -8.4735528e-03
   7.2100000e+01   2.6550830e-03  -9.6381330e-03
   7.2200000e+01   1.3562061e-02  -6.4512408e-03
   7.2300000e+01   1.8452363e-02   8.7129019e-05
   7.2400000e+01   1.2312632e-02   3.4953808e-03
   7.2500000e+01  -8.9232174e-04  -5.8722619e-04
   7.2600000e+01  -1.2511981e-02  -6.2554337e-03
   7.2700000e+01  -1.7026307e-02  -1.4934677e-03
   7.2800000e+01  -1.5419871e-02   1.6644761e-02
   7.2900000e+01  -1.1722876e-02   3.3990961e-02
   7.3000000e+01  -7.6811117e-03   3.1621519e-02
   7.3100000e+01  -1.7686058e-03   7.3003909e-03
   7.3200000e+01   7.0057850e-03  -1.9033522e-02
   7.3300000e+01   1.5816588e-02  -2.3959145e-02
   7.3400000e+01   1.9553015e-02  -3.5986604e-03
   7.3500000e+01   1.5336283e-02   2.3713768e-02
   7.3600000e+01   4.9547605e-03   3.6243938e-02
   7.3700000e+01  -6.6559299e-03   2.7786087e-02
   7.3800000e+01  -1.4387943e-02   9.0122057e-03
   7.3900000e+01  -1.5086094e-02  -5.3957805e-03
   7.4000000e+01  -9.0688502e-03  -8.3933249e-03
   7.4100000e+01  -8.0537207e-04  -2.1962609e-03
   7.4200000e+01   3.5526122e-03   6.9001076e-03
   7.4300000e+01   1.6582095e-03   1.3751788e-02
   7.4400000e+01  -2.2317677e-03   1.6674894e-02
   7.4500000e+01  -2.1351495e-03   1.7025055e-02
   7.4600000e+01   1.5764346e-03   1.6968858e-02
   7.4700000e+01   1.5063375e-03   1.7292253e-02
   7.4800000e+01  -7.4407424e-03   1.7417783e-02
   7.4900000e+01  -1.9826205e-02   1.7105548e-02
   7.5000000e+01  -2.4067405e-02   1.6506261e-02
   7.5100000e+01  -1.5483179e-02   1.3714505e-02
   7.5200000e+01  -2.2106786e-03   4.4497820e-03
   7.5300000e+01   3.7374606e-03  -1.2365968e-02
   7.5400000e+01  -1.6858877e-04  -2.8488982e-02
   7.5500000e+01  -4.8730878e-03  -3.0129874e-02
   7.5600000e+01  -8.3716602e-04  -1.2132225e-02
   7.5700000e+01   1.0707620e-02   1.2558877e-02
   7.5800000e+01   1.8447048e-02   2.2653487e-02
   7.5900000e+01   1.2263629e-02   1.0566135e-02
   7.6000000e+01  -6.1385237e-03  -8.0378676e-03
   7.6100000e+01  -2.2751590e-02  -1.0955480e-02
   7.6200000e+01  -2.1757528e-02   4.6141531e-03
   7.6300000e+01   4.6354901e-04   1.7400796e-02
   7.6400000e+01   2.9300446e-02   5.9949097e-03
   7.6500000e+01   4.1574968e-02  -2.5334654e-02
   7.6600000e+01   2.5743270e-02  -4.9187013e-02
   7.6700000e+01  -5.4257176e-03  -4.3722794e-02
   7.6800000e+01  -2.4682007e-02  -1.5202427e-02
   7.6900000e+01  -1.5927618e-02   1.0136874e-02
   7.7000000e+01   9.9325380e-03   1.4002126e-02
   7.7100000e+01   2.6492976e-02   2.1368939e-03
   7.7200000e+01   1.8857508e-02  -6.7333786e-03
   7.7300000e+01  -3.0795100e-03  -3.0891189e-03
   7.7400000e+01  -1.8178155e-02   5.5422794e-03
   7.7500000e+01  -1.6856075e-02   6.5939757e-03
   7.7600000e+01  -7.3282391e-03  -2.7437975e-03
   7.7700000e+01  -1.8959959e-03  -1.4409681e-02
   7.7800000e+01  -3.0894127e-03  -1.9748341e-02
   7.7900000e+01  -5.2874555e-03  -1.7057084e-02
   7.8000000e+01  -5.1409018e-03  -9.6113480e-03
   7.8100000e+01  -4.7634781e-03  -5.8711945e-04
   7.8200000e+01  -5.2523181e-03   7.5802059e-03
   7.8300000e+01  -2.7270749e-03   1.1459205e-02
   7.8400000e+01   5.9418763e-03   8.7070059e-03
   7.8500000e+01   1.6220291e-02   2.5174871e-03
   7.8600000e+01   1.9023643e-02   2.5438851e-04
   7.8700000e+01   1.0951495e-02   4.7328158e-03
   7.8800000e+01  -1.7544733e-03   8.7365280e-03
   7.8900000e+01  -1.0804076e-02   2.3249142e-03
   7.9000000e+01  -1.4836159e-02  -1.3641424e-02
   7.9100000e+01  -1.8069484e-02  -2.4859259e-02
   7.9200000e+01  -2.1188035e-02  -1.7640973e-02
   7.9300000e+01  -1.7707049e-02   5.3175767e-03
   7.9400000e+01  -1.8700975e-03   2.6037670e-02
   7.9500000e+01   2.1514006e-02   2.8497946e-02
   7.9600000e+01   3.8584926e-02   1.2988834e-02
   7.9700000e+01   3.9176095e-02  -6.5181153e-03
   7.9800000e+01   2.6459603e-02  -1.6115589e-02
   7.9900000e+01   1.1880359e-02  -1.1574761e-02
   8.0000000e+01   1.4553395e-03   2.1169873e-03
