   1.0221618e+02   2.8602761e+01   2.5212700e+03
   1.0221739e+02   2.8401371e+01   1.8751300e+03
   0.0000000e+00   3.6856827e-01   3.6856827e-01
   1.0000000e-01   5.4550370e-01   2.2679980e-01
   2.0000000e-01   6.8492783e-01   1.7714388e-01
   3.0000000e-01   7.5173069e-01   2.0772020e-01
   4.0000000e-01   7.5444257e-01   2.4478918e-01
   5.0000000e-01   7.1803985e-01   2.1870856e-01
   6.0000000e-01   6.6753537e-01   1.2214771e-01
   7.0000000e-01   6.3423614e-01   2.4654909e-03
   8.0000000e-01   6.5540037e-01  -9.5909599e-02
   9.0000000e-01   7.4764739e-01  -1.7106276e-01
   1.0000000e+00   8.7949500e-01  -2.4585953e-01
   1.1000000e+00   9.8255096e-01  -3.2463835e-01
   1.2000000e+00   1.0000000e+00  -3.8285491e-01
   1.3000000e+00   9.2631156e-01  -4.0190500e-01
   1.4000000e+00   8.0079456e-01  -4.0239742e-01
   1.5000000e+00   6.6795603e-01  -4.3026914e-01
   1.6000000e+00   5.4753739e-01  -5.0832045e-01
   1.7000000e+00   4.3595348e-01  -6.0911596e-01
   1.8000000e+00   3.2303376e-01  -6.8191176e-01
   1.9000000e+00   2.0068490e-01  -7.0509870e-01
   2.0000000e+00   6.2755819e-02  -7.0784804e-01
   2.1000000e+00  -9.0563560e-02  -7.3914639e-01
   2.2000000e+00  -2.4373508e-01  -8.1731575e-01
   2.3000000e+00  -3.6839024e-01  -9.0969211e-01
   2.4000000e+00  -4.4394910e-01  -9.5910109e-01
   2.5000000e+00  -4.7733071e-01  -9.3001864e-01
   2.6000000e+00  -4.9729286e-01  -8.3370407e-01
   2.7000000e+00  -5.2629231e-01  -7.1389415e-01
   2.8000000e+00  -5.6123513e-01  -6.0864748e-01
   2.9000000e+00  -5.8599125e-01  -5.2185162e-01
   3.0000000e+00  -5.9945362e-01  -4.2755236e-01
   3.1000000e+00  -6.2143038e-01  -3.0085054e-01
   3.2000000e+00  -6.6559505e-01  -1.4563472e-01
   3.3000000e+00  -7.1351149e-01   6.3805668e-03
   3.4000000e+00  -7.2734479e-01   1.2250854e-01
   3.5000000e+00  -6.9067194e-01   1.9500363e-01
   3.6000000e+00  -6.2648964e-01   2.4335297e-01
   3.7000000e+00  -5.6628522e-01   2.9543610e-01
   3.8000000e+00  -5.0827546e-01   3.6781653e-01
   3.9000000e+00  -4.2235828e-01   4.5994318e-01
   4.0000000e+00  -3.0110850e-01   5.6013552e-01
   4.1000000e+00  -1.9122610e-01   6.5323678e-01
   4.2000000e+00  -1.5660106e-01   7.2513303e-01
   4.3000000e+00  -2.0863823e-01   7.6661028e-01
   4.4000000e+00  -2.8559061e-01   7.7873157e-01
   4.5000000e+00  -3.0836075e-01   7.7593676e-01
   4.6000000e+00  -2.5126114e-01   7.7969448e-01
   4.7000000e+00  -1.5249902e-01   8.0104358e-01
   4.8000000e+00  -6.3607569e-02   8.2325942e-01
   4.9000000e+00  -3.4514192e-03   8.0426044e-01
   5.0000000e+00   3.6866897e-02   7.0725578e-01
   5.1000000e+00   6.1395533e-02   5.3912612e-01
   5.2000000e+00   5.9970076e-02   3.5732154e-01
   5.3000000e+00   3.1509189e-02   2.2745321e-01
   5.4000000e+00   1.1575308e-03   1.6466783e-01
   5.5000000e+00   7.9404777e-04   1.1849508e-01
   5.6000000e+00   3.2534762e-02   2.3389133e-02
   5.7000000e+00   6.0707869e-02  -1.3317481e-01
   5.8000000e+00   4.7199730e-02  -2.9743866e-01
   5.9000000e+00  -5.0116293e-03  -4.0625648e-01
   6.0000000e+00  -4.6981873e-02  -4.5109905e-01
   6.1000000e+00  -2.5169497e-02  -4.7808041e-01
   6.2000000e+00   7.0370318e-02  -5.2727994e-01
   6.3000000e+00   1.9633905e-01  -5.8419557e-01
   6.4000000e+00   2.9215407e-01  -5.9856019e-01
   6.5000000e+00   3.2709356e-01  -5.4446528e-01
   6.6000000e+00   3.1854703e-01  -4.4986437e-01
   6.7000000e+00   3.1084882e-01  -3.6475209e-01
   6.8000000e+00   3.3718704e-01  -3.1017937e-01
   6.9000000e+00   3.9649422e-01  -2.6668686e-01
   7.0000000e+00   4.6118637e-01  -2.0802563e-01
   7.1000000e+00   5.0593146e-01  -1.3398821e-01
   7.2000000e+00   5.3082054e-01  -6.5080372e-02
   7.3000000e+00   5.5714410e-01  -1.2724810e-02
   7.4000000e+00   5.9937483e-01   3.4096922e-02
   7.5000000e+00   6.4220463e-01   9.0803021e-02
   7.6000000e+00   6.4959586e-01   1.5431312e-01
   7.7000000e+00   6.0064296e-01   2.0610152e-01
   7.8000000e+00   5.1623940e-01   2.3642211e-01
   7.9000000e+00   4.4627238e-01   2.5709593e-01
   8.0000000e+00   4.2628353e-01   2.8575119e-01
   8.1000000e+00   4.4429473e-01   3.2141333e-01
   8.2000000e+00   4.4931488e-01   3.4089457e-01
   8.3000000e+00   3.9350267e-01   3.1765555e-01
   8.4000000e+00   2.7055444e-01   2.4029841e-01
   8.5000000e+00   1.1951299e-01   1.1745681e-01
   8.6000000e+00  -5.6673912e-03  -2.3010445e-02
   8.7000000e+00  -7.5207146e-02  -1.3638230e-01
   8.8000000e+00  -1.0368969e-01  -1.7810625e-01
   8.9000000e+00  -1.3947109e-01  -1.3803142e-01
   9.0000000e+00  -2.3035058e-01  -5.9948846e-02
   9.1000000e+00  -3.8631798e-01  -1.2969736e-02
   9.2000000e+00  -5.6511095e-01  -3.3791637e-02
   9.3000000e+00  -6.9636288e-01  -1.0132840e-01
   9.4000000e+00  -7.3302196e-01  -1.7122819e-01
   9.5000000e+00  -6.9056056e-01  -2.2411210e-01
   9.6000000e+00  -6.3560141e-01  -2.6768967e-01
   9.7000000e+00  -6.2744834e-01  -2.9987830e-01
   9.8000000e+00  -6.6472586e-01  -2.9364259e-01
   9.9000000e+00  -6.9068354e-01  -2.2917211e-01
   1.0000000e+01  -6.5333105e-01  -1.2818533e-01
   1.0100000e+01  -5.5784740e-01  -4.1201221e-02
   1.0200000e+01  -4.5674370e-01  -3.5652221e-03
   1.0300000e+01  -3.9304151e-01  -1.3601442e-02
   1.0400000e+01  -3.6290967e-01  -4.8280961e-02
   1.0500000e+01  -3.3592259e-01  -8.3360713e-02
   1.0600000e+01  -2.9968490e-01  -9.5969311e-02
   1.0700000e+01  -2.7056223e-01  -6.7300902e-02
   1.0800000e+01  -2.6177087e-01   1.5283293e-04
   1.0900000e+01  -2.5581884e-01   7.4431559e-02
   1.1000000e+01  -2.1837013e-01   1.1937325e-01
   1.1100000e+01  -1.3416227e-01   1.2923387e-01
   1.1200000e+01  -2.0727098e-02   1.2619544e-01
   1.1300000e+01   9.0164032e-02   1.2172453e-01
   1.1400000e+01   1.7461808e-01   9.5780912e-02
   1.1500000e+01   2.2157906e-01   2.6725484e-02
   1.1600000e+01   2.3170222e-01  -6.4666645e-02
   1.1700000e+01   2.2347080e-01  -1.1593391e-01
   1.1800000e+01   2.3355006e-01  -7.4043281e-02
   1.1900000e+01   2.9332189e-01   5.4275100e-02
   1.2000000e+01   3.9599749e-01   1.9967277e-01
   1.2100000e+01   4.9222659e-01   2.7540368e-01
   1.2200000e+01   5.2687442e-01   2.3743285e-01
   1.2300000e+01   4.8371448e-01   1.1987384e-01
   1.2400000e+01   3.9600390e-01   1.6565991e-02
   1.2500000e+01   3.1785752e-01   1.1150612e-02
   1.2600000e+01   2.8704486e-01   1.0642532e-01
   1.2700000e+01   3.0801393e-01   2.2055729e-01
   1.2800000e+01   3.5856007e-01   2.6165692e-01
   1.2900000e+01   4.0703707e-01   2.0950328e-01
   1.3000000e+01   4.2770266e-01   1.2259497e-01
   1.3100000e+01   4.0811902e-01   7.0832550e-02
   1.3200000e+01   3.4855309e-01   7.2256454e-02
   1.3300000e+01   2.5932266e-01   9.5037495e-02
   1.3400000e+01   1.6160152e-01   1.0473786e-01
   1.3500000e+01   8.6187551e-02   9.5352463e-02
   1.3600000e+01   5.7970420e-02   7.8742080e-02
   1.3700000e+01   6.9353833e-02   5.9941981e-02
   1.3800000e+01   7.0769742e-02   3.1682492e-02
   1.3900000e+01   2.8110331e-03  -1.1308382e-02
   1.4000000e+01  -1.4774372e-01  -6.0845062e-02
   1.4100000e+01  -3.2222071e-01  -1.0127156e-01
   1.4200000e+01  -4.2919747e-01  -1.2492158e-01
   1.4300000e+01  -4.1912787e-01  -1.3728734e-01
   1.4400000e+01  -3.2565422e-01  -1.4354467e-01
   1.4500000e+01  -2.3571817e-01  -1.3356329e-01
   1.4600000e+01  -2.1914225e-01  -9.1903495e-02
   1.4700000e+01  -2.8172367e-01  -3.0542598e-02
   1.4800000e+01  -3.7450669e-01  -2.1838014e-03
   1.4900000e+01  -4.3722699e-01  -5.9922009e-02
   1.5000000e+01  -4.3374017e-01  -1.9360804e-01
   1.5100000e+01  -3.6108071e-01  -3.1815058e-01
   1.5200000e+01  -2.4303356e-01  -3.4281477e-01
   1.5300000e+01  -1.2112887e-01  -2.5553115e-01
   1.5400000e+01  -4.0651987e-02  -1.3062581e-01
   1.5500000e+01  -2.7194193e-02  -5.2248309e-02
   1.5600000e+01  -6.6526875e-02  -3.9474206e-02
   1.5700000e+01  -1.1024683e-01  -4.9279492e-02
   1.5800000e+01  -1.1008014e-01  -3.9052941e-02
   1.5900000e+01  -5.2362908e-02  -1.0519393e-02
   1.6000000e+01   3.9998524e-02   5.5632109e-03
   1.6100000e+01   1.3741280e-01  -8.1743210e-03
   1.6200000e+01   2.3016919e-01  -3.7181073e-02
   1.6300000e+01   3.2256781e-01  -5.1788824e-02
   1.6400000e+01   4.0618742e-01  -3.4583873e-02
   1.6500000e+01   4.5020070e-01   4.9038825e-03
   1.6600000e+01   4.2605318e-01   3.4330792e-02
   1.6700000e+01   3.4088176e-01   1.9621424e-02
   1.6800000e+01   2.4062243e-01  -4.5320604e-02
   1.6900000e+01   1.7580457e-01  -1.2200329e-01
   1.7000000e+01   1.6273007e-01  -1.4642605e-01
   1.7100000e+01   1.7576253e-01  -7.7541106e-02
   1.7200000e+01   1.7338527e-01   6.5285167e-02
   1.7300000e+01   1.3088047e-01   2.1222063e-01
   1.7400000e+01   5.4181950e-02   2.9264623e-01
   1.7500000e+01  -2.8507418e-02   2.8053112e-01
   1.7600000e+01  -8.5841337e-02   2.0152099e-01
   1.7700000e+01  -1.0190933e-01   1.0701349e-01
   1.7800000e+01  -8.6134770e-02   4.2968369e-02
   1.7900000e+01  -6.7015710e-02   3.1077018e-02
   1.8000000e+01  -6.9962012e-02   6.2600996e-02
   1.8100000e+01  -9.5993575e-02   1.0391001e-01
   1.8200000e+01  -1.2356496e-01   1.1747796e-01
   1.8300000e+01  -1.3446570e-01   9.1936394e-02
   1.8400000e+01  -1.3582449e-01   5.6332086e-02
   1.8500000e+01  -1.5148133e-01   5.7056075e-02
   1.8600000e+01  -1.9194203e-01   1.1074610e-01
   1.8700000e+01  -2.3964887e-01   1.7883117e-01
   1.8800000e+01  -2.6767165e-01   1.9640127e-01
   1.8900000e+01  -2.6682584e-01   1.3370658e-01
   1.9000000e+01  -2.4587548e-01   2.9297166e-02
   1.9100000e+01  -2.0763176e-01  -4.2234607e-02
   1.9200000e+01  -1.3920384e-01  -3.8140354e-02
   1.9300000e+01  -3.6331224e-02   1.6274632e-02
   1.9400000e+01   6.9041148e-02   5.6612153e-02
   1.9500000e+01   1.2237499e-01   4.0137935e-02
   1.9600000e+01   9.7678803e-02  -2.1541963e-02
   1.9700000e+01   3.0840825e-02  -8.1489199e-02
   1.9800000e+01  -7.4360413e-03  -1.0099526e-01
   1.9900000e+01   2.4323963e-02  -7.8259764e-02
   2.0000000e+01   1.0199126e-01  -4.6537356e-02
   2.0100000e+01   1.6077360e-01  -4.8984415e-02
   2.0200000e+01   1.5136591e-01  -1.0479743e-01
   2.0300000e+01   7.3342827e-02  -1.8683619e-01
   2.0400000e+01  -3.4461567e-02  -2.3447056e-01
   2.0500000e+01  -1.2432113e-01  -2.0414883e-01
   2.0600000e+01  -1.6294295e-01  -1.1722726e-01
   2.0700000e+01  -1.4185097e-01  -5.0460182e-02
   2.0800000e+01  -8.0153622e-02  -6.5564960e-02
   2.0900000e+01  -1.6607589e-02  -1.4548130e-01
   2.1000000e+01   1.4099699e-02  -2.0869970e-01
   2.1100000e+01   7.8251148e-03  -1.9201895e-01
   2.1200000e+01  -6.1738601e-03  -1.1498040e-01
   2.1300000e+01   6.2977153e-03  -5.7653086e-02
   2.1400000e+01   5.1685910e-02  -7.7532902e-02
   2.1500000e+01   1.0581601e-01  -1.5329323e-01
   2.1600000e+01   1.4159035e-01  -2.0793819e-01
   2.1700000e+01   1.5420546e-01  -1.7996074e-01
   2.1800000e+01   1.5749131e-01  -7.1621162e-02
   2.1900000e+01   1.6103891e-01   6.1884319e-02
   2.2000000e+01   1.5738569e-01   1.6050295e-01
   2.2100000e+01   1.3196904e-01   1.9944971e-01
   2.2200000e+01   8.1999526e-02   1.9501290e-01
   2.2300000e+01   2.4522069e-02   1.8087250e-01
   2.2400000e+01  -1.2671810e-02   1.7831464e-01
   2.2500000e+01  -1.0204770e-02   1.8353891e-01
   2.2600000e+01   2.6609570e-02   1.7950067e-01
   2.2700000e+01   6.7883616e-02   1.5820466e-01
   2.2800000e+01   8.0284556e-02   1.3006618e-01
   2.2900000e+01   5.4101412e-02   1.1144561e-01
   2.3000000e+01   9.6979453e-03   1.0613546e-01
   2.3100000e+01  -2.5198037e-02   1.0297541e-01
   2.3200000e+01  -4.2605641e-02   9.1559927e-02
   2.3300000e+01  -5.4613789e-02   7.5928526e-02
   2.3400000e+01  -6.9245648e-02   6.9211837e-02
   2.3500000e+01  -7.5738220e-02   7.5457408e-02
   2.3600000e+01  -5.9193481e-02   7.9548131e-02
   2.3700000e+01  -2.3074277e-02   5.6895859e-02
   2.3800000e+01   1.3057646e-02  -5.1901545e-03
   2.3900000e+01   3.7370632e-02  -9.2103977e-02
   2.4000000e+01   5.6151005e-02  -1.6464091e-01
   2.4100000e+01   7.4896297e-02  -1.7996007e-01
   2.4200000e+01   7.8621177e-02  -1.1985712e-01
   2.4300000e+01   4.4805810e-02  -8.3329912e-03
   2.4400000e+01  -2.3265925e-02   9.7290619e-02
   2.4500000e+01  -8.8813887e-02   1.4149188e-01
   2.4600000e+01  -1.1635734e-01   1.0947948e-01
   2.4700000e+01  -1.0861678e-01   3.8524603e-02
   2.4800000e+01  -9.7950220e-02  -1.1659002e-02
   2.4900000e+01  -1.0195082e-01  -7.9959379e-03
   2.5000000e+01  -1.0065004e-01   2.9552853e-02
   2.5100000e+01  -6.5911230e-02   4.9074403e-02
   2.5200000e+01  -4.9885710e-03   1.6280501e-02
   2.5300000e+01   3.9850237e-02  -5.4348535e-02
   2.5400000e+01   3.7583574e-02  -1.1503575e-01
   2.5500000e+01   3.0624511e-03  -1.2784708e-01
   2.5600000e+01  -2.2778052e-02  -9.2168881e-02
   2.5700000e+01  -2.0760914e-02  -3.6305343e-02
   2.5800000e+01  -9.2705031e-03   8.1107882e-03
   2.5900000e+01  -1.1545146e-02   2.1894927e-02
   2.6000000e+01  -2.0487888e-02   6.9043212e-04
   2.6100000e+01  -7.8986246e-03  -4.4259599e-02
   2.6200000e+01   3.4763529e-02  -8.7148108e-02
   2.6300000e+01   7.9039203e-02  -1.0213780e-01
   2.6400000e+01   9.0695861e-02  -8.6984817e-02
   2.6500000e+01   7.1236565e-02  -6.9086028e-02
   2.6600000e+01   5.5726990e-02  -7.9038390e-02
   2.6700000e+01   6.6767271e-02  -1.1618734e-01
   2.6800000e+01   8.1372716e-02  -1.4565694e-01
   2.6900000e+01   5.4947079e-02  -1.3200319e-01
   2.7000000e+01  -2.2874795e-02  -7.2327864e-02
   2.7100000e+01  -1.0704085e-01   5.1337166e-03
   2.7200000e+01  -1.3801258e-01   6.8945183e-02
   2.7300000e+01  -9.9717205e-02   1.0505511e-01
   2.7400000e+01  -3.1423085e-02   1.1411926e-01
   2.7500000e+01   1.4063362e-02   1.0019425e-01
   2.7600000e+01   1.5523579e-02   6.8470183e-02
   2.7700000e+01  -1.1737393e-02   2.9572551e-02
   2.7800000e+01  -4.2121629e-02  -2.0238986e-03
   2.7900000e+01  -6.0337267e-02  -1.6707065e-02
   2.8000000e+01  -6.1992785e-02  -1.5506193e-02
   2.8100000e+01  -4.9127844e-02  -7.5829124e-03
   2.8200000e+01  -3.1254234e-02  -3.8648583e-03
   2.8300000e+01  -2.2172708e-02  -1.0974974e-02
   2.8400000e+01  -2.5787809e-02  -2.4945398e-02
   2.8500000e+01  -2.6561823e-02  -2.8207023e-02
   2.8600000e+01  -2.8769411e-03   3.4800319e-04
   2.8700000e+01   4.6450043e-02   6.1977981e-02
   2.8800000e+01   9.3476395e-02   1.2282344e-01
   2.8900000e+01   1.0375876e-01   1.3177643e-01
   2.9000000e+01   6.7742378e-02   6.5560866e-02
   2.9100000e+01   8.5117901e-03  -4.1135451e-02
   2.9200000e+01  -3.9788974e-02  -1.1742076e-01
   2.9300000e+01  -5.8793666e-02  -1.1592965e-01
   2.9400000e+01  -5.3162443e-02  -5.3010003e-02
   2.9500000e+01  -3.7031892e-02   1.1973823e-02
   2.9600000e+01  -1.8319257e-02   3.6325881e-02
   2.9700000e+01   2.7333021e-03   2.9554353e-02
   2.9800000e+01   2.2943542e-02   2.9800545e-02
   2.9900000e+01   3.0216450e-02   5.2602478e-02
   3.0000000e+01   1.3700819e-02   7.2281559e-02
   3.0100000e+01  -1.9115596e-02   5.5316678e-02
   3.0200000e+01  -4.0399780e-02   3.6884177e-03
   3.0300000e+01  -2.3867039e-02  -4.3607538e-02
   3.0400000e+01   2.8244386e-02  -5.1640311e-02
   3.0500000e+01   8.1720001e-02  -2.4807829e-02
   3.0600000e+01   9.6963251e-02   2.1501684e-03
   3.0700000e+01   6.1766671e-02   2.7328374e-03
   3.0800000e+01   6.6829455e-04  -1.8457545e-02
   3.0900000e+01  -4.6006133e-02  -3.9163473e-02
   3.1000000e+01  -5.4401598e-02  -4.5867764e-02
   3.1100000e+01  -3.4592913e-02  -4.0871338e-02
   3.1200000e+01  -1.9779428e-02  -2.8469012e-02
   3.1300000e+01  -3.5323646e-02  -4.7007729e-03
   3.1400000e+01  -7.3576789e-02   3.4818065e-02
   3.1500000e+01  -9.9589232e-02   8.1713238e-02
   3.1600000e+01  -8.6097697e-02   1.1591891e-01
   3.1700000e+01  -4.3533427e-02   1.2140824e-01
   3.1800000e+01  -1.0240203e-02   9.9618952e-02
   3.1900000e+01  -9.7745712e-03   6.8031600e-02
   3.2000000e+01  -2.2856391e-02   4.7042182e-02
   3.2100000e+01  -9.0856594e-03   4.5964819e-02
   3.2200000e+01   4.4097734e-02   5.6766318e-02
   3.2300000e+01   1.0296438e-01   6.0202375e-02
   3.2400000e+01   1.2389567e-01   4.2856189e-02
   3.2500000e+01   1.0352549e-01   1.2133394e-02
   3.2600000e+01   8.2829022e-02  -8.4977847e-03
   3.2700000e+01   9.8386798e-02  -4.6796960e-03
   3.2800000e+01   1.3728987e-01   8.8498808e-03
   3.2900000e+01   1.4991366e-01  -5.3858858e-04
   3.3000000e+01   1.0777145e-01  -4.9313911e-02
   3.3100000e+01   3.9650738e-02  -1.1844846e-01
   3.3200000e+01   2.5506314e-03  -1.7049931e-01
   3.3300000e+01   1.9195910e-02  -1.8198275e-01
   3.3400000e+01   5.3797902e-02  -1.5584755e-01
   3.3500000e+01   5.4570827e-02  -1.0942092e-01
   3.3600000e+01   1.4534219e-02  -6.2056346e-02
   3.3700000e+01  -1.9021393e-02  -3.4280258e-02
   3.3800000e+01   2.9409524e-03  -4.2542247e-02
   3.3900000e+01   7.5652323e-02  -8.0219492e-02
   3.4000000e+01   1.4172972e-01  -1.0871423e-01
   3.4100000e+01   1.4462834e-01  -8.5045731e-02
   3.4200000e+01   7.7192272e-02  -7.2532148e-03
   3.4300000e+01  -1.8316738e-02   7.4985893e-02
   3.4400000e+01  -8.8529321e-02   1.0538641e-01
   3.4500000e+01  -1.0508743e-01   7.7621823e-02
   3.4600000e+01  -7.4174142e-02   4.2282422e-02
   3.4700000e+01  -2.5072329e-02   5.6371798e-02
   3.4800000e+01   7.7011299e-03   1.2738478e-01
   3.4900000e+01   2.3222687e-03   2.0522218e-01
   3.5000000e+01  -3.6871313e-02   2.2568715e-01
   3.5100000e+01  -8.1410997e-02   1.6506113e-01
   3.5200000e+01  -1.0196999e-01   6.0868048e-02
   3.5300000e+01  -9.6124282e-02  -1.7506925e-02
   3.5400000e+01  -9.0694284e-02  -2.5698764e-02
   3.5500000e+01  -1.1048722e-01   1.9306820e-02
   3.5600000e+01  -1.4503820e-01   5.8917556e-02
   3.5700000e+01  -1.5448509e-01   5.2773190e-02
   3.5800000e+01  -1.1466878e-01   1.7821321e-02
   3.5900000e+01  -5.2200199e-02   3.0607418e-03
   3.6000000e+01  -2.4229085e-02   2.7180865e-02
   3.6100000e+01  -5.8644641e-02   5.1226205e-02
   3.6200000e+01  -1.2027595e-01   1.9885430e-02
   3.6300000e+01  -1.4476428e-01  -7.4571079e-02
   3.6400000e+01  -1.0627237e-01  -1.7754798e-01
   3.6500000e+01  -4.4519641e-02  -2.2133011e-01
   3.6600000e+01  -2.0261522e-02  -1.8364074e-01
   3.6700000e+01  -4.8152526e-02  -9.8434897e-02
   3.6800000e+01  -8.1115392e-02  -1.9223972e-02
   3.6900000e+01  -6.2733189e-02   2.0321184e-02
   3.7000000e+01   1.0410854e-02   1.6039229e-02
   3.7100000e+01   8.3419890e-02  -1.9241549e-02
   3.7200000e+01   9.8313711e-02  -6.6707183e-02
   3.7300000e+01   5.0031532e-02  -1.0412688e-01
   3.7400000e+01  -1.2485515e-02  -1.1068616e-01
   3.7500000e+01  -3.5043274e-02  -7.9657870e-02
   3.7600000e+01  -4.0438655e-03  -2.8207685e-02
   3.7700000e+01   5.0763154e-02   9.6708835e-03
   3.7800000e+01   8.8003401e-02   6.7136147e-03
   3.7900000e+01   8.4799707e-02  -3.4227000e-02
   3.8000000e+01   4.4533160e-02  -7.6698067e-02
   3.8100000e+01  -1.1289798e-02  -7.4344080e-02
   3.8200000e+01  -5.4929717e-02  -8.2568005e-03
   3.8300000e+01  -6.5899666e-02   9.1446316e-02
   3.8400000e+01  -4.4144364e-02   1.6353458e-01
   3.8500000e+01  -1.1218594e-02   1.6458589e-01
   3.8600000e+01   8.3292597e-03   1.0631944e-01
   3.8700000e+01   1.0721802e-02   4.2551410e-02
   3.8800000e+01   1.5532396e-02   1.5882561e-02
   3.8900000e+01   4.1996686e-02   1.9413875e-02
   3.9000000e+01   8.5546293e-02   1.4490898e-02
   3.9100000e+01   1.2180911e-01  -1.7903292e-02
   3.9200000e+01   1.3245374e-01  -5.2985504e-02
   3.9300000e+01   1.2216397e-01  -5.1895666e-02
   3.9400000e+01   1.0921923e-01  -7.2311258e-03
   3.9500000e+01   1.0417450e-01   4.8953176e-02
   3.9600000e+01   1.0168926e-01   7.9165258e-02
   3.9700000e+01   9.1232732e-02   7.3667205e-02
   3.9800000e+01   7.1288142e-02   4.9632251e-02
   3.9900000e+01   5.2079024e-02   2.6884888e-02
   4.0000000e+01   4.6649654e-02   1.0399104e-02
   4.0100000e+01   5.9863721e-02  -8.3022243e-03
   4.0200000e+01   8.3624919e-02  -3.9159870e-02
   4.0300000e+01   1.0110930e-01  -8.0616050e-02
   4.0400000e+01   9.7610040e-02  -1.1258578e-01
   4.0500000e+01   7.1055671e-02  -1.0574526e-01
   4.0600000e+01   3.4237112e-02  -4.9355229e-02
   4.0700000e+01   6.4164794e-03   2.6193874e-02
   4.0800000e+01   3.2598672e-04   6.5107594e-02
   4.0900000e+01   1.3770788e-02   3.6401182e-02
   4.1000000e+01   3.1337918e-02  -3.2733223e-02
   4.1100000e+01   3.5455855e-02  -8.3260493e-02
   4.1200000e+01   2.0147685e-02  -8.5588840e-02
   4.1300000e+01  -3.2283130e-03  -6.5102525e-02
   4.1400000e+01  -1.5758103e-02  -6.1193142e-02
   4.1500000e+01  -1.0058650e-02  -7.1062951e-02
   4.1600000e+01   5.2698710e-04  -5.0283494e-02
   4.1700000e+01  -4.6219483e-03   2.8053189e-02
   4.1800000e+01  -2.9567528e-02   1.2840533e-01
   4.1900000e+01  -5.4994682e-02   1.8015300e-01
   4.2000000e+01  -5.8396127e-02   1.4896840e-01
   4.2100000e+01  -3.8892445e-02   7.1802020e-02
   4.2200000e+01  -1.7794719e-02   1.8251358e-02
   4.2300000e+01  -1.5638770e-02   2.3719731e-02
   4.2400000e+01  -3.4826161e-02   6.4639280e-02
   4.2500000e+01  -6.6951405e-02   9.2626793e-02
   4.2600000e+01  -1.0915823e-01   8.2811005e-02
   4.2700000e+01  -1.6231759e-01   4.8361136e-02
   4.2800000e+01  -2.1248589e-01   1.8050561e-02
   4.2900000e+01  -2.2685951e-01   8.3221277e-03
   4.3000000e+01  -1.8208516e-01   1.5345049e-02
   4.3100000e+01  -9.8399174e-02   2.6203815e-02
   4.3200000e+01  -3.5009547e-02   3.2943944e-02
   4.3300000e+01  -4.0112638e-02   3.6298255e-02
   4.3400000e+01  -1.0284494e-01   3.7867410e-02
   4.3500000e+01  -1.5944372e-01   3.1107153e-02
   4.3600000e+01  -1.5129373e-01   4.5681607e-03
   4.3700000e+01  -7.7560314e-02  -4.1449356e-02
   4.3800000e+01   9.0618464e-03  -8.3080881e-02
   4.3900000e+01   5.5365315e-02  -8.5955288e-02
   4.4000000e+01   5.3606033e-02  -3.6750955e-02
   4.4100000e+01   3.7761020e-02   3.9557051e-02
   4.4200000e+01   4.1633731e-02   9.8620935e-02
   4.4300000e+01   6.5384071e-02   1.1290391e-01
   4.4400000e+01   8.0694833e-02   8.6518721e-02
   4.4500000e+01   6.2386839e-02   3.8542140e-02
   4.4600000e+01   1.2374813e-02  -1.6688123e-02
   4.4700000e+01  -4.3520698e-02  -6.7401838e-02
   4.4800000e+01  -7.7388458e-02  -9.3650082e-02
   4.4900000e+01  -7.8526349e-02  -7.6239907e-02
   4.5000000e+01  -5.6951212e-02  -2.1935938e-02
   4.5100000e+01  -3.2337524e-02   3.0027802e-02
   4.5200000e+01  -1.8703712e-02   3.7433660e-02
   4.5300000e+01  -1.6277984e-02  -7.6241965e-03
   4.5400000e+01  -1.5925264e-02  -7.3236239e-02
   4.5500000e+01  -1.0887136e-02  -1.1655359e-01
   4.5600000e+01  -3.6117776e-03  -1.1473576e-01
   4.5700000e+01  -7.4265451e-04  -7.3700887e-02
   4.5800000e+01  -2.8899377e-03  -1.9571327e-02
   4.5900000e+01  -1.8000629e-03   1.4409685e-02
   4.6000000e+01   1.1898067e-02   4.7639904e-03
   4.6100000e+01   3.9890282e-02  -4.3156903e-02
   4.6200000e+01   7.5509915e-02  -9.1961242e-02
   4.6300000e+01   1.0931804e-01  -9.9759848e-02
   4.6400000e+01   1.3359629e-01  -5.9223799e-02
   4.6500000e+01   1.4400804e-01  -6.0839840e-03
   4.6600000e+01   1.4118395e-01   1.7075736e-02
   4.6700000e+01   1.3076986e-01   4.0155337e-03
   4.6800000e+01   1.1795552e-01  -1.3301923e-02
   4.6900000e+01   1.0090027e-01  -4.9648211e-03
   4.7000000e+01   7.4409529e-02   2.2446218e-02
   4.7100000e+01   4.3809090e-02   3.6145060e-02
   4.7200000e+01   3.0096360e-02   1.7308216e-02
   4.7300000e+01   5.1600617e-02  -1.6892139e-02
   4.7400000e+01   9.8070719e-02  -3.3600541e-02
   4.7500000e+01   1.3124986e-01  -2.1980803e-02
   4.7600000e+01   1.1978877e-01  -5.2867375e-03
   4.7700000e+01   7.2353401e-02  -1.4322350e-02
   4.7800000e+01   2.9027923e-02  -5.2179894e-02
   4.7900000e+01   1.8868349e-02  -8.9924757e-02
   4.8000000e+01   3.3051116e-02  -9.9282423e-02
   4.8100000e+01   4.4059415e-02  -8.6005941e-02
   4.8200000e+01   4.4092787e-02  -8.3240485e-02
   4.8300000e+01   5.3015342e-02  -1.0812129e-01
   4.8400000e+01   8.6438031e-02  -1.3197933e-01
   4.8500000e+01   1.2581530e-01  -1.0649760e-01
   4.8600000e+01   1.3016276e-01  -2.3981740e-02
   4.8700000e+01   7.8089807e-02   5.8874128e-02
   4.8800000e+01  -6.8019189e-03   7.1548313e-02
   4.8900000e+01  -7.4278597e-02   5.8430649e-03
   4.9000000e+01  -8.9712646e-02  -6.9324508e-02
   4.9100000e+01  -6.0078318e-02  -7.7096619e-02
   4.9200000e+01  -2.4802057e-02  -1.1301178e-02
   4.9300000e+01  -2.4529386e-02   6.3285955e-02
   4.9400000e+01  -7.2988008e-02   8.6886018e-02
   4.9500000e+01  -1.4878499e-01   6.7660948e-02
   4.9600000e+01  -2.1004043e-01   6.1650724e-02
   4.9700000e+01  -2.2256118e-01   9.9406434e-02
   4.9800000e+01  -1.8336392e-01   1.4847351e-01
   4.9900000e+01  -1.2235435e-01   1.5306140e-01
   5.0000000e+01  -8.0367854e-02   1.0037236e-01
   5.0100000e+01  -8.0540071e-02   3.6593830e-02
   5.0200000e+01  -1.1391823e-01   1.8537175e-02
   5.0300000e+01  -1.4686181e-01   5.8822511e-02
   5.0400000e+01  -1.4289219e-01   1.2199952e-01
   5.0500000e+01  -8.6775962e-02   1.6611020e-01
   5.0600000e+01   1.1156044e-03   1.7734883e-01
   5.0700000e+01   7.1867675e-02   1.6437492e-01
   5.0800000e+01   7.9604398e-02   1.3223065e-01
   5.0900000e+01   1.9052410e-02   7.6653910e-02
   5.1000000e+01  -6.4407806e-02   6.0394138e-03
   5.1100000e+01  -1.0815028e-01  -4.3825649e-02
   5.1200000e+01  -8.3696283e-02  -3.2532802e-02
   5.1300000e+01  -1.9128271e-02   4.2144468e-02
   5.1400000e+01   2.8237349e-02   1.3050402e-01
   5.1500000e+01   2.1761801e-02   1.6840362e-01
   5.1600000e+01  -2.8092728e-02   1.3168383e-01
   5.1700000e+01  -8.0241004e-02   5.3791434e-02
   5.1800000e+01  -1.0141928e-01  -7.3334765e-03
   5.1900000e+01  -9.0909817e-02  -1.6386490e-02
   5.2000000e+01  -7.3931217e-02   2.0248017e-02
   5.2100000e+01  -7.4803413e-02   6.9272692e-02
   5.2200000e+01  -9.5627051e-02   9.5747503e-02
   5.2300000e+01  -1.1756591e-01   8.0175339e-02
   5.2400000e+01  -1.1939443e-01   2.5863949e-02
   5.2500000e+01  -9.3142407e-02  -4.1981167e-02
   5.2600000e+01  -4.4261339e-02  -8.9126639e-02
   5.2700000e+01   1.6368899e-02  -9.4767104e-02
   5.2800000e+01   7.5059971e-02  -6.7613868e-02
   5.2900000e+01   1.1381197e-01  -3.9765206e-02
   5.3000000e+01   1.1746098e-01  -4.1138483e-02
   5.3100000e+01   8.9456930e-02  -7.5293349e-02
   5.3200000e+01   5.6532603e-02  -1.1710685e-01
   5.3300000e+01   4.9415535e-02  -1.3525117e-01
   5.3400000e+01   7.6955006e-02  -1.2155665e-01
   5.3500000e+01   1.2273948e-01  -1.0052167e-01
   5.3600000e+01   1.6611020e-01  -1.0632274e-01
   5.3700000e+01   1.9902746e-01  -1.4608171e-01
   5.3800000e+01   2.1979205e-01  -1.8768693e-01
   5.3900000e+01   2.2059484e-01  -1.9004682e-01
   5.4000000e+01   1.9468103e-01  -1.4702789e-01
   5.4100000e+01   1.5566249e-01  -9.6145950e-02
   5.4200000e+01   1.3544595e-01  -7.9454681e-02
   5.4300000e+01   1.5182711e-01  -9.9082827e-02
   5.4400000e+01   1.8260365e-01  -1.1748321e-01
   5.4500000e+01   1.8386425e-01  -1.0125957e-01
   5.4600000e+01   1.3696506e-01  -5.8001716e-02
   5.4700000e+01   6.9123611e-02  -2.6020744e-02
   5.4800000e+01   2.1889396e-02  -3.1910483e-02
   5.4900000e+01   5.5481572e-03  -6.4005011e-02
   5.5000000e+01  -6.0792336e-03  -8.6436013e-02
   5.5100000e+01  -3.7893372e-02  -7.2871728e-02
   5.5200000e+01  -8.2579859e-02  -2.4904643e-02
   5.5300000e+01  -1.1292428e-01   3.4904302e-02
   5.5400000e+01  -1.1672780e-01   7.9522326e-02
   5.5500000e+01  -1.0869003e-01   8.9565236e-02
   5.5600000e+01  -1.0829175e-01   6.2124910e-02
   5.5700000e+01  -1.1567561e-01   1.7498555e-02
   5.5800000e+01  -1.1411871e-01  -7.0440905e-03
   5.5900000e+01  -9.0523327e-02   1.6112134e-02
   5.6000000e+01  -4.7208750e-02   7.5805784e-02
   5.6100000e+01   3.1708142e-03   1.2348871e-01
   5.6200000e+01   4.5940110e-02   1.1393292e-01
   5.6300000e+01   6.6616178e-02   5.0132096e-02
   5.6400000e+01   5.4101420e-02  -1.4651214e-02
   5.6500000e+01   1.1079688e-02  -2.4331310e-02
   5.6600000e+01  -3.9005974e-02   2.8259244e-02
   5.6700000e+01  -6.3682014e-02   9.6326877e-02
   5.6800000e+01  -4.7753783e-02   1.2409475e-01
   5.6900000e+01  -9.5069311e-03   9.5500742e-02
   5.7000000e+01   1.2081157e-02   4.0868136e-02
   5.7100000e+01  -1.0132902e-02   2.1116440e-03
   5.7200000e+01  -6.8157568e-02  -3.5866221e-03
   5.7300000e+01  -1.2466695e-01   1.1044831e-02
   5.7400000e+01  -1.4167689e-01   2.3818160e-02
   5.7500000e+01  -1.0909393e-01   2.1556675e-02
   5.7600000e+01  -5.3381345e-02   2.9682207e-03
   5.7700000e+01  -2.0446115e-02  -2.4535825e-02
   5.7800000e+01  -4.1437269e-02  -4.4721508e-02
   5.7900000e+01  -1.0366500e-01  -3.6593288e-02
   5.8000000e+01  -1.5373702e-01   8.8275643e-03
   5.8100000e+01  -1.4023913e-01   7.1813315e-02
   5.8200000e+01  -6.3109274e-02   1.1145006e-01
   5.8300000e+01   2.1978570e-02   9.8764891e-02
   5.8400000e+01   5.6898236e-02   4.4399605e-02
   5.8500000e+01   3.8542143e-02  -9.0468002e-03
   5.8600000e+01   1.4492903e-02  -2.2911175e-02
   5.8700000e+01   2.0839457e-02   8.9261344e-03
   5.8800000e+01   3.9287870e-02   6.1951732e-02
   5.8900000e+01   2.9262236e-02   1.0369785e-01
   5.9000000e+01  -7.0745922e-03   1.1384155e-01
   5.9100000e+01  -1.7112212e-02   9.1183998e-02
   5.9200000e+01   3.4456681e-02   5.0794620e-02
   5.9300000e+01   1.0802345e-01   1.4860351e-02
   5.9400000e+01   1.2325596e-01  -7.2076641e-04
   5.9500000e+01   5.2240774e-02   4.0248411e-03
   5.9600000e+01  -4.1119187e-02   1.6899330e-02
   5.9700000e+01  -6.7704596e-02   2.7512352e-02
   5.9800000e+01  -1.0744226e-02   3.5650321e-02
   5.9900000e+01   5.7032969e-02   4.4986730e-02
   6.0000000e+01   5.2419954e-02   5.1935605e-02
   6.0100000e+01  -3.4372153e-02   4.5022232e-02
   6.0200000e+01  -1.3719726e-01   1.5977576e-02
   6.0300000e+01  -1.8226308e-01  -2.9959885e-02
   6.0400000e+01  -1.4877271e-01  -7.4407805e-02
   6.0500000e+01  -7.0422023e-02  -9.5726863e-02
   6.0600000e+01   4.0835788e-03  -8.1923254e-02
   6.0700000e+01   4.4787115e-02  -4.0020447e-02
   6.0800000e+01   4.8058019e-02   5.0755719e-03
   6.0900000e+01   2.8758469e-02   2.5677755e-02
   6.1000000e+01   9.5543227e-03   1.1575236e-02
   6.1100000e+01   8.3605264e-03  -2.2827425e-02
   6.1200000e+01   2.6179357e-02  -5.3000102e-02
   6.1300000e+01   4.6264852e-02  -6.6137804e-02
   6.1400000e+01   4.9958265e-02  -6.7339457e-02
   6.1500000e+01   3.5896701e-02  -6.5306748e-02
   6.1600000e+01   2.2424898e-02  -5.7173672e-02
   6.1700000e+01   3.0062261e-02  -3.2800547e-02
   6.1800000e+01   6.2585678e-02   5.8340619e-03
   6.1900000e+01   1.0576795e-01   3.5501725e-02
   6.2000000e+01   1.4221493e-01   2.9289296e-02
   6.2100000e+01   1.6395214e-01  -1.4133147e-02
   6.2200000e+01   1.7026378e-01  -6.3113253e-02
   6.2300000e+01   1.5815697e-01  -8.1314891e-02
   6.2400000e+01   1.2190725e-01  -6.4569097e-02
   6.2500000e+01   6.4911338e-02  -4.4333696e-02
   6.2600000e+01   7.8114760e-03  -5.0751913e-02
   6.2700000e+01  -2.2507836e-02  -7.6541273e-02
   6.2800000e+01  -1.5367142e-02  -8.4824610e-02
   6.2900000e+01   1.4678281e-02  -5.2537186e-02
   6.3000000e+01   4.3269819e-02   2.0230347e-03
   6.3100000e+01   5.7123383e-02   3.9002524e-02
   6.3200000e+01   5.5297388e-02   3.8048787e-02
   6.3300000e+01   3.4523646e-02   1.2544162e-02
   6.3400000e+01  -1.3552965e-02  -1.3105673e-02
   6.3500000e+01  -8.3230632e-02  -2.9328842e-02
   6.3600000e+01  -1.4162072e-01  -4.1651004e-02
   6.3700000e+01  -1.5052710e-01  -5.4719552e-02
   6.3800000e+01  -1.0664518e-01  -6.5341876e-02
   6.3900000e+01  -5.0804457e-02  -6.9220350e-02
   6.4000000e+01  -2.8190000e-02  -6.6616016e-02
   6.4100000e+01  -4.2419131e-02  -5.9929879e-02
   6.4200000e+01  -5.7218229e-02  -5.1100605e-02
   6.4300000e+01  -4.2220356e-02  -4.3097506e-02
   6.4400000e+01  -6.1817093e-03  -3.8515128e-02
   6.4500000e+01   2.0061506e-02  -3.3272764e-02
   6.4600000e+01   2.3597356e-02  -1.7024865e-02
   6.4700000e+01   1.9479047e-02   1.3410149e-02
   6.4800000e+01   2.2393857e-02   4.3299722e-02
   6.4900000e+01   2.3684343e-02   5.1350508e-02
   6.5000000e+01   7.2035929e-03   3.4849359e-02
   6.5100000e+01  -1.9217094e-02   1.7068648e-02
   6.5200000e+01  -2.4433683e-02   2.3340271e-02
   6.5300000e+01   7.9305667e-03   5.2098834e-02
   6.5400000e+01   5.1999563e-02   7.6013465e-02
   6.5500000e+01   6.2281314e-02   7.2291661e-02
   6.5600000e+01   2.3726358e-02   4.6422261e-02
   6.5700000e+01  -2.9917757e-02   2.3925342e-02
   6.5800000e+01  -5.1724758e-02   2.3960639e-02
   6.5900000e+01  -2.9653978e-02   4.5783875e-02
   6.6000000e+01   5.9113579e-03   7.7119501e-02
   6.6100000e+01   1.7014263e-02   1.0706000e-01
   6.6200000e+01  -8.7401133e-03   1.2860803e-01
   6.6300000e+01  -5.8023454e-02   1.3623194e-01
   6.6400000e+01  -1.1090240e-01   1.2900644e-01
   6.6500000e+01  -1.5066610e-01   1.1532392e-01
   6.6600000e+01  -1.6214334e-01   1.0736990e-01
   6.6700000e+01  -1.3676265e-01   1.0730432e-01
   6.6800000e+01  -8.6221430e-02   1.0235965e-01
   6.6900000e+01  -4.2516934e-02   7.8152006e-02
   6.7000000e+01  -3.2477913e-02   3.6387359e-02
   6.7100000e+01  -5.0190320e-02  -4.2726415e-03
   6.7200000e+01  -6.1241540e-02  -2.5917366e-02
   6.7300000e+01  -3.8969196e-02  -2.7180414e-02
   6.7400000e+01   5.6714948e-03  -1.9639089e-02
   6.7500000e+01   3.4362741e-02  -1.1531464e-02
   6.7600000e+01   2.1628731e-02  -7.5080438e-04
   6.7700000e+01  -1.8131533e-02   1.3395995e-02
   6.7800000e+01  -4.5265881e-02   1.5613946e-02
   6.7900000e+01  -3.4665082e-02  -1.9363694e-02
   6.8000000e+01   1.5710532e-03  -9.8914154e-02
   6.8100000e+01   3.0688453e-02  -1.9080466e-01
   6.8200000e+01   3.4616991e-02  -2.3744379e-01
   6.8300000e+01   2.5886362e-02  -2.0215676e-01
   6.8400000e+01   3.0557011e-02  -1.0625063e-01
   6.8500000e+01   6.0756184e-02  -1.7163422e-02
   6.8600000e+01   1.0557664e-01   6.8138780e-03
   6.8700000e+01   1.4313420e-01  -3.4939379e-02
   6.8800000e+01   1.5487985e-01  -8.9537744e-02
   6.8900000e+01   1.3073060e-01  -1.0218068e-01
   6.9000000e+01   7.2227220e-02  -6.4376780e-02
   6.9100000e+01  -3.1642950e-04  -1.4272459e-02
   6.9200000e+01  -4.8660010e-02   6.4588181e-03
   6.9300000e+01  -3.9217799e-02  -6.0495399e-03
   6.9400000e+01   2.5111292e-02  -1.8034439e-02
   6.9500000e+01   9.8062975e-02   3.0455232e-03
   6.9600000e+01   1.2422716e-01   5.1665662e-02
   6.9700000e+01   8.6314391e-02   8.8098050e-02
   6.9800000e+01   1.8856792e-02   8.0797010e-02
   6.9900000e+01  -2.5221885e-02   4.3347680e-02
   7.0000000e+01  -1.9812692e-02   2.3530620e-02
   7.0100000e+01   2.1352512e-02   5.1605695e-02
   7.0200000e+01   6.8201738e-02   1.0287016e-01
   7.0300000e+01   1.0054503e-01   1.1913962e-01
   7.0400000e+01   1.1078060e-01   6.9883511e-02
   7.0500000e+01   9.3859545e-02  -1.3052483e-02
   7.0600000e+01   4.9171432e-02  -6.6211727e-02
   7.0700000e+01  -7.0902512e-03  -5.7689885e-02
   7.0800000e+01  -4.5065856e-02  -1.5225579e-02
   7.0900000e+01  -4.8400570e-02   7.0168194e-03
   7.1000000e+01  -3.5658654e-02  -1.6901165e-02
   7.1100000e+01  -4.3559926e-02  -6.5085596e-02
   7.1200000e+01  -8.4206733e-02  -9.5937807e-02
   7.1300000e+01  -1.2508487e-01  -8.8220621e-02
   7.1400000e+01  -1.1902389e-01  -5.3964807e-02
   7.1500000e+01  -5.4526446e-02  -1.9565737e-02
   7.1600000e+01   2.7256155e-02  -3.7477257e-05
   7.1700000e+01   6.7065177e-02   9.3555927e-03
   7.1800000e+01   3.9378954e-02   2.1230888e-02
   7.1900000e+01  -2.6455740e-02   3.9421663e-02
   7.2000000e+01  -7.2354626e-02   5.4448221e-02
   7.2100000e+01  -6.0821962e-02   5.4550211e-02
   7.2200000e+01  -6.7512803e-03   3.9672836e-02
   7.2300000e+01   3.4604303e-02   2.2414111e-02
   7.2400000e+01   1.5664733e-02   1.4185553e-02
   7.2500000e+01  -5.8857301e-02   1.2661145e-02
   7.2600000e+01  -1.3193575e-01   6.5925106e-03
   7.2700000e+01  -1.4259083e-01  -6.4930164e-03
   7.2800000e+01  -7.9918095e-02  -1.1693859e-02
   7.2900000e+01   7.6669101e-03   9.5231686e-03
   7.3000000e+01   5.5893694e-02   5.6738138e-02
   7.3100000e+01   3.9038948e-02   1.0508000e-01
   7.3200000e+01  -1.3234479e-02   1.2467487e-01
   7.3300000e+01  -4.6852077e-02   1.0551812e-01
   7.3400000e+01  -3.0796521e-02   6.3448794e-02
   7.3500000e+01   1.9387768e-02   2.3940243e-02
   7.3600000e+01   5.8953728e-02   1.2354914e-03
   7.3700000e+01   5.5469556e-02  -9.4992446e-03
   7.3800000e+01   1.8051284e-02  -2.3659471e-02
   7.3900000e+01  -1.2582520e-02  -5.0846681e-02
   7.4000000e+01  -4.6226696e-03  -8.2898312e-02
   7.4100000e+01   3.3668751e-02  -9.6772221e-02
   7.4200000e+01   6.4067810e-02  -7.4034185e-02
   7.4300000e+01   5.7900231e-02  -2.2943830e-02
   7.4400000e+01   2.1800677e-02   1.9745838e-02
   7.4500000e+01  -1.4738206e-02   1.5757896e-02
   7.4600000e+01  -2.9684906e-02  -4.0026161e-02
   7.4700000e+01  -2.1789228e-02  -1.1088083e-01
   7.4800000e+01  -1.4853636e-03  -1.4668657e-01
   7.4900000e+01   1.8355626e-02  -1.2447050e-01
   7.5000000e+01   2.1317127e-02  -6.4526673e-02
   7.5100000e+01  -8.1260133e-03  -9.8305947e-03
   7.5200000e+01  -6.5111177e-02   9.8883310e-03
   7.5300000e+01  -1.1344587e-01  -2.8670408e-03
   7.5400000e+01  -1.1107786e-01  -2.4834307e-02
   7.5500000e+01  -5.5114053e-02  -3.8433205e-02
   7.5600000e+01   7.2974380e-03  -4.4892846e-02
   7.5700000e+01   2.4625197e-02  -5.1735823e-02
   7.5800000e+01  -4.8359420e-03  -5.2698828e-02
   7.5900000e+01  -3.5522659e-02  -2.9426945e-02
   7.6000000e+01  -3.1708726e-02   2.1950953e-02
   7.6100000e+01  -6.9948480e-03   7.2881568e-02
   7.6200000e+01   3.8475280e-03   8.4191279e-02
   7.6300000e+01   4.7962263e-04   5.0387369e-02
   7.6400000e+01   2.0955799e-02   1.2594904e-02
   7.6500000e+01   8.3998296e-02   1.6034443e-02
   7.6600000e+01   1.4744387e-01   5.6476639e-02
   7.6700000e+01   1.4654741e-01   8.1191107e-02
   7.6800000e+01   7.1794364e-02   4.9102406e-02
   7.6900000e+01  -1.2088514e-02  -1.7709146e-02
   7.7000000e+01  -3.5441143e-02  -5.2669721e-02
   7.7100000e+01  -1.0668942e-04  -1.4702553e-02
   7.7200000e+01   2.9108838e-02   6.7728252e-02
   7.7300000e+01   6.5710898e-03   1.2503212e-01
   7.7400000e+01  -3.8293878e-02   1.1409310e-01
   7.7500000e+01  -3.7716095e-02   5.4512894e-02
   7.7600000e+01   2.9076425e-02   2.1352732e-03
   7.7700000e+01   1.0107289e-01  -6.8592803e-03
   7.7800000e+01   9.2411380e-02   1.5077747e-02
   7.7900000e+01  -1.7427381e-02   2.8400997e-02
   7.8000000e+01  -1.5293275e-01   1.2066903e-02
   7.8100000e+01  -2.0455154e-01  -1.4068634e-02
   7.8200000e+01  -1.2678527e-01  -1.2474469e-02
   7.8300000e+01   1.9427569e-02   2.7874162e-02
   7.8400000e+01   1.2126661e-01   7.4719296e-02
   7.8500000e+01   1.1534732e-01   8.4074892e-02
   7.8600000e+01   3.8925545e-02   4.7058111e-02
   7.8700000e+01  -1.7717483e-02  -1.3941229e-03
   7.8800000e+01  -6.0405005e-03  -2.3294709e-02
   7.8900000e+01   3.8668163e-02  -2.0169791e-02
   7.9000000e+01   4.8069672e-02  -2.6001088e-02
   7.9100000e+01   1.6789447e-03  -5.9404423e-02
   7.9200000e+01  -5.3793569e-02  -9.5222546e-02
   7.9300000e+01  -6.2040651e-02  -9.2299824e-02
   7.9400000e+01  -1.9195582e-02  -4.3793556e-02
   7.9500000e+01   2.8714839e-02   1.1986819e-02
   7.9600000e+01   4.0192317e-02   3.2641140e-02
   7.9700000e+01   1.6781428e-02   1.4036279e-02
   7.9800000e+01  -1.0574196e-02  -1.3289903e-02
   7.9900000e+01  -1.8615458e-02  -2.1230114e-02
   8.0000000e+01  -8.9904929e-03  -8.8205252e-03
