   1.0218351e+02   2.8636921e+01   1.9777500e+03
   1.0221618e+02   2.8602761e+01   2.5212700e+03
   0.0000000e+00   9.7619688e-01   9.7619688e-01
   1.0000000e-01   9.9533572e-01   9.2427804e-01
   2.0000000e-01   1.0000000e+00   8.2602782e-01
   3.0000000e-01   9.9046655e-01   6.9406252e-01
   4.0000000e-01   9.4921438e-01   5.6430237e-01
   5.0000000e-01   8.6362776e-01   4.7035172e-01
   6.0000000e-01   7.4558965e-01   4.1813891e-01
   7.0000000e-01   6.2549344e-01   3.8264489e-01
   8.0000000e-01   5.2640551e-01   3.2844884e-01
   9.0000000e-01   4.4552388e-01   2.3655496e-01
   1.0000000e+00   3.6122620e-01   1.1718304e-01
   1.1000000e+00   2.5635997e-01   9.7579935e-04
   1.2000000e+00   1.3294979e-01  -8.3428121e-02
   1.3000000e+00   5.0200813e-03  -1.2990673e-01
   1.4000000e+00  -1.1977775e-01  -1.5965795e-01
   1.5000000e+00  -2.4781955e-01  -2.0536066e-01
   1.6000000e+00  -3.8682546e-01  -2.8418091e-01
   1.7000000e+00  -5.2672300e-01  -3.8176677e-01
   1.8000000e+00  -6.3817461e-01  -4.6486390e-01
   1.9000000e+00  -6.9584062e-01  -5.1361138e-01
   2.0000000e+00  -7.0388623e-01  -5.4016270e-01
   2.1000000e+00  -6.9348984e-01  -5.7121511e-01
   2.2000000e+00  -6.9114818e-01  -6.1353418e-01
   2.3000000e+00  -6.9203969e-01  -6.4435944e-01
   2.4000000e+00  -6.6951822e-01  -6.3909163e-01
   2.5000000e+00  -6.0960184e-01  -6.0095842e-01
   2.6000000e+00  -5.2966279e-01  -5.5479124e-01
   2.7000000e+00  -4.6139317e-01  -5.1510834e-01
   2.8000000e+00  -4.2144411e-01  -4.7253868e-01
   2.9000000e+00  -4.0263466e-01  -4.1554461e-01
   3.0000000e+00  -3.8734639e-01  -3.5468720e-01
   3.1000000e+00  -3.6044030e-01  -3.1409586e-01
   3.2000000e+00  -3.1153249e-01  -3.0160347e-01
   3.3000000e+00  -2.3751502e-01  -2.9830256e-01
   3.4000000e+00  -1.5014310e-01  -2.8060329e-01
   3.5000000e+00  -7.4670356e-02  -2.4468670e-01
   3.6000000e+00  -3.1342973e-02  -2.0376161e-01
   3.7000000e+00  -1.7666773e-02  -1.6706551e-01
   3.8000000e+00  -1.3886299e-02  -1.3051768e-01
   3.9000000e+00  -5.5003789e-03  -8.8090745e-02
   4.0000000e+00   5.0198862e-03  -4.4727709e-02
   4.1000000e+00   8.8384904e-03  -1.3334810e-02
   4.2000000e+00   5.9672162e-03  -1.1904946e-03
   4.3000000e+00   6.3320876e-03  -2.0916932e-03
   4.4000000e+00   2.0860996e-02  -6.0637667e-04
   4.5000000e+00   5.6356858e-02   1.7643412e-02
   4.6000000e+00   1.1459368e-01   5.7414773e-02
   4.7000000e+00   1.8787850e-01   1.1110685e-01
   4.8000000e+00   2.5479356e-01   1.6375823e-01
   4.9000000e+00   2.8811921e-01   2.0383653e-01
   5.0000000e+00   2.7312651e-01   2.3145892e-01
   5.1000000e+00   2.1797567e-01   2.5563285e-01
   5.2000000e+00   1.4573255e-01   2.8305500e-01
   5.3000000e+00   7.9263153e-02   3.1106356e-01
   5.4000000e+00   3.4387324e-02   3.3229350e-01
   5.5000000e+00   2.0189097e-02   3.4378820e-01
   5.6000000e+00   3.6649510e-02   3.4847483e-01
   5.7000000e+00   7.1198541e-02   3.4848537e-01
   5.8000000e+00   1.0475681e-01   3.4122588e-01
   5.9000000e+00   1.2597052e-01   3.2429408e-01
   6.0000000e+00   1.3746791e-01   3.0185885e-01
   6.1000000e+00   1.4600078e-01   2.8273888e-01
   6.2000000e+00   1.5028036e-01   2.7213245e-01
   6.3000000e+00   1.4381228e-01   2.6730354e-01
   6.4000000e+00   1.2848639e-01   2.6121822e-01
   6.5000000e+00   1.1838697e-01   2.4799702e-01
   6.6000000e+00   1.2572855e-01   2.2479891e-01
   6.7000000e+00   1.4519441e-01   1.9225573e-01
   6.8000000e+00   1.5640956e-01   1.5578841e-01
   6.9000000e+00   1.4275952e-01   1.2382161e-01
   7.0000000e+00   1.0626242e-01   1.0019671e-01
   7.1000000e+00   6.4440260e-02   7.8368820e-02
   7.2000000e+00   3.5726006e-02   4.7068223e-02
   7.3000000e+00   2.9361045e-02   3.1857254e-03
   7.4000000e+00   4.5791007e-02  -4.3788870e-02
   7.5000000e+00   8.0085822e-02  -8.1637858e-02
   7.6000000e+00   1.2097028e-01  -1.0652223e-01
   7.7000000e+00   1.4905198e-01  -1.2161103e-01
   7.8000000e+00   1.4299666e-01  -1.2818199e-01
   7.9000000e+00   9.3504832e-02  -1.2405446e-01
   8.0000000e+00   1.3097809e-02  -1.1108279e-01
   8.1000000e+00  -6.9124106e-02  -9.8585119e-02
   8.2000000e+00  -1.2454076e-01  -9.6086978e-02
   8.3000000e+00  -1.3993445e-01  -1.0545649e-01
   8.4000000e+00  -1.2039539e-01  -1.2283215e-01
   8.5000000e+00  -8.2343280e-02  -1.4529551e-01
   8.6000000e+00  -4.4476965e-02  -1.7147659e-01
   8.7000000e+00  -2.0925604e-02  -1.9742061e-01
   8.8000000e+00  -1.6938813e-02  -2.1754199e-01
   8.9000000e+00  -2.8122982e-02  -2.3075485e-01
   9.0000000e+00  -4.4590715e-02  -2.4082761e-01
   9.1000000e+00  -5.7630882e-02  -2.4781678e-01
   9.2000000e+00  -6.3728250e-02  -2.4307472e-01
   9.3000000e+00  -6.4080140e-02  -2.1803477e-01
   9.4000000e+00  -6.2533767e-02  -1.7760083e-01
   9.5000000e+00  -6.3908112e-02  -1.4026076e-01
   9.6000000e+00  -7.0872765e-02  -1.2242421e-01
   9.7000000e+00  -7.9474550e-02  -1.2372119e-01
   9.8000000e+00  -7.9381670e-02  -1.2870147e-01
   9.9000000e+00  -6.3271221e-02  -1.2203967e-01
   1.0000000e+01  -3.8148616e-02  -1.0152010e-01
   1.0100000e+01  -2.4746405e-02  -7.7477906e-02
   1.0200000e+01  -4.1841167e-02  -6.0988106e-02
   1.0300000e+01  -8.9629673e-02  -5.2557733e-02
   1.0400000e+01  -1.4836602e-01  -4.1832262e-02
   1.0500000e+01  -1.9217146e-01  -1.8411416e-02
   1.0600000e+01  -2.0364255e-01   1.7155326e-02
   1.0700000e+01  -1.7860366e-01   5.3558292e-02
   1.0800000e+01  -1.2350813e-01   7.9417380e-02
   1.0900000e+01  -5.2476696e-02   9.2473662e-02
   1.1000000e+01   1.5290441e-02   9.8438311e-02
   1.1100000e+01   6.1057468e-02   1.0367633e-01
   1.1200000e+01   7.4228537e-02   1.1142269e-01
   1.1300000e+01   5.7068593e-02   1.2342470e-01
   1.1400000e+01   2.3715430e-02   1.4084126e-01
   1.1500000e+01  -5.2497489e-03   1.6142269e-01
   1.1600000e+01  -1.1424486e-02   1.7788445e-01
   1.1700000e+01   1.0896051e-02   1.8206335e-01
   1.1800000e+01   4.8499264e-02   1.7156106e-01
   1.1900000e+01   7.6191201e-02   1.5194162e-01
   1.2000000e+01   7.6154278e-02   1.3270282e-01
   1.2100000e+01   5.3708881e-02   1.2132451e-01
   1.2200000e+01   3.2538193e-02   1.1967317e-01
   1.2300000e+01   3.2166807e-02   1.2362304e-01
   1.2400000e+01   5.0108098e-02   1.2533646e-01
   1.2500000e+01   6.6531744e-02   1.1773088e-01
   1.2600000e+01   6.4742336e-02   9.9137692e-02
   1.2700000e+01   4.4926436e-02   7.4414233e-02
   1.2800000e+01   1.9110499e-02   5.0812214e-02
   1.2900000e+01  -2.6085055e-03   3.2012687e-02
   1.3000000e+01  -1.7649139e-02   1.6021132e-02
   1.3100000e+01  -2.5367930e-02  -1.2774121e-03
   1.3200000e+01  -2.1982327e-02  -2.1065934e-02
   1.3300000e+01  -4.9041972e-03  -4.0399002e-02
   1.3400000e+01   1.9095510e-02  -5.5420795e-02
   1.3500000e+01   3.4103487e-02  -6.4691105e-02
   1.3600000e+01   2.6541631e-02  -6.9090837e-02
   1.3700000e+01  -2.7021511e-03  -6.9593771e-02
   1.3800000e+01  -3.7870667e-02  -6.6445297e-02
   1.3900000e+01  -6.0458439e-02  -6.0388808e-02
   1.4000000e+01  -6.2512436e-02  -5.3319616e-02
   1.4100000e+01  -4.9410995e-02  -4.7030620e-02
   1.4200000e+01  -3.1389167e-02  -4.2194764e-02
   1.4300000e+01  -1.3772598e-02  -3.9589133e-02
   1.4400000e+01   4.3179030e-03  -4.1752763e-02
   1.4500000e+01   2.3273260e-02  -5.1734285e-02
   1.4600000e+01   3.7774617e-02  -6.9127343e-02
   1.4700000e+01   4.0329598e-02  -8.7639783e-02
   1.4800000e+01   3.0057084e-02  -9.7733432e-02
   1.4900000e+01   1.6346844e-02  -9.3171749e-02
   1.5000000e+01   1.2311550e-02  -7.6309590e-02
   1.5100000e+01   2.4310774e-02  -5.6988958e-02
   1.5200000e+01   4.7922517e-02  -4.4587826e-02
   1.5300000e+01   7.3109374e-02  -3.9659692e-02
   1.5400000e+01   9.1592612e-02  -3.4107630e-02
   1.5500000e+01   9.9014493e-02  -2.1307708e-02
   1.5600000e+01   9.2541124e-02  -5.5669427e-03
   1.5700000e+01   7.0126484e-02   1.1242844e-03
   1.5800000e+01   3.4084317e-02  -7.3437148e-03
   1.5900000e+01  -5.5300016e-03  -2.3471855e-02
   1.6000000e+01  -3.3423207e-02  -3.4232903e-02
   1.6100000e+01  -3.7192376e-02  -3.5000445e-02
   1.6200000e+01  -1.5097260e-02  -3.2001780e-02
   1.6300000e+01   2.2173882e-02  -3.1468586e-02
   1.6400000e+01   5.6750763e-02  -3.0806923e-02
   1.6500000e+01   7.2672041e-02  -2.2885906e-02
   1.6600000e+01   6.3829042e-02  -6.3213621e-03
   1.6700000e+01   3.6081900e-02   1.2032429e-02
   1.6800000e+01   1.9873911e-03   2.4328734e-02
   1.6900000e+01  -2.7957437e-02   2.8816762e-02
   1.7000000e+01  -5.0410318e-02   2.9697469e-02
   1.7100000e+01  -6.6962521e-02   3.2383428e-02
   1.7200000e+01  -7.8373938e-02   3.9543591e-02
   1.7300000e+01  -8.2050963e-02   4.9491965e-02
   1.7400000e+01  -7.4850749e-02   5.6704050e-02
   1.7500000e+01  -5.7200027e-02   5.5136570e-02
   1.7600000e+01  -3.4230242e-02   4.3230046e-02
   1.7700000e+01  -1.3798258e-02   2.6259975e-02
   1.7800000e+01  -3.4628445e-03   1.3319942e-02
   1.7900000e+01  -7.2509553e-03   1.1708808e-02
   1.8000000e+01  -2.2662962e-02   2.3278762e-02
   1.8100000e+01  -4.0365381e-02   4.3930322e-02
   1.8200000e+01  -4.9062546e-02   6.5318348e-02
   1.8300000e+01  -4.3444924e-02   7.8973284e-02
   1.8400000e+01  -2.8614868e-02   8.1876502e-02
   1.8500000e+01  -1.6323912e-02   7.8338182e-02
   1.8600000e+01  -1.5637979e-02   7.4300890e-02
   1.8700000e+01  -2.5728642e-02   6.9570905e-02
   1.8800000e+01  -3.6489918e-02   5.8515369e-02
   1.8900000e+01  -3.6178459e-02   3.9931546e-02
   1.9000000e+01  -2.0158432e-02   2.3009723e-02
   1.9100000e+01   5.5177189e-03   1.8989353e-02
   1.9200000e+01   2.8016717e-02   2.6797286e-02
   1.9300000e+01   3.6085004e-02   3.1195113e-02
   1.9400000e+01   2.6818998e-02   1.8069584e-02
   1.9500000e+01   6.4886489e-03  -1.0074301e-02
   1.9600000e+01  -1.4106149e-02  -3.6629591e-02
   1.9700000e+01  -2.5710457e-02  -4.8343146e-02
   1.9800000e+01  -2.4445974e-02  -4.7410766e-02
   1.9900000e+01  -1.2272876e-02  -4.5559478e-02
   2.0000000e+01   5.2881509e-03  -4.9226348e-02
   2.0100000e+01   2.2835402e-02  -5.3833104e-02
   2.0200000e+01   3.7947488e-02  -5.2106220e-02
   2.0300000e+01   5.0880610e-02  -4.4384387e-02
   2.0400000e+01   6.1337906e-02  -3.8403415e-02
   2.0500000e+01   6.6139158e-02  -4.0319854e-02
   2.0600000e+01   6.1314668e-02  -4.8555991e-02
   2.0700000e+01   4.6896446e-02  -5.6497792e-02
   2.0800000e+01   2.8600671e-02  -5.8786092e-02
   2.0900000e+01   1.3620482e-02  -5.3908796e-02
   2.1000000e+01   4.8128104e-03  -4.3124527e-02
   2.1100000e+01  -3.1721866e-04  -2.9913524e-02
   2.1200000e+01  -5.1962362e-03  -1.9826889e-02
   2.1300000e+01  -9.9834659e-03  -1.7032275e-02
   2.1400000e+01  -1.2238688e-02  -1.8998042e-02
   2.1500000e+01  -1.0726761e-02  -1.7035832e-02
   2.1600000e+01  -7.2796320e-03  -5.5046391e-03
   2.1700000e+01  -4.7897137e-03   9.8535782e-03
   2.1800000e+01  -4.1302568e-03   1.6068573e-02
   2.1900000e+01  -3.4533898e-03   6.9661667e-03
   2.2000000e+01  -3.2937710e-04  -8.9106167e-03
   2.2100000e+01   5.4251922e-03  -1.6382200e-02
   2.2200000e+01   1.0681775e-02  -8.6481442e-03
   2.2300000e+01   1.0811030e-02   7.6063322e-03
   2.2400000e+01   3.2792878e-03   2.1063675e-02
   2.2500000e+01  -1.0092099e-02   2.6640853e-02
   2.2600000e+01  -2.4759983e-02   2.6950198e-02
   2.2700000e+01  -3.7493416e-02   2.6349624e-02
   2.2800000e+01  -4.7927684e-02   2.6805462e-02
   2.2900000e+01  -5.5361244e-02   2.8655925e-02
   2.3000000e+01  -5.5279098e-02   3.1765550e-02
   2.3100000e+01  -4.2006695e-02   3.4434968e-02
   2.3200000e+01  -1.6528246e-02   3.3411778e-02
   2.3300000e+01   9.8740698e-03   2.7417438e-02
   2.3400000e+01   2.2963228e-02   1.9998235e-02
   2.3500000e+01   1.8148557e-02   1.6414591e-02
   2.3600000e+01   4.9556938e-03   1.6978312e-02
   2.3700000e+01  -2.2754697e-03   1.5264668e-02
   2.3800000e+01   1.9015427e-03   4.6729657e-03
   2.3900000e+01   9.9806832e-03  -1.3530745e-02
   2.4000000e+01   1.0282484e-02  -3.0000245e-02
   2.4100000e+01  -1.4906587e-03  -3.5518541e-02
   2.4200000e+01  -1.9038405e-02  -2.9019804e-02
   2.4300000e+01  -3.1645475e-02  -1.7637366e-02
   2.4400000e+01  -3.2401340e-02  -9.7343934e-03
   2.4500000e+01  -2.1792531e-02  -8.1885493e-03
   2.4600000e+01  -5.5923427e-03  -9.4995357e-03
   2.4700000e+01   1.0257649e-02  -8.2379342e-03
   2.4800000e+01   2.4011418e-02  -2.2465116e-03
   2.4900000e+01   3.8092056e-02   5.7394703e-03
   2.5000000e+01   5.3772418e-02   1.0997973e-02
   2.5100000e+01   6.5426692e-02   1.1198099e-02
   2.5200000e+01   6.2067256e-02   7.8209713e-03
   2.5300000e+01   3.7582585e-02   3.4674228e-03
   2.5400000e+01   3.2828498e-04  -1.1159785e-03
   2.5500000e+01  -2.9381944e-02  -6.1638638e-03
   2.5600000e+01  -3.3943514e-02  -9.7478380e-03
   2.5700000e+01  -1.2267229e-02  -8.0021620e-03
   2.5800000e+01   2.0041181e-02   3.4344205e-05
   2.5900000e+01   4.3547009e-02   9.2949651e-03
   2.6000000e+01   4.8638835e-02   1.2842429e-02
   2.6100000e+01   3.9071652e-02   9.2319000e-03
   2.6200000e+01   2.5231693e-02   3.7798967e-03
   2.6300000e+01   1.5161258e-02   2.0069373e-03
   2.6400000e+01   1.0601237e-02   3.9173519e-03
   2.6500000e+01   8.8917585e-03   6.1708509e-03
   2.6600000e+01   6.7105348e-03   7.8130302e-03
   2.6700000e+01   2.0522834e-03   1.0645741e-02
   2.6800000e+01  -5.5441479e-03   1.4099239e-02
   2.6900000e+01  -1.4630778e-02   1.3357890e-02
   2.7000000e+01  -2.1358869e-02   5.0845325e-03
   2.7100000e+01  -2.1129110e-02  -6.3517865e-03
   2.7200000e+01  -1.2826826e-02  -1.1123225e-02
   2.7300000e+01  -1.6771309e-03  -3.1156902e-03
   2.7400000e+01   3.6542095e-03   1.4105227e-02
   2.7500000e+01  -1.8104382e-03   3.0449731e-02
   2.7600000e+01  -1.4976578e-02   3.7127126e-02
   2.7700000e+01  -2.7579621e-02   3.1307878e-02
   2.7800000e+01  -3.3120504e-02   1.5444916e-02
   2.7900000e+01  -3.0954767e-02  -5.2768402e-03
   2.8000000e+01  -2.4895641e-02  -2.4475049e-02
   2.8100000e+01  -1.9422191e-02  -3.5808232e-02
   2.8200000e+01  -1.7118962e-02  -3.5497051e-02
   2.8300000e+01  -1.7915676e-02  -2.5223451e-02
   2.8400000e+01  -1.9409206e-02  -1.2406578e-02
   2.8500000e+01  -1.8447389e-02  -6.0286556e-03
   2.8600000e+01  -1.3701582e-02  -1.0098048e-02
   2.8700000e+01  -7.0543890e-03  -2.0134891e-02
   2.8800000e+01  -2.0273509e-03  -2.6814065e-02
   2.8900000e+01  -7.5785103e-04  -2.4571209e-02
   2.9000000e+01  -2.7397261e-03  -1.7113204e-02
   2.9100000e+01  -6.1031393e-03  -1.3654839e-02
   2.9200000e+01  -9.2455996e-03  -1.9108953e-02
   2.9300000e+01  -1.1246631e-02  -2.8483924e-02
   2.9400000e+01  -1.1911467e-02  -3.1585404e-02
   2.9500000e+01  -1.2168732e-02  -2.2808524e-02
   2.9600000e+01  -1.3482776e-02  -5.5533360e-03
   2.9700000e+01  -1.5473942e-02   1.2267960e-02
   2.9800000e+01  -1.4435859e-02   2.5027003e-02
   2.9900000e+01  -6.2384205e-03   3.1085648e-02
   3.0000000e+01   7.9260608e-03   3.0318536e-02
   3.0100000e+01   1.9674376e-02   2.3539149e-02
   3.0200000e+01   1.9601240e-02   1.4992986e-02
   3.0300000e+01   6.6437524e-03   1.2096428e-02
   3.0400000e+01  -9.1828018e-03   1.9045341e-02
   3.0500000e+01  -1.4555997e-02   3.0568960e-02
   3.0600000e+01  -4.0292443e-03   3.4954418e-02
   3.0700000e+01   1.6167165e-02   2.5393318e-02
   3.0800000e+01   3.4721454e-02   7.6415102e-03
   3.0900000e+01   4.4796795e-02  -5.0396747e-03
   3.1000000e+01   4.7352519e-02  -4.2977892e-03
   3.1100000e+01   4.6844525e-02   6.9148355e-03
   3.1200000e+01   4.5582845e-02   1.9307855e-02
   3.1300000e+01   4.2432061e-02   2.5880689e-02
   3.1400000e+01   3.5305538e-02   2.4795716e-02
   3.1500000e+01   2.3513723e-02   1.6714224e-02
   3.1600000e+01   8.3568146e-03   3.2536478e-03
   3.1700000e+01  -6.8382129e-03  -1.1396394e-02
   3.1800000e+01  -1.7077602e-02  -2.0604700e-02
   3.1900000e+01  -1.8084394e-02  -2.0196665e-02
   3.2000000e+01  -1.0173356e-02  -1.3254962e-02
   3.2100000e+01   5.7071960e-04  -8.1022080e-03
   3.2200000e+01   6.5596400e-03  -1.0455819e-02
   3.2300000e+01   4.8366149e-03  -1.8095792e-02
   3.2400000e+01  -1.3314393e-03  -2.3782328e-02
   3.2500000e+01  -6.5964595e-03  -2.2897206e-02
   3.2600000e+01  -8.1278711e-03  -1.7535598e-02
   3.2700000e+01  -6.3585032e-03  -1.3409618e-02
   3.2800000e+01  -3.6236159e-03  -1.3742322e-02
   3.2900000e+01  -3.8959864e-03  -1.6663810e-02
   3.3000000e+01  -1.2022298e-02  -1.7995415e-02
   3.3100000e+01  -2.9127559e-02  -1.5607474e-02
   3.3200000e+01  -4.7267005e-02  -1.0712604e-02
   3.3300000e+01  -5.1840428e-02  -5.5667529e-03
   3.3400000e+01  -3.3865968e-02  -1.0058183e-03
   3.3500000e+01  -1.1944917e-03   3.3125945e-03
   3.3600000e+01   2.4791336e-02   6.9879119e-03
   3.3700000e+01   2.6480926e-02   8.4087379e-03
   3.3800000e+01   5.3186321e-03   6.5784910e-03
   3.3900000e+01  -1.9834067e-02   2.6969143e-03
   3.4000000e+01  -2.9401677e-02  -7.4313913e-04
   3.4100000e+01  -1.8995006e-02  -2.0939650e-03
   3.4200000e+01  -1.0239457e-03  -1.1115556e-03
   3.4300000e+01   7.4735634e-03   2.2251042e-03
   3.4400000e+01  -7.5909405e-04   8.0033492e-03
   3.4500000e+01  -1.8036153e-02   1.4719919e-02
   3.4600000e+01  -2.8949320e-02   1.8467960e-02
   3.4700000e+01  -2.3635272e-02   1.5761555e-02
   3.4800000e+01  -6.0883943e-03   7.8866469e-03
   3.4900000e+01   9.9196974e-03   1.2844802e-03
   3.5000000e+01   1.4124657e-02   2.0807400e-03
   3.5100000e+01   9.6619967e-03   9.8915622e-03
   3.5200000e+01   9.0836758e-03   1.7688542e-02
   3.5300000e+01   1.9920908e-02   1.8141492e-02
   3.5400000e+01   3.5136364e-02   9.8494719e-03
   3.5500000e+01   3.9553183e-02  -2.4603177e-03
   3.5600000e+01   2.6027389e-02  -1.2572368e-02
   3.5700000e+01   3.8412745e-03  -1.6535162e-02
   3.5800000e+01  -1.0060149e-02  -1.2843549e-02
   3.5900000e+01  -7.5640755e-03  -1.7332288e-03
   3.6000000e+01   4.0151264e-03   1.3800702e-02
   3.6100000e+01   1.1509895e-02   2.7376554e-02
   3.6200000e+01   1.0302242e-02   3.2465317e-02
   3.6300000e+01   7.8961385e-03   2.7797611e-02
   3.6400000e+01   1.3687225e-02   1.8710198e-02
   3.6500000e+01   2.6866389e-02   1.1875930e-02
   3.6600000e+01   3.5747617e-02   8.9680509e-03
   3.6700000e+01   2.9282806e-02   6.4429767e-03
   3.6800000e+01   8.8359380e-03   1.0183933e-03
   3.6900000e+01  -1.1850907e-02  -6.4710928e-03
   3.7000000e+01  -1.8637729e-02  -1.3197531e-02
   3.7100000e+01  -9.2486398e-03  -1.8444045e-02
   3.7200000e+01   5.8863557e-03  -2.3617348e-02
   3.7300000e+01   1.4355986e-02  -2.8667427e-02
   3.7400000e+01   1.2822799e-02  -3.0770016e-02
   3.7500000e+01   7.5700747e-03  -2.7679185e-02
   3.7600000e+01   5.2713909e-03  -2.1193811e-02
   3.7700000e+01   4.9667236e-03  -1.5737909e-02
   3.7800000e+01   1.0814345e-04  -1.3610969e-02
   3.7900000e+01  -1.2278357e-02  -1.2880926e-02
   3.8000000e+01  -2.6263632e-02  -1.0455003e-02
   3.8100000e+01  -3.1760725e-02  -6.4423131e-03
   3.8200000e+01  -2.4105861e-02  -4.5589215e-03
   3.8300000e+01  -8.3514456e-03  -8.0439389e-03
   3.8400000e+01   5.3116205e-03  -1.5471133e-02
   3.8500000e+01   9.3119860e-03  -2.0944747e-02
   3.8600000e+01   2.4893271e-03  -1.8934797e-02
   3.8700000e+01  -1.1207885e-02  -9.4888842e-03
   3.8800000e+01  -2.5617398e-02   1.3458763e-03
   3.8900000e+01  -3.4718782e-02   7.0596548e-03
   3.9000000e+01  -3.5071031e-02   7.2807531e-03
   3.9100000e+01  -2.7967857e-02   8.4010485e-03
   3.9200000e+01  -1.8734655e-02   1.6569993e-02
   3.9300000e+01  -1.2498898e-02   2.9908799e-02
   3.9400000e+01  -1.0329305e-02   3.8837153e-02
   3.9500000e+01  -9.9297228e-03   3.5214506e-02
   3.9600000e+01  -9.5767291e-03   2.0900832e-02
   3.9700000e+01  -9.9735035e-03   6.2797209e-03
   3.9800000e+01  -1.1926093e-02   1.6094522e-04
   3.9900000e+01  -1.3706555e-02   1.9540081e-03
   4.0000000e+01  -1.2187641e-02   4.0381160e-03
   4.0100000e+01  -6.2586805e-03   6.7627981e-04
   4.0200000e+01   2.0921822e-03  -6.5687010e-03
   4.0300000e+01   1.0029744e-02  -1.1591367e-02
   4.0400000e+01   1.5821982e-02  -1.0115118e-02
   4.0500000e+01   1.8062346e-02  -2.9717579e-03
   4.0600000e+01   1.4613129e-02   5.1976382e-03
   4.0700000e+01   4.5553354e-03   9.0694750e-03
   4.0800000e+01  -8.4095843e-03   5.7043101e-03
   4.0900000e+01  -1.6207967e-02  -2.8131090e-03
   4.1000000e+01  -1.2006160e-02  -9.1250939e-03
   4.1100000e+01   3.6614870e-03  -5.4797746e-03
   4.1200000e+01   2.2544827e-02   8.3594417e-03
   4.1300000e+01   3.4722307e-02   2.2250158e-02
   4.1400000e+01   3.5425984e-02   2.3391383e-02
   4.1500000e+01   2.7022156e-02   8.8322884e-03
   4.1600000e+01   1.5825373e-02  -1.0306799e-02
   4.1700000e+01   7.6510149e-03  -1.8605869e-02
   4.1800000e+01   5.3662655e-03  -1.0646371e-02
   4.1900000e+01   8.5569077e-03   4.9303096e-03
   4.2000000e+01   1.4075958e-02   1.5094707e-02
   4.2100000e+01   1.7327772e-02   1.4558385e-02
   4.2200000e+01   1.4804579e-02   7.8879542e-03
   4.2300000e+01   6.9356256e-03   1.7399722e-03
   4.2400000e+01  -1.3013835e-03  -2.1346468e-03
   4.2500000e+01  -3.4943590e-03  -5.7709078e-03
   4.2600000e+01   3.2527906e-03  -9.4765721e-03
   4.2700000e+01   1.5612618e-02  -1.0102384e-02
   4.2800000e+01   2.6042272e-02  -4.9391468e-03
   4.2900000e+01   2.7950277e-02   4.4309801e-03
   4.3000000e+01   1.9924926e-02   1.3261082e-02
   4.3100000e+01   6.1270590e-03   1.8000477e-02
   4.3200000e+01  -6.7329538e-03   1.8662777e-02
   4.3300000e+01  -1.3326354e-02   1.7141642e-02
   4.3400000e+01  -1.2417719e-02   1.4145868e-02
   4.3500000e+01  -7.4025529e-03   8.2623801e-03
   4.3600000e+01  -4.1854402e-03  -2.0360790e-03
   4.3700000e+01  -6.7511944e-03  -1.5368349e-02
   4.3800000e+01  -1.3221335e-02  -2.6313610e-02
   4.3900000e+01  -1.6762763e-02  -2.8085623e-02
   4.4000000e+01  -1.2274083e-02  -1.7901937e-02
   4.4100000e+01  -2.7788516e-03  -5.3787083e-04
   4.4200000e+01   2.5244109e-03   1.4157230e-02
   4.4300000e+01  -1.7441518e-03   1.8466402e-02
   4.4400000e+01  -1.0060418e-02   1.1998021e-02
   4.4500000e+01  -1.1475527e-02  -6.5550077e-05
   4.4600000e+01  -2.7994845e-03  -1.2804224e-02
   4.4700000e+01   6.1441602e-03  -2.4418407e-02
   4.4800000e+01   2.7995319e-03  -3.3864835e-02
   4.4900000e+01  -1.3436827e-02  -3.8239023e-02
   4.5000000e+01  -2.9484890e-02  -3.4655312e-02
   4.5100000e+01  -3.2169298e-02  -2.4381948e-02
   4.5200000e+01  -2.1415194e-02  -1.3237416e-02
   4.5300000e+01  -8.4051414e-03  -6.8867858e-03
   4.5400000e+01  -2.2735080e-03  -6.1504044e-03
   4.5500000e+01  -1.4520524e-03  -7.2590058e-03
   4.5600000e+01   1.5248483e-03  -6.1272628e-03
   4.5700000e+01   9.2335935e-03  -1.9356126e-03
   4.5800000e+01   1.5572987e-02   2.8203045e-03
   4.5900000e+01   1.2435759e-02   4.8802857e-03
   4.6000000e+01  -1.1642621e-03   2.9563939e-03
   4.6100000e+01  -1.6867332e-02  -1.1455443e-03
   4.6200000e+01  -2.3431319e-02  -3.8065309e-03
   4.6300000e+01  -1.6007213e-02  -2.5844690e-03
   4.6400000e+01  -4.0969453e-04   1.5816056e-03
   4.6500000e+01   1.1451496e-02   5.3411043e-03
   4.6600000e+01   1.1676546e-02   6.3419003e-03
   4.6700000e+01   3.3116775e-03   5.4036296e-03
   4.6800000e+01  -2.7389139e-03   5.0347145e-03
   4.6900000e+01   1.6266875e-03   6.2328579e-03
   4.7000000e+01   1.4069693e-02   7.5343159e-03
   4.7100000e+01   2.5052091e-02   7.3551487e-03
   4.7200000e+01   2.7950950e-02   6.5148218e-03
   4.7300000e+01   2.4464738e-02   7.5793799e-03
   4.7400000e+01   1.9871747e-02   1.1500897e-02
   4.7500000e+01   1.5297927e-02   1.5443835e-02
   4.7600000e+01   7.3977329e-03   1.4876047e-02
   4.7700000e+01  -4.4689351e-03   8.6183728e-03
   4.7800000e+01  -1.3970762e-02   1.7495843e-03
   4.7900000e+01  -1.3519562e-02   2.1626198e-03
   4.8000000e+01  -3.7590026e-03   1.2548853e-02
   4.8100000e+01   5.3535292e-03   2.5594698e-02
   4.8200000e+01   4.4237148e-03   2.9041361e-02
   4.8300000e+01  -5.4925685e-03   1.7703910e-02
   4.8400000e+01  -1.4345286e-02   5.1667472e-04
   4.8500000e+01  -1.3985311e-02  -6.4421041e-03
   4.8600000e+01  -6.0269067e-03   4.3843495e-03
   4.8700000e+01   1.2879314e-03   2.3778450e-02
   4.8800000e+01   2.1910719e-03   3.4489186e-02
   4.8900000e+01  -2.0824890e-03   2.8252520e-02
   4.9000000e+01  -6.7887850e-03   1.2927503e-02
   4.9100000e+01  -9.3384306e-03   2.5957389e-03
   4.9200000e+01  -1.0682870e-02   2.4920836e-03
   4.9300000e+01  -1.2521834e-02   5.4284784e-03
   4.9400000e+01  -1.4753585e-02   1.9768572e-03
   4.9500000e+01  -1.5672905e-02  -8.8268269e-03
   4.9600000e+01  -1.3758689e-02  -1.9946278e-02
   4.9700000e+01  -9.1317567e-03  -2.4979008e-02
   4.9800000e+01  -3.9136700e-03  -2.3444719e-02
   4.9900000e+01  -1.1096132e-03  -1.8080293e-02
   5.0000000e+01  -1.9980298e-03  -1.0477994e-02
   5.0100000e+01  -3.9605651e-03  -1.6473930e-03
   5.0200000e+01  -1.9538223e-03   4.9747141e-03
   5.0300000e+01   6.1987665e-03   4.8136254e-03
   5.0400000e+01   1.5798449e-02  -2.2821743e-03
   5.0500000e+01   1.8090376e-02  -9.9966664e-03
   5.0600000e+01   8.5410283e-03  -1.1657815e-02
   5.0700000e+01  -7.7076762e-03  -8.2782061e-03
   5.0800000e+01  -1.9481484e-02  -8.2309432e-03
   5.0900000e+01  -1.9082346e-02  -1.7512376e-02
   5.1000000e+01  -8.2560548e-03  -3.1386871e-02
   5.1100000e+01   4.6771654e-03  -3.7737769e-02
   5.1200000e+01   1.2650539e-02  -2.9332411e-02
   5.1300000e+01   1.4808753e-02  -1.1653465e-02
   5.1400000e+01   1.5069133e-02   2.4334940e-03
   5.1500000e+01   1.7191715e-02   5.2736436e-03
   5.1600000e+01   2.1320307e-02   6.0577606e-04
   5.1700000e+01   2.4365539e-02  -2.5566202e-03
   5.1800000e+01   2.3098453e-02  -3.5280483e-04
   5.1900000e+01   1.7082102e-02   3.1300358e-03
   5.2000000e+01   9.0683675e-03   2.8362193e-03
   5.2100000e+01   2.7382049e-03   2.3524027e-04
   5.2200000e+01   8.2268041e-05   2.1365299e-03
   5.2300000e+01   8.4067900e-04   1.2173138e-02
   5.2400000e+01   3.7805748e-03   2.4695510e-02
   5.2500000e+01   7.4573313e-03   2.8112331e-02
   5.2600000e+01   9.6227859e-03   1.4863691e-02
   5.2700000e+01   7.5196146e-03  -1.1098185e-02
   5.2800000e+01   7.4347060e-04  -3.5823128e-02
   5.2900000e+01  -6.1783793e-03  -4.4636998e-02
   5.3000000e+01  -6.3051917e-03  -3.2174114e-02
   5.3100000e+01   2.5359933e-03  -6.0536913e-03
   5.3200000e+01   1.3402795e-02   1.8264105e-02
   5.3300000e+01   1.5190847e-02   2.7794477e-02
   5.3400000e+01   3.3879321e-03   2.0191132e-02
   5.3500000e+01  -1.4509702e-02   3.9766517e-03
   5.3600000e+01  -2.5366886e-02  -8.8492651e-03
   5.3700000e+01  -2.2466218e-02  -1.1584368e-02
   5.3800000e+01  -1.1038998e-02  -6.1148665e-03
   5.3900000e+01  -2.2560552e-03   9.1662174e-04
   5.4000000e+01  -2.6277654e-03   4.5212063e-03
   5.4100000e+01  -9.3263474e-03   4.3504706e-03
   5.4200000e+01  -1.4587842e-02   2.5444648e-03
   5.4300000e+01  -1.3415917e-02   1.8086699e-04
   5.4400000e+01  -7.2947404e-03  -3.0235419e-03
   5.4500000e+01  -1.8997037e-03  -5.7486749e-03
   5.4600000e+01  -2.0163773e-03  -3.7075319e-03
   5.4700000e+01  -7.8430005e-03   6.5113352e-03
   5.4800000e+01  -1.4843296e-02   2.1727847e-02
   5.4900000e+01  -1.6990805e-02   3.2182282e-02
   5.5000000e+01  -1.1359734e-02   2.9661161e-02
   5.5100000e+01  -7.7593965e-04   1.6096551e-02
   5.5200000e+01   7.9754976e-03   2.6353122e-03
   5.5300000e+01   9.4439152e-03  -8.8090938e-04
   5.5400000e+01   3.9025558e-03   5.1348700e-03
   5.5500000e+01  -3.1292523e-03   1.2235398e-02
   5.5600000e+01  -5.6957307e-03   1.3944132e-02
   5.5700000e+01  -2.0714694e-03   1.1671205e-02
   5.5800000e+01   4.5057824e-03   1.0759618e-02
   5.5900000e+01   8.8568022e-03   1.2959071e-02
   5.6000000e+01   7.7507040e-03   1.4505123e-02
   5.6100000e+01   2.1887127e-03   1.0790101e-02
   5.6200000e+01  -2.9406718e-03   1.2933816e-03
   5.6300000e+01  -1.9977077e-03  -9.8189756e-03
   5.6400000e+01   6.7205041e-03  -1.6329896e-02
   5.6500000e+01   1.8279416e-02  -1.3311078e-02
   5.6600000e+01   2.3958289e-02  -5.6849963e-04
   5.6700000e+01   1.8529034e-02   1.5019478e-02
   5.6800000e+01   5.3499838e-03   2.1977547e-02
   5.6900000e+01  -6.4501436e-03   1.2909517e-02
   5.7000000e+01  -1.0438500e-02  -6.9617708e-03
   5.7100000e+01  -8.2443381e-03  -2.1332741e-02
   5.7200000e+01  -6.1951504e-03  -1.6328243e-02
   5.7300000e+01  -7.3471351e-03   5.3651271e-03
   5.7400000e+01  -8.1665940e-03   2.4530688e-02
   5.7500000e+01  -3.5251275e-03   2.2001722e-02
   5.7600000e+01   6.1458783e-03  -2.7879400e-03
   5.7700000e+01   1.4262764e-02  -2.9670987e-02
   5.7800000e+01   1.5075386e-02  -3.5627471e-02
   5.7900000e+01   1.0183386e-02  -1.6452641e-02
   5.8000000e+01   6.7332128e-03   8.8817727e-03
   5.8100000e+01   9.0043495e-03   1.6049951e-02
   5.8200000e+01   1.3113089e-02  -1.6901862e-03
   5.8300000e+01   1.1369646e-02  -2.7820535e-02
   5.8400000e+01   1.5550327e-03  -3.9219618e-02
   5.8500000e+01  -9.8054539e-03  -2.8020565e-02
   5.8600000e+01  -1.4312887e-02  -7.3980785e-03
   5.8700000e+01  -1.0706665e-02   2.6323493e-03
   5.8800000e+01  -5.2987770e-03  -6.2798392e-03
   5.8900000e+01  -3.5867497e-03  -2.5531765e-02
   5.9000000e+01  -3.7320357e-03  -3.9684387e-02
   5.9100000e+01  -1.7373336e-04  -3.9726421e-02
   5.9200000e+01   7.3384406e-03  -2.7586816e-02
   5.9300000e+01   1.1232163e-02  -1.1228455e-02
   5.9400000e+01   4.1917228e-03   2.0963958e-03
   5.9500000e+01  -1.1447955e-02   8.5901106e-03
   5.9600000e+01  -2.4532654e-02   7.2991535e-03
   5.9700000e+01  -2.5973359e-02  -4.1549478e-04
   5.9800000e+01  -1.7857186e-02  -1.0471985e-02
   5.9900000e+01  -1.0918238e-02  -1.6868174e-02
   6.0000000e+01  -1.3311305e-02  -1.4976104e-02
   6.0100000e+01  -2.2554667e-02  -5.1424334e-03
   6.0200000e+01  -2.8389768e-02   7.1091029e-03
   6.0300000e+01  -2.2856089e-02   1.5217573e-02
   6.0400000e+01  -7.5520386e-03   1.6671323e-02
   6.0500000e+01   7.8837121e-03   1.4494352e-02
   6.0600000e+01   1.3431206e-02   1.4024364e-02
   6.0700000e+01   5.5500669e-03   1.8211807e-02
   6.0800000e+01  -1.1134733e-02   2.5449748e-02
   6.0900000e+01  -2.6827001e-02   3.1094984e-02
   6.1000000e+01  -3.1631335e-02   3.0999223e-02
   6.1100000e+01  -2.0836511e-02   2.4715681e-02
   6.1200000e+01   1.2883792e-03   1.6420295e-02
   6.1300000e+01   2.2228390e-02   1.2159490e-02
   6.1400000e+01   2.8708503e-02   1.4346902e-02
   6.1500000e+01   1.7453267e-02   1.8257829e-02
   6.1600000e+01  -1.5565322e-04   1.5647697e-02
   6.1700000e+01  -6.2963027e-03   3.9297935e-03
   6.1800000e+01   7.4426302e-03  -8.5958654e-03
   6.1900000e+01   3.1431569e-02  -9.2338997e-03
   6.2000000e+01   4.6177446e-02   5.6904844e-03
   6.2100000e+01   4.0124195e-02   2.4947425e-02
   6.2200000e+01   1.9607435e-02   3.2072567e-02
   6.2300000e+01   1.6966408e-03   2.1496878e-02
   6.2400000e+01  -1.6674307e-03   3.9354858e-03
   6.2500000e+01   7.6991453e-03  -4.9302108e-03
   6.2600000e+01   1.9196656e-02  -2.6922172e-04
   6.2700000e+01   2.4300234e-02   8.2511968e-03
   6.2800000e+01   2.2325052e-02   7.8936059e-03
   6.2900000e+01   1.8150119e-02  -3.6580345e-03
   6.3000000e+01   1.6774899e-02  -1.6676481e-02
   6.3100000e+01   1.9758376e-02  -2.0043965e-02
   6.3200000e+01   2.4644693e-02  -1.2185997e-02
   6.3300000e+01   2.6594139e-02  -1.4545885e-03
   6.3400000e+01   2.1702191e-02   3.0529605e-03
   6.3500000e+01   1.0513025e-02  -8.3961491e-05
   6.3600000e+01  -1.5059353e-03  -5.1399518e-03
   6.3700000e+01  -8.2445335e-03  -6.8037067e-03
   6.3800000e+01  -8.6258611e-03  -5.8713757e-03
   6.3900000e+01  -7.5506241e-03  -7.2205773e-03
   6.4000000e+01  -1.0299527e-02  -1.3160562e-02
   6.4100000e+01  -1.6152523e-02  -2.0063310e-02
   6.4200000e+01  -1.8685017e-02  -2.1998477e-02
   6.4300000e+01  -1.2960303e-02  -1.7172588e-02
   6.4400000e+01  -1.6335067e-03  -1.0147905e-02
   6.4500000e+01   7.1199568e-03  -7.5870727e-03
   6.4600000e+01   7.5228947e-03  -1.1909806e-02
   6.4700000e+01   9.7170157e-04  -1.8985491e-02
   6.4800000e+01  -7.1277010e-03  -2.1877679e-02
   6.4900000e+01  -1.3677136e-02  -1.7156686e-02
   6.5000000e+01  -1.9625424e-02  -8.1523126e-03
   6.5100000e+01  -2.6129829e-02  -2.1696223e-03
   6.5200000e+01  -3.1176187e-02  -3.9635241e-03
   6.5300000e+01  -3.1213290e-02  -1.1345961e-02
   6.5400000e+01  -2.5380120e-02  -1.7139684e-02
   6.5500000e+01  -1.6976984e-02  -1.5720628e-02
   6.5600000e+01  -1.0808000e-02  -7.8715682e-03
   6.5700000e+01  -9.6360873e-03   4.4522100e-04
   6.5800000e+01  -1.2818286e-02   3.5257366e-03
   6.5900000e+01  -1.7246273e-02   1.4990598e-04
   6.6000000e+01  -1.9400290e-02  -6.2813345e-03
   6.6100000e+01  -1.7664571e-02  -1.0241619e-02
   6.6200000e+01  -1.3671511e-02  -7.0166530e-03
   6.6300000e+01  -1.1014376e-02   4.3532703e-03
   6.6400000e+01  -1.1654266e-02   1.8953731e-02
   6.6500000e+01  -1.3444515e-02   2.7605718e-02
   6.6600000e+01  -1.1922008e-02   2.3477868e-02
   6.6700000e+01  -5.0516104e-03   8.9623242e-03
   6.6800000e+01   3.9701171e-03  -4.6867248e-03
   6.6900000e+01   8.9777487e-03  -6.2260333e-03
   6.7000000e+01   6.1803307e-03   6.1788451e-03
   6.7100000e+01  -2.2680741e-03   2.4032404e-02
   6.7200000e+01  -9.5331650e-03   3.6230211e-02
   6.7300000e+01  -9.1772930e-03   3.7385093e-02
   6.7400000e+01  -1.2093701e-04   2.9935194e-02
   6.7500000e+01   1.2385908e-02   2.0432755e-02
   6.7600000e+01   2.0706177e-02   1.4571440e-02
   6.7700000e+01   2.0622650e-02   1.4115189e-02
   6.7800000e+01   1.4270726e-02   1.6490683e-02
   6.7900000e+01   7.9606842e-03   1.7061215e-02
   6.8000000e+01   7.0898808e-03   1.3035179e-02
   6.8100000e+01   1.2347010e-02   6.0094884e-03
   6.8200000e+01   1.9611436e-02   5.4360511e-04
   6.8300000e+01   2.3045875e-02   2.8392932e-06
   6.8400000e+01   1.9347574e-02   3.8020334e-03
   6.8500000e+01   1.0618955e-02   8.3163665e-03
   6.8600000e+01   3.3797785e-03   9.7859795e-03
   6.8700000e+01   3.3687758e-03   6.5328939e-03
   6.8800000e+01   1.0026982e-02  -3.2714920e-04
   6.8900000e+01   1.6455799e-02  -7.5129030e-03
   6.9000000e+01   1.6026739e-02  -1.1748306e-02
   6.9100000e+01   9.2767853e-03  -1.2553222e-02
   6.9200000e+01   3.3764409e-03  -1.2685046e-02
   6.9300000e+01   4.2994489e-03  -1.4746251e-02
   6.9400000e+01   1.0245668e-02  -1.7534806e-02
   6.9500000e+01   1.3606402e-02  -1.7277525e-02
   6.9600000e+01   9.0962385e-03  -1.2922254e-02
   6.9700000e+01  -9.2236560e-04  -8.4333527e-03
   6.9800000e+01  -9.1336886e-03  -8.2169403e-03
   6.9900000e+01  -1.0373151e-02  -1.1392293e-02
   7.0000000e+01  -5.8322111e-03  -1.3141458e-02
   7.0100000e+01  -1.1946150e-03  -1.1950473e-02
   7.0200000e+01  -1.4975987e-03  -1.2630704e-02
   7.0300000e+01  -7.3598458e-03  -1.9861855e-02
   7.0400000e+01  -1.4957904e-02  -3.0209410e-02
   7.0500000e+01  -1.9057240e-02  -3.4028795e-02
   7.0600000e+01  -1.6615576e-02  -2.6427278e-02
   7.0700000e+01  -8.4467363e-03  -1.4002048e-02
   7.0800000e+01   1.8846246e-03  -8.2299778e-03
   7.0900000e+01   1.0502542e-02  -1.2642563e-02
   7.1000000e+01   1.4886352e-02  -1.8878155e-02
   7.1100000e+01   1.4211571e-02  -1.6328845e-02
   7.1200000e+01   9.3259853e-03  -4.2051265e-03
   7.1300000e+01   2.7195868e-03   7.5591325e-03
   7.1400000e+01  -2.4656374e-03   9.0416560e-03
   7.1500000e+01  -4.5973232e-03   5.2335668e-04
   7.1600000e+01  -4.8791984e-03  -8.4436193e-03
   7.1700000e+01  -5.7742477e-03  -9.1126825e-03
   7.1800000e+01  -7.6978079e-03  -1.6996552e-03
   7.1900000e+01  -7.8397361e-03   6.2736036e-03
   7.2000000e+01  -3.1073183e-03   8.6718612e-03
   7.2100000e+01   5.6293304e-03   6.9539640e-03
   7.2200000e+01   1.2866678e-02   7.7621149e-03
   7.2300000e+01   1.2802728e-02   1.5067079e-02
   7.2400000e+01   4.7855621e-03   2.5511157e-02
   7.2500000e+01  -5.4508003e-03   3.1739893e-02
   7.2600000e+01  -1.0168156e-02   2.9769380e-02
   7.2700000e+01  -5.8324573e-03   2.2469494e-02
   7.2800000e+01   4.0948225e-03   1.6140513e-02
   7.2900000e+01   1.1783642e-02   1.4715318e-02
   7.3000000e+01   1.0637424e-02   1.7570604e-02
   7.3100000e+01  -2.9759860e-04   2.1723724e-02
   7.3200000e+01  -1.5680270e-02   2.4711299e-02
   7.3300000e+01  -2.6919372e-02   2.5541043e-02
   7.3400000e+01  -2.7160901e-02   2.4419649e-02
   7.3500000e+01  -1.5699142e-02   2.2398027e-02
   7.3600000e+01   8.8397260e-04   2.0513077e-02
   7.3700000e+01   1.2344749e-02   1.8412639e-02
   7.3800000e+01   1.1609155e-02   1.4302318e-02
   7.3900000e+01   2.4429982e-04   7.2039699e-03
   7.4000000e+01  -1.1907525e-02  -9.5782232e-04
   7.4100000e+01  -1.3525959e-02  -6.6439402e-03
   7.4200000e+01  -7.0394891e-04  -8.3528833e-03
   7.4300000e+01   1.8695202e-02  -8.0117341e-03
   7.4400000e+01   2.9565599e-02  -8.0573542e-03
   7.4500000e+01   2.1105026e-02  -7.9121095e-03
   7.4600000e+01  -3.1024047e-03  -4.6519691e-03
   7.4700000e+01  -2.6035955e-02   2.5781023e-03
   7.4800000e+01  -3.0652882e-02   9.7014293e-03
   7.4900000e+01  -1.4943818e-02   1.0192688e-02
   7.5000000e+01   6.0367561e-03   8.7453950e-04
   7.5100000e+01   1.4365755e-02  -1.4554171e-02
   7.5200000e+01   6.0183777e-03  -2.7771137e-02
   7.5300000e+01  -6.9421115e-03  -3.2075275e-02
   7.5400000e+01  -1.0453108e-02  -2.7180737e-02
   7.5500000e+01  -2.8411935e-03  -1.8418371e-02
   7.5600000e+01   5.8483996e-03  -1.1554459e-02
   7.5700000e+01   6.8993674e-03  -8.6663410e-03
   7.5800000e+01   2.0557458e-03  -8.7658667e-03
   7.5900000e+01  -9.1749912e-04  -1.0905267e-02
   7.6000000e+01   1.3386720e-03  -1.4902618e-02
   7.6100000e+01   4.8487077e-03  -1.9211197e-02
   7.6200000e+01   4.9561826e-03  -2.0520718e-02
   7.6300000e+01   2.2827319e-03  -1.7435327e-02
   7.6400000e+01   3.1243500e-04  -1.3639367e-02
   7.6500000e+01  -6.1876235e-04  -1.4939577e-02
   7.6600000e+01  -3.5359842e-03  -2.2389106e-02
   7.6700000e+01  -8.8769648e-03  -2.9917224e-02
   7.6800000e+01  -1.1469836e-02  -3.0084796e-02
   7.6900000e+01  -6.0005111e-03  -2.1529623e-02
   7.7000000e+01   5.2901773e-03  -9.7634283e-03
   7.7100000e+01   1.2993193e-02  -1.3787584e-03
   7.7200000e+01   9.8045882e-03   1.2184616e-03
   7.7300000e+01  -1.6027785e-03   5.6176714e-05
   7.7400000e+01  -1.1094088e-02  -1.1066898e-03
   7.7500000e+01  -1.1026024e-02   8.8265724e-04
   7.7600000e+01  -2.7604028e-03   6.8514693e-03
   7.7700000e+01   6.1924152e-03   1.4117987e-02
   7.7800000e+01   9.6254030e-03   1.7988456e-02
   7.7900000e+01   6.4605100e-03   1.6348195e-02
   7.8000000e+01  -9.0014550e-04   1.2464294e-02
   7.8100000e+01  -9.0481626e-03   1.1313865e-02
   7.8200000e+01  -1.3749146e-02   1.3070112e-02
   7.8300000e+01  -1.0399194e-02   1.2670528e-02
   7.8400000e+01   2.2757177e-03   7.1889096e-03
   7.8500000e+01   1.8309068e-02   1.4800718e-03
   7.8600000e+01   2.6665232e-02   3.5984795e-03
   7.8700000e+01   1.9988611e-02   1.4920882e-02
   7.8800000e+01   1.8958455e-03   2.7596599e-02
   7.8900000e+01  -1.5199458e-02   3.2781591e-02
   7.9000000e+01  -2.0172435e-02   2.9330402e-02
   7.9100000e+01  -1.1615646e-02   2.2827555e-02
   7.9200000e+01   2.4853707e-03   1.7909137e-02
   7.9300000e+01   1.1978816e-02   1.4361928e-02
   7.9400000e+01   1.1714766e-02   1.0386747e-02
   7.9500000e+01   3.8666999e-03   6.4596792e-03
   7.9600000e+01  -4.8489661e-03   4.3244749e-03
   7.9700000e+01  -8.5818272e-03   4.0550211e-03
   7.9800000e+01  -6.5023963e-03   4.2428979e-03
   7.9900000e+01  -2.0162904e-03   4.2082871e-03
   8.0000000e+01   2.1048561e-03   4.1880826e-03
