   1.0221618e+02   2.8602761e+01   2.5212700e+03
   1.0221893e+02   2.8152249e+01   1.8743800e+03
   0.0000000e+00  -7.9656628e-01  -7.9656628e-01
   1.0000000e-01  -8.6151086e-01  -6.9731666e-01
   2.0000000e-01  -8.8961896e-01  -5.6988570e-01
   3.0000000e-01  -8.8279969e-01  -4.3047294e-01
   4.0000000e-01  -8.5500360e-01  -3.0539555e-01
   5.0000000e-01  -8.3147822e-01  -2.1600927e-01
   6.0000000e-01  -8.3082064e-01  -1.5957008e-01
   7.0000000e-01  -8.4388179e-01  -1.0791987e-01
   8.0000000e-01  -8.3515439e-01  -3.1791936e-02
   9.0000000e-01  -7.7291087e-01   6.9124089e-02
   1.0000000e+00  -6.6091142e-01   1.6145843e-01
   1.1000000e+00  -5.3649655e-01   2.0784811e-01
   1.2000000e+00  -4.3288727e-01   2.0383987e-01
   1.3000000e+00  -3.4426900e-01   1.8381227e-01
   1.4000000e+00  -2.3247438e-01   1.8824921e-01
   1.5000000e+00  -6.9326746e-02   2.2611447e-01
   1.6000000e+00   1.3103750e-01   2.7142344e-01
   1.7000000e+00   3.2355909e-01   2.9471286e-01
   1.8000000e+00   4.7195988e-01   2.9220488e-01
   1.9000000e+00   5.7379336e-01   2.8231734e-01
   2.0000000e+00   6.5098043e-01   2.8028070e-01
   2.1000000e+00   7.2534177e-01   2.8492069e-01
   2.2000000e+00   8.0572587e-01   2.9010876e-01
   2.3000000e+00   8.8887774e-01   2.9878568e-01
   2.4000000e+00   9.6110969e-01   3.1679626e-01
   2.5000000e+00   1.0000000e+00   3.3609095e-01
   2.6000000e+00   9.8683418e-01   3.3554898e-01
   2.7000000e+00   9.2617222e-01   3.0494519e-01
   2.8000000e+00   8.4923106e-01   2.6337517e-01
   2.9000000e+00   7.8860247e-01   2.4547345e-01
   3.0000000e+00   7.4655294e-01   2.6733692e-01
   3.1000000e+00   6.9224482e-01   3.1028154e-01
   3.2000000e+00   5.9343587e-01   3.4043934e-01
   3.3000000e+00   4.5021361e-01   3.4097736e-01
   3.4000000e+00   2.9728951e-01   3.2208829e-01
   3.5000000e+00   1.7552654e-01   3.0303221e-01
   3.6000000e+00   1.0147542e-01   2.9138142e-01
   3.7000000e+00   5.9440887e-02   2.8133325e-01
   3.8000000e+00   1.7354407e-02   2.6608233e-01
   3.9000000e+00  -4.8817132e-02   2.4539495e-01
   4.0000000e+00  -1.3922164e-01   2.2170110e-01
   4.1000000e+00  -2.3269832e-01   1.9438447e-01
   4.2000000e+00  -3.0530524e-01   1.6094534e-01
   4.3000000e+00  -3.4944366e-01   1.2156754e-01
   4.4000000e+00  -3.7645721e-01   7.9533197e-02
   4.5000000e+00  -4.0118535e-01   3.7267699e-02
   4.6000000e+00  -4.2570620e-01  -6.4483195e-03
   4.7000000e+00  -4.3943567e-01  -5.5493286e-02
   4.8000000e+00  -4.3320527e-01  -1.1357349e-01
   4.9000000e+00  -4.0974536e-01  -1.8109398e-01
   5.0000000e+00  -3.7978739e-01  -2.5208828e-01
   5.1000000e+00  -3.5089054e-01  -3.1399658e-01
   5.2000000e+00  -3.2227244e-01  -3.5383674e-01
   5.3000000e+00  -2.8893016e-01  -3.6786496e-01
   5.4000000e+00  -2.4818135e-01  -3.6523330e-01
   5.5000000e+00  -2.0300938e-01  -3.6060772e-01
   5.6000000e+00  -1.6255889e-01  -3.6281533e-01
   5.7000000e+00  -1.4022623e-01  -3.7065782e-01
   5.8000000e+00  -1.4680257e-01  -3.7769366e-01
   5.9000000e+00  -1.7983856e-01  -3.7827731e-01
   6.0000000e+00  -2.1908993e-01  -3.6949845e-01
   6.1000000e+00  -2.3764525e-01  -3.5142422e-01
   6.2000000e+00  -2.2334434e-01  -3.2821810e-01
   6.3000000e+00  -1.9032672e-01  -3.0699898e-01
   6.4000000e+00  -1.6611236e-01  -2.9197882e-01
   6.5000000e+00  -1.6429303e-01  -2.7927186e-01
   6.6000000e+00  -1.7083636e-01  -2.5959599e-01
   6.7000000e+00  -1.6034073e-01  -2.2674161e-01
   6.8000000e+00  -1.2615606e-01  -1.8221631e-01
   6.9000000e+00  -9.0319213e-02  -1.3225612e-01
   7.0000000e+00  -7.9253622e-02  -8.3566426e-02
   7.1000000e+00  -9.0588815e-02  -4.3142811e-02
   7.2000000e+00  -9.0391962e-02  -1.7948603e-02
   7.3000000e+00  -4.8251956e-02  -8.9727031e-03
   7.4000000e+00   2.6991825e-02  -4.9118578e-03
   7.5000000e+00   9.2685401e-02   1.3444835e-02
   7.6000000e+00   1.1581867e-01   5.7853142e-02
   7.7000000e+00   1.0715536e-01   1.2074402e-01
   7.8000000e+00   1.0805791e-01   1.7988949e-01
   7.9000000e+00   1.4536868e-01   2.1576914e-01
   8.0000000e+00   2.0465148e-01   2.2565682e-01
   8.1000000e+00   2.4890382e-01   2.2352843e-01
   8.2000000e+00   2.5835780e-01   2.2845547e-01
   8.3000000e+00   2.4731343e-01   2.5145861e-01
   8.4000000e+00   2.4396886e-01   2.8891586e-01
   8.5000000e+00   2.5951027e-01   3.2557043e-01
   8.6000000e+00   2.7934521e-01   3.4511013e-01
   8.7000000e+00   2.8186750e-01   3.4122484e-01
   8.8000000e+00   2.6221806e-01   3.2068219e-01
   8.9000000e+00   2.3644331e-01   2.9647411e-01
   9.0000000e+00   2.2266770e-01   2.7846461e-01
   9.1000000e+00   2.1904407e-01   2.6997085e-01
   9.2000000e+00   2.0262195e-01   2.6970457e-01
   9.3000000e+00   1.5338482e-01   2.7214493e-01
   9.4000000e+00   8.0283638e-02   2.6527275e-01
   9.5000000e+00   1.9986642e-02   2.3357800e-01
   9.6000000e+00   5.6880292e-03   1.7031887e-01
   9.7000000e+00   3.6879172e-02   8.8244459e-02
   9.8000000e+00   8.2058507e-02   1.3482143e-02
   9.9000000e+00   1.1034357e-01  -3.5939651e-02
   1.0000000e+01   1.1620181e-01  -6.5716811e-02
   1.0100000e+01   1.1245898e-01  -9.7501272e-02
   1.0200000e+01   1.0625923e-01  -1.4572354e-01
   1.0300000e+01   9.0926738e-02  -2.0400515e-01
   1.0400000e+01   6.2084403e-02  -2.5392454e-01
   1.0500000e+01   3.2705629e-02  -2.8329416e-01
   1.0600000e+01   2.3234180e-02  -2.9358040e-01
   1.0700000e+01   3.6844676e-02  -2.9298186e-01
   1.0800000e+01   5.1550871e-02  -2.8842861e-01
   1.0900000e+01   4.1804855e-02  -2.8577106e-01
   1.1000000e+01   6.1164305e-03  -2.9223764e-01
   1.1100000e+01  -3.1181723e-02  -3.1197681e-01
   1.1200000e+01  -4.6444722e-02  -3.3780518e-01
   1.1300000e+01  -4.2041647e-02  -3.5105958e-01
   1.1400000e+01  -4.3507411e-02  -3.3326735e-01
   1.1500000e+01  -7.3479414e-02  -2.7906471e-01
   1.1600000e+01  -1.3092972e-01  -1.9848396e-01
   1.1700000e+01  -1.9458055e-01  -1.0928234e-01
   1.1800000e+01  -2.4178264e-01  -2.9072926e-02
   1.1900000e+01  -2.6173573e-01   2.8125442e-02
   1.2000000e+01  -2.5527338e-01   5.5572337e-02
   1.2100000e+01  -2.3096610e-01   6.0429341e-02
   1.2200000e+01  -2.0586786e-01   6.5298428e-02
   1.2300000e+01  -2.0407074e-01   9.5040368e-02
   1.2400000e+01  -2.4252740e-01   1.5459895e-01
   1.2500000e+01  -3.1099653e-01   2.1936171e-01
   1.2600000e+01  -3.6951428e-01   2.5314718e-01
   1.2700000e+01  -3.7565427e-01   2.4142638e-01
   1.2800000e+01  -3.2107980e-01   2.0753742e-01
   1.2900000e+01  -2.4031235e-01   1.9259329e-01
   1.3000000e+01  -1.7921218e-01   2.1603314e-01
   1.3100000e+01  -1.5347672e-01   2.5570267e-01
   1.3200000e+01  -1.3979925e-01   2.6846051e-01
   1.3300000e+01  -1.0746378e-01   2.3133351e-01
   1.3400000e+01  -5.4340285e-02   1.6233391e-01
   1.3500000e+01  -8.1616102e-03   1.0173748e-01
   1.3600000e+01   6.0091744e-03   7.5101347e-02
   1.3700000e+01  -5.2405884e-03   7.4973511e-02
   1.3800000e+01  -8.8741896e-03   7.4916559e-02
   1.3900000e+01   2.2957183e-02   5.6342449e-02
   1.4000000e+01   8.8345630e-02   2.1430098e-02
   1.4100000e+01   1.6014914e-01  -1.4406580e-02
   1.4200000e+01   2.1057622e-01  -3.7268485e-02
   1.4300000e+01   2.3011401e-01  -4.3246338e-02
   1.4400000e+01   2.2600714e-01  -3.7989267e-02
   1.4500000e+01   2.0822102e-01  -3.0807212e-02
   1.4600000e+01   1.8107942e-01  -2.7042055e-02
   1.4700000e+01   1.4798397e-01  -2.3893066e-02
   1.4800000e+01   1.1874051e-01  -1.4932431e-02
   1.4900000e+01   1.0545796e-01  -4.7277769e-04
   1.5000000e+01   1.0874209e-01   8.3710924e-03
   1.5100000e+01   1.1169403e-01  -5.3280545e-04
   1.5200000e+01   9.3217660e-02  -2.5984260e-02
   1.5300000e+01   4.9045747e-02  -5.1115673e-02
   1.5400000e+01  -2.5906716e-03  -5.6023668e-02
   1.5500000e+01  -3.7296105e-02  -3.1624914e-02
   1.5600000e+01  -4.4669277e-02   1.6672586e-02
   1.5700000e+01  -3.1869076e-02   7.2021080e-02
   1.5800000e+01  -1.1657863e-02   1.0910081e-01
   1.5900000e+01   8.0693589e-03   1.0113575e-01
   1.6000000e+01   2.4385330e-02   3.7059752e-02
   1.6100000e+01   3.6386427e-02  -6.1979531e-02
   1.6200000e+01   4.6863056e-02  -1.4884328e-01
   1.6300000e+01   6.3867512e-02  -1.8301855e-01
   1.6400000e+01   9.4585881e-02  -1.6233751e-01
   1.6500000e+01   1.3593976e-01  -1.2271016e-01
   1.6600000e+01   1.7413990e-01  -1.0608150e-01
   1.6700000e+01   1.9583722e-01  -1.2729427e-01
   1.6800000e+01   1.9953104e-01  -1.6746693e-01
   1.6900000e+01   1.9631603e-01  -1.9403010e-01
   1.7000000e+01   2.0122638e-01  -1.8748373e-01
   1.7100000e+01   2.2333679e-01  -1.5566032e-01
   1.7200000e+01   2.5957630e-01  -1.2751789e-01
   1.7300000e+01   2.9414489e-01  -1.3038868e-01
   1.7400000e+01   3.0627014e-01  -1.6597915e-01
   1.7500000e+01   2.8489792e-01  -2.0529399e-01
   1.7600000e+01   2.3852344e-01  -2.1028486e-01
   1.7700000e+01   1.8757656e-01  -1.6541517e-01
   1.7800000e+01   1.4453948e-01  -9.0513320e-02
   1.7900000e+01   1.0393438e-01  -2.3296800e-02
   1.8000000e+01   5.4620291e-02   1.1046613e-02
   1.8100000e+01  -1.7986768e-03   1.6016324e-02
   1.8200000e+01  -5.2411549e-02   1.5601694e-02
   1.8300000e+01  -9.4130786e-02   3.3666297e-02
   1.8400000e+01  -1.4478297e-01   7.8167916e-02
   1.8500000e+01  -2.2334700e-01   1.3796456e-01
   1.8600000e+01  -3.1891459e-01   1.9050795e-01
   1.8700000e+01  -3.8828305e-01   2.1543408e-01
   1.8800000e+01  -3.9261768e-01   2.0740563e-01
   1.8900000e+01  -3.3732170e-01   1.7998003e-01
   1.9000000e+01  -2.7203998e-01   1.5594967e-01
   1.9100000e+01  -2.4906863e-01   1.4990211e-01
   1.9200000e+01  -2.8091312e-01   1.5712042e-01
   1.9300000e+01  -3.3547652e-01   1.5946611e-01
   1.9400000e+01  -3.6763211e-01   1.4432139e-01
   1.9500000e+01  -3.5412864e-01   1.1944374e-01
   1.9600000e+01  -3.0378570e-01   1.0792041e-01
   1.9700000e+01  -2.4295519e-01   1.2474586e-01
   1.9800000e+01  -1.9524202e-01   1.5585927e-01
   1.9900000e+01  -1.7087151e-01   1.6248885e-01
   2.0000000e+01  -1.6690960e-01   1.1238669e-01
   2.0100000e+01  -1.7188307e-01   1.2297849e-02
   2.0200000e+01  -1.7082013e-01  -8.9858098e-02
   2.0300000e+01  -1.5102945e-01  -1.3956381e-01
   2.0400000e+01  -1.0817308e-01  -1.1905670e-01
   2.0500000e+01  -4.8677127e-02  -6.1055655e-02
   2.0600000e+01   1.4781332e-02  -1.9786382e-02
   2.0700000e+01   7.1497871e-02  -2.4576751e-02
   2.0800000e+01   1.1658551e-01  -5.7149682e-02
   2.0900000e+01   1.4702149e-01  -7.2469404e-02
   2.1000000e+01   1.5720126e-01  -4.3783458e-02
   2.1100000e+01   1.4394330e-01   9.6144299e-03
   2.1200000e+01   1.1824961e-01   3.8323739e-02
   2.1300000e+01   1.0693597e-01   9.0628731e-03
   2.1400000e+01   1.3314641e-01  -6.1482292e-02
   2.1500000e+01   1.9029424e-01  -1.1824354e-01
   2.1600000e+01   2.3955001e-01  -1.1571342e-01
   2.1700000e+01   2.4163849e-01  -5.7676760e-02
   2.1800000e+01   1.9526391e-01   8.5991898e-03
   2.1900000e+01   1.4146842e-01   3.6564434e-02
   2.2000000e+01   1.2576365e-01   1.9155292e-02
   2.2100000e+01   1.5486512e-01  -1.2772455e-02
   2.2200000e+01   1.9174037e-01  -2.4312486e-02
   2.2300000e+01   1.9286783e-01  -5.3833144e-03
   2.2400000e+01   1.4885373e-01   2.9598688e-02
   2.2500000e+01   8.9107820e-02   6.1245809e-02
   2.2600000e+01   5.0103680e-02   7.9432295e-02
   2.2700000e+01   4.1558259e-02   8.3033021e-02
   2.2800000e+01   4.2229428e-02   7.4464722e-02
   2.2900000e+01   2.5261585e-02   5.7592486e-02
   2.3000000e+01  -1.3827580e-02   3.6732020e-02
   2.3100000e+01  -5.2501491e-02   1.3479182e-02
   2.3200000e+01  -6.2750488e-02  -1.4235515e-02
   2.3300000e+01  -3.8505802e-02  -4.6717175e-02
   2.3400000e+01  -3.7374598e-03  -7.6694935e-02
   2.3500000e+01   7.3080322e-03  -9.2419307e-02
   2.3600000e+01  -1.8983700e-02  -8.7860274e-02
   2.3700000e+01  -6.2449910e-02  -6.8150043e-02
   2.3800000e+01  -8.7813731e-02  -4.4414142e-02
   2.3900000e+01  -7.7956500e-02  -2.5260934e-02
   2.4000000e+01  -4.8293944e-02  -1.3706274e-02
   2.4100000e+01  -2.7776824e-02  -8.5540296e-03
   2.4200000e+01  -2.8252655e-02  -5.2127533e-03
   2.4300000e+01  -3.6150987e-02   2.6119988e-03
   2.4400000e+01  -3.3226763e-02   1.6599233e-02
   2.4500000e+01  -1.8925912e-02   2.8351756e-02
   2.4600000e+01  -7.7243262e-03   2.5386955e-02
   2.4700000e+01  -8.1128185e-03   6.0812384e-03
   2.4800000e+01  -1.1935772e-02  -1.4959094e-02
   2.4900000e+01  -6.2921438e-03  -2.1810309e-02
   2.5000000e+01   1.0297699e-02  -1.5930882e-02
   2.5100000e+01   2.9123873e-02  -1.2745535e-02
   2.5200000e+01   4.5838142e-02  -1.7471791e-02
   2.5300000e+01   6.6374993e-02  -1.2658129e-02
   2.5400000e+01   9.5725850e-02   2.0509881e-02
   2.5500000e+01   1.2546429e-01   6.9973149e-02
   2.5600000e+01   1.3800350e-01   9.3743240e-02
   2.5700000e+01   1.2394271e-01   6.1739496e-02
   2.5800000e+01   9.2555871e-02  -6.8638071e-03
   2.5900000e+01   6.3890736e-02  -5.7319421e-02
   2.6000000e+01   5.1630626e-02  -5.3063101e-02
   2.6100000e+01   5.4227467e-02  -1.0955805e-02
   2.6200000e+01   6.0941045e-02   1.9630690e-02
   2.6300000e+01   6.3868356e-02   7.6672549e-03
   2.6400000e+01   6.3148128e-02  -3.4732737e-02
   2.6500000e+01   6.1891633e-02  -7.3814142e-02
   2.6600000e+01   5.8488824e-02  -8.9928490e-02
   2.6700000e+01   4.5483434e-02  -8.8382136e-02
   2.6800000e+01   1.6071395e-02  -8.3054632e-02
   2.6900000e+01  -2.8731358e-02  -7.9184449e-02
   2.7000000e+01  -7.8891123e-02  -7.2402269e-02
   2.7100000e+01  -1.2048654e-01  -5.7011526e-02
   2.7200000e+01  -1.4331599e-01  -3.1358214e-02
   2.7300000e+01  -1.4717993e-01   1.8099529e-04
   2.7400000e+01  -1.4309048e-01   2.5076753e-02
   2.7500000e+01  -1.4570851e-01   2.5226483e-02
   2.7600000e+01  -1.5936065e-01  -9.8565091e-03
   2.7700000e+01  -1.7035006e-01  -6.7740258e-02
   2.7800000e+01  -1.5801111e-01  -1.1424210e-01
   2.7900000e+01  -1.1799574e-01  -1.1651923e-01
   2.8000000e+01  -7.2385194e-02  -6.9323145e-02
   2.8100000e+01  -5.0418832e-02   3.4326080e-04
   2.8200000e+01  -5.7410043e-02   5.4561276e-02
   2.8300000e+01  -6.7686944e-02   7.2240173e-02
   2.8400000e+01  -5.2600718e-02   6.0546797e-02
   2.8500000e+01  -1.3099908e-02   4.4149508e-02
   2.8600000e+01   2.0375466e-02   4.3970876e-02
   2.8700000e+01   1.9885829e-02   6.1902867e-02
   2.8800000e+01  -1.3068455e-02   8.1188615e-02
   2.8900000e+01  -5.3355272e-02   8.1044248e-02
   2.9000000e+01  -7.8760150e-02   5.4369058e-02
   2.9100000e+01  -8.5665883e-02   1.4775057e-02
   2.9200000e+01  -8.2127773e-02  -1.2595858e-02
   2.9300000e+01  -7.4397571e-02  -8.4561418e-03
   2.9400000e+01  -6.4042388e-02   2.8858023e-02
   2.9500000e+01  -5.3453883e-02   8.3652977e-02
   2.9600000e+01  -4.7803991e-02   1.3115584e-01
   2.9700000e+01  -5.0702322e-02   1.4826359e-01
   2.9800000e+01  -6.0589729e-02   1.2533257e-01
   2.9900000e+01  -7.1646595e-02   7.5437132e-02
   3.0000000e+01  -7.5914280e-02   3.0704357e-02
   3.0100000e+01  -6.4853823e-02   2.0102813e-02
   3.0200000e+01  -3.3512719e-02   4.3441403e-02
   3.0300000e+01   1.2903089e-02   6.8949758e-02
   3.0400000e+01   5.8179563e-02   6.3090731e-02
   3.0500000e+01   8.5810055e-02   2.5161233e-02
   3.0600000e+01   9.3457055e-02  -1.1228327e-02
   3.0700000e+01   9.5838426e-02  -1.3877901e-02
   3.0800000e+01   1.1140003e-01   1.3431361e-02
   3.0900000e+01   1.4540916e-01   3.6012695e-02
   3.1000000e+01   1.8547641e-01   2.6796523e-02
   3.1100000e+01   2.1209128e-01  -5.5085609e-03
   3.1200000e+01   2.1307978e-01  -2.8988395e-02
   3.1300000e+01   1.9050649e-01  -2.4942538e-02
   3.1400000e+01   1.5761113e-01  -6.2435119e-03
   3.1500000e+01   1.3031819e-01   4.1529819e-04
   3.1600000e+01   1.1872043e-01  -1.4748931e-02
   3.1700000e+01   1.2251452e-01  -3.5050358e-02
   3.1800000e+01   1.3261353e-01  -3.6367029e-02
   3.1900000e+01   1.3749736e-01  -1.2197918e-02
   3.2000000e+01   1.2899153e-01   1.9934765e-02
   3.2100000e+01   1.0347413e-01   3.4064852e-02
   3.2200000e+01   6.0899229e-02   1.7587243e-02
   3.2300000e+01   6.7654921e-03  -1.8191097e-02
   3.2400000e+01  -4.4365818e-02  -4.5473926e-02
   3.2500000e+01  -7.2554168e-02  -3.9796699e-02
   3.2600000e+01  -6.7037409e-02   1.1449493e-03
   3.2700000e+01  -4.0160142e-02   5.3432680e-02
   3.2800000e+01  -2.3453004e-02   8.2316351e-02
   3.2900000e+01  -4.4219684e-02   6.7009871e-02
   3.3000000e+01  -1.0255624e-01   1.5944391e-02
   3.3100000e+01  -1.7027136e-01  -4.0040803e-02
   3.3200000e+01  -2.1169788e-01  -7.1224674e-02
   3.3300000e+01  -2.0674573e-01  -7.0006930e-02
   3.3400000e+01  -1.5940104e-01  -5.2684143e-02
   3.3500000e+01  -9.1735394e-02  -4.2000916e-02
   3.3600000e+01  -3.2311263e-02  -4.6679966e-02
   3.3700000e+01  -3.9040689e-03  -5.5945578e-02
   3.3800000e+01  -1.2385920e-02  -5.3141873e-02
   3.3900000e+01  -4.2697774e-02  -3.5145776e-02
   3.4000000e+01  -6.8125761e-02  -1.8887978e-02
   3.4100000e+01  -6.8230037e-02  -2.8076300e-02
   3.4200000e+01  -4.0779496e-02  -7.1672973e-02
   3.4300000e+01   1.2883928e-03  -1.3365823e-01
   3.4400000e+01   4.1541781e-02  -1.8348677e-01
   3.4500000e+01   6.8350528e-02  -1.9809411e-01
   3.4600000e+01   7.6576237e-02  -1.7697480e-01
   3.4700000e+01   6.7636819e-02  -1.3960104e-01
   3.4800000e+01   4.9854873e-02  -1.0997627e-01
   3.4900000e+01   3.5233142e-02  -1.0116034e-01
   3.5000000e+01   3.1946104e-02  -1.0867152e-01
   3.5100000e+01   3.9120557e-02  -1.1425298e-01
   3.5200000e+01   4.9290073e-02  -9.8111046e-02
   3.5300000e+01   5.5000159e-02  -5.5267904e-02
   3.5400000e+01   5.2462101e-02  -5.5090261e-03
   3.5500000e+01   4.1244054e-02   1.6211455e-02
   3.5600000e+01   2.3987930e-02  -1.0915536e-02
   3.5700000e+01   6.4741996e-03  -6.7369342e-02
   3.5800000e+01  -5.8152808e-03  -9.9811873e-02
   3.5900000e+01  -1.3583023e-02  -6.3319819e-02
   3.6000000e+01  -2.3892468e-02   3.6159812e-02
   3.6100000e+01  -4.1053349e-02   1.4195635e-01
   3.6200000e+01  -5.7979621e-02   1.9372651e-01
   3.6300000e+01  -6.0748772e-02   1.7839172e-01
   3.6400000e+01  -4.3990444e-02   1.3666416e-01
   3.6500000e+01  -1.9578984e-02   1.2068925e-01
   3.6600000e+01  -6.8385756e-03   1.4566526e-01
   3.6700000e+01  -1.3725866e-02   1.8109875e-01
   3.6800000e+01  -2.9252429e-02   1.8575977e-01
   3.6900000e+01  -3.4596026e-02   1.4879261e-01
   3.7000000e+01  -1.9951320e-02   9.7851285e-02
   3.7100000e+01   9.7926771e-03   7.0720274e-02
   3.7200000e+01   4.2575863e-02   8.1538349e-02
   3.7300000e+01   6.8075764e-02   1.1336113e-01
   3.7400000e+01   7.9212607e-02   1.3875174e-01
   3.7500000e+01   7.0357676e-02   1.4295335e-01
   3.7600000e+01   4.0439482e-02   1.2745260e-01
   3.7700000e+01  -7.5521241e-04   9.7917468e-02
   3.7800000e+01  -3.3719292e-02   5.7173740e-02
   3.7900000e+01  -4.1919234e-02   1.2303591e-02
   3.8000000e+01  -2.5083278e-02  -1.7860347e-02
   3.8100000e+01   1.1079643e-03  -1.1822987e-02
   3.8200000e+01   1.8496553e-02   3.3347882e-02
   3.8300000e+01   1.8482675e-02   9.2014108e-02
   3.8400000e+01   2.6251847e-03   1.2608794e-01
   3.8500000e+01  -2.2556921e-02   1.1492478e-01
   3.8600000e+01  -4.7266536e-02   7.1322462e-02
   3.8700000e+01  -5.9244861e-02   2.8987690e-02
   3.8800000e+01  -5.2062371e-02   1.3607849e-02
   3.8900000e+01  -3.5761752e-02   2.3510473e-02
   3.9000000e+01  -3.2332745e-02   3.5483721e-02
   3.9100000e+01  -5.2519136e-02   2.8138466e-02
   3.9200000e+01  -7.8497392e-02   2.7652268e-04
   3.9300000e+01  -7.8555002e-02  -3.2046578e-02
   3.9400000e+01  -4.3721829e-02  -5.4488765e-02
   3.9500000e+01  -4.5604476e-03  -6.8101454e-02
   3.9600000e+01  -3.5942480e-03  -8.3151843e-02
   3.9700000e+01  -4.9781000e-02  -1.0181122e-01
   3.9800000e+01  -1.0482676e-01  -1.1197463e-01
   3.9900000e+01  -1.1710614e-01  -1.0132062e-01
   4.0000000e+01  -6.7701257e-02  -7.5636659e-02
   4.0100000e+01   1.6264648e-02  -5.8894069e-02
   4.0200000e+01   8.7662462e-02  -7.2971943e-02
   4.0300000e+01   1.1433309e-01  -1.1772152e-01
   4.0400000e+01   9.4339669e-02  -1.7073708e-01
   4.0500000e+01   4.9379927e-02  -2.0468439e-01
   4.0600000e+01   9.4395009e-03  -2.0476085e-01
   4.0700000e+01  -3.0472005e-03  -1.7414344e-01
   4.0800000e+01   1.3828678e-02  -1.2906430e-01
   4.0900000e+01   3.9579580e-02  -9.0085881e-02
   4.1000000e+01   4.8091985e-02  -7.2429327e-02
   4.1100000e+01   3.3113834e-02  -7.7413560e-02
   4.1200000e+01   1.6750581e-02  -9.1030649e-02
   4.1300000e+01   2.7426826e-02  -9.4066383e-02
   4.1400000e+01   6.7250167e-02  -7.7224220e-02
   4.1500000e+01   1.0475695e-01  -4.7098681e-02
   4.1600000e+01   1.0421848e-01  -1.7237518e-02
   4.1700000e+01   6.2117219e-02   4.7861134e-03
   4.1800000e+01   1.1718763e-02   1.9536759e-02
   4.1900000e+01  -9.6316588e-03   2.7489020e-02
   4.2000000e+01   3.7970857e-03   2.5023111e-02
   4.2100000e+01   2.3579897e-02   1.2199458e-02
   4.2200000e+01   1.7803897e-02   2.5842837e-04
   4.2300000e+01  -1.8009830e-02   3.3698060e-03
   4.2400000e+01  -5.8927706e-02   2.0463334e-02
   4.2500000e+01  -7.5164044e-02   3.1173639e-02
   4.2600000e+01  -5.7295867e-02   1.6455221e-02
   4.2700000e+01  -2.1584872e-02  -1.7611970e-02
   4.2800000e+01   3.7631749e-03  -4.2568698e-02
   4.2900000e+01  -2.2689666e-03  -3.6270455e-02
   4.3000000e+01  -3.9986009e-02  -4.7449875e-03
   4.3100000e+01  -8.5906175e-02   2.7547093e-02
   4.3200000e+01  -1.0368607e-01   4.5141604e-02
   4.3300000e+01  -6.8739728e-02   5.3159126e-02
   4.3400000e+01   7.3251594e-03   6.2722721e-02
   4.3500000e+01   7.6846970e-02   7.3201996e-02
   4.3600000e+01   9.0950625e-02   7.4488100e-02
   4.3700000e+01   4.3678766e-02   6.3284195e-02
   4.3800000e+01  -1.8875152e-02   5.0092210e-02
   4.3900000e+01  -3.9841862e-02   4.8703466e-02
   4.4000000e+01  -4.8157431e-03   6.3022135e-02
   4.4100000e+01   4.8752113e-02   8.6236859e-02
   4.4200000e+01   7.5748130e-02   1.0921094e-01
   4.4300000e+01   7.0689885e-02   1.2583456e-01
   4.4400000e+01   6.5274438e-02   1.3222984e-01
   4.4500000e+01   8.3388178e-02   1.2651321e-01
   4.4600000e+01   1.1043851e-01   1.1180625e-01
   4.4700000e+01   1.1299900e-01   9.6294552e-02
   4.4800000e+01   8.1743332e-02   8.6208541e-02
   4.4900000e+01   4.4512305e-02   7.8619305e-02
   4.5000000e+01   3.5788032e-02   6.4331530e-02
   4.5100000e+01   6.0441072e-02   4.0012617e-02
   4.5200000e+01   9.1371419e-02   1.6061703e-02
   4.5300000e+01   9.8108852e-02   9.1475831e-03
   4.5400000e+01   7.2591405e-02   2.5032377e-02
   4.5500000e+01   3.0066317e-02   4.9937668e-02
   4.5600000e+01  -7.3154817e-03   6.1668765e-02
   4.5700000e+01  -2.5793846e-02   5.0577827e-02
   4.5800000e+01  -2.6069722e-02   2.8144322e-02
   4.5900000e+01  -2.1530347e-02   1.3016742e-02
   4.6000000e+01  -2.9919705e-02   9.3438672e-03
   4.6100000e+01  -6.0708111e-02   1.9820251e-03
   4.6200000e+01  -1.0689915e-01  -2.4992558e-02
   4.6300000e+01  -1.5020735e-01  -6.6589410e-02
   4.6400000e+01  -1.7579021e-01  -9.6714716e-02
   4.6500000e+01  -1.8136263e-01  -9.1185118e-02
   4.6600000e+01  -1.7235864e-01  -5.0935079e-02
   4.6700000e+01  -1.5249031e-01  -2.7200871e-03
   4.6800000e+01  -1.2356097e-01   2.2306149e-02
   4.6900000e+01  -9.3017517e-02   1.1657756e-02
   4.7000000e+01  -7.4412622e-02  -2.2661985e-02
   4.7100000e+01  -7.5006925e-02  -5.7037394e-02
   4.7200000e+01  -8.4803273e-02  -7.4773262e-02
   4.7300000e+01  -8.3563171e-02  -7.6273485e-02
   4.7400000e+01  -6.1079458e-02  -7.5651907e-02
   4.7500000e+01  -2.8260713e-02  -8.8096186e-02
   4.7600000e+01  -6.2089401e-03  -1.1713713e-01
   4.7700000e+01  -5.6304448e-03  -1.5020992e-01
   4.7800000e+01  -1.8337430e-02  -1.6581098e-01
   4.7900000e+01  -2.6783134e-02  -1.4854850e-01
   4.8000000e+01  -1.8574588e-02  -1.0264635e-01
   4.8100000e+01   7.4305872e-03  -5.3391497e-02
   4.8200000e+01   4.3665064e-02  -3.2178314e-02
   4.8300000e+01   7.8284636e-02  -5.3029959e-02
   4.8400000e+01   9.9426152e-02  -9.8591592e-02
   4.8500000e+01   1.0110444e-01  -1.3004624e-01
   4.8600000e+01   8.7816085e-02  -1.1617882e-01
   4.8700000e+01   7.0866349e-02  -5.7735263e-02
   4.8800000e+01   5.6841145e-02   1.4677227e-02
   4.8900000e+01   4.0408956e-02   6.6418803e-02
   4.9000000e+01   1.2139221e-02   8.3434067e-02
   4.9100000e+01  -2.5321361e-02   7.4850018e-02
   4.9200000e+01  -5.2421795e-02   5.7467980e-02
   4.9300000e+01  -4.8787632e-02   4.2329476e-02
   4.9400000e+01  -1.5162170e-02   3.4741605e-02
   4.9500000e+01   2.3681920e-02   3.9960490e-02
   4.9600000e+01   4.0793957e-02   6.1860099e-02
   4.9700000e+01   3.1848823e-02   9.4891925e-02
   4.9800000e+01   1.7286502e-02   1.2163101e-01
   4.9900000e+01   2.0649218e-02   1.2381489e-01
   5.0000000e+01   4.6330707e-02   9.9303430e-02
   5.0100000e+01   7.7773561e-02   6.8039703e-02
   5.0200000e+01   9.4282603e-02   5.7479347e-02
   5.0300000e+01   8.8137178e-02   7.7163784e-02
   5.0400000e+01   6.8090592e-02   1.0617045e-01
   5.0500000e+01   5.0228528e-02   1.0955684e-01
   5.0600000e+01   4.5928428e-02   7.2125333e-02
   5.0700000e+01   5.5487936e-02   1.5973658e-02
   5.0800000e+01   7.0632934e-02  -1.9611329e-02
   5.0900000e+01   8.3202522e-02  -1.7732679e-02
   5.1000000e+01   9.2203911e-02  -7.1868810e-04
   5.1100000e+01   1.0184694e-01  -5.1758806e-03
   5.1200000e+01   1.1222965e-01  -4.2949719e-02
   5.1300000e+01   1.1408512e-01  -9.0752094e-02
   5.1400000e+01   9.6183300e-02  -1.1657898e-01
   5.1500000e+01   5.8790609e-02  -1.0990559e-01
   5.1600000e+01   1.6938597e-02  -8.4044472e-02
   5.1700000e+01  -1.2653619e-02  -5.6035453e-02
   5.1800000e+01  -2.7490590e-02  -3.2703779e-02
   5.1900000e+01  -3.9638617e-02  -1.5954561e-02
   5.2000000e+01  -5.9727870e-02  -1.2729821e-02
   5.2100000e+01  -8.3607799e-02  -3.1831986e-02
   5.2200000e+01  -9.8093726e-02  -7.0287970e-02
   5.2300000e+01  -9.9420081e-02  -1.0689634e-01
   5.2400000e+01  -1.0174409e-01  -1.1354501e-01
   5.2500000e+01  -1.2309413e-01  -7.6827449e-02
   5.2600000e+01  -1.6193661e-01  -1.1910155e-02
   5.2700000e+01  -1.9032675e-01   4.4924808e-02
   5.2800000e+01  -1.7476958e-01   6.2343683e-02
   5.2900000e+01  -1.0818653e-01   3.8436945e-02
   5.3000000e+01  -2.3403729e-02   9.7585062e-04
   5.3100000e+01   2.6932876e-02  -1.8417504e-02
   5.3200000e+01   1.0090272e-02  -1.1102354e-02
   5.3300000e+01  -5.9460940e-02   7.9455225e-03
   5.3400000e+01  -1.2875055e-01   2.3605198e-02
   5.3500000e+01  -1.4559607e-01   3.8413318e-02
   5.3600000e+01  -9.7308964e-02   6.3369397e-02
   5.3700000e+01  -1.7519906e-02   9.5249515e-02
   5.3800000e+01   4.3261824e-02   1.1144490e-01
   5.3900000e+01   5.6952910e-02   9.1733675e-02
   5.4000000e+01   3.4061617e-02   4.3114041e-02
   5.4100000e+01   6.9947595e-03  -8.2143412e-04
   5.4200000e+01   5.9028715e-04  -6.9437157e-03
   5.4300000e+01   1.7356184e-02   2.9681868e-02
   5.4400000e+01   4.5342771e-02   8.1941761e-02
   5.4500000e+01   7.3323238e-02   1.1218348e-01
   5.4600000e+01   9.5382496e-02   1.0033749e-01
   5.4700000e+01   1.0444715e-01   5.7468301e-02
   5.4800000e+01   8.9168125e-02   1.6034404e-02
   5.4900000e+01   4.3466931e-02   4.8137154e-03
   5.5000000e+01  -2.0036691e-02   2.7401159e-02
   5.5100000e+01  -7.0399290e-02   6.1209549e-02
   5.5200000e+01  -7.8202014e-02   7.8200397e-02
   5.5300000e+01  -3.9555713e-02   6.9631980e-02
   5.5400000e+01   1.8370231e-02   5.2067320e-02
   5.5500000e+01   5.7606635e-02   4.8357914e-02
   5.5600000e+01   5.9121171e-02   6.1930526e-02
   5.5700000e+01   3.6582734e-02   7.0816751e-02
   5.5800000e+01   2.2522499e-02   4.8854782e-02
   5.5900000e+01   3.9089355e-02  -6.8770508e-03
   5.6000000e+01   7.8474602e-02  -7.0855402e-02
   5.6100000e+01   1.0964163e-01  -1.1165274e-01
   5.6200000e+01   1.0578613e-01  -1.1852126e-01
   5.6300000e+01   6.9187816e-02  -1.0524502e-01
   5.6400000e+01   3.1510755e-02  -9.0650878e-02
   5.6500000e+01   2.7946024e-02  -7.9955188e-02
   5.6600000e+01   6.6599303e-02  -6.6538072e-02
   5.6700000e+01   1.1996047e-01  -4.7723407e-02
   5.6800000e+01   1.4683448e-01  -3.3193310e-02
   5.6900000e+01   1.2607220e-01  -3.6696073e-02
   5.7000000e+01   7.2373308e-02  -6.2393829e-02
   5.7100000e+01   2.0353254e-02  -1.0078411e-01
   5.7200000e+01  -7.8541719e-03  -1.3537673e-01
   5.7300000e+01  -2.0720158e-02  -1.5108796e-01
   5.7400000e+01  -4.3782680e-02  -1.3936699e-01
   5.7500000e+01  -8.7897509e-02  -1.0195817e-01
   5.7600000e+01  -1.3189163e-01  -5.2809253e-02
   5.7700000e+01  -1.3954730e-01  -1.2603153e-02
   5.7800000e+01  -9.6635632e-02   4.3443988e-03
   5.7900000e+01  -3.1609097e-02  -1.8770633e-04
   5.8000000e+01   2.7328115e-03  -1.2771645e-02
   5.8100000e+01  -2.7921979e-02  -2.2590877e-02
   5.8200000e+01  -1.1027021e-01  -2.9811539e-02
   5.8300000e+01  -1.9323387e-01  -4.0154952e-02
   5.8400000e+01  -2.2673950e-01  -5.4286379e-02
   5.8500000e+01  -1.9618216e-01  -6.4535761e-02
   5.8600000e+01  -1.2686867e-01  -6.0445664e-02
   5.8700000e+01  -5.9641078e-02  -3.6016292e-02
   5.8800000e+01  -2.0343261e-02   5.5542177e-03
   5.8900000e+01  -6.8893297e-03   4.9856020e-02
   5.9000000e+01  -9.6981977e-04   7.5572844e-02
   5.9100000e+01   9.2328958e-03   6.8987214e-02
   5.9200000e+01   1.7575002e-02   3.9815844e-02
   5.9300000e+01   1.0507326e-02   1.8672113e-02
   5.9400000e+01  -1.2339496e-02   3.0477802e-02
   5.9500000e+01  -3.1392907e-02   6.8110071e-02
   5.9600000e+01  -2.4335473e-02   9.7447235e-02
   5.9700000e+01   9.6591440e-03   9.2199418e-02
   5.9800000e+01   4.5905917e-02   6.1026110e-02
   5.9900000e+01   5.7067129e-02   3.6963143e-02
   6.0000000e+01   3.9479561e-02   4.3029749e-02
   6.0100000e+01   1.4817581e-02   7.3496888e-02
   6.0200000e+01   6.2589204e-03   1.0715715e-01
   6.0300000e+01   1.6254963e-02   1.2996682e-01
   6.0400000e+01   2.9029681e-02   1.3958158e-01
   6.0500000e+01   3.1047990e-02   1.3426826e-01
   6.0600000e+01   2.3766044e-02   1.0906268e-01
   6.0700000e+01   1.6419380e-02   6.6889925e-02
   6.0800000e+01   1.2583097e-02   2.6633405e-02
   6.0900000e+01   9.1649340e-03   1.1163846e-02
   6.1000000e+01   6.6769428e-03   2.4777839e-02
   6.1100000e+01   1.3631074e-02   4.5936449e-02
   6.1200000e+01   3.6763831e-02   4.6041299e-02
   6.1300000e+01   6.9100143e-02   1.6306000e-02
   6.1400000e+01   9.2046028e-02  -2.4290242e-02
   6.1500000e+01   9.1002556e-02  -4.7304334e-02
   6.1600000e+01   6.8384331e-02  -4.0669935e-02
   6.1700000e+01   4.1603160e-02  -1.7793819e-02
   6.1800000e+01   2.9599879e-02  -3.8650812e-03
   6.1900000e+01   4.0711473e-02  -1.4629754e-02
   6.2000000e+01   6.9989013e-02  -4.6410171e-02
   6.2100000e+01   1.0446432e-01  -8.2141805e-02
   6.2200000e+01   1.3041482e-01  -1.0417170e-01
   6.2300000e+01   1.3853211e-01  -1.0348988e-01
   6.2400000e+01   1.2645463e-01  -8.2594436e-02
   6.2500000e+01   9.9581203e-02  -5.3608339e-02
   6.2600000e+01   6.9867121e-02  -3.2092853e-02
   6.2700000e+01   5.0998759e-02  -2.7433858e-02
   6.2800000e+01   5.0443846e-02  -3.5664060e-02
   6.2900000e+01   6.3601035e-02  -4.2595732e-02
   6.3000000e+01   7.6122302e-02  -3.7339212e-02
   6.3100000e+01   7.3647469e-02  -2.4688593e-02
   6.3200000e+01   5.0557862e-02  -2.3126562e-02
   6.3300000e+01   1.1039802e-02  -4.7819322e-02
   6.3400000e+01  -3.5158415e-02  -9.3325832e-02
   6.3500000e+01  -7.6206081e-02  -1.3292606e-01
   6.3600000e+01  -1.0101521e-01  -1.3721389e-01
   6.3700000e+01  -1.0554450e-01  -9.6965536e-02
   6.3800000e+01  -9.9206426e-02  -3.0880603e-02
   6.3900000e+01  -1.0040374e-01   2.8284262e-02
   6.4000000e+01  -1.1948233e-01   5.7406849e-02
   6.4100000e+01  -1.4614024e-01   5.7391538e-02
   6.4200000e+01  -1.5914080e-01   4.8046636e-02
   6.4300000e+01  -1.5117062e-01   4.9328109e-02
   6.4400000e+01  -1.4031121e-01   6.4745358e-02
   6.4500000e+01  -1.5208668e-01   8.0014970e-02
   6.4600000e+01  -1.9020406e-01   7.7595850e-02
   6.4700000e+01  -2.2828626e-01   5.4304412e-02
   6.4800000e+01  -2.3196839e-01   2.5499327e-02
   6.4900000e+01  -1.8893711e-01   1.1026740e-02
   6.5000000e+01  -1.1908995e-01   1.6756550e-02
   6.5100000e+01  -5.8420293e-02   3.1330279e-02
   6.5200000e+01  -3.2046948e-02   4.1136168e-02
   6.5300000e+01  -3.6789300e-02   4.4969954e-02
   6.5400000e+01  -4.5401536e-02   5.0609309e-02
   6.5500000e+01  -3.0518442e-02   5.9345655e-02
   6.5600000e+01   9.4547089e-03   6.0522535e-02
   6.5700000e+01   4.6914132e-02   4.4238405e-02
   6.5800000e+01   5.1903832e-02   1.5281377e-02
   6.5900000e+01   2.5268294e-02  -1.0288072e-02
   6.6000000e+01   1.8118680e-03  -2.1121768e-02
   6.6100000e+01   1.6010776e-02  -1.9196259e-02
   6.6200000e+01   6.5558616e-02  -1.3559420e-02
   6.6300000e+01   1.1357639e-01  -1.0928336e-02
   6.6400000e+01   1.2781044e-01  -1.3822169e-02
   6.6500000e+01   1.1287459e-01  -2.2238937e-02
   6.6600000e+01   1.0005996e-01  -3.1899788e-02
   6.6700000e+01   1.0848705e-01  -3.3039456e-02
   6.6800000e+01   1.2312936e-01  -1.6884330e-02
   6.6900000e+01   1.1384767e-01   1.4964323e-02
   6.7000000e+01   7.2465210e-02   5.0232236e-02
   6.7100000e+01   2.6218868e-02   7.5786697e-02
   6.7200000e+01   1.3347671e-02   8.5513926e-02
   6.7300000e+01   4.6664613e-02   7.8918770e-02
   6.7400000e+01   1.0150571e-01   5.7312261e-02
   6.7500000e+01   1.3851932e-01   2.5553716e-02
   6.7600000e+01   1.3817654e-01  -5.1580569e-03
   6.7700000e+01   1.1442346e-01  -2.2388965e-02
   6.7800000e+01   9.6127109e-02  -2.2527242e-02
   6.7900000e+01   9.6011727e-02  -1.3180532e-02
   6.8000000e+01   9.8646313e-02  -4.0543378e-03
   6.8100000e+01   7.9826204e-02   1.9869327e-03
   6.8200000e+01   3.7060232e-02   6.0954684e-03
   6.8300000e+01  -2.0745914e-03   3.6609016e-03
   6.8400000e+01  -4.8538917e-03  -1.7009508e-02
   6.8500000e+01   3.2790525e-02  -6.1966236e-02
   6.8600000e+01   7.8856445e-02  -1.1805676e-01
   6.8700000e+01   9.3012748e-02  -1.5650801e-01
   6.8800000e+01   6.2391341e-02  -1.5499188e-01
   6.8900000e+01   1.1013984e-02  -1.1835434e-01
   6.9000000e+01  -2.4173623e-02  -7.6219750e-02
   6.9100000e+01  -2.5792284e-02  -5.7698417e-02
   6.9200000e+01  -7.2812796e-03  -6.7493079e-02
   6.9300000e+01   3.8075221e-03  -8.6806081e-02
   6.9400000e+01  -8.3708214e-03  -9.5889295e-02
   6.9500000e+01  -3.6843208e-02  -9.2316776e-02
   6.9600000e+01  -6.2742348e-02  -8.6288534e-02
   6.9700000e+01  -7.5034856e-02  -8.2164877e-02
   6.9800000e+01  -7.9456392e-02  -7.0271728e-02
   6.9900000e+01  -8.9300310e-02  -3.8575044e-02
   7.0000000e+01  -1.0926449e-01   1.0208498e-02
   7.0100000e+01  -1.3003421e-01   5.5772859e-02
   7.0200000e+01  -1.3876190e-01   7.5117945e-02
   7.0300000e+01  -1.3245312e-01   6.1527510e-02
   7.0400000e+01  -1.1841135e-01   3.1687389e-02
   7.0500000e+01  -1.0249281e-01   1.4830186e-02
   7.0600000e+01  -8.1959075e-02   3.0410602e-02
   7.0700000e+01  -5.3930143e-02   7.0520890e-02
   7.0800000e+01  -2.8499045e-02   1.0373846e-01
   7.0900000e+01  -2.5990728e-02   1.0188918e-01
   7.1000000e+01  -5.6074163e-02   6.7986717e-02
   7.1100000e+01  -1.0173419e-01   3.6766509e-02
   7.1200000e+01  -1.3005676e-01   4.3105543e-02
   7.1300000e+01  -1.2195354e-01   8.7421655e-02
   7.1400000e+01  -8.9372747e-02   1.3291344e-01
   7.1500000e+01  -6.0971617e-02   1.3798792e-01
   7.1600000e+01  -5.2017768e-02   9.2228219e-02
   7.1700000e+01  -5.0792112e-02   2.3250222e-02
   7.1800000e+01  -3.4241788e-02  -2.7596611e-02
   7.1900000e+01   5.4150048e-03  -3.5756572e-02
   7.2000000e+01   5.0093257e-02  -6.2476357e-03
   7.2100000e+01   7.0054473e-02   3.5620813e-02
   7.2200000e+01   4.9443802e-02   6.4167932e-02
   7.2300000e+01   2.2882252e-03   6.9568585e-02
   7.2400000e+01  -3.4030531e-02   6.0831456e-02
   7.2500000e+01  -2.5391825e-02   5.4170381e-02
   7.2600000e+01   3.0734886e-02   5.6002667e-02
   7.2700000e+01   9.9405536e-02   5.6229462e-02
   7.2800000e+01   1.3382618e-01   4.0075273e-02
   7.2900000e+01   1.1294713e-01   8.0902242e-03
   7.3000000e+01   5.7511224e-02  -1.7473739e-02
   7.3100000e+01   1.0381005e-02  -1.0388875e-02
   7.3200000e+01   1.2652126e-03   3.2663758e-02
   7.3300000e+01   2.8053859e-02   8.3599918e-02
   7.3400000e+01   6.6154831e-02   1.0421131e-01
   7.3500000e+01   9.0653769e-02   7.8580785e-02
   7.3600000e+01   9.1519625e-02   2.5774864e-02
   7.3700000e+01   7.5476136e-02  -1.8605345e-02
   7.3800000e+01   5.8481152e-02  -3.2626288e-02
   7.3900000e+01   5.3865883e-02  -2.1096696e-02
   7.4000000e+01   6.2238532e-02  -3.1704242e-03
   7.4100000e+01   7.1351117e-02   7.6950459e-03
   7.4200000e+01   6.7832448e-02   1.0300569e-02
   7.4300000e+01   4.9774683e-02   7.3169392e-03
   7.4400000e+01   2.6841020e-02  -2.7273995e-03
   7.4500000e+01   9.3762793e-03  -2.2622719e-02
   7.4600000e+01   1.1351254e-03  -4.9190799e-02
   7.4700000e+01   2.8933814e-03  -7.3732470e-02
   7.4800000e+01   1.7032504e-02  -9.0974878e-02
   7.4900000e+01   4.2339373e-02  -1.0509708e-01
   7.5000000e+01   6.5920615e-02  -1.2456151e-01
   7.5100000e+01   6.8340833e-02  -1.5129368e-01
   7.5200000e+01   4.2205842e-02  -1.7656211e-01
   7.5300000e+01   3.5719456e-03  -1.8806322e-01
   7.5400000e+01  -2.0042425e-02  -1.8052829e-01
   7.5500000e+01  -1.4338015e-02  -1.5939569e-01
   7.5600000e+01   1.0766124e-02  -1.3510326e-01
   7.5700000e+01   3.4249736e-02  -1.1450782e-01
   7.5800000e+01   4.3920314e-02  -9.7235440e-02
   7.5900000e+01   4.0452318e-02  -7.8796019e-02
   7.6000000e+01   2.5069508e-02  -5.5893185e-02
   7.6100000e+01  -8.6662987e-03  -2.8661971e-02
   7.6200000e+01  -6.5013039e-02   4.3097995e-04
   7.6300000e+01  -1.2955341e-01   2.6964674e-02
   7.6400000e+01  -1.6961680e-01   4.2675674e-02
   7.6500000e+01  -1.5793692e-01   3.6425815e-02
   7.6600000e+01  -9.8375331e-02   3.3977588e-03
   7.6700000e+01  -2.6971084e-02  -4.2768985e-02
   7.6800000e+01   1.4633654e-02  -7.0080001e-02
   7.6900000e+01   9.1556293e-03  -4.8585742e-02
   7.7000000e+01  -2.8715467e-02   2.2735859e-02
   7.7100000e+01  -6.9255096e-02   1.0918661e-01
   7.7200000e+01  -8.9938667e-02   1.6505276e-01
   7.7300000e+01  -8.4930329e-02   1.7005092e-01
   7.7400000e+01  -6.0720022e-02   1.4353339e-01
   7.7500000e+01  -2.8360332e-02   1.2248930e-01
   7.7600000e+01   3.3622597e-04   1.2457004e-01
   7.7700000e+01   1.4249438e-02   1.3195608e-01
   7.7800000e+01   6.7173875e-03   1.1115261e-01
   7.7900000e+01  -1.8404882e-02   4.8892382e-02
   7.8000000e+01  -4.4305163e-02  -3.0253471e-02
   7.8100000e+01  -4.8531251e-02  -8.0252490e-02
   7.8200000e+01  -1.8735477e-02  -6.8019083e-02
   7.8300000e+01   3.4517732e-02   3.5482893e-03
   7.8400000e+01   8.1237254e-02   9.8866835e-02
   7.8500000e+01   9.2933192e-02   1.7106303e-01
   7.8600000e+01   6.4810057e-02   1.8459233e-01
   7.8700000e+01   1.9332575e-02   1.2985657e-01
   7.8800000e+01  -1.2189134e-02   2.8258255e-02
   7.8900000e+01  -1.3051649e-02  -7.4850941e-02
   7.9000000e+01   9.8507476e-03  -1.3181460e-01
   7.9100000e+01   3.5261182e-02  -1.2063224e-01
   7.9200000e+01   4.3993698e-02  -5.9162990e-02
   7.9300000e+01   3.0799825e-02   8.6395121e-03
   7.9400000e+01   6.8323996e-03   4.5054155e-02
   7.9500000e+01  -7.9677326e-03   4.2456821e-02
   7.9600000e+01  -8.4113399e-05   2.0182687e-02
   7.9700000e+01   2.4426946e-02   1.8145434e-03
   7.9800000e+01   4.2268015e-02  -3.5468658e-03
   7.9900000e+01   3.2915352e-02  -1.0181840e-03
   8.0000000e+01  -8.6697234e-04   2.6038010e-03
