   1.0221618e+02   2.8602761e+01   2.5212700e+03
   1.0223572e+02   2.8422163e+01   2.0737600e+03
   0.0000000e+00   5.6284421e-01   5.6284421e-01
   1.0000000e-01   6.3218790e-01   4.8513508e-01
   2.0000000e-01   7.0263564e-01   3.8820127e-01
   3.0000000e-01   7.7296556e-01   2.6975366e-01
   4.0000000e-01   8.3352930e-01   1.3810663e-01
   5.0000000e-01   8.7890635e-01   6.8392009e-03
   6.0000000e-01   9.1560609e-01  -1.1299926e-01
   7.0000000e-01   9.5320933e-01  -2.1886102e-01
   8.0000000e-01   9.8797493e-01  -3.1717612e-01
   9.0000000e-01   1.0000000e+00  -4.1647995e-01
   1.0000000e+00   9.7063266e-01  -5.1757914e-01
   1.1000000e+00   9.0174478e-01  -6.1031143e-01
   1.2000000e+00   8.1422504e-01  -6.8145132e-01
   1.3000000e+00   7.2645218e-01  -7.2610006e-01
   1.4000000e+00   6.3684130e-01  -7.5049819e-01
   1.5000000e+00   5.2984251e-01  -7.6458828e-01
   1.6000000e+00   3.9785353e-01  -7.7496024e-01
   1.7000000e+00   2.5387981e-01  -7.8647093e-01
   1.8000000e+00   1.2077954e-01  -8.0691607e-01
   1.9000000e+00   9.0082791e-03  -8.4335017e-01
   2.0000000e+00  -9.2881794e-02  -8.9043491e-01
   2.1000000e+00  -2.0441026e-01  -9.2550538e-01
   2.2000000e+00  -3.2993009e-01  -9.2133384e-01
   2.3000000e+00  -4.4995721e-01  -8.6758297e-01
   2.4000000e+00  -5.3651347e-01  -7.7935522e-01
   2.5000000e+00  -5.7734979e-01  -6.8273142e-01
   2.6000000e+00  -5.8450703e-01  -5.9121298e-01
   2.7000000e+00  -5.7904838e-01  -4.9672724e-01
   2.8000000e+00  -5.6937505e-01  -3.8328927e-01
   2.9000000e+00  -5.4732211e-01  -2.4764083e-01
   3.0000000e+00  -5.0580883e-01  -1.0489741e-01
   3.1000000e+00  -4.5681012e-01   2.5495527e-02
   3.2000000e+00  -4.2758764e-01   1.3687509e-01
   3.3000000e+00  -4.3742308e-01   2.3694485e-01
   3.4000000e+00  -4.7852215e-01   3.3412930e-01
   3.5000000e+00  -5.1999865e-01   4.2649465e-01
   3.6000000e+00  -5.3044019e-01   5.0633582e-01
   3.7000000e+00  -4.9852485e-01   5.7253170e-01
   3.8000000e+00  -4.3602910e-01   6.3234883e-01
   3.9000000e+00  -3.6411527e-01   6.8901264e-01
   4.0000000e+00  -2.9609045e-01   7.3248058e-01
   4.1000000e+00  -2.3068440e-01   7.4898909e-01
   4.2000000e+00  -1.6062381e-01   7.3996111e-01
   4.3000000e+00  -8.7737807e-02   7.2549362e-01
   4.4000000e+00  -2.8551018e-02   7.2474161e-01
   4.5000000e+00  -2.5404777e-03   7.3489664e-01
   4.6000000e+00  -1.3592932e-02   7.3364495e-01
   4.7000000e+00  -4.3969050e-02   7.0200169e-01
   4.8000000e+00  -6.7596216e-02   6.4114919e-01
   4.9000000e+00  -6.9316870e-02   5.6681292e-01
   5.0000000e+00  -5.2197404e-02   4.9200047e-01
   5.1000000e+00  -2.9624576e-02   4.1829122e-01
   5.2000000e+00  -1.3294112e-02   3.4049086e-01
   5.3000000e+00  -7.1777273e-03   2.5444557e-01
   5.4000000e+00  -7.8162670e-03   1.6037125e-01
   5.5000000e+00  -7.0455821e-03   6.3040256e-02
   5.6000000e+00   4.1736352e-03  -2.9583398e-02
   5.7000000e+00   3.1120367e-02  -1.1105929e-01
   5.8000000e+00   7.2457076e-02  -1.8212396e-01
   5.9000000e+00   1.2145807e-01  -2.4938407e-01
   6.0000000e+00   1.6978307e-01  -3.1594579e-01
   6.1000000e+00   2.1089466e-01  -3.7557344e-01
   6.2000000e+00   2.4291629e-01  -4.1982029e-01
   6.3000000e+00   2.7124381e-01  -4.4965796e-01
   6.4000000e+00   3.0744154e-01  -4.7491021e-01
   6.5000000e+00   3.6076747e-01  -5.0077865e-01
   6.6000000e+00   4.2699088e-01  -5.1952098e-01
   6.7000000e+00   4.8643817e-01  -5.1918558e-01
   6.8000000e+00   5.1690906e-01  -4.9802634e-01
   6.9000000e+00   5.1142958e-01  -4.6581577e-01
   7.0000000e+00   4.8401269e-01  -4.3163961e-01
   7.1000000e+00   4.5763406e-01  -3.9501852e-01
   7.2000000e+00   4.4542248e-01  -3.5015469e-01
   7.3000000e+00   4.4103144e-01  -2.9462169e-01
   7.4000000e+00   4.2460364e-01  -2.3060989e-01
   7.5000000e+00   3.7824267e-01  -1.6013601e-01
   7.6000000e+00   2.9952151e-01  -8.3666115e-02
   7.7000000e+00   2.0398440e-01  -4.3894381e-03
   7.8000000e+00   1.1457295e-01   6.8697793e-02
   7.9000000e+00   4.4798114e-02   1.2391177e-01
   8.0000000e+00  -1.1296882e-02   1.5371075e-01
   8.1000000e+00  -7.2512363e-02   1.5993882e-01
   8.2000000e+00  -1.5088152e-01   1.5397454e-01
   8.3000000e+00  -2.3613986e-01   1.5032134e-01
   8.4000000e+00  -3.0039052e-01   1.5616161e-01
   8.5000000e+00  -3.2149870e-01   1.6566483e-01
   8.6000000e+00  -3.0469744e-01   1.6711700e-01
   8.7000000e+00  -2.8091377e-01   1.5763823e-01
   8.8000000e+00  -2.8106295e-01   1.4829830e-01
   8.9000000e+00  -3.0927941e-01   1.5084671e-01
   9.0000000e+00  -3.4049593e-01   1.6013908e-01
   9.1000000e+00  -3.4465518e-01   1.5469299e-01
   9.2000000e+00  -3.1379107e-01   1.1787968e-01
   9.3000000e+00  -2.6639871e-01   5.7108873e-02
   9.4000000e+00  -2.2769247e-01  -6.8786272e-04
   9.5000000e+00  -2.0803052e-01  -3.2929715e-02
   9.6000000e+00  -1.9994487e-01  -4.0030892e-02
   9.7000000e+00  -1.9164002e-01  -4.1297353e-02
   9.8000000e+00  -1.7883922e-01  -5.4216841e-02
   9.9000000e+00  -1.6379972e-01  -7.8030461e-02
   1.0000000e+01  -1.4770298e-01  -9.6323366e-02
   1.0100000e+01  -1.2810015e-01  -9.4820540e-02
   1.0200000e+01  -1.0320977e-01  -7.6565151e-02
   1.0300000e+01  -7.5799257e-02  -5.9168008e-02
   1.0400000e+01  -5.2110009e-02  -5.6489194e-02
   1.0500000e+01  -3.8285799e-02  -6.3879711e-02
   1.0600000e+01  -3.7174084e-02  -6.3539812e-02
   1.0700000e+01  -4.5175053e-02  -4.4819043e-02
   1.0800000e+01  -5.0827195e-02  -1.6743244e-02
   1.0900000e+01  -4.0536892e-02   1.8177363e-03
   1.1000000e+01  -1.1035893e-02   3.2072487e-03
   1.1100000e+01   2.3922511e-02  -9.1715536e-04
   1.1200000e+01   4.4399672e-02   6.6854687e-03
   1.1300000e+01   4.4885225e-02   2.9482947e-02
   1.1400000e+01   4.1509753e-02   5.3644601e-02
   1.1500000e+01   5.5194660e-02   6.2636828e-02
   1.1600000e+01   8.8762182e-02   5.2668476e-02
   1.1700000e+01   1.2434894e-01   3.3637334e-02
   1.1800000e+01   1.4316837e-01   1.8342115e-02
   1.1900000e+01   1.4356413e-01   1.4086527e-02
   1.2000000e+01   1.3834433e-01   2.3626970e-02
   1.2100000e+01   1.3934045e-01   4.8490071e-02
   1.2200000e+01   1.4928863e-01   8.5822837e-02
   1.2300000e+01   1.6587678e-01   1.2217811e-01
   1.2400000e+01   1.8597679e-01   1.3674294e-01
   1.2500000e+01   2.0335691e-01   1.1783571e-01
   1.2600000e+01   2.0837484e-01   7.8149949e-02
   1.2700000e+01   1.9683208e-01   4.9611442e-02
   1.2800000e+01   1.7837614e-01   5.7675030e-02
   1.2900000e+01   1.6976225e-01   9.8332813e-02
   1.3000000e+01   1.7640885e-01   1.4121761e-01
   1.3100000e+01   1.8343154e-01   1.5633012e-01
   1.3200000e+01   1.6870077e-01   1.3801674e-01
   1.3300000e+01   1.2458877e-01   1.0420938e-01
   1.3400000e+01   6.4825035e-02   7.5479536e-02
   1.3500000e+01   1.0730612e-02   5.7079595e-02
   1.3600000e+01  -2.6324807e-02   3.9800810e-02
   1.3700000e+01  -4.8944933e-02   1.4335205e-02
   1.3800000e+01  -6.5212136e-02  -1.7390269e-02
   1.3900000e+01  -8.0868414e-02  -4.3816667e-02
   1.4000000e+01  -9.9183523e-02  -5.4854898e-02
   1.4100000e+01  -1.2347621e-01  -5.1874226e-02
   1.4200000e+01  -1.5563795e-01  -4.8025018e-02
   1.4300000e+01  -1.9203495e-01  -5.8111458e-02
   1.4400000e+01  -2.2318106e-01  -8.5877499e-02
   1.4500000e+01  -2.3944284e-01  -1.1990521e-01
   1.4600000e+01  -2.3791636e-01  -1.4253267e-01
   1.4700000e+01  -2.2407112e-01  -1.4373387e-01
   1.4800000e+01  -2.0697719e-01  -1.2694421e-01
   1.4900000e+01  -1.9292204e-01  -1.0307644e-01
   1.5000000e+01  -1.8275514e-01  -8.1674219e-02
   1.5100000e+01  -1.7334415e-01  -6.8407868e-02
   1.5200000e+01  -1.5948466e-01  -6.6901715e-02
   1.5300000e+01  -1.3473430e-01  -7.7324771e-02
   1.5400000e+01  -9.4228296e-02  -9.2425912e-02
   1.5500000e+01  -4.0917313e-02  -9.9860217e-02
   1.5600000e+01   1.1057951e-02  -9.2616808e-02
   1.5700000e+01   4.3916381e-02  -7.5790715e-02
   1.5800000e+01   5.1396167e-02  -5.9644925e-02
   1.5900000e+01   4.5959987e-02  -4.7034427e-02
   1.6000000e+01   4.7800636e-02  -3.2605112e-02
   1.6100000e+01   6.5697657e-02  -1.5659439e-02
   1.6200000e+01   9.0420202e-02  -7.8140460e-03
   1.6300000e+01   1.0741580e-01  -2.1131872e-02
   1.6400000e+01   1.1340206e-01  -4.9284445e-02
   1.6500000e+01   1.1843617e-01  -6.7327584e-02
   1.6600000e+01   1.3345131e-01  -5.4555250e-02
   1.6700000e+01   1.5896713e-01  -1.5397014e-02
   1.6800000e+01   1.8603453e-01   2.5682302e-02
   1.6900000e+01   2.0508571e-01   4.8374825e-02
   1.7000000e+01   2.1212733e-01   5.1695030e-02
   1.7100000e+01   2.0844666e-01   4.6378855e-02
   1.7200000e+01   1.9749790e-01   3.9499107e-02
   1.7300000e+01   1.8260747e-01   3.1607736e-02
   1.7400000e+01   1.6572734e-01   2.5173884e-02
   1.7500000e+01   1.4680282e-01   2.7136189e-02
   1.7600000e+01   1.2443306e-01   3.9582175e-02
   1.7700000e+01   9.7816789e-02   5.2709565e-02
   1.7800000e+01   6.8251580e-02   5.3116578e-02
   1.7900000e+01   3.8683744e-02   3.9205802e-02
   1.8000000e+01   1.1808902e-02   2.4302330e-02
   1.8100000e+01  -1.1575937e-02   2.3131445e-02
   1.8200000e+01  -3.2684691e-02   3.8109317e-02
   1.8300000e+01  -5.3044036e-02   6.0576967e-02
   1.8400000e+01  -7.2022124e-02   8.1904675e-02
   1.8500000e+01  -8.6075766e-02   9.8659436e-02
   1.8600000e+01  -9.1758394e-02   1.0785569e-01
   1.8700000e+01  -9.0752487e-02   1.0367427e-01
   1.8800000e+01  -9.1469581e-02   8.3665716e-02
   1.8900000e+01  -1.0362015e-01   5.6410837e-02
   1.9000000e+01  -1.2929662e-01   3.8025258e-02
   1.9100000e+01  -1.5894861e-01   3.8781253e-02
   1.9200000e+01  -1.7708175e-01   5.4220612e-02
   1.9300000e+01  -1.7373607e-01   6.9893128e-02
   1.9400000e+01  -1.5246745e-01   7.3181320e-02
   1.9500000e+01  -1.2821622e-01   6.0134625e-02
   1.9600000e+01  -1.1623718e-01   3.4472733e-02
   1.9700000e+01  -1.2028282e-01   4.7521057e-03
   1.9800000e+01  -1.2967910e-01  -1.7358359e-02
   1.9900000e+01  -1.2869574e-01  -2.1805445e-02
   2.0000000e+01  -1.1084311e-01  -9.3023398e-03
   2.0100000e+01  -8.4820371e-02   3.9365198e-03
   2.0200000e+01  -6.5736893e-02  -3.9889066e-03
   2.0300000e+01  -6.0110179e-02  -4.0797005e-02
   2.0400000e+01  -6.0130162e-02  -8.9388180e-02
   2.0500000e+01  -5.2786343e-02  -1.2011552e-01
   2.0600000e+01  -3.3343941e-02  -1.1622921e-01
   2.0700000e+01  -8.9925786e-03  -8.7638862e-02
   2.0800000e+01   9.2616446e-03  -5.9951964e-02
   2.0900000e+01   1.6046131e-02  -5.1585069e-02
   2.1000000e+01   1.3654913e-02  -6.1999591e-02
   2.1100000e+01   8.4184439e-03  -7.8734214e-02
   2.1200000e+01   7.4570609e-03  -9.0572366e-02
   2.1300000e+01   1.6556006e-02  -9.2548686e-02
   2.1400000e+01   3.6235619e-02  -8.3058193e-02
   2.1500000e+01   5.8164620e-02  -6.2464175e-02
   2.1600000e+01   6.9048577e-02  -3.6044823e-02
   2.1700000e+01   6.2753353e-02  -1.4365387e-02
   2.1800000e+01   4.9149170e-02  -6.2082379e-03
   2.1900000e+01   4.7447323e-02  -9.8332077e-03
   2.2000000e+01   6.7691723e-02  -1.2564168e-02
   2.2100000e+01   9.9086068e-02  -6.9251159e-04
   2.2200000e+01   1.1859585e-01   2.8922538e-02
   2.2300000e+01   1.1198577e-01   6.5784646e-02
   2.2400000e+01   8.6252167e-02   9.3375785e-02
   2.2500000e+01   6.2104270e-02   1.0045943e-01
   2.2600000e+01   5.5812957e-02   8.6934324e-02
   2.2700000e+01   6.8319920e-02   6.1055571e-02
   2.2800000e+01   8.9050969e-02   3.2865219e-02
   2.2900000e+01   1.0678009e-01   1.0685727e-02
   2.3000000e+01   1.1622030e-01   1.4860442e-03
   2.3100000e+01   1.1716787e-01   9.6227492e-03
   2.3200000e+01   1.1131290e-01   3.1241778e-02
   2.3300000e+01   1.0168296e-01   5.1017322e-02
   2.3400000e+01   9.3593770e-02   5.0087104e-02
   2.3500000e+01   9.2589593e-02   2.2198608e-02
   2.3600000e+01   9.8868599e-02  -1.7931731e-02
   2.3700000e+01   1.0431314e-01  -4.5695499e-02
   2.3800000e+01   9.7951865e-02  -4.8403983e-02
   2.3900000e+01   7.6275245e-02  -3.5888756e-02
   2.4000000e+01   4.7076944e-02  -2.8828825e-02
   2.4100000e+01   2.1274347e-02  -3.7359467e-02
   2.4200000e+01   1.7657178e-03  -5.2121396e-02
   2.4300000e+01  -1.7056899e-02  -5.5489353e-02
   2.4400000e+01  -3.9069505e-02  -3.9678242e-02
   2.4500000e+01  -6.0033595e-02  -1.3488548e-02
   2.4600000e+01  -7.4441786e-02   6.8165018e-03
   2.4700000e+01  -8.5721898e-02   1.1615999e-02
   2.4800000e+01  -1.0386367e-01   4.1873974e-03
   2.4900000e+01  -1.3186113e-01  -3.8441302e-03
   2.5000000e+01  -1.5943762e-01  -1.5735626e-03
   2.5100000e+01  -1.7408916e-01   1.4611644e-02
   2.5200000e+01  -1.7578071e-01   3.9252308e-02
   2.5300000e+01  -1.7562490e-01   6.0094801e-02
   2.5400000e+01  -1.7991936e-01   6.3980636e-02
   2.5500000e+01  -1.8074686e-01   4.5254791e-02
   2.5600000e+01  -1.6592961e-01   1.1884431e-02
   2.5700000e+01  -1.3577243e-01  -1.7344076e-02
   2.5800000e+01  -1.0527845e-01  -2.5340778e-02
   2.5900000e+01  -8.8884527e-02  -9.6920073e-03
   2.6000000e+01  -8.5646075e-02   1.5868273e-02
   2.6100000e+01  -8.0883530e-02   3.3374150e-02
   2.6200000e+01  -6.0868361e-02   3.4632211e-02
   2.6300000e+01  -2.4847268e-02   2.4586226e-02
   2.6400000e+01   1.5165426e-02   1.3165136e-02
   2.6500000e+01   4.3602879e-02   5.8566874e-03
   2.6600000e+01   5.1445751e-02   1.7031033e-03
   2.6700000e+01   4.2043104e-02  -2.4999788e-03
   2.6800000e+01   3.0246141e-02  -8.3504170e-03
   2.6900000e+01   3.3703636e-02  -1.5324528e-02
   2.7000000e+01   5.9757902e-02  -2.1646779e-02
   2.7100000e+01   9.7863536e-02  -2.4801694e-02
   2.7200000e+01   1.2626298e-01  -2.2523631e-02
   2.7300000e+01   1.2924158e-01  -1.4668698e-02
   2.7400000e+01   1.0943561e-01  -4.0030208e-03
   2.7500000e+01   8.3286274e-02   5.6223384e-03
   2.7600000e+01   6.4866231e-02   1.2050935e-02
   2.7700000e+01   5.5011378e-02   1.5685246e-02
   2.7800000e+01   4.5591816e-02   1.8004515e-02
   2.7900000e+01   3.1781768e-02   1.9716226e-02
   2.8000000e+01   1.8158717e-02   2.0063454e-02
   2.8100000e+01   1.3577006e-02   1.7288384e-02
   2.8200000e+01   2.2069075e-02   9.9206659e-03
   2.8300000e+01   3.8913651e-02  -1.6097368e-03
   2.8400000e+01   5.3884155e-02  -1.4518395e-02
   2.8500000e+01   5.7782599e-02  -2.5454287e-02
   2.8600000e+01   4.7942858e-02  -3.2728589e-02
   2.8700000e+01   2.9966293e-02  -3.5866813e-02
   2.8800000e+01   1.4314143e-02  -3.3144261e-02
   2.8900000e+01   9.2091496e-03  -2.1982576e-02
   2.9000000e+01   1.4940486e-02  -3.9938141e-03
   2.9100000e+01   2.4517269e-02   1.1702192e-02
   2.9200000e+01   3.0247994e-02   1.4317770e-02
   2.9300000e+01   3.0524815e-02   2.9594051e-03
   2.9400000e+01   3.1179528e-02  -9.5470349e-03
   2.9500000e+01   4.0219267e-02  -7.9770469e-03
   2.9600000e+01   5.9337758e-02   9.0886641e-03
   2.9700000e+01   7.8449481e-02   2.6314266e-02
   2.9800000e+01   7.9512101e-02   2.6595478e-02
   2.9900000e+01   5.0208975e-02   8.3891686e-03
   3.0000000e+01  -2.3281308e-03  -1.3401457e-02
   3.0100000e+01  -5.2287676e-02  -2.3558840e-02
   3.0200000e+01  -7.4016851e-02  -2.1398146e-02
   3.0300000e+01  -6.3253975e-02  -1.8126976e-02
   3.0400000e+01  -3.9534216e-02  -2.1094140e-02
   3.0500000e+01  -2.6757848e-02  -2.4488925e-02
   3.0600000e+01  -3.2094377e-02  -1.7915457e-02
   3.0700000e+01  -4.4267490e-02  -2.0399550e-03
   3.0800000e+01  -4.9766288e-02   9.1435223e-03
   3.0900000e+01  -4.7112943e-02   4.1530120e-03
   3.1000000e+01  -4.5670713e-02  -1.0471314e-02
   3.1100000e+01  -5.4953399e-02  -1.5193840e-02
   3.1200000e+01  -7.7520891e-02   4.9565154e-04
   3.1300000e+01  -1.0881003e-01   2.4055909e-02
   3.1400000e+01  -1.3888291e-01   3.1215853e-02
   3.1500000e+01  -1.5481691e-01   1.1193386e-02
   3.1600000e+01  -1.4713244e-01  -2.1759804e-02
   3.1700000e+01  -1.1791394e-01  -4.2753520e-02
   3.1800000e+01  -8.1218581e-02  -4.0483432e-02
   3.1900000e+01  -5.2588547e-02  -2.5898245e-02
   3.2000000e+01  -3.7967030e-02  -1.8115891e-02
   3.2100000e+01  -3.3284870e-02  -2.4004959e-02
   3.2200000e+01  -3.2057658e-02  -3.2184802e-02
   3.2300000e+01  -2.9814230e-02  -2.5810970e-02
   3.2400000e+01  -2.2776130e-02  -2.2039441e-04
   3.2500000e+01  -8.4373685e-03   3.1544904e-02
   3.2600000e+01   9.8876683e-03   4.9654823e-02
   3.2700000e+01   2.3823431e-02   4.3963422e-02
   3.2800000e+01   3.0361229e-02   2.1049194e-02
   3.2900000e+01   3.9166636e-02  -3.3425762e-03
   3.3000000e+01   6.2672584e-02  -1.7768181e-02
   3.3100000e+01   9.7489372e-02  -2.1418572e-02
   3.3200000e+01   1.2197762e-01  -1.9290340e-02
   3.3300000e+01   1.1771870e-01  -1.4310390e-02
   3.3400000e+01   9.1066573e-02  -6.2525606e-03
   3.3500000e+01   6.7805248e-02   2.7377574e-03
   3.3600000e+01   6.6044482e-02   5.3356435e-03
   3.3700000e+01   7.9018238e-02  -4.8966202e-03
   3.3800000e+01   8.6466935e-02  -2.4155858e-02
   3.3900000e+01   7.8619924e-02  -3.7249968e-02
   3.4000000e+01   6.4363749e-02  -2.8525657e-02
   3.4100000e+01   5.7308790e-02   4.2555472e-03
   3.4200000e+01   5.9331538e-02   4.6313799e-02
   3.4300000e+01   6.0404387e-02   7.6550859e-02
   3.4400000e+01   5.2023595e-02   8.3514981e-02
   3.4500000e+01   3.7253883e-02   7.3141415e-02
   3.4600000e+01   2.6983359e-02   6.2389092e-02
   3.4700000e+01   2.7886520e-02   6.4955432e-02
   3.4800000e+01   3.5127526e-02   8.1054323e-02
   3.4900000e+01   3.6836429e-02   9.8572529e-02
   3.5000000e+01   2.5647577e-02   1.0310821e-01
   3.5100000e+01   5.9895026e-03   8.8446469e-02
   3.5200000e+01  -1.0103531e-02   6.0676901e-02
   3.5300000e+01  -1.4795910e-02   3.4496776e-02
   3.5400000e+01  -1.2328681e-02   2.4160507e-02
   3.5500000e+01  -1.4940833e-02   3.3676810e-02
   3.5600000e+01  -3.0302764e-02   5.2607211e-02
   3.5700000e+01  -5.2254723e-02   6.2458625e-02
   3.5800000e+01  -6.4164968e-02   5.0783827e-02
   3.5900000e+01  -5.3390516e-02   2.0995863e-02
   3.6000000e+01  -2.4967385e-02  -1.2469704e-02
   3.6100000e+01  -1.1604314e-03  -3.9326454e-02
   3.6200000e+01  -4.0130316e-03  -6.2311621e-02
   3.6300000e+01  -3.4400430e-02  -8.9530299e-02
   3.6400000e+01  -6.8210498e-02  -1.1962075e-01
   3.6500000e+01  -7.6761955e-02  -1.3841619e-01
   3.6600000e+01  -5.3706170e-02  -1.3259367e-01
   3.6700000e+01  -2.1064673e-02  -1.0552613e-01
   3.6800000e+01  -7.1969856e-03  -7.7376126e-02
   3.6900000e+01  -1.9633567e-02  -6.8587849e-02
   3.7000000e+01  -4.1165232e-02  -8.3052664e-02
   3.7100000e+01  -5.1049517e-02  -1.0622594e-01
   3.7200000e+01  -4.5814973e-02  -1.1807890e-01
   3.7300000e+01  -3.7741013e-02  -1.0834281e-01
   3.7400000e+01  -3.7006937e-02  -8.2204848e-02
   3.7500000e+01  -4.0696509e-02  -5.4021316e-02
   3.7600000e+01  -3.9733349e-02  -3.5216377e-02
   3.7700000e+01  -3.1973200e-02  -2.5553146e-02
   3.7800000e+01  -2.4649234e-02  -1.4354266e-02
   3.7900000e+01  -2.4948815e-02   8.7362641e-03
   3.8000000e+01  -3.1620485e-02   4.1947427e-02
   3.8100000e+01  -3.6970735e-02   6.9681425e-02
   3.8200000e+01  -3.5130886e-02   7.4516865e-02
   3.8300000e+01  -2.6650093e-02   5.3415275e-02
   3.8400000e+01  -1.6007427e-02   2.2736047e-02
   3.8500000e+01  -6.9002373e-03   5.8503740e-03
   3.8600000e+01  -4.0237802e-04   1.3785848e-02
   3.8700000e+01   4.2865894e-03   3.6578228e-02
   3.8800000e+01   9.2497952e-03   5.2955667e-02
   3.8900000e+01   1.7449165e-02   4.8825313e-02
   3.9000000e+01   3.0444365e-02   2.7910923e-02
   3.9100000e+01   4.5084064e-02   6.5751716e-03
   3.9200000e+01   5.3895859e-02  -7.0951485e-04
   3.9300000e+01   5.1625451e-02   7.8367711e-03
   3.9400000e+01   4.2552684e-02   2.2089980e-02
   3.9500000e+01   3.9422684e-02   2.9710536e-02
   3.9600000e+01   5.2019201e-02   2.5366570e-02
   3.9700000e+01   7.5438774e-02   1.2172507e-02
   3.9800000e+01   9.1016911e-02  -3.6779871e-03
   3.9900000e+01   8.1297003e-02  -1.7741831e-02
   4.0000000e+01   4.5733251e-02  -2.6650694e-02
   4.0100000e+01   2.1632885e-03  -2.5297757e-02
   4.0200000e+01  -2.7145086e-02  -8.7896769e-03
   4.0300000e+01  -3.1493526e-02   2.0715357e-02
   4.0400000e+01  -1.6131946e-02   5.0770503e-02
   4.0500000e+01   5.7830508e-03   6.5492660e-02
   4.0600000e+01   2.3300633e-02   5.7460514e-02
   4.0700000e+01   3.1028509e-02   3.3047892e-02
   4.0800000e+01   2.6730827e-02   6.5675236e-03
   4.0900000e+01   9.8327107e-03  -9.8862740e-03
   4.1000000e+01  -1.6466808e-02  -1.1861449e-02
   4.1100000e+01  -4.3667755e-02  -1.7161160e-03
   4.1200000e+01  -6.1596626e-02   1.4219681e-02
   4.1300000e+01  -6.5025840e-02   2.8060369e-02
   4.1400000e+01  -5.6176813e-02   3.3412199e-02
   4.1500000e+01  -4.0162512e-02   2.9003255e-02
   4.1600000e+01  -1.9437858e-02   1.9892673e-02
   4.1700000e+01   4.7995678e-03   1.4151484e-02
   4.1800000e+01   2.5947279e-02   1.7054703e-02
   4.1900000e+01   3.1363477e-02   2.7140997e-02
   4.2000000e+01   1.3874114e-02   3.6998745e-02
   4.2100000e+01  -1.5322009e-02   3.8393726e-02
   4.2200000e+01  -3.0236618e-02   2.8317249e-02
   4.2300000e+01  -1.2195684e-02   1.1079470e-02
   4.2400000e+01   3.0494342e-02  -5.9308693e-03
   4.2500000e+01   6.7517763e-02  -1.8884727e-02
   4.2600000e+01   7.3088813e-02  -2.8991549e-02
   4.2700000e+01   4.7667583e-02  -3.6809664e-02
   4.2800000e+01   1.4394834e-02  -3.7295132e-02
   4.2900000e+01  -3.0173940e-03  -2.4343257e-02
   4.3000000e+01   2.1962670e-03  -1.4469060e-03
   4.3100000e+01   2.0175187e-02   1.5478288e-02
   4.3200000e+01   3.6320407e-02   1.0263716e-02
   4.3300000e+01   4.1878200e-02  -1.7525967e-02
   4.3400000e+01   3.7475284e-02  -5.0871063e-02
   4.3500000e+01   3.0551752e-02  -7.0742048e-02
   4.3600000e+01   2.8493914e-02  -7.1886311e-02
   4.3700000e+01   3.0871212e-02  -6.2357788e-02
   4.3800000e+01   2.8009553e-02  -5.0087670e-02
   4.3900000e+01   1.0423265e-02  -3.4303762e-02
   4.4000000e+01  -1.8205383e-02  -1.1268699e-02
   4.4100000e+01  -3.9407562e-02   1.5262742e-02
   4.4200000e+01  -3.5069821e-02   3.3564820e-02
   4.4300000e+01  -6.0818741e-03   3.4236290e-02
   4.4400000e+01   2.4860627e-02   1.8554042e-02
   4.4500000e+01   3.0840321e-02  -4.1535127e-03
   4.4600000e+01   3.2692278e-03  -2.5113969e-02
   4.4700000e+01  -4.0489164e-02  -4.0166067e-02
   4.4800000e+01  -7.0597793e-02  -4.7051014e-02
   4.4900000e+01  -6.8027825e-02  -4.2932559e-02
   4.5000000e+01  -3.9254282e-02  -2.7175735e-02
   4.5100000e+01  -1.0624671e-02  -5.4106003e-03
   4.5200000e+01  -6.0995530e-03   1.2273973e-02
   4.5300000e+01  -2.6547649e-02   1.9241347e-02
   4.5400000e+01  -4.9907205e-02   1.8344277e-02
   4.5500000e+01  -5.3800272e-02   1.8888371e-02
   4.5600000e+01  -3.8920035e-02   2.6772793e-02
   4.5700000e+01  -2.7906226e-02   3.7866270e-02
   4.5800000e+01  -3.9236301e-02   4.1893172e-02
   4.5900000e+01  -6.4435026e-02   3.3079389e-02
   4.6000000e+01  -7.5537603e-02   1.6346452e-02
   4.6100000e+01  -5.6250237e-02   2.5706426e-03
   4.6200000e+01  -2.1863110e-02  -1.5868099e-03
   4.6300000e+01  -4.0766738e-03   1.7933081e-03
   4.6400000e+01  -1.6635083e-02   6.8538976e-03
   4.6500000e+01  -4.0400738e-02   1.1225836e-02
   4.6600000e+01  -4.5068302e-02   1.6792755e-02
   4.6700000e+01  -2.3088681e-02   2.4101750e-02
   4.6800000e+01   2.5630286e-03   2.8404390e-02
   4.6900000e+01   5.2087336e-03   2.2903849e-02
   4.7000000e+01  -1.5076394e-02   6.0449987e-03
   4.7100000e+01  -3.1960459e-02  -1.4901961e-02
   4.7200000e+01  -2.3017377e-02  -2.7909794e-02
   4.7300000e+01   5.3536231e-03  -2.4692631e-02
   4.7400000e+01   2.6101481e-02  -6.8085328e-03
   4.7500000e+01   2.2290237e-02   1.5284680e-02
   4.7600000e+01   5.3152811e-03   2.9406121e-02
   4.7700000e+01   1.5203539e-03   2.9607337e-02
   4.7800000e+01   2.3897447e-02   1.8962232e-02
   4.7900000e+01   5.9585997e-02   5.4664194e-03
   4.8000000e+01   8.3699204e-02  -4.9791987e-03
   4.8100000e+01   8.2264509e-02  -1.2237149e-02
   4.8200000e+01   6.1841761e-02  -1.9273922e-02
   4.8300000e+01   4.0732596e-02  -2.6266564e-02
   4.8400000e+01   3.3662800e-02  -2.8026813e-02
   4.8500000e+01   4.2905544e-02  -1.8585873e-02
   4.8600000e+01   5.9354713e-02   5.5789120e-04
   4.8700000e+01   6.9710802e-02   1.7468201e-02
   4.8800000e+01   6.4771682e-02   1.7797218e-02
   4.8900000e+01   4.4990394e-02  -1.6218833e-03
   4.9000000e+01   2.0533517e-02  -2.7337966e-02
   4.9100000e+01   5.3266643e-03  -3.9996903e-02
   4.9200000e+01   8.2447884e-03  -3.2485573e-02
   4.9300000e+01   2.6949198e-02  -1.6869263e-02
   4.9400000e+01   4.8546766e-02  -1.1729777e-02
   4.9500000e+01   5.7065160e-02  -2.2690689e-02
   4.9600000e+01   4.3486497e-02  -3.7106665e-02
   4.9700000e+01   1.2163533e-02  -3.8477353e-02
   4.9800000e+01  -2.0974156e-02  -2.4126826e-02
   4.9900000e+01  -3.8212765e-02  -6.6018665e-03
   5.0000000e+01  -3.1909872e-02   1.4165743e-03
   5.0100000e+01  -9.8430356e-03   1.0395325e-04
   5.0200000e+01   1.0831656e-02  -1.4558430e-03
   5.0300000e+01   1.7042579e-02   2.2829067e-04
   5.0400000e+01   9.4687491e-03  -2.6268982e-03
   5.0500000e+01  -6.1104367e-04  -1.7603967e-02
   5.0600000e+01  -4.3609359e-03  -3.7272696e-02
   5.0700000e+01  -4.6608127e-03  -4.1260878e-02
   5.0800000e+01  -1.1206318e-02  -1.6737235e-02
   5.0900000e+01  -2.7005023e-02   2.4398561e-02
   5.1000000e+01  -4.2781654e-02   5.3013681e-02
   5.1100000e+01  -4.7072172e-02   5.0117362e-02
   5.1200000e+01  -4.0153728e-02   2.5898629e-02
   5.1300000e+01  -3.3940687e-02   9.4667008e-03
   5.1400000e+01  -3.6953942e-02   1.9662865e-02
   5.1500000e+01  -4.3033534e-02   4.7589666e-02
   5.1600000e+01  -3.8891216e-02   6.7830400e-02
   5.1700000e+01  -2.2037886e-02   6.4107397e-02
   5.1800000e+01  -6.7627731e-03   4.2064225e-02
   5.1900000e+01  -9.8136931e-03   1.9467844e-02
   5.2000000e+01  -3.1919414e-02   8.9029880e-03
   5.2100000e+01  -5.6041613e-02   1.1431016e-02
   5.2200000e+01  -6.3598744e-02   2.2257336e-02
   5.2300000e+01  -5.0708244e-02   3.6137673e-02
   5.2400000e+01  -2.9026015e-02   4.6340237e-02
   5.2500000e+01  -1.3442982e-02   4.4145644e-02
   5.2600000e+01  -1.0246828e-02   2.5714370e-02
   5.2700000e+01  -1.5147869e-02  -1.1328136e-04
   5.2800000e+01  -1.9705146e-02  -1.5844679e-02
   5.2900000e+01  -1.8684893e-02  -1.1658147e-02
   5.3000000e+01  -1.2361003e-02   2.4248585e-03
   5.3100000e+01  -3.2475089e-03   3.9811236e-03
   5.3200000e+01   8.0439893e-03  -1.9732848e-02
   5.3300000e+01   2.2488779e-02  -5.7049090e-02
   5.3400000e+01   3.8143543e-02  -8.0163941e-02
   5.3500000e+01   4.8002707e-02  -6.9123413e-02
   5.3600000e+01   4.5016128e-02  -2.9302755e-02
   5.3700000e+01   2.9769997e-02   1.2607498e-02
   5.3800000e+01   1.1482198e-02   2.9419567e-02
   5.3900000e+01   3.7157380e-04   1.3553167e-02
   5.4000000e+01   7.8717805e-05  -1.8431697e-02
   5.4100000e+01   8.0648299e-03  -3.9259197e-02
   5.4200000e+01   2.0832110e-02  -3.2234876e-02
   5.4300000e+01   3.5344191e-02  -4.5248231e-03
   5.4400000e+01   4.5837264e-02   1.8921646e-02
   5.4500000e+01   4.4037875e-02   1.7626242e-02
   5.4600000e+01   2.6572425e-02  -4.5349086e-03
   5.4700000e+01   1.5832139e-03  -2.1490873e-02
   5.4800000e+01  -1.5208103e-02  -9.8696998e-03
   5.4900000e+01  -1.2734268e-02   2.6365033e-02
   5.5000000e+01   7.1046146e-03   5.7388764e-02
   5.5100000e+01   3.2258940e-02   5.5814424e-02
   5.5200000e+01   4.9405168e-02   2.3696570e-02
   5.5300000e+01   5.0248925e-02  -1.0060626e-02
   5.5400000e+01   3.3441270e-02  -1.9141393e-02
   5.5500000e+01   5.1122805e-03  -4.6346921e-03
   5.5600000e+01  -2.2193552e-02   1.0177425e-02
   5.5700000e+01  -3.5330842e-02   6.8244339e-03
   5.5800000e+01  -2.9426196e-02  -1.0245333e-02
   5.5900000e+01  -1.1835584e-02  -2.2173014e-02
   5.6000000e+01   3.9301555e-03  -1.7923038e-02
   5.6100000e+01   9.1978638e-03  -4.9208316e-03
   5.6200000e+01   5.6995727e-03   7.4648325e-04
   5.6300000e+01   1.3358948e-03  -9.1137626e-03
   5.6400000e+01   1.5783423e-03  -2.8813376e-02
   5.6500000e+01   5.0881767e-03  -4.6278760e-02
   5.6600000e+01   6.7002701e-03  -5.3701536e-02
   5.6700000e+01   3.4951932e-03  -5.1268717e-02
   5.6800000e+01  -2.6405838e-03  -4.3056783e-02
   5.6900000e+01  -8.0765288e-03  -3.1437066e-02
   5.7000000e+01  -1.1721116e-02  -1.6323310e-02
   5.7100000e+01  -1.4999762e-02   3.3099554e-04
   5.7200000e+01  -1.8142297e-02   1.0960069e-02
   5.7300000e+01  -1.9043576e-02   6.4506608e-03
   5.7400000e+01  -1.7487188e-02  -1.3633592e-02
   5.7500000e+01  -1.8571361e-02  -3.5682596e-02
   5.7600000e+01  -2.8074400e-02  -4.0828885e-02
   5.7700000e+01  -4.3308593e-02  -2.2377090e-02
   5.7800000e+01  -5.1789814e-02   5.8995453e-03
   5.7900000e+01  -4.2672889e-02   2.1465232e-02
   5.8000000e+01  -1.9564017e-02   1.4422314e-02
   5.8100000e+01   7.0190046e-04  -3.3921793e-03
   5.8200000e+01   3.5814687e-03  -1.1211524e-02
   5.8300000e+01  -9.5240302e-03  -4.3852464e-04
   5.8400000e+01  -2.3515947e-02   1.7696674e-02
   5.8500000e+01  -2.4339930e-02   2.4636884e-02
   5.8600000e+01  -1.0856067e-02   1.3318695e-02
   5.8700000e+01   6.1628431e-03  -5.2712297e-03
   5.8800000e+01   1.4309261e-02  -1.2964344e-02
   5.8900000e+01   9.0215198e-03  -1.4907614e-03
   5.9000000e+01  -3.8998603e-03   2.0017858e-02
   5.9100000e+01  -1.2646787e-02   3.3624445e-02
   5.9200000e+01  -7.6635751e-03   2.9462523e-02
   5.9300000e+01   1.0484128e-02   1.5305821e-02
   5.9400000e+01   2.9444079e-02   9.1097501e-03
   5.9500000e+01   3.3308064e-02   2.0748829e-02
   5.9600000e+01   1.6173515e-02   4.0982700e-02
   5.9700000e+01  -1.0959680e-02   5.0017118e-02
   5.9800000e+01  -2.8111656e-02   3.8071329e-02
   5.9900000e+01  -2.3049454e-02   1.6419180e-02
   6.0000000e+01  -1.0990832e-03   6.1754433e-03
   6.0100000e+01   2.1076793e-02   1.6080996e-02
   6.0200000e+01   3.0607131e-02   3.3437818e-02
   6.0300000e+01   2.7449843e-02   3.8420133e-02
   6.0400000e+01   2.0589514e-02   2.5825496e-02
   6.0500000e+01   1.8068291e-02   9.8168962e-03
   6.0600000e+01   2.1258213e-02   6.7969678e-03
   6.0700000e+01   2.6502634e-02   1.6765813e-02
   6.0800000e+01   2.9700211e-02   2.4682561e-02
   6.0900000e+01   2.9204609e-02   1.9221425e-02
   6.1000000e+01   2.6418801e-02   5.9753736e-03
   6.1100000e+01   2.5119155e-02  -2.1300091e-04
   6.1200000e+01   2.9267549e-02   6.3777952e-03
   6.1300000e+01   3.9175433e-02   1.5580269e-02
   6.1400000e+01   4.8808743e-02   1.3595727e-02
   6.1500000e+01   4.8532210e-02  -8.5572907e-04
   6.1600000e+01   3.3521692e-02  -1.5065003e-02
   6.1700000e+01   1.0951230e-02  -1.6376561e-02
   6.1800000e+01  -2.9668308e-03  -5.7524991e-03
   6.1900000e+01   3.0770879e-03   3.1472274e-03
   6.2000000e+01   2.2177311e-02  -2.4065027e-03
   6.2100000e+01   3.1484463e-02  -2.1415827e-02
   6.2200000e+01   1.2031346e-02  -3.8692529e-02
   6.2300000e+01  -3.0949368e-02  -3.7069325e-02
   6.2400000e+01  -6.8587335e-02  -1.2510789e-02
   6.2500000e+01  -7.2359106e-02   2.0139457e-02
   6.2600000e+01  -3.9608917e-02   3.6600290e-02
   6.2700000e+01   4.1804492e-03   2.1814108e-02
   6.2800000e+01   2.7675663e-02  -1.6891869e-02
   6.2900000e+01   1.7717638e-02  -5.3986928e-02
   6.3000000e+01  -1.5895509e-02  -6.4925163e-02
   6.3100000e+01  -5.2964565e-02  -4.4562847e-02
   6.3200000e+01  -7.6046747e-02  -9.5118679e-03
   6.3300000e+01  -7.5453982e-02   1.6392464e-02
   6.3400000e+01  -5.1191667e-02   1.9957741e-02
   6.3500000e+01  -1.5447395e-02   5.4306876e-03
   6.3600000e+01   1.1395722e-02  -1.2617182e-02
   6.3700000e+01   1.5631881e-02  -2.1882413e-02
   6.3800000e+01   3.5333162e-03  -2.0370332e-02
   6.3900000e+01  -4.6233424e-03  -1.5743675e-02
   6.4000000e+01   2.9730178e-03  -1.7922930e-02
   6.4100000e+01   1.5950916e-02  -3.0169591e-02
   6.4200000e+01   1.4404403e-02  -4.5177971e-02
   6.4300000e+01  -6.1807082e-03  -5.0627085e-02
   6.4400000e+01  -2.7637615e-02  -4.1105757e-02
   6.4500000e+01  -2.8255216e-02  -2.5212133e-02
   6.4600000e+01  -5.6552112e-03  -1.8556489e-02
   6.4700000e+01   2.2049446e-02  -2.7560769e-02
   6.4800000e+01   3.5393377e-02  -4.1086636e-02
   6.4900000e+01   3.0159337e-02  -4.0747992e-02
   6.5000000e+01   1.6159625e-02  -2.0214538e-02
   6.5100000e+01   4.6944241e-03   7.7149219e-03
   6.5200000e+01  -3.6135406e-04   2.4674121e-02
   6.5300000e+01  -2.2287565e-03   2.5726807e-02
   6.5400000e+01  -6.1831042e-03   2.2180440e-02
   6.5500000e+01  -1.4702512e-02   2.5747416e-02
   6.5600000e+01  -2.4529459e-02   3.3791349e-02
   6.5700000e+01  -2.7554093e-02   3.3809510e-02
   6.5800000e+01  -1.7069884e-02   2.1483788e-02
   6.5900000e+01   4.4572413e-03   9.3688895e-03
   6.6000000e+01   2.4310946e-02   1.4069355e-02
   6.6100000e+01   2.8308861e-02   3.6174821e-02
   6.6200000e+01   1.2169139e-02   5.7128005e-02
   6.6300000e+01  -1.5115784e-02   5.7816552e-02
   6.6400000e+01  -3.8500535e-02   3.8094962e-02
   6.6500000e+01  -4.7584698e-02   1.5691507e-02
   6.6600000e+01  -4.2212533e-02   7.3735727e-03
   6.6700000e+01  -3.0280577e-02   1.4332714e-02
   6.6800000e+01  -2.0901729e-02   2.5402574e-02
   6.6900000e+01  -1.8101006e-02   2.9635570e-02
   6.7000000e+01  -1.9241838e-02   2.2918952e-02
   6.7100000e+01  -1.9077228e-02   6.5359746e-03
   6.7200000e+01  -1.5531762e-02  -1.3917448e-02
   6.7300000e+01  -1.1196354e-02  -2.7750264e-02
   6.7400000e+01  -8.9129471e-03  -2.4490972e-02
   6.7500000e+01  -7.0276764e-03  -5.8747989e-03
   6.7600000e+01  -8.1377548e-04   1.0108594e-02
   6.7700000e+01   1.1162717e-02   4.3247016e-03
   6.7800000e+01   2.3877133e-02  -2.2007221e-02
   6.7900000e+01   3.0424191e-02  -4.5423033e-02
   6.8000000e+01   2.8775240e-02  -4.3949063e-02
   6.8100000e+01   2.2166485e-02  -2.0942490e-02
   6.8200000e+01   1.3429080e-02  -1.0916161e-03
   6.8300000e+01   2.3335222e-03  -2.7423155e-03
   6.8400000e+01  -9.3448873e-03  -1.8397740e-02
   6.8500000e+01  -1.2896956e-02  -2.4846572e-02
   6.8600000e+01   1.6106086e-03  -9.8189179e-03
   6.8700000e+01   3.2186360e-02   1.4950243e-02
   6.8800000e+01   6.0717129e-02   2.6713394e-02
   6.8900000e+01   6.7117283e-02   1.4954855e-02
   6.9000000e+01   4.9289504e-02  -8.6429972e-03
   6.9100000e+01   2.6379429e-02  -2.1127074e-02
   6.9200000e+01   1.9682056e-02  -8.5746132e-03
   6.9300000e+01   3.1105294e-02   2.1616919e-02
   6.9400000e+01   4.2735670e-02   4.6152101e-02
   6.9500000e+01   3.7598474e-02   4.5075282e-02
   6.9600000e+01   1.8245078e-02   1.9466569e-02
   6.9700000e+01   3.0616237e-03  -8.4966929e-03
   6.9800000e+01   5.4397926e-03  -1.5031908e-02
   6.9900000e+01   1.9241768e-02   3.3029710e-03
   7.0000000e+01   2.6107857e-02   2.6421674e-02
   7.0100000e+01   1.6252568e-02   2.9621236e-02
   7.0200000e+01   2.3969245e-04   5.9357929e-03
   7.0300000e+01  -1.3589220e-03  -2.8954398e-02
   7.0400000e+01   1.9309429e-02  -5.1328198e-02
   7.0500000e+01   4.5619773e-02  -4.7832940e-02
   7.0600000e+01   4.9665641e-02  -2.2764481e-02
   7.0700000e+01   1.9820441e-02   7.4026411e-03
   7.0800000e+01  -2.4249945e-02   2.4912016e-02
   7.0900000e+01  -4.6310678e-02   2.0512867e-02
   7.1000000e+01  -2.6440265e-02  -1.3853730e-03
   7.1100000e+01   1.9162440e-02  -2.5074014e-02
   7.1200000e+01   5.1556744e-02  -3.3847148e-02
   7.1300000e+01   4.3335678e-02  -2.2156594e-02
   7.1400000e+01   1.0016166e-03   2.4966618e-04
   7.1500000e+01  -4.4412760e-02   1.6340424e-02
   7.1600000e+01  -6.6239346e-02   1.5187888e-02
   7.1700000e+01  -6.1422198e-02  -6.8591846e-04
   7.1800000e+01  -4.5121334e-02  -1.9027683e-02
   7.1900000e+01  -3.2217169e-02  -2.7464419e-02
   7.2000000e+01  -2.6653707e-02  -2.0187914e-02
   7.2100000e+01  -2.5344015e-02   1.8121993e-03
   7.2200000e+01  -2.6090497e-02   3.3287278e-02
   7.2300000e+01  -2.8675869e-02   6.5481686e-02
   7.2400000e+01  -3.1186650e-02   8.6213687e-02
   7.2500000e+01  -3.0393192e-02   8.4274401e-02
   7.2600000e+01  -2.7173368e-02   5.8309715e-02
   7.2700000e+01  -2.8091612e-02   2.1647599e-02
   7.2800000e+01  -3.7767536e-02  -5.3646045e-03
   7.2900000e+01  -5.0119881e-02  -1.1323834e-02
   7.3000000e+01  -5.1271754e-02  -2.4472596e-03
   7.3100000e+01  -3.4060942e-02   5.8134784e-03
   7.3200000e+01  -8.3959693e-03   5.1488635e-03
   7.3300000e+01   6.0760757e-03   3.1503135e-04
   7.3400000e+01  -1.1413536e-03  -9.7832155e-04
   7.3500000e+01  -2.1042655e-02  -2.0018067e-06
   7.3600000e+01  -3.4251970e-02  -4.9636551e-03
   7.3700000e+01  -2.9055476e-02  -1.7993435e-02
   7.3800000e+01  -9.5218362e-03  -2.8999021e-02
   7.3900000e+01   1.1700719e-02  -2.5750934e-02
   7.4000000e+01   2.4636285e-02  -8.7320042e-03
   7.4100000e+01   2.5876693e-02   7.1502065e-03
   7.4200000e+01   1.6382972e-02   6.2157547e-03
   7.4300000e+01   6.8561677e-04  -1.4173446e-02
   7.4400000e+01  -1.2049573e-02  -4.3078256e-02
   7.4500000e+01  -1.1425031e-02  -6.5983457e-02
   7.4600000e+01   5.4292970e-03  -7.3539648e-02
   7.4700000e+01   2.8786906e-02  -6.3972274e-02
   7.4800000e+01   4.2679785e-02  -4.3125301e-02
   7.4900000e+01   3.7874186e-02  -2.4001374e-02
   7.5000000e+01   1.8978291e-02  -2.0943755e-02
   7.5100000e+01  -2.6522109e-04  -3.7389738e-02
   7.5200000e+01  -7.8626218e-03  -5.8431159e-02
   7.5300000e+01  -1.5113843e-03  -6.0778757e-02
   7.5400000e+01   1.0704516e-02  -3.4808066e-02
   7.5500000e+01   1.6301229e-02   4.0376795e-03
   7.5600000e+01   8.0218460e-03   2.9187119e-02
   7.5700000e+01  -8.9980865e-03   2.8779209e-02
   7.5800000e+01  -1.9841393e-02   1.5126803e-02
   7.5900000e+01  -1.2580395e-02   7.9713235e-03
   7.6000000e+01   9.8901394e-03   1.2220767e-02
   7.6100000e+01   3.1813615e-02   1.6162490e-02
   7.6200000e+01   3.9445986e-02   1.0058577e-02
   7.6300000e+01   3.3313765e-02   5.2113170e-04
   7.6400000e+01   2.5099730e-02   2.9776870e-03
   7.6500000e+01   2.4025112e-02   2.2380879e-02
   7.6600000e+01   2.8664310e-02   4.5713594e-02
   7.6700000e+01   3.1805384e-02   5.4235501e-02
   7.6800000e+01   2.9937241e-02   4.0764418e-02
   7.6900000e+01   2.5237061e-02   1.4610950e-02
   7.7000000e+01   1.9474639e-02  -7.2048500e-03
   7.7100000e+01   1.0000850e-02  -1.1532783e-02
   7.7200000e+01  -5.5182079e-03   4.5132648e-03
   7.7300000e+01  -2.1488207e-02   3.2445744e-02
   7.7400000e+01  -2.5171148e-02   5.5682070e-02
   7.7500000e+01  -8.2271272e-03   5.8397642e-02
   7.7600000e+01   2.1993042e-02   3.7061775e-02
   7.7700000e+01   4.4687096e-02   4.9166653e-03
   7.7800000e+01   4.1982235e-02  -1.7650199e-02
   7.7900000e+01   1.4950073e-02  -2.0258741e-02
   7.8000000e+01  -1.6667156e-02  -1.0987712e-02
   7.8100000e+01  -3.1918105e-02  -7.1946077e-03
   7.8200000e+01  -2.7081743e-02  -1.7558001e-02
   7.8300000e+01  -1.7143935e-02  -3.3252057e-02
   7.8400000e+01  -1.8723063e-02  -3.6658683e-02
   7.8500000e+01  -3.1612048e-02  -1.8316847e-02
   7.8600000e+01  -3.8167211e-02   1.4536116e-02
   7.8700000e+01  -2.2061540e-02   4.4783648e-02
   7.8800000e+01   1.2325636e-02   5.9231044e-02
   7.8900000e+01   4.0377409e-02   5.6115707e-02
   7.9000000e+01   3.8543502e-02   4.1885735e-02
   7.9100000e+01   6.2339673e-03   2.3774117e-02
   7.9200000e+01  -3.2846480e-02   6.0881316e-03
   7.9300000e+01  -5.0809840e-02  -8.7661953e-03
   7.9400000e+01  -3.7820919e-02  -1.8614932e-02
   7.9500000e+01  -7.0109230e-03  -2.1773651e-02
   7.9600000e+01   1.9443239e-02  -1.8289120e-02
   7.9700000e+01   2.8096867e-02  -1.0619333e-02
   7.9800000e+01   2.0647647e-02  -3.1006999e-03
   7.9900000e+01   6.6064375e-03   3.9592046e-04
   8.0000000e+01  -7.7463798e-03  -2.2569078e-04
