   1.0221618e+02   2.8602761e+01   2.5212700e+03
   1.0219775e+02   2.8115874e+01   1.8628500e+03
   0.0000000e+00  -5.9229780e-01  -5.9229780e-01
   1.0000000e-01  -6.2269326e-01  -5.4945897e-01
   2.0000000e-01  -6.6104849e-01  -4.8116760e-01
   3.0000000e-01  -7.1968657e-01  -3.9324758e-01
   4.0000000e-01  -7.9292666e-01  -3.0518583e-01
   5.0000000e-01  -8.5715778e-01  -2.2987846e-01
   6.0000000e-01  -8.8426636e-01  -1.6076901e-01
   7.0000000e-01  -8.6371847e-01  -8.5123817e-02
   8.0000000e-01  -8.1443422e-01  -9.1010532e-03
   9.0000000e-01  -7.6977836e-01   4.0780722e-02
   1.0000000e+00  -7.4606029e-01   4.8999023e-02
   1.1000000e+00  -7.2698697e-01   3.8747785e-02
   1.2000000e+00  -6.8115158e-01   5.6686077e-02
   1.3000000e+00  -5.9204488e-01   1.2630935e-01
   1.4000000e+00  -4.6796863e-01   2.2285789e-01
   1.5000000e+00  -3.2718327e-01   2.9862593e-01
   1.6000000e+00  -1.8217531e-01   3.2789486e-01
   1.7000000e+00  -3.9403579e-02   3.2227889e-01
   1.8000000e+00   9.5610546e-02   3.0937050e-01
   1.9000000e+00   2.2205429e-01   3.0898208e-01
   2.0000000e+00   3.4959910e-01   3.2989010e-01
   2.1000000e+00   4.9013889e-01   3.7343885e-01
   2.2000000e+00   6.3952279e-01   4.2721788e-01
   2.3000000e+00   7.7291952e-01   4.6178648e-01
   2.4000000e+00   8.6467238e-01   4.5132476e-01
   2.5000000e+00   9.1259331e-01   4.0484625e-01
   2.6000000e+00   9.3879883e-01   3.6774100e-01
   2.7000000e+00   9.6561714e-01   3.8077854e-01
   2.8000000e+00   9.9295401e-01   4.3679741e-01
   2.9000000e+00   1.0000000e+00   4.8479599e-01
   3.0000000e+00   9.6632236e-01   4.8022534e-01
   3.1000000e+00   8.8902203e-01   4.2840461e-01
   3.2000000e+00   7.8182602e-01   3.7598367e-01
   3.3000000e+00   6.6321179e-01   3.6233478e-01
   3.4000000e+00   5.4798714e-01   3.8305783e-01
   3.5000000e+00   4.4555539e-01   3.9971561e-01
   3.6000000e+00   3.5763696e-01   3.7934305e-01
   3.7000000e+00   2.7397651e-01   3.2147047e-01
   3.8000000e+00   1.7620346e-01   2.5142965e-01
   3.9000000e+00   5.5454582e-02   1.9482679e-01
   4.0000000e+00  -7.1169632e-02   1.5902002e-01
   4.1000000e+00  -1.6834030e-01   1.3169146e-01
   4.2000000e+00  -2.1414197e-01   9.1683375e-02
   4.3000000e+00  -2.2400191e-01   2.5558021e-02
   4.4000000e+00  -2.3775310e-01  -5.8257152e-02
   4.5000000e+00  -2.8051646e-01  -1.3188700e-01
   4.6000000e+00  -3.3914087e-01  -1.7301444e-01
   4.7000000e+00  -3.7894426e-01  -1.9129512e-01
   4.8000000e+00  -3.8010098e-01  -2.2264006e-01
   4.9000000e+00  -3.5371002e-01  -2.8951362e-01
   5.0000000e+00  -3.2465008e-01  -3.7032582e-01
   5.1000000e+00  -3.0550322e-01  -4.1761939e-01
   5.2000000e+00  -2.9009651e-01  -4.0842570e-01
   5.3000000e+00  -2.6830326e-01  -3.6993292e-01
   5.4000000e+00  -2.4151052e-01  -3.5188007e-01
   5.5000000e+00  -2.2246967e-01  -3.7768503e-01
   5.6000000e+00  -2.2213295e-01  -4.2497741e-01
   5.7000000e+00  -2.3735011e-01  -4.4873334e-01
   5.8000000e+00  -2.5032703e-01  -4.1953847e-01
   5.9000000e+00  -2.4081600e-01  -3.4592711e-01
   6.0000000e+00  -2.0265564e-01  -2.6919418e-01
   6.1000000e+00  -1.5198441e-01  -2.3501870e-01
   6.2000000e+00  -1.1901902e-01  -2.5830210e-01
   6.3000000e+00  -1.2769832e-01  -3.0843679e-01
   6.4000000e+00  -1.7796876e-01  -3.3330006e-01
   6.5000000e+00  -2.4389038e-01  -3.0441576e-01
   6.6000000e+00  -2.8876373e-01  -2.3918027e-01
   6.7000000e+00  -2.8740243e-01  -1.7805403e-01
   6.8000000e+00  -2.4251114e-01  -1.4448613e-01
   6.9000000e+00  -1.8489394e-01  -1.3117237e-01
   7.0000000e+00  -1.5406166e-01  -1.1947286e-01
   7.1000000e+00  -1.6856637e-01  -1.0056351e-01
   7.2000000e+00  -2.0859751e-01  -7.5008446e-02
   7.3000000e+00  -2.3015651e-01  -4.2061466e-02
   7.4000000e+00  -2.0309386e-01   3.1956487e-04
   7.5000000e+00  -1.3770656e-01   4.6414968e-02
   7.6000000e+00  -7.1661415e-02   8.2113378e-02
   7.7000000e+00  -3.0787863e-02   9.7230718e-02
   7.8000000e+00  -7.3563109e-03   9.6699763e-02
   7.9000000e+00   2.1669413e-02   9.8402665e-02
   8.0000000e+00   6.3251048e-02   1.2014205e-01
   8.1000000e+00   1.0532718e-01   1.6561234e-01
   8.2000000e+00   1.4312464e-01   2.1823982e-01
   8.3000000e+00   1.9321244e-01   2.5019574e-01
   8.4000000e+00   2.6942093e-01   2.4604609e-01
   8.5000000e+00   3.5043472e-01   2.2232877e-01
   8.6000000e+00   3.8815518e-01   2.1744334e-01
   8.7000000e+00   3.5693064e-01   2.5316260e-01
   8.8000000e+00   2.8741217e-01   3.0709737e-01
   8.9000000e+00   2.4113872e-01   3.3208246e-01
   9.0000000e+00   2.5139118e-01   3.0591990e-01
   9.1000000e+00   2.9551365e-01   2.5518878e-01
   9.2000000e+00   3.2489825e-01   2.2470243e-01
   9.3000000e+00   3.1272049e-01   2.2856273e-01
   9.4000000e+00   2.6775217e-01   2.3886403e-01
   9.5000000e+00   2.1129245e-01   2.2049602e-01
   9.6000000e+00   1.5471488e-01   1.6806357e-01
   9.7000000e+00   1.0070106e-01   1.0598452e-01
   9.8000000e+00   5.3472014e-02   5.9403058e-02
   9.9000000e+00   1.7276389e-02   3.0847553e-02
   1.0000000e+01  -1.1426196e-02   2.6658565e-03
   1.0100000e+01  -3.9774933e-02  -4.2109917e-02
   1.0200000e+01  -6.3938006e-02  -9.9358558e-02
   1.0300000e+01  -6.5963572e-02  -1.4067161e-01
   1.0400000e+01  -3.1768720e-02  -1.3513799e-01
   1.0500000e+01   2.8821372e-02  -8.3750929e-02
   1.0600000e+01   8.4934942e-02  -3.2597348e-02
   1.0700000e+01   1.0989942e-01  -3.9996077e-02
   1.0800000e+01   1.0320274e-01  -1.1981723e-01
   1.0900000e+01   8.7590535e-02  -2.1954295e-01
   1.1000000e+01   8.6178147e-02  -2.6401599e-01
   1.1100000e+01   1.0345373e-01  -2.2498960e-01
   1.1200000e+01   1.2712080e-01  -1.4458911e-01
   1.1300000e+01   1.4447524e-01  -8.9429779e-02
   1.1400000e+01   1.5293267e-01  -8.6199366e-02
   1.1500000e+01   1.5425449e-01  -1.0426829e-01
   1.1600000e+01   1.4359927e-01  -9.5217320e-02
   1.1700000e+01   1.1091761e-01  -4.1716406e-02
   1.1800000e+01   5.4861340e-02   3.1354563e-02
   1.1900000e+01  -8.9598810e-03   8.5168897e-02
   1.2000000e+01  -5.7812063e-02   1.0080796e-01
   1.2100000e+01  -8.0002473e-02   8.9254498e-02
   1.2200000e+01  -8.2833101e-02   7.5865881e-02
   1.2300000e+01  -8.5698599e-02   7.8288705e-02
   1.2400000e+01  -1.0792003e-01   9.6641971e-02
   1.2500000e+01  -1.5850739e-01   1.2009750e-01
   1.2600000e+01  -2.2882093e-01   1.3913195e-01
   1.2700000e+01  -2.9382199e-01   1.5021168e-01
   1.2800000e+01  -3.2976022e-01   1.5110037e-01
   1.2900000e+01  -3.3834369e-01   1.3733803e-01
   1.3000000e+01  -3.4897320e-01   1.0817939e-01
   1.3100000e+01  -3.8724444e-01   7.5142969e-02
   1.3200000e+01  -4.4051385e-01   5.8355670e-02
   1.3300000e+01  -4.6373283e-01   6.8512779e-02
   1.3400000e+01  -4.2481216e-01   9.2094123e-02
   1.3500000e+01  -3.3924408e-01   9.8625207e-02
   1.3600000e+01  -2.5408540e-01   6.6476611e-02
   1.3700000e+01  -2.0119151e-01   2.7189857e-03
   1.3800000e+01  -1.7332884e-01  -6.2456301e-02
   1.3900000e+01  -1.4452766e-01  -1.0084530e-01
   1.4000000e+01  -1.0346125e-01  -1.0724116e-01
   1.4100000e+01  -6.1181201e-02  -9.9480305e-02
   1.4200000e+01  -3.2561331e-02  -1.0111903e-01
   1.4300000e+01  -1.9623929e-02  -1.2331290e-01
   1.4400000e+01  -1.3238261e-02  -1.5963400e-01
   1.4500000e+01  -3.3272084e-03  -1.9553173e-01
   1.4600000e+01   1.6601058e-02  -2.2272450e-01
   1.4700000e+01   4.9466367e-02  -2.4505919e-01
   1.4800000e+01   9.1536155e-02  -2.7010276e-01
   1.4900000e+01   1.2931665e-01  -2.9546561e-01
   1.5000000e+01   1.4638255e-01  -3.0596431e-01
   1.5100000e+01   1.3829764e-01  -2.8676448e-01
   1.5200000e+01   1.1895638e-01  -2.3913849e-01
   1.5300000e+01   1.0793650e-01  -1.8188699e-01
   1.5400000e+01   1.1159966e-01  -1.3779358e-01
   1.5500000e+01   1.2037570e-01  -1.1972789e-01
   1.5600000e+01   1.2534859e-01  -1.2674980e-01
   1.5700000e+01   1.3225574e-01  -1.4656757e-01
   1.5800000e+01   1.5375324e-01  -1.5853503e-01
   1.5900000e+01   1.8931588e-01  -1.4044901e-01
   1.6000000e+01   2.1946065e-01  -8.2333061e-02
   1.6100000e+01   2.2370077e-01   3.1050880e-03
   1.6200000e+01   2.0167175e-01   8.7982590e-02
   1.6300000e+01   1.7268703e-01   1.5087233e-01
   1.6400000e+01   1.5515574e-01   1.8985806e-01
   1.6500000e+01   1.5018669e-01   2.1402923e-01
   1.6600000e+01   1.4633476e-01   2.2823157e-01
   1.6700000e+01   1.3670242e-01   2.3268056e-01
   1.6800000e+01   1.2707089e-01   2.3446522e-01
   1.6900000e+01   1.2656741e-01   2.4845692e-01
   1.7000000e+01   1.3338151e-01   2.8093176e-01
   1.7100000e+01   1.3373261e-01   3.1755624e-01
   1.7200000e+01   1.1712731e-01   3.3490704e-01
   1.7300000e+01   9.1085448e-02   3.2302474e-01
   1.7400000e+01   7.6233135e-02   2.9141636e-01
   1.7500000e+01   8.3642335e-02   2.5425378e-01
   1.7600000e+01   9.9286994e-02   2.1738984e-01
   1.7700000e+01   9.6491626e-02   1.8168672e-01
   1.7800000e+01   6.5615622e-02   1.4991079e-01
   1.7900000e+01   2.6993016e-02   1.2212754e-01
   1.8000000e+01   1.0058927e-02   8.9315927e-02
   1.8100000e+01   2.1731755e-02   4.3410978e-02
   1.8200000e+01   4.0841654e-02  -4.5343811e-03
   1.8300000e+01   4.3858137e-02  -2.7597743e-02
   1.8400000e+01   2.9641599e-02  -1.3621215e-02
   1.8500000e+01   1.4794941e-02   1.2218704e-02
   1.8600000e+01   9.6445675e-03   6.8519881e-03
   1.8700000e+01   7.1493507e-03  -4.5670764e-02
   1.8800000e+01  -3.4366681e-03  -1.1550026e-01
   1.8900000e+01  -1.9089609e-02  -1.5839756e-01
   1.9000000e+01  -2.4897372e-02  -1.6231646e-01
   1.9100000e+01  -1.1584271e-02  -1.5702508e-01
   1.9200000e+01   1.3154929e-02  -1.7797162e-01
   1.9300000e+01   3.0586925e-02  -2.2632520e-01
   1.9400000e+01   2.5166934e-02  -2.6847032e-01
   1.9500000e+01  -6.0202065e-03  -2.7313085e-01
   1.9600000e+01  -5.2324920e-02  -2.4416723e-01
   1.9700000e+01  -9.5169483e-02  -2.1344600e-01
   1.9800000e+01  -1.1875144e-01  -2.0282613e-01
   1.9900000e+01  -1.2112133e-01  -1.9931216e-01
   2.0000000e+01  -1.1610500e-01  -1.7278490e-01
   2.0100000e+01  -1.2236374e-01  -1.1483126e-01
   2.0200000e+01  -1.4975100e-01  -4.9866018e-02
   2.0300000e+01  -1.9561793e-01  -3.9025592e-03
   2.0400000e+01  -2.4968658e-01   2.7480869e-02
   2.0500000e+01  -2.9696378e-01   6.7525203e-02
   2.0600000e+01  -3.1860055e-01   1.1817186e-01
   2.0700000e+01  -3.0149166e-01   1.4919463e-01
   2.0800000e+01  -2.5506561e-01   1.3682539e-01
   2.0900000e+01  -2.1341331e-01   1.0184919e-01
   2.1000000e+01  -2.0944607e-01   9.2705277e-02
   2.1100000e+01  -2.4325092e-01   1.3097561e-01
   2.1200000e+01  -2.8116189e-01   1.8754011e-01
   2.1300000e+01  -2.8893150e-01   2.1761070e-01
   2.1400000e+01  -2.6173236e-01   2.0741079e-01
   2.1500000e+01  -2.1964894e-01   1.7630517e-01
   2.1600000e+01  -1.8091611e-01   1.4200158e-01
   2.1700000e+01  -1.4723069e-01   1.0123097e-01
   2.1800000e+01  -1.1132674e-01   4.7189818e-02
   2.1900000e+01  -6.7542431e-02  -9.7462075e-03
   2.2000000e+01  -1.2142075e-02  -5.1442579e-02
   2.2100000e+01   5.6606490e-02  -7.6432414e-02
   2.2200000e+01   1.3001767e-01  -1.0126959e-01
   2.2300000e+01   1.8593662e-01  -1.3519074e-01
   2.2400000e+01   2.0597993e-01  -1.6431006e-01
   2.2500000e+01   1.9873295e-01  -1.6920244e-01
   2.2600000e+01   1.9775577e-01  -1.5283413e-01
   2.2700000e+01   2.2961076e-01  -1.3993467e-01
   2.2800000e+01   2.8512919e-01  -1.4622873e-01
   2.2900000e+01   3.2567913e-01  -1.5645785e-01
   2.3000000e+01   3.1696871e-01  -1.4019148e-01
   2.3100000e+01   2.5607185e-01  -8.7293990e-02
   2.3200000e+01   1.7099691e-01  -2.1058963e-02
   2.3300000e+01   1.0061645e-01   2.5136645e-02
   2.3400000e+01   7.2135029e-02   3.9545108e-02
   2.3500000e+01   8.6132712e-02   3.8588174e-02
   2.3600000e+01   1.1575289e-01   4.6918091e-02
   2.3700000e+01   1.2518511e-01   7.5975648e-02
   2.3800000e+01   9.8883768e-02   1.1897219e-01
   2.3900000e+01   5.6265740e-02   1.5855506e-01
   2.4000000e+01   3.4163218e-02   1.7689680e-01
   2.4100000e+01   5.1515067e-02   1.6563460e-01
   2.4200000e+01   9.1171763e-02   1.3413295e-01
   2.4300000e+01   1.1611259e-01   1.0703333e-01
   2.4400000e+01   1.0241573e-01   1.0559511e-01
   2.4500000e+01   5.8322968e-02   1.2645731e-01
   2.4600000e+01   1.6213531e-02   1.4114809e-01
   2.4700000e+01   7.7157127e-03   1.2067319e-01
   2.4800000e+01   4.1175588e-02   6.1308209e-02
   2.4900000e+01   9.6312154e-02  -1.4009955e-02
   2.5000000e+01   1.3969671e-01  -7.6764283e-02
   2.5100000e+01   1.4955002e-01  -1.1243122e-01
   2.5200000e+01   1.2885448e-01  -1.2292543e-01
   2.5300000e+01   9.5810668e-02  -1.1861886e-01
   2.5400000e+01   6.4604314e-02  -1.1241100e-01
   2.5500000e+01   3.9022820e-02  -1.1613509e-01
   2.5600000e+01   2.2075506e-02  -1.3364114e-01
   2.5700000e+01   2.1394265e-02  -1.5479548e-01
   2.5800000e+01   3.6722390e-02  -1.6149533e-01
   2.5900000e+01   4.5613457e-02  -1.4503221e-01
   2.6000000e+01   1.4242220e-02  -1.1768634e-01
   2.6100000e+01  -6.8215673e-02  -1.0403577e-01
   2.6200000e+01  -1.6756706e-01  -1.1811230e-01
   2.6300000e+01  -2.2532927e-01  -1.4729888e-01
   2.6400000e+01  -2.0856980e-01  -1.5790830e-01
   2.6500000e+01  -1.4183500e-01  -1.1958423e-01
   2.6600000e+01  -8.9303443e-02  -3.1692040e-02
   2.6700000e+01  -1.0247822e-01   6.8583260e-02
   2.6800000e+01  -1.7901867e-01   1.2763074e-01
   2.6900000e+01  -2.6541199e-01   1.1568191e-01
   2.7000000e+01  -2.9840264e-01   5.3803381e-02
   2.7100000e+01  -2.5236096e-01  -6.2337182e-04
   2.7200000e+01  -1.5857895e-01  -1.8776010e-03
   2.7300000e+01  -8.2235876e-02   4.6460868e-02
   2.7400000e+01  -7.1503841e-02   1.0073220e-01
   2.7500000e+01  -1.1688153e-01   1.2205518e-01
   2.7600000e+01  -1.5757313e-01   1.0939208e-01
   2.7700000e+01  -1.3529866e-01   8.9824884e-02
   2.7800000e+01  -4.9111593e-02   8.3625181e-02
   2.7900000e+01   4.2967821e-02   8.5650854e-02
   2.8000000e+01   7.9844395e-02   7.9800646e-02
   2.8100000e+01   5.4871188e-02   6.3579803e-02
   2.8200000e+01   1.6434221e-02   5.1916438e-02
   2.8300000e+01   1.4432228e-02   5.7914312e-02
   2.8400000e+01   5.2283582e-02   7.6115710e-02
   2.8500000e+01   9.2720850e-02   8.8988921e-02
   2.8600000e+01   1.0337677e-01   8.8089709e-02
   2.8700000e+01   8.8713916e-02   8.3653968e-02
   2.8800000e+01   7.8093985e-02   9.1091175e-02
   2.8900000e+01   9.0578102e-02   1.1142137e-01
   2.9000000e+01   1.1628295e-01   1.2958447e-01
   2.9100000e+01   1.2850291e-01   1.3136932e-01
   2.9200000e+01   1.0780820e-01   1.1671585e-01
   2.9300000e+01   5.4657845e-02   9.4135699e-02
   2.9400000e+01  -1.3798877e-02   6.7221673e-02
   2.9500000e+01  -7.3069940e-02   3.3240949e-02
   2.9600000e+01  -1.0131479e-01  -5.4524374e-03
   2.9700000e+01  -9.1505552e-02  -3.5175165e-02
   2.9800000e+01  -6.0860680e-02  -4.0250099e-02
   2.9900000e+01  -4.3003197e-02  -1.7691256e-02
   3.0000000e+01  -5.9106527e-02   1.7869726e-02
   3.0100000e+01  -9.2674173e-02   4.1621524e-02
   3.0200000e+01  -1.0083597e-01   3.2111701e-02
   3.0300000e+01  -5.9196158e-02  -1.4537849e-02
   3.0400000e+01   7.5345102e-03  -7.7366970e-02
   3.0500000e+01   4.9471334e-02  -1.2197818e-01
   3.0600000e+01   4.7617671e-02  -1.2953908e-01
   3.0700000e+01   3.5813298e-02  -1.1663301e-01
   3.0800000e+01   5.9226687e-02  -1.1832958e-01
   3.0900000e+01   1.1831220e-01  -1.4717332e-01
   3.1000000e+01   1.6766732e-01  -1.7651435e-01
   3.1100000e+01   1.7180948e-01  -1.7309077e-01
   3.1200000e+01   1.4816674e-01  -1.4153099e-01
   3.1300000e+01   1.4327812e-01  -1.2326408e-01
   3.1400000e+01   1.7184176e-01  -1.4686977e-01
   3.1500000e+01   1.9431572e-01  -1.8924996e-01
   3.1600000e+01   1.6111384e-01  -1.9619613e-01
   3.1700000e+01   7.1353630e-02  -1.4005395e-01
   3.1800000e+01  -2.1397915e-02  -5.0058100e-02
   3.1900000e+01  -6.1402217e-02   1.4691295e-02
   3.2000000e+01  -4.3318226e-02   1.7070885e-02
   3.2100000e+01  -1.3002859e-02  -3.1703719e-02
   3.2200000e+01  -2.2209275e-02  -8.6802644e-02
   3.2300000e+01  -8.4155150e-02  -1.0426198e-01
   3.2400000e+01  -1.6573192e-01  -6.8693745e-02
   3.2500000e+01  -2.1433099e-01  -1.2090027e-03
   3.2600000e+01  -1.9479822e-01   5.5104768e-02
   3.2700000e+01  -1.1397891e-01   6.5715394e-02
   3.2800000e+01  -1.9709072e-02   3.0912545e-02
   3.2900000e+01   2.9183164e-02  -1.5762795e-02
   3.3000000e+01   7.5281805e-03  -3.7597370e-02
   3.3100000e+01  -5.1105903e-02  -2.3857936e-02
   3.3200000e+01  -7.7969836e-02   1.0666933e-02
   3.3300000e+01  -2.9264169e-02   4.9418996e-02
   3.3400000e+01   7.0564042e-02   8.8729345e-02
   3.3500000e+01   1.4709942e-01   1.2768762e-01
   3.3600000e+01   1.4171187e-01   1.5358726e-01
   3.3700000e+01   6.2128247e-02   1.4904307e-01
   3.3800000e+01  -2.9151186e-02   1.1486665e-01
   3.3900000e+01  -7.2667641e-02   7.7614208e-02
   3.4000000e+01  -5.8309437e-02   6.7131189e-02
   3.4100000e+01  -2.2062943e-02   8.6501220e-02
   3.4200000e+01  -7.4699808e-03   1.0812651e-01
   3.4300000e+01  -3.3276987e-02   1.0227231e-01
   3.4400000e+01  -9.0310975e-02   6.9712062e-02
   3.4500000e+01  -1.5691430e-01   4.4143120e-02
   3.4600000e+01  -2.1128788e-01   5.8411328e-02
   3.4700000e+01  -2.3453698e-01   1.0574774e-01
   3.4800000e+01  -2.1395946e-01   1.3771304e-01
   3.4900000e+01  -1.5214858e-01   1.0795420e-01
   3.5000000e+01  -7.2268076e-02   2.1088389e-02
   3.5100000e+01  -6.7574516e-03  -6.6629471e-02
   3.5200000e+01   2.6419396e-02  -1.0018898e-01
   3.5300000e+01   3.7983321e-02  -7.7216139e-02
   3.5400000e+01   5.5147866e-02  -4.2858035e-02
   3.5500000e+01   9.3016239e-02  -3.7576534e-02
   3.5600000e+01   1.3894912e-01  -5.8605089e-02
   3.5700000e+01   1.6682281e-01  -7.3017052e-02
   3.5800000e+01   1.6548224e-01  -5.7918090e-02
   3.5900000e+01   1.5018940e-01  -2.0497530e-02
   3.6000000e+01   1.4600705e-01   1.4836889e-02
   3.6100000e+01   1.6349155e-01   2.8623635e-02
   3.6200000e+01   1.9218037e-01   1.7017916e-02
   3.6300000e+01   2.1305551e-01  -9.1016478e-03
   3.6400000e+01   2.1140026e-01  -3.1360238e-02
   3.6500000e+01   1.7986333e-01  -3.5987133e-02
   3.6600000e+01   1.1983667e-01  -2.3380512e-02
   3.6700000e+01   4.7084060e-02  -3.6600953e-03
   3.6800000e+01  -9.9112223e-03   1.7419900e-02
   3.6900000e+01  -2.9754372e-02   4.1583637e-02
   3.7000000e+01  -2.0824707e-02   6.4489462e-02
   3.7100000e+01  -1.7077489e-02   6.9462030e-02
   3.7200000e+01  -4.3772463e-02   4.7201025e-02
   3.7300000e+01  -8.9325149e-02   1.8516638e-02
   3.7400000e+01  -1.1750784e-01   2.1020049e-02
   3.7500000e+01  -1.0709412e-01   6.4877907e-02
   3.7600000e+01  -7.2320000e-02   1.1173374e-01
   3.7700000e+01  -4.1928130e-02   1.1078794e-01
   3.7800000e+01  -2.6047625e-02   5.4729616e-02
   3.7900000e+01  -1.2208022e-02  -1.0892769e-02
   3.8000000e+01   8.8946027e-03  -3.6591438e-02
   3.8100000e+01   2.5028407e-02  -1.8416409e-02
   3.8200000e+01   1.5577412e-02   6.7768210e-03
   3.8300000e+01  -2.2011703e-02   7.8747754e-03
   3.8400000e+01  -6.5971986e-02  -9.6795570e-03
   3.8500000e+01  -9.0449682e-02  -1.9681361e-02
   3.8600000e+01  -8.7993454e-02  -1.1380710e-02
   3.8700000e+01  -7.2067559e-02  -1.7777891e-03
   3.8800000e+01  -6.2006889e-02  -1.3382075e-02
   3.8900000e+01  -6.7732348e-02  -4.6493697e-02
   3.9000000e+01  -8.5653462e-02  -7.7821902e-02
   3.9100000e+01  -1.0475552e-01  -8.6009954e-02
   3.9200000e+01  -1.1558734e-01  -7.5133588e-02
   3.9300000e+01  -1.1475908e-01  -6.9408437e-02
   3.9400000e+01  -1.0198225e-01  -8.3914244e-02
   3.9500000e+01  -7.5208382e-02  -1.0443019e-01
   3.9600000e+01  -3.3716074e-02  -1.0168174e-01
   3.9700000e+01   1.1199983e-02  -6.6069766e-02
   3.9800000e+01   3.4258245e-02  -2.2414800e-02
   3.9900000e+01   1.5937678e-02  -5.1889253e-03
   4.0000000e+01  -3.0919656e-02  -2.1541774e-02
   4.0100000e+01  -6.1600384e-02  -4.5174406e-02
   4.0200000e+01  -3.8173032e-02  -4.7809020e-02
   4.0300000e+01   2.8925977e-02  -3.0862771e-02
   4.0400000e+01   8.4084073e-02  -2.1587272e-02
   4.0500000e+01   7.7631991e-02  -4.0654803e-02
   4.0600000e+01   1.4372953e-02  -7.8731413e-02
   4.0700000e+01  -5.0055009e-02  -1.0554157e-01
   4.0800000e+01  -5.9613564e-02  -9.8933197e-02
   4.0900000e+01  -4.6143573e-03  -6.4350407e-02
   4.1000000e+01   7.4381504e-02  -2.8256171e-02
   4.1100000e+01   1.1995372e-01  -1.3440080e-02
   4.1200000e+01   9.7432689e-02  -1.8845435e-02
   4.1300000e+01   1.7493933e-02  -2.2563537e-02
   4.1400000e+01  -6.6990806e-02  -5.7377680e-03
   4.1500000e+01  -9.2223874e-02   2.7162114e-02
   4.1600000e+01  -3.1740190e-02   5.5029074e-02
   4.1700000e+01   7.3706919e-02   6.6639965e-02
   4.1800000e+01   1.4136589e-01   7.3184320e-02
   4.1900000e+01   1.1756643e-01   8.8251369e-02
   4.2000000e+01   3.0662710e-02   1.0093503e-01
   4.2100000e+01  -3.2149354e-02   8.2268947e-02
   4.2200000e+01  -7.1410405e-03   2.3560832e-02
   4.2300000e+01   8.6415685e-02  -4.1543934e-02
   4.2400000e+01   1.6935477e-01  -6.5202711e-02
   4.2500000e+01   1.8102195e-01  -3.5028968e-02
   4.2600000e+01   1.3089832e-01   1.3352155e-02
   4.2700000e+01   7.6953106e-02   3.5602969e-02
   4.2800000e+01   6.3788291e-02   2.3115932e-02
   4.2900000e+01   8.7555011e-02   4.2403874e-03
   4.3000000e+01   1.1431337e-01   8.3154810e-03
   4.3100000e+01   1.1937346e-01   3.6405962e-02
   4.3200000e+01   1.0308783e-01   6.4195701e-02
   4.3300000e+01   7.6218918e-02   6.4242006e-02
   4.3400000e+01   4.2973485e-02   2.5248685e-02
   4.3500000e+01   3.1228073e-03  -3.9172815e-02
   4.3600000e+01  -3.6569199e-02  -9.3015294e-02
   4.3700000e+01  -6.3105241e-02  -9.5973311e-02
   4.3800000e+01  -7.1283318e-02  -3.2706488e-02
   4.3900000e+01  -7.1080005e-02   6.9710110e-02
   4.4000000e+01  -7.6801705e-02   1.5692320e-01
   4.4100000e+01  -9.1363708e-02   1.8548262e-01
   4.4200000e+01  -1.0499664e-01   1.5100626e-01
   4.4300000e+01  -1.0744752e-01   8.5435541e-02
   4.4400000e+01  -9.6577577e-02   3.2399145e-02
   4.4500000e+01  -7.6020408e-02   2.1658194e-02
   4.4600000e+01  -5.2009156e-02   5.4224762e-02
   4.4700000e+01  -3.6317848e-02   1.0207747e-01
   4.4800000e+01  -4.5245088e-02   1.2611975e-01
   4.4900000e+01  -8.4922135e-02   1.0645740e-01
   4.5000000e+01  -1.3568166e-01   6.0781162e-02
   4.5100000e+01  -1.5937526e-01   2.8406141e-02
   4.5200000e+01  -1.3071719e-01   3.1232632e-02
   4.5300000e+01  -6.2373575e-02   5.2620289e-02
   4.5400000e+01   4.5033307e-03   5.8848012e-02
   4.5500000e+01   3.6180961e-02   3.9040038e-02
   4.5600000e+01   3.2333643e-02   1.7061617e-02
   4.5700000e+01   1.7956331e-02   2.1828792e-02
   4.5800000e+01   1.3779760e-02   5.1044851e-02
   4.5900000e+01   1.7695502e-02   6.9857191e-02
   4.6000000e+01   1.4050275e-02   4.5664221e-02
   4.6100000e+01  -3.5778719e-03  -1.7868530e-02
   4.6200000e+01  -2.3697991e-02  -8.0824676e-02
   4.6300000e+01  -3.1977150e-02  -9.9384003e-02
   4.6400000e+01  -3.0650953e-02  -6.1000041e-02
   4.6500000e+01  -3.6325107e-02   6.0122802e-03
   4.6600000e+01  -5.6768190e-02   5.4456702e-02
   4.6700000e+01  -7.6720080e-02   5.3481968e-02
   4.6800000e+01  -7.5113140e-02   8.8030232e-03
   4.6900000e+01  -5.5030082e-02  -4.8121861e-02
   4.7000000e+01  -4.5400483e-02  -9.0651226e-02
   4.7100000e+01  -6.5757880e-02  -1.1712988e-01
   4.7200000e+01  -9.6169349e-02  -1.4156073e-01
   4.7300000e+01  -9.4613441e-02  -1.6813608e-01
   4.7400000e+01  -4.5923134e-02  -1.8125991e-01
   4.7500000e+01   1.6951851e-02  -1.6397152e-01
   4.7600000e+01   4.7266567e-02  -1.2279071e-01
   4.7700000e+01   3.3745536e-02  -8.8020440e-02
   4.7800000e+01   7.0094545e-03  -8.6861177e-02
   4.7900000e+01   7.5011416e-04  -1.1812861e-01
   4.8000000e+01   1.8972164e-02  -1.5490810e-01
   4.8100000e+01   4.4918302e-02  -1.7032021e-01
   4.8200000e+01   6.9899758e-02  -1.5926993e-01
   4.8300000e+01   1.0023130e-01  -1.3764851e-01
   4.8400000e+01   1.3843849e-01  -1.2438292e-01
   4.8500000e+01   1.7168679e-01  -1.2416408e-01
   4.8600000e+01   1.8580039e-01  -1.2355360e-01
   4.8700000e+01   1.8370867e-01  -1.0216373e-01
   4.8800000e+01   1.8120136e-01  -5.1419362e-02
   4.8900000e+01   1.8637825e-01   1.3567772e-02
   4.9000000e+01   1.9162723e-01   6.2633181e-02
   4.9100000e+01   1.8715489e-01   7.7021876e-02
   4.9200000e+01   1.7409690e-01   6.9289062e-02
   4.9300000e+01   1.5828126e-01   7.2030009e-02
   4.9400000e+01   1.3652650e-01   1.0192475e-01
   4.9500000e+01   9.9228376e-02   1.3741903e-01
   4.9600000e+01   4.7909577e-02   1.3951118e-01
   4.9700000e+01   1.3933994e-03   9.7631314e-02
   4.9800000e+01  -2.2482457e-02   4.9178206e-02
   4.9900000e+01  -2.7951252e-02   4.5673435e-02
   5.0000000e+01  -3.6568508e-02   9.8175209e-02
   5.0100000e+01  -6.0705076e-02   1.6128033e-01
   5.0200000e+01  -8.8299485e-02   1.7507446e-01
   5.0300000e+01  -9.7927459e-02   1.2179037e-01
   5.0400000e+01  -8.4988572e-02   3.9790666e-02
   5.0500000e+01  -6.7157810e-02  -1.4489940e-02
   5.0600000e+01  -6.4323919e-02  -1.3591749e-02
   5.0700000e+01  -7.8112182e-02   2.7931013e-02
   5.0800000e+01  -9.2937323e-02   7.4814779e-02
   5.0900000e+01  -9.3537084e-02   9.7034382e-02
   5.1000000e+01  -7.8118531e-02   8.0935512e-02
   5.1100000e+01  -5.5925651e-02   3.0200890e-02
   5.1200000e+01  -3.6214681e-02  -3.4885090e-02
   5.1300000e+01  -2.1909993e-02  -8.3644043e-02
   5.1400000e+01  -1.3152324e-02  -9.1791877e-02
   5.1500000e+01  -1.4027541e-02  -5.9381586e-02
   5.1600000e+01  -3.1367140e-02  -1.2523301e-02
   5.1700000e+01  -6.3421067e-02   1.5704000e-02
   5.1800000e+01  -9.1730766e-02   1.0219880e-02
   5.1900000e+01  -9.2276110e-02  -1.5237974e-02
   5.2000000e+01  -6.1128347e-02  -2.9465067e-02
   5.2100000e+01  -2.6198625e-02  -8.7948987e-03
   5.2200000e+01  -2.4843121e-02   4.2726820e-02
   5.2300000e+01  -6.6181624e-02   9.4552969e-02
   5.2400000e+01  -1.2017137e-01   1.1348732e-01
   5.2500000e+01  -1.4803080e-01   9.1167151e-02
   5.2600000e+01  -1.4035845e-01   5.0258296e-02
   5.2700000e+01  -1.2089177e-01   2.3405000e-02
   5.2800000e+01  -1.1595374e-01   2.5594087e-02
   5.2900000e+01  -1.2781809e-01   4.5608703e-02
   5.3000000e+01  -1.3861672e-01   6.0731026e-02
   5.3100000e+01  -1.3167014e-01   5.6869603e-02
   5.3200000e+01  -1.0272131e-01   3.6696962e-02
   5.3300000e+01  -5.5855830e-02   1.4050136e-02
   5.3400000e+01   5.3031020e-04   2.7758172e-03
   5.3500000e+01   5.1053817e-02   7.2540021e-03
   5.3600000e+01   7.5606798e-02   1.9519422e-02
   5.3700000e+01   6.4417865e-02   2.6331096e-02
   5.3800000e+01   3.2423395e-02   2.2158704e-02
   5.3900000e+01   1.3016291e-02   1.5059347e-02
   5.4000000e+01   3.2054063e-02   1.6951818e-02
   5.4100000e+01   8.5883520e-02   2.8104908e-02
   5.4200000e+01   1.4394927e-01   3.4899729e-02
   5.4300000e+01   1.7219332e-01   2.4743572e-02
   5.4400000e+01   1.5628679e-01   3.2253416e-04
   5.4500000e+01   1.0868974e-01  -2.3799113e-02
   5.4600000e+01   5.8732011e-02  -3.6904959e-02
   5.4700000e+01   3.3917256e-02  -4.1033585e-02
   5.4800000e+01   4.2759763e-02  -4.5167622e-02
   5.4900000e+01   7.0333690e-02  -5.4964822e-02
   5.5000000e+01   9.2784671e-02  -6.9514575e-02
   5.5100000e+01   1.0062708e-01  -8.4298043e-02
   5.5200000e+01   1.0664397e-01  -9.3806937e-02
   5.5300000e+01   1.2615091e-01  -9.2980539e-02
   5.5400000e+01   1.5062923e-01  -8.0399172e-02
   5.5500000e+01   1.5000872e-01  -6.1529952e-02
   5.5600000e+01   1.0770953e-01  -4.7002433e-02
   5.5700000e+01   4.8151328e-02  -4.6117992e-02
   5.5800000e+01   1.7806664e-02  -6.1686340e-02
   5.5900000e+01   3.4891705e-02  -8.9758589e-02
   5.6000000e+01   6.5422790e-02  -1.2164307e-01
   5.6100000e+01   5.7455659e-02  -1.4546294e-01
   5.6200000e+01  -2.3201772e-03  -1.4896344e-01
   5.6300000e+01  -7.3101601e-02  -1.2539447e-01
   5.6400000e+01  -1.0232051e-01  -7.9287061e-02
   5.6500000e+01  -7.7700022e-02  -2.6742795e-02
   5.6600000e+01  -3.3954852e-02   1.1344007e-02
   5.6700000e+01  -1.3297417e-02   2.0054723e-02
   5.6800000e+01  -2.6922869e-02  -1.3631477e-05
   5.6900000e+01  -5.4560718e-02  -3.0894108e-02
   5.7000000e+01  -7.2286920e-02  -4.7957232e-02
   5.7100000e+01  -7.3491748e-02  -3.8595281e-02
   5.7200000e+01  -6.6210727e-02  -1.2686100e-02
   5.7300000e+01  -5.9861362e-02   8.1014743e-03
   5.7400000e+01  -5.9107220e-02   1.3167778e-02
   5.7500000e+01  -6.5444012e-02   1.2407407e-02
   5.7600000e+01  -7.7295622e-02   2.0098695e-02
   5.7700000e+01  -8.7764197e-02   3.2634464e-02
   5.7800000e+01  -8.7483687e-02   2.9203347e-02
   5.7900000e+01  -7.3019692e-02  -2.8824274e-03
   5.8000000e+01  -5.0343679e-02  -4.8082280e-02
   5.8100000e+01  -2.7195862e-02  -7.3020754e-02
   5.8200000e+01  -3.6706487e-03  -5.7039703e-02
   5.8300000e+01   2.5351744e-02  -9.7564148e-03
   5.8400000e+01   5.7292133e-02   4.1282481e-02
   5.8500000e+01   7.5210751e-02   7.6514319e-02
   5.8600000e+01   5.9431583e-02   9.6405531e-02
   5.8700000e+01   9.2157858e-03   1.1179645e-01
   5.8800000e+01  -4.7126950e-02   1.2824943e-01
   5.8900000e+01  -6.7683627e-02   1.4179060e-01
   5.9000000e+01  -2.9584796e-02   1.4646772e-01
   5.9100000e+01   4.8133339e-02   1.4116860e-01
   5.9200000e+01   1.1559334e-01   1.2774320e-01
   5.9300000e+01   1.3294940e-01   1.0592946e-01
   5.9400000e+01   1.0472337e-01   7.4976319e-02
   5.9500000e+01   7.1322394e-02   4.1798542e-02
   5.9600000e+01   6.3984470e-02   2.4018591e-02
   5.9700000e+01   7.2263776e-02   3.8934346e-02
   5.9800000e+01   6.1979063e-02   8.5309908e-02
   5.9900000e+01   2.2138827e-02   1.3647082e-01
   6.0000000e+01  -1.7240698e-02   1.5602212e-01
   6.0100000e+01  -1.9212948e-02   1.2651493e-01
   6.0200000e+01   1.6245042e-02   6.6462030e-02
   6.0300000e+01   5.2108967e-02   1.7903470e-02
   6.0400000e+01   5.5397423e-02   1.1826898e-02
   6.0500000e+01   2.7713127e-02   4.0938756e-02
   6.0600000e+01  -7.1979247e-03   6.6182299e-02
   6.0700000e+01  -3.4730201e-02   5.3262293e-02
   6.0800000e+01  -5.7795817e-02   4.8865689e-03
   6.0900000e+01  -7.8777100e-02  -4.3529856e-02
   6.1000000e+01  -8.7703840e-02  -6.0139435e-02
   6.1100000e+01  -7.5857591e-02  -4.6616242e-02
   6.1200000e+01  -5.4904968e-02  -3.1234467e-02
   6.1300000e+01  -5.2070719e-02  -3.5841582e-02
   6.1400000e+01  -8.2762226e-02  -5.4771425e-02
   6.1500000e+01  -1.3148373e-01  -6.6652570e-02
   6.1600000e+01  -1.6339381e-01  -6.1716071e-02
   6.1700000e+01  -1.5476331e-01  -5.2995609e-02
   6.1800000e+01  -1.1140445e-01  -6.1623105e-02
   6.1900000e+01  -5.9288217e-02  -9.4190316e-02
   6.2000000e+01  -2.0875506e-02  -1.3443703e-01
   6.2100000e+01  -1.4442506e-03  -1.5526745e-01
   6.2200000e+01   6.1814332e-03  -1.4092664e-01
   6.2300000e+01   1.0255618e-02  -1.0306709e-01
   6.2400000e+01   1.5152282e-02  -7.6601764e-02
   6.2500000e+01   2.2340758e-02  -9.2755249e-02
   6.2600000e+01   3.0468071e-02  -1.4752894e-01
   6.2700000e+01   3.5535303e-02  -1.9685838e-01
   6.2800000e+01   3.6670786e-02  -1.9185701e-01
   6.2900000e+01   4.2407585e-02  -1.2580437e-01
   6.3000000e+01   6.3853069e-02  -4.3942998e-02
   6.3100000e+01   9.5762138e-02  -7.6564247e-04
   6.3200000e+01   1.0965077e-01  -7.4770371e-03
   6.3300000e+01   7.7200109e-02  -2.6525764e-02
   6.3400000e+01   4.3666542e-03  -1.7804088e-02
   6.3500000e+01  -6.5255543e-02   1.8211056e-02
   6.3600000e+01  -8.8489071e-02   4.8828058e-02
   6.3700000e+01  -6.2162827e-02   5.3283534e-02
   6.3800000e+01  -2.0009096e-02   4.5794955e-02
   6.3900000e+01   6.5301283e-03   5.2582258e-02
   6.4000000e+01   1.5660930e-02   7.7574261e-02
   6.4100000e+01   2.3228738e-02   1.0099813e-01
   6.4200000e+01   3.5226203e-02   1.0748352e-01
   6.4300000e+01   4.2083474e-02   1.0344219e-01
   6.4400000e+01   3.5553774e-02   1.0364646e-01
   6.4500000e+01   1.9125277e-02   1.1003786e-01
   6.4600000e+01  -6.6424461e-04   1.1196818e-01
   6.4700000e+01  -2.3053975e-02   1.0365131e-01
   6.4800000e+01  -4.6114335e-02   9.1969281e-02
   6.4900000e+01  -5.8126917e-02   8.4547461e-02
   6.5000000e+01  -4.7792993e-02   7.6245609e-02
   6.5100000e+01  -2.3302109e-02   5.3211127e-02
   6.5200000e+01  -9.7610564e-03   9.9985080e-03
   6.5300000e+01  -2.0315171e-02  -4.0276838e-02
   6.5400000e+01  -3.5960317e-02  -7.3805314e-02
   6.5500000e+01  -2.4162578e-02  -7.4366762e-02
   6.5600000e+01   2.2197183e-02  -4.6309670e-02
   6.5700000e+01   7.2771171e-02  -1.2264837e-02
   6.5800000e+01   9.0470513e-02   3.0856469e-03
   6.5900000e+01   6.8715693e-02  -7.8795065e-03
   6.6000000e+01   3.2736391e-02  -2.8530488e-02
   6.6100000e+01   8.1565703e-03  -3.0901647e-02
   6.6200000e+01  -2.2905040e-03  -1.0055932e-03
   6.6300000e+01  -9.0091429e-03   4.4571343e-02
   6.6400000e+01  -1.1932713e-02   6.8324092e-02
   6.6500000e+01   3.1458082e-03   4.3406075e-02
   6.6600000e+01   4.3987822e-02  -1.9618268e-02
   6.6700000e+01   9.4923565e-02  -7.7702365e-02
   6.6800000e+01   1.2645781e-01  -9.1504019e-02
   6.6900000e+01   1.2205774e-01  -6.0550067e-02
   6.7000000e+01   9.3206612e-02  -2.1895266e-02
   6.7100000e+01   6.7486332e-02  -1.1277287e-02
   6.7200000e+01   6.2664546e-02  -2.6137653e-02
   6.7300000e+01   7.2086393e-02  -3.1186150e-02
   6.7400000e+01   7.3830375e-02  -2.2849395e-03
   6.7500000e+01   5.3679313e-02   4.0157834e-02
   6.7600000e+01   2.0523894e-02   4.8818143e-02
   6.7700000e+01   1.2088939e-04   2.1282833e-03
   6.7800000e+01   1.1807274e-02  -6.5958047e-02
   6.7900000e+01   4.8171667e-02  -9.4418472e-02
   6.8000000e+01   7.7315440e-02  -5.3644352e-02
   6.8100000e+01   6.9114560e-02   2.6650982e-02
   6.8200000e+01   2.3795317e-02   8.6412200e-02
   6.8300000e+01  -2.5068710e-02   8.7848312e-02
   6.8400000e+01  -3.9564244e-02   4.0008974e-02
   6.8500000e+01  -1.2761593e-02  -1.9862745e-02
   6.8600000e+01   2.4478850e-02  -5.9935301e-02
   6.8700000e+01   3.2764199e-02  -6.9797151e-02
   6.8800000e+01   6.3667522e-04  -5.4778751e-02
   6.8900000e+01  -4.6332032e-02  -2.5797629e-02
   6.9000000e+01  -6.8958172e-02   4.0684117e-03
   6.9100000e+01  -4.6280776e-02   2.1164254e-02
   6.9200000e+01   8.4692330e-03   1.8054579e-02
   6.9300000e+01   5.3886352e-02   1.0758700e-03
   6.9400000e+01   4.3409124e-02  -1.2118113e-02
   6.9500000e+01  -4.2707741e-02  -6.5834135e-03
   6.9600000e+01  -1.7374977e-01   1.6744181e-02
   6.9700000e+01  -2.7797329e-01   4.2511309e-02
   6.9800000e+01  -2.9072485e-01   5.6237581e-02
   6.9900000e+01  -2.0691443e-01   5.7387888e-02
   7.0000000e+01  -8.8595395e-02   5.6040711e-02
   7.0100000e+01  -1.6207457e-02   5.7836051e-02
   7.0200000e+01  -2.6449135e-02   5.6786379e-02
   7.0300000e+01  -9.0755044e-02   4.6517928e-02
   7.0400000e+01  -1.4672547e-01   3.5205854e-02
   7.0500000e+01  -1.4909737e-01   4.0105625e-02
   7.0600000e+01  -9.9303638e-02   6.2350025e-02
   7.0700000e+01  -3.7349153e-02   7.4733990e-02
   7.0800000e+01  -7.2581377e-03   4.8054764e-02
   7.0900000e+01  -2.2347211e-02  -7.4651403e-03
   7.1000000e+01  -5.6430233e-02  -4.0503674e-02
   7.1100000e+01  -6.8611476e-02  -1.2980600e-02
   7.1200000e+01  -4.0063070e-02   4.6855706e-02
   7.1300000e+01   1.1627076e-02   6.3313067e-02
   7.1400000e+01   5.2633598e-02  -4.6143828e-03
   7.1500000e+01   6.4019336e-02  -1.0937697e-01
   7.1600000e+01   5.2370461e-02  -1.5759368e-01
   7.1700000e+01   3.5674789e-02  -1.0635333e-01
   7.1800000e+01   2.6192344e-02  -5.3045480e-03
   7.1900000e+01   2.7009656e-02   5.9486697e-02
   7.2000000e+01   3.6687779e-02   5.0770779e-02
   7.2100000e+01   4.9508736e-02   1.0972514e-03
   7.2200000e+01   5.2582662e-02  -3.8684093e-02
   7.2300000e+01   3.1217061e-02  -5.1569770e-02
   7.2400000e+01  -1.5881171e-02  -5.3086089e-02
   7.2500000e+01  -6.6738805e-02  -5.7351339e-02
   7.2600000e+01  -8.7118827e-02  -6.1619801e-02
   7.2700000e+01  -5.8059000e-02  -6.0678222e-02
   7.2800000e+01   4.2722087e-03  -6.0236564e-02
   7.2900000e+01   5.7828382e-02  -6.8502835e-02
   7.3000000e+01   6.8226512e-02  -8.1543592e-02
   7.3100000e+01   3.6852585e-02  -8.5470897e-02
   7.3200000e+01  -2.8288182e-03  -7.2082594e-02
   7.3300000e+01  -1.6501551e-02  -4.6734807e-02
   7.3400000e+01   2.9442839e-03  -2.1070691e-02
   7.3500000e+01   3.5398547e-02  -3.9048876e-03
   7.3600000e+01   5.6417963e-02  -7.5509749e-04
   7.3700000e+01   5.7905149e-02  -1.4902978e-02
   7.3800000e+01   5.0197074e-02  -4.1024966e-02
   7.3900000e+01   5.0267051e-02  -5.9944299e-02
   7.4000000e+01   6.9061060e-02  -4.9994734e-02
   7.4100000e+01   1.0463666e-01  -9.7733184e-03
   7.4200000e+01   1.4237350e-01   3.4878091e-02
   7.4300000e+01   1.6383890e-01   5.4321651e-02
   7.4400000e+01   1.6156229e-01   4.6126631e-02
   7.4500000e+01   1.4680688e-01   3.6885683e-02
   7.4600000e+01   1.3826336e-01   5.0794498e-02
   7.4700000e+01   1.3972866e-01   8.1437812e-02
   7.4800000e+01   1.3259296e-01   9.9366736e-02
   7.4900000e+01   9.6669229e-02   8.4510895e-02
   7.5000000e+01   3.8776480e-02   4.5304533e-02
   7.5100000e+01  -5.9845826e-03   7.5973737e-03
   7.5200000e+01  -7.3030042e-03  -7.0227326e-03
   7.5300000e+01   2.6763304e-02   9.7468383e-03
   7.5400000e+01   5.4054281e-02   5.4094887e-02
   7.5500000e+01   3.8728780e-02   1.0810074e-01
   7.5600000e+01  -1.3885241e-02   1.3980487e-01
   7.5700000e+01  -6.4361410e-02   1.2186626e-01
   7.5800000e+01  -7.9733827e-02   6.1139962e-02
   7.5900000e+01  -6.4387681e-02   3.3326849e-03
   7.6000000e+01  -5.0488697e-02  -5.3701962e-03
   7.6100000e+01  -6.1427226e-02   3.4956120e-02
   7.6200000e+01  -8.8955612e-02   7.6656567e-02
   7.6300000e+01  -1.0644243e-01   7.4051347e-02
   7.6400000e+01  -9.9661672e-02   2.9050765e-02
   7.6500000e+01  -7.9717060e-02  -1.7318222e-02
   7.6600000e+01  -6.6979727e-02  -3.2824599e-02
   7.6700000e+01  -6.8605622e-02  -2.3589309e-02
   7.6800000e+01  -7.5138224e-02  -1.6705883e-02
   7.6900000e+01  -7.4717920e-02  -2.5278050e-02
   7.7000000e+01  -6.3955200e-02  -3.8289440e-02
   7.7100000e+01  -4.5185663e-02  -3.9173097e-02
   7.7200000e+01  -2.0509975e-02  -2.4366982e-02
   7.7300000e+01   6.4733913e-03  -3.1731137e-03
   7.7400000e+01   2.6750725e-02   1.2777970e-02
   7.7500000e+01   3.0516959e-02   1.6499524e-02
   7.7600000e+01   1.6970036e-02   7.7497461e-03
   7.7700000e+01  -4.0547187e-03  -6.3876104e-03
   7.7800000e+01  -2.1121214e-02  -1.5150123e-02
   7.7900000e+01  -2.8755423e-02  -1.3083464e-02
   7.8000000e+01  -2.5895502e-02  -5.4050748e-03
   7.8100000e+01  -1.2886841e-02  -1.9861660e-03
   7.8200000e+01   5.2227743e-03  -7.5570771e-03
   7.8300000e+01   1.6536822e-02  -2.1296601e-02
   7.8400000e+01   1.1795941e-02  -4.3330591e-02
   7.8500000e+01  -2.5369721e-03  -7.3271537e-02
   7.8600000e+01  -7.4978026e-03  -9.9742289e-02
   7.8700000e+01   7.0820238e-03  -1.0033370e-01
   7.8800000e+01   2.7796635e-02  -6.2663987e-02
   7.8900000e+01   2.9804706e-02  -5.2825987e-03
   7.9000000e+01   3.7320839e-03   3.1646164e-02
   7.9100000e+01  -3.3027530e-02   2.2409342e-02
   7.9200000e+01  -5.1825665e-02  -1.9704896e-02
   7.9300000e+01  -3.6938416e-02  -5.6657875e-02
   7.9400000e+01   3.7597344e-03  -6.1985954e-02
   7.9500000e+01   4.5880753e-02  -4.0494355e-02
   7.9600000e+01   6.4878205e-02  -1.5918409e-02
   7.9700000e+01   5.2648123e-02  -5.8662683e-03
   7.9800000e+01   2.4078950e-02  -9.9667588e-03
   7.9900000e+01   3.3624053e-03  -1.7621608e-02
   8.0000000e+01  -1.7602905e-03  -2.2475183e-02
