   1.0221618e+02   2.8602761e+01   2.5212700e+03
   1.0218966e+02   2.8300241e+01   1.6507200e+03
   0.0000000e+00  -3.7114245e-01  -3.7114245e-01
   1.0000000e-01  -2.7338986e-01  -4.1352043e-01
   2.0000000e-01  -1.5809496e-01  -4.0090416e-01
   3.0000000e-01  -6.9767526e-02  -3.6936491e-01
   4.0000000e-01  -2.2053920e-02  -3.5809336e-01
   5.0000000e-01   1.2581407e-02  -3.7804500e-01
   6.0000000e-01   7.8068688e-02  -4.0870941e-01
   7.0000000e-01   1.9746096e-01  -4.2081788e-01
   8.0000000e-01   3.5465601e-01  -4.0051720e-01
   9.0000000e-01   5.0891480e-01  -3.5537408e-01
   1.0000000e+00   6.2826638e-01  -3.0381676e-01
   1.1000000e+00   7.1245628e-01  -2.6260162e-01
   1.2000000e+00   7.8562567e-01  -2.4204033e-01
   1.3000000e+00   8.6670760e-01  -2.4726715e-01
   1.4000000e+00   9.4712343e-01  -2.7926895e-01
   1.5000000e+00   9.9822661e-01  -3.3296768e-01
   1.6000000e+00   1.0000000e+00  -3.9482115e-01
   1.7000000e+00   9.6022971e-01  -4.4471866e-01
   1.8000000e+00   9.0501189e-01  -4.6481441e-01
   1.9000000e+00   8.5355520e-01  -4.5116450e-01
   2.0000000e+00   8.0513443e-01  -4.1769651e-01
   2.1000000e+00   7.4794365e-01  -3.8566213e-01
   2.2000000e+00   6.7352268e-01  -3.6606188e-01
   2.3000000e+00   5.7880758e-01  -3.5211598e-01
   2.4000000e+00   4.5911160e-01  -3.2924620e-01
   2.5000000e+00   3.0866900e-01  -2.9056540e-01
   2.6000000e+00   1.3293057e-01  -2.4103710e-01
   2.7000000e+00  -4.3526637e-02  -1.8917287e-01
   2.8000000e+00  -1.8905758e-01  -1.3914749e-01
   2.9000000e+00  -2.8952881e-01  -9.0495551e-02
   3.0000000e+00  -3.6043349e-01  -3.9672251e-02
   3.1000000e+00  -4.3205989e-01   2.0686013e-02
   3.2000000e+00  -5.2105253e-01   9.8280912e-02
   3.3000000e+00  -6.1573467e-01   1.9020165e-01
   3.4000000e+00  -6.8797720e-01   2.7766797e-01
   3.5000000e+00  -7.1849609e-01   3.4027931e-01
   3.6000000e+00  -7.1237190e-01   3.7846074e-01
   3.7000000e+00  -6.9372094e-01   4.1522755e-01
   3.8000000e+00  -6.8649440e-01   4.6973445e-01
   3.9000000e+00  -6.9653602e-01   5.3262439e-01
   4.0000000e+00  -7.0727276e-01   5.7505322e-01
   4.1000000e+00  -6.9286431e-01   5.8204467e-01
   4.2000000e+00  -6.4033632e-01   5.6918478e-01
   4.3000000e+00  -5.6189746e-01   5.6216480e-01
   4.4000000e+00  -4.8356106e-01   5.6509797e-01
   4.5000000e+00  -4.1936394e-01   5.5616651e-01
   4.6000000e+00  -3.5913997e-01   5.1407847e-01
   4.7000000e+00  -2.8522933e-01   4.4267461e-01
   4.8000000e+00  -1.9878517e-01   3.6695103e-01
   4.9000000e+00  -1.2222981e-01   3.0899843e-01
   5.0000000e+00  -7.3137285e-02   2.7189271e-01
   5.1000000e+00  -4.2399032e-02   2.4469781e-01
   5.2000000e+00  -5.7166157e-03   2.1650674e-01
   5.3000000e+00   4.5568613e-02   1.8205463e-01
   5.4000000e+00   9.4268269e-02   1.3689929e-01
   5.5000000e+00   1.2070000e-01   7.3995744e-02
   5.6000000e+00   1.2789349e-01  -1.0170401e-02
   5.7000000e+00   1.3521484e-01  -1.0611136e-01
   5.8000000e+00   1.5074708e-01  -1.9167147e-01
   5.9000000e+00   1.6183321e-01  -2.4621000e-01
   6.0000000e+00   1.5720354e-01  -2.6715635e-01
   6.1000000e+00   1.4897771e-01  -2.7275494e-01
   6.2000000e+00   1.6151093e-01  -2.8732225e-01
   6.3000000e+00   1.9920874e-01  -3.2269538e-01
   6.4000000e+00   2.3554847e-01  -3.7294200e-01
   6.5000000e+00   2.3967593e-01  -4.2476851e-01
   6.6000000e+00   2.0983991e-01  -4.6997725e-01
   6.7000000e+00   1.7571710e-01  -5.0708551e-01
   6.8000000e+00   1.6998372e-01  -5.3446279e-01
   6.9000000e+00   2.0152549e-01  -5.4697356e-01
   7.0000000e+00   2.5280065e-01  -5.4054140e-01
   7.1000000e+00   2.9461904e-01  -5.1649246e-01
   7.2000000e+00   3.0225338e-01  -4.7853549e-01
   7.3000000e+00   2.6804811e-01  -4.2771453e-01
   7.4000000e+00   2.0986643e-01  -3.6467122e-01
   7.5000000e+00   1.6590297e-01  -2.9653060e-01
   7.6000000e+00   1.6865000e-01  -2.3582385e-01
   7.7000000e+00   2.1405162e-01  -1.8860739e-01
   7.8000000e+00   2.5786783e-01  -1.4649961e-01
   7.9000000e+00   2.5086158e-01  -9.5819647e-02
   8.0000000e+00   1.8338999e-01  -3.4721167e-02
   8.1000000e+00   9.5429763e-02   2.3817706e-02
   8.2000000e+00   4.0403479e-02   6.8771660e-02
   8.3000000e+00   3.7218599e-02   1.0746323e-01
   8.4000000e+00   5.5832868e-02   1.6078157e-01
   8.5000000e+00   4.7519079e-02   2.4187859e-01
   8.6000000e+00  -1.1196046e-02   3.4142305e-01
   8.7000000e+00  -1.0076821e-01   4.3273385e-01
   8.8000000e+00  -1.7831105e-01   4.8883043e-01
   8.9000000e+00  -2.1209924e-01   4.9702242e-01
   9.0000000e+00  -2.0083145e-01   4.6520999e-01
   9.1000000e+00  -1.6749007e-01   4.1943661e-01
   9.2000000e+00  -1.4008265e-01   3.9073222e-01
   9.3000000e+00  -1.3589958e-01   3.9429553e-01
   9.4000000e+00  -1.5546742e-01   4.1672516e-01
   9.5000000e+00  -1.8405169e-01   4.2711176e-01
   9.6000000e+00  -1.9939030e-01   4.0517984e-01
   9.7000000e+00  -1.8542888e-01   3.5804575e-01
   9.8000000e+00  -1.4541164e-01   3.0722012e-01
   9.9000000e+00  -1.0155425e-01   2.6187395e-01
   1.0000000e+01  -7.6387414e-02   2.1103928e-01
   1.0100000e+01  -7.0363542e-02   1.4337441e-01
   1.0200000e+01  -5.9689279e-02   6.7535873e-02
   1.0300000e+01  -2.1095503e-02   4.9703879e-03
   1.0400000e+01   3.9884813e-02  -3.7004885e-02
   1.0500000e+01   8.9140591e-02  -7.6326747e-02
   1.0600000e+01   9.6486590e-02  -1.3365305e-01
   1.0700000e+01   6.7221062e-02  -2.0148732e-01
   1.0800000e+01   3.7501349e-02  -2.4528634e-01
   1.0900000e+01   3.7622026e-02  -2.4182013e-01
   1.1000000e+01   6.3866893e-02  -2.1356796e-01
   1.1100000e+01   8.9372893e-02  -2.1577503e-01
   1.1200000e+01   9.8588210e-02  -2.8233055e-01
   1.1300000e+01   1.0346463e-01  -3.8505822e-01
   1.1400000e+01   1.2382043e-01  -4.5260448e-01
   1.1500000e+01   1.5822962e-01  -4.3479855e-01
   1.1600000e+01   1.8159166e-01  -3.4959126e-01
   1.1700000e+01   1.7160170e-01  -2.6589607e-01
   1.1800000e+01   1.3221385e-01  -2.4046512e-01
   1.1900000e+01   8.8083831e-02  -2.7135484e-01
   1.2000000e+01   5.9094331e-02  -3.0919753e-01
   1.2100000e+01   4.4624501e-02  -3.0725192e-01
   1.2200000e+01   3.1594286e-02  -2.5761097e-01
   1.2300000e+01   1.1568231e-02  -1.8437964e-01
   1.2400000e+01  -1.4467574e-02  -1.1207125e-01
   1.2500000e+01  -4.5200096e-02  -4.6554039e-02
   1.2600000e+01  -8.5190492e-02   1.6848366e-02
   1.2700000e+01  -1.3773772e-01   7.5820202e-02
   1.2800000e+01  -1.9453882e-01   1.1819257e-01
   1.2900000e+01  -2.3840029e-01   1.3655425e-01
   1.3000000e+01  -2.5832527e-01   1.4136166e-01
   1.3100000e+01  -2.5933088e-01   1.5524306e-01
   1.3200000e+01  -2.5561321e-01   1.9299174e-01
   1.3300000e+01  -2.5650147e-01   2.4854539e-01
   1.3400000e+01  -2.6150635e-01   3.0248540e-01
   1.3500000e+01  -2.6577243e-01   3.3984247e-01
   1.3600000e+01  -2.6383991e-01   3.5700846e-01
   1.3700000e+01  -2.4719385e-01   3.5282598e-01
   1.3800000e+01  -2.0567372e-01   3.2163895e-01
   1.3900000e+01  -1.3889435e-01   2.6326943e-01
   1.4000000e+01  -6.5083544e-02   1.9758767e-01
   1.4100000e+01  -1.0884891e-02   1.5741267e-01
   1.4200000e+01   1.2475818e-02   1.5779698e-01
   1.4300000e+01   2.1230729e-02   1.7487089e-01
   1.4400000e+01   4.4270822e-02   1.6442812e-01
   1.4500000e+01   9.6078545e-02   1.0573474e-01
   1.4600000e+01   1.6447300e-01   2.2973164e-02
   1.4700000e+01   2.2250569e-01  -4.0639511e-02
   1.4800000e+01   2.4990073e-01  -6.7218285e-02
   1.4900000e+01   2.4533338e-01  -7.8034432e-02
   1.5000000e+01   2.2386876e-01  -1.0481865e-01
   1.5100000e+01   2.0498574e-01  -1.5447932e-01
   1.5200000e+01   1.9880952e-01  -2.0547412e-01
   1.5300000e+01   1.9823877e-01  -2.3339017e-01
   1.5400000e+01   1.8409588e-01  -2.3259422e-01
   1.5500000e+01   1.4241958e-01  -2.1373374e-01
   1.5600000e+01   7.9754735e-02  -1.8938653e-01
   1.5700000e+01   2.0031798e-02  -1.6855258e-01
   1.5800000e+01  -1.6015638e-02  -1.5983664e-01
   1.5900000e+01  -2.7853231e-02  -1.6814096e-01
   1.6000000e+01  -3.0106310e-02  -1.8330301e-01
   1.6100000e+01  -3.2293501e-02  -1.7960550e-01
   1.6200000e+01  -2.8363761e-02  -1.3787145e-01
   1.6300000e+01  -8.5637797e-03  -7.1000556e-02
   1.6400000e+01   2.2652962e-02  -2.0671951e-02
   1.6500000e+01   4.7345655e-02  -2.0879169e-02
   1.6600000e+01   5.3929965e-02  -6.3154119e-02
   1.6700000e+01   5.0393231e-02  -1.0069478e-01
   1.6800000e+01   5.2195131e-02  -8.8931831e-02
   1.6900000e+01   5.9561685e-02  -2.3199950e-02
   1.7000000e+01   5.5298965e-02   6.0255348e-02
   1.7100000e+01   2.9566154e-02   1.1629799e-01
   1.7200000e+01   1.3855351e-03   1.2485906e-01
   1.7300000e+01   5.8998935e-03   1.0076213e-01
   1.7400000e+01   5.6357478e-02   7.7150237e-02
   1.7500000e+01   1.2306555e-01   7.8874067e-02
   1.7600000e+01   1.5604019e-01   1.0583839e-01
   1.7700000e+01   1.2998935e-01   1.3722064e-01
   1.7800000e+01   6.5374840e-02   1.5127482e-01
   1.7900000e+01   5.8388817e-03   1.4256909e-01
   1.8000000e+01  -2.1639670e-02   1.2176727e-01
   1.8100000e+01  -2.3741212e-02   1.0169930e-01
   1.8200000e+01  -2.4352236e-02   8.7277748e-02
   1.8300000e+01  -3.8868724e-02   7.8871211e-02
   1.8400000e+01  -6.5815534e-02   7.9732175e-02
   1.8500000e+01  -9.6922593e-02   9.3847850e-02
   1.8600000e+01  -1.2770939e-01   1.1621564e-01
   1.8700000e+01  -1.5697575e-01   1.3002152e-01
   1.8800000e+01  -1.8104489e-01   1.1694249e-01
   1.8900000e+01  -1.9367155e-01   7.0601307e-02
   1.9000000e+01  -1.9228297e-01   1.5393408e-03
   1.9100000e+01  -1.8187350e-01  -6.6478133e-02
   1.9200000e+01  -1.7090509e-01  -1.0421274e-01
   1.9300000e+01  -1.6330585e-01  -8.9980197e-02
   1.9400000e+01  -1.5498345e-01  -2.7816963e-02
   1.9500000e+01  -1.3839455e-01   4.3874078e-02
   1.9600000e+01  -1.1066453e-01   7.2083814e-02
   1.9700000e+01  -7.7272424e-02   3.1115133e-02
   1.9800000e+01  -4.7383541e-02  -5.0903324e-02
   1.9900000e+01  -2.5148453e-02  -1.1255252e-01
   2.0000000e+01  -5.9750744e-03  -1.1205035e-01
   2.0100000e+01   1.7844103e-02  -6.1848953e-02
   2.0200000e+01   4.8026633e-02  -1.2291604e-02
   2.0300000e+01   7.7896090e-02  -4.2784890e-03
   2.0400000e+01   9.9128230e-02  -3.8302547e-02
   2.0500000e+01   1.0927059e-01  -8.3351073e-02
   2.0600000e+01   1.1161028e-01  -1.0796587e-01
   2.0700000e+01   1.0968416e-01  -1.0238822e-01
   2.0800000e+01   1.0532116e-01  -7.8870165e-02
   2.0900000e+01   1.0225937e-01  -5.7774506e-02
   2.1000000e+01   1.0715894e-01  -5.2003092e-02
   2.1100000e+01   1.2208358e-01  -5.8629766e-02
   2.1200000e+01   1.3587493e-01  -6.2977304e-02
   2.1300000e+01   1.2793203e-01  -5.3299646e-02
   2.1400000e+01   8.5860815e-02  -3.3553855e-02
   2.1500000e+01   2.0910683e-02  -2.0534269e-02
   2.1600000e+01  -3.6274023e-02  -2.7143253e-02
   2.1700000e+01  -5.8477848e-02  -4.9656257e-02
   2.1800000e+01  -4.3112667e-02  -7.2148362e-02
   2.1900000e+01  -1.2487621e-02  -8.0653965e-02
   2.2000000e+01   6.4061347e-03  -7.0183956e-02
   2.2100000e+01   3.8432322e-03  -4.1057454e-02
   2.2200000e+01  -7.5572748e-03   3.5196501e-03
   2.2300000e+01  -7.0062222e-03   5.1949289e-02
   2.2400000e+01   1.4713833e-02   8.1535391e-02
   2.2500000e+01   4.6718599e-02   7.1190504e-02
   2.2600000e+01   6.7410306e-02   2.2436739e-02
   2.2700000e+01   6.3834429e-02  -3.4145310e-02
   2.2800000e+01   4.4077072e-02  -5.8881713e-02
   2.2900000e+01   3.0123726e-02  -3.4281068e-02
   2.3000000e+01   3.5870617e-02   2.0242786e-02
   2.3100000e+01   5.1531922e-02   6.3568264e-02
   2.3200000e+01   5.2507073e-02   6.5382860e-02
   2.3300000e+01   2.5754166e-02   2.9548850e-02
   2.3400000e+01  -1.4895040e-02  -1.0450271e-02
   2.3500000e+01  -4.3356591e-02  -2.0416846e-02
   2.3600000e+01  -5.0442491e-02   5.7953988e-03
   2.3700000e+01  -5.3282922e-02   4.3955967e-02
   2.3800000e+01  -7.2973650e-02   6.6287322e-02
   2.3900000e+01  -1.0693526e-01   6.9954194e-02
   2.4000000e+01  -1.2986904e-01   7.5961062e-02
   2.4100000e+01  -1.2316971e-01   9.9556492e-02
   2.4200000e+01  -9.8369103e-02   1.2747934e-01
   2.4300000e+01  -8.6907011e-02   1.3071120e-01
   2.4400000e+01  -1.0711895e-01   9.8460348e-02
   2.4500000e+01  -1.4401654e-01   5.2348594e-02
   2.4600000e+01  -1.6213741e-01   2.4018543e-02
   2.4700000e+01  -1.3708638e-01   2.4169019e-02
   2.4800000e+01  -7.5309577e-02   3.8860919e-02
   2.4900000e+01  -6.6315062e-03   5.1647609e-02
   2.5000000e+01   3.9885233e-02   5.9146773e-02
   2.5100000e+01   5.4668352e-02   6.3071329e-02
   2.5200000e+01   4.8173348e-02   5.7907137e-02
   2.5300000e+01   3.7739318e-02   3.7487736e-02
   2.5400000e+01   3.4616521e-02   1.1197288e-02
   2.5500000e+01   4.0830928e-02   1.0497038e-03
   2.5600000e+01   5.4355722e-02   1.6057425e-02
   2.5700000e+01   7.3969995e-02   3.6405262e-02
   2.5800000e+01   9.8048435e-02   3.3454479e-02
   2.5900000e+01   1.2022406e-01   5.4683563e-03
   2.6000000e+01   1.2965971e-01  -1.6679691e-02
   2.6100000e+01   1.1891829e-01  -6.3297333e-03
   2.6200000e+01   9.2707730e-02   2.1584839e-02
   2.6300000e+01   6.7055836e-02   2.1072260e-02
   2.6400000e+01   5.6752034e-02  -3.2462806e-02
   2.6500000e+01   6.1999931e-02  -1.0626920e-01
   2.6600000e+01   6.8284300e-02  -1.3552275e-01
   2.6700000e+01   6.0680945e-02  -8.7438892e-02
   2.6800000e+01   3.8050366e-02   2.6908059e-03
   2.6900000e+01   1.2396892e-02   6.1605815e-02
   2.7000000e+01  -4.5159925e-03   4.2794990e-02
   2.7100000e+01  -1.1167773e-02  -3.8837331e-02
   2.7200000e+01  -1.2558430e-02  -1.3034085e-01
   2.7300000e+01  -1.0240507e-02  -1.8911958e-01
   2.7400000e+01  -4.9690813e-04  -2.0608881e-01
   2.7500000e+01   1.7162812e-02  -1.9185016e-01
   2.7600000e+01   3.3566179e-02  -1.5619388e-01
   2.7700000e+01   3.5735901e-02  -1.0776098e-01
   2.7800000e+01   1.9718673e-02  -6.4347419e-02
   2.7900000e+01  -4.0296405e-03  -4.7699746e-02
   2.8000000e+01  -1.9177210e-02  -6.1538198e-02
   2.8100000e+01  -1.7702836e-02  -8.1562527e-02
   2.8200000e+01  -6.3294777e-03  -7.7102586e-02
   2.8300000e+01  -4.6778052e-05  -4.4299960e-02
   2.8400000e+01  -9.3459354e-03  -1.1801965e-02
   2.8500000e+01  -3.2309964e-02  -9.2929534e-03
   2.8600000e+01  -5.7566569e-02  -3.3073891e-02
   2.8700000e+01  -7.4665934e-02  -4.8003841e-02
   2.8800000e+01  -8.2410293e-02  -2.4640573e-02
   2.8900000e+01  -8.7891189e-02   2.8504498e-02
   2.9000000e+01  -9.7737089e-02   7.1620905e-02
   2.9100000e+01  -1.1047465e-01   7.1603098e-02
   2.9200000e+01  -1.1769881e-01   3.3320366e-02
   2.9300000e+01  -1.1289955e-01  -4.2772779e-03
   2.9400000e+01  -9.9083618e-02  -1.1235304e-03
   2.9500000e+01  -8.7329653e-02   5.1783659e-02
   2.9600000e+01  -8.6899474e-02   1.2599146e-01
   2.9700000e+01  -9.5431045e-02   1.7696537e-01
   2.9800000e+01  -9.8327366e-02   1.7513545e-01
   2.9900000e+01  -7.9541960e-02   1.2432848e-01
   3.0000000e+01  -3.6657128e-02   5.6581817e-02
   3.0100000e+01   1.2021549e-02   9.5850576e-03
   3.0200000e+01   3.6999005e-02   3.9490718e-03
   3.0300000e+01   2.0233313e-02   3.4841741e-02
   3.0400000e+01  -2.5795199e-02   7.9864989e-02
   3.0500000e+01  -6.1321605e-02   1.1404475e-01
   3.0600000e+01  -4.7960073e-02   1.2175784e-01
   3.0700000e+01   1.7861442e-02   1.0155103e-01
   3.0800000e+01   9.6981199e-02   6.4696182e-02
   3.0900000e+01   1.3661217e-01   2.8884944e-02
   3.1000000e+01   1.1402481e-01   8.7766997e-03
   3.1100000e+01   5.6074470e-02   7.8975460e-03
   3.1200000e+01   1.6240512e-02   1.7663969e-02
   3.1300000e+01   2.9658502e-02   2.4557376e-02
   3.1400000e+01   8.5709917e-02   1.9183341e-02
   3.1500000e+01   1.3978845e-01  -1.5155858e-04
   3.1600000e+01   1.5114842e-01  -2.9544480e-02
   3.1700000e+01   1.1491071e-01  -6.1202077e-02
   3.1800000e+01   6.4906339e-02  -8.2323711e-02
   3.1900000e+01   4.6956210e-02  -7.7512223e-02
   3.2000000e+01   8.2117738e-02  -4.0453714e-02
   3.2100000e+01   1.4706433e-01   1.3068397e-02
   3.2200000e+01   1.8925051e-01   4.8578418e-02
   3.2300000e+01   1.6873482e-01   3.8172230e-02
   3.2400000e+01   9.3062934e-02  -1.3128827e-02
   3.2500000e+01   1.2754893e-02  -6.9026116e-02
   3.2600000e+01  -2.0908909e-02  -9.4368117e-02
   3.2700000e+01   2.4354427e-03  -8.6103658e-02
   3.2800000e+01   4.8937465e-02  -6.9697215e-02
   3.2900000e+01   7.4730958e-02  -6.6676853e-02
   3.3000000e+01   6.1319884e-02  -7.2351751e-02
   3.3100000e+01   2.0782886e-02  -6.8804502e-02
   3.3200000e+01  -2.5148396e-02  -5.3337490e-02
   3.3300000e+01  -6.4201234e-02  -4.3616998e-02
   3.3400000e+01  -9.3756370e-02  -5.2552414e-02
   3.3500000e+01  -1.1137558e-01  -6.7117205e-02
   3.3600000e+01  -1.1349808e-01  -6.1308379e-02
   3.3700000e+01  -1.0397080e-01  -2.8668242e-02
   3.3800000e+01  -9.7130951e-02   7.1763594e-03
   3.3900000e+01  -1.0550761e-01   1.8872600e-02
   3.4000000e+01  -1.2374034e-01   7.3855800e-03
   3.4100000e+01  -1.3008249e-01   1.7386085e-03
   3.4200000e+01  -1.0901477e-01   2.8073852e-02
   3.4300000e+01  -7.1249291e-02   8.4249140e-02
   3.4400000e+01  -4.5152733e-02   1.4490783e-01
   3.4500000e+01  -4.4898661e-02   1.8476273e-01
   3.4600000e+01  -5.1409013e-02   1.9307944e-01
   3.4700000e+01  -3.2150614e-02   1.7190828e-01
   3.4800000e+01   1.8960696e-02   1.3112699e-01
   3.4900000e+01   6.7692236e-02   8.8176386e-02
   3.5000000e+01   7.1136933e-02   6.4434734e-02
   3.5100000e+01   2.2073108e-02   7.1913668e-02
   3.5200000e+01  -4.2254586e-02   1.0118298e-01
   3.5300000e+01  -7.5214138e-02   1.2631290e-01
   3.5400000e+01  -6.1067261e-02   1.2479828e-01
   3.5500000e+01  -2.1765624e-02   9.2860309e-02
   3.5600000e+01   8.2390750e-03   4.2423847e-02
   3.5700000e+01   8.9548755e-03  -1.3101561e-02
   3.5800000e+01  -1.6695354e-02  -6.7827827e-02
   3.5900000e+01  -4.9111745e-02  -1.2116571e-01
   3.6000000e+01  -6.3185429e-02  -1.7138211e-01
   3.6100000e+01  -4.2765609e-02  -2.1256588e-01
   3.6200000e+01   4.6768505e-03  -2.3597706e-01
   3.6300000e+01   4.7214051e-02  -2.3424620e-01
   3.6400000e+01   5.1443863e-02  -2.0759738e-01
   3.6500000e+01   1.3856511e-02  -1.6819525e-01
   3.6600000e+01  -3.1931449e-02  -1.3557752e-01
   3.6700000e+01  -4.5007924e-02  -1.2290851e-01
   3.6800000e+01  -1.6651723e-02  -1.2643284e-01
   3.6900000e+01   2.2237252e-02  -1.3082421e-01
   3.7000000e+01   3.4853988e-02  -1.2559997e-01
   3.7100000e+01   1.7099752e-02  -1.1336409e-01
   3.7200000e+01  -1.1435930e-03  -1.0047220e-01
   3.7300000e+01   7.6708242e-03  -8.3810802e-02
   3.7400000e+01   3.7254601e-02  -5.2531194e-02
   3.7500000e+01   5.6929583e-02  -3.0793672e-03
   3.7600000e+01   4.9684194e-02   5.2017473e-02
   3.7700000e+01   3.2776376e-02   9.2133856e-02
   3.7800000e+01   3.6117138e-02   1.0245127e-01
   3.7900000e+01   6.4613769e-02   7.9823789e-02
   3.8000000e+01   8.9945276e-02   3.2323219e-02
   3.8100000e+01   8.2009398e-02  -1.9507722e-02
   3.8200000e+01   4.3572123e-02  -4.4791295e-02
   3.8300000e+01   8.8248358e-03  -1.9628254e-02
   3.8400000e+01   8.4452966e-03   4.7968256e-02
   3.8500000e+01   3.9522559e-02   1.1436588e-01
   3.8600000e+01   6.9950462e-02   1.3265677e-01
   3.8700000e+01   6.9399628e-02   9.4658601e-02
   3.8800000e+01   3.5625602e-02   3.8875920e-02
   3.8900000e+01  -5.7576202e-03   1.4172659e-02
   3.9000000e+01  -2.4742032e-02   3.6173232e-02
   3.9100000e+01  -1.2927657e-02   7.9091177e-02
   3.9200000e+01   9.5160725e-03   1.0555931e-01
   3.9300000e+01   1.3339623e-02   9.9962293e-02
   3.9400000e+01  -9.3032489e-03   7.5338521e-02
   3.9500000e+01  -3.3516001e-02   5.6000516e-02
   3.9600000e+01  -2.5926627e-02   5.7773643e-02
   3.9700000e+01   1.6369060e-02   8.0397453e-02
   3.9800000e+01   5.5459508e-02   1.1098851e-01
   3.9900000e+01   4.8508189e-02   1.3261207e-01
   4.0000000e+01  -4.9802009e-03   1.3470496e-01
   4.0100000e+01  -5.7887077e-02   1.2082170e-01
   4.0200000e+01  -6.2169113e-02   1.0595439e-01
   4.0300000e+01  -1.8478053e-02   1.0171740e-01
   4.0400000e+01   2.5387164e-02   1.0191555e-01
   4.0500000e+01   2.4771918e-02   8.5890590e-02
   4.0600000e+01  -1.7967288e-02   4.1042283e-02
   4.0700000e+01  -6.0655201e-02  -1.7008014e-02
   4.0800000e+01  -6.6636442e-02  -5.0914450e-02
   4.0900000e+01  -3.8298521e-02  -3.3822594e-02
   4.1000000e+01  -8.6485993e-03   2.2399228e-02
   4.1100000e+01  -6.8168870e-03   7.2705453e-02
   4.1200000e+01  -3.3722917e-02   7.5954384e-02
   4.1300000e+01  -6.5966331e-02   2.9039219e-02
   4.1400000e+01  -7.7855307e-02  -3.4327242e-02
   4.1500000e+01  -6.0924325e-02  -7.6908299e-02
   4.1600000e+01  -2.8030040e-02  -8.8175791e-02
   4.1700000e+01  -1.8479363e-03  -8.2666309e-02
   4.1800000e+01   2.7174091e-03  -7.4701572e-02
   4.1900000e+01  -1.1152459e-02  -6.2810791e-02
   4.2000000e+01  -2.7087127e-02  -4.1318771e-02
   4.2100000e+01  -3.0389483e-02  -1.9976279e-02
   4.2200000e+01  -1.8508658e-02  -2.1471138e-02
   4.2300000e+01   1.5276255e-03  -5.5846792e-02
   4.2400000e+01   2.2798020e-02  -1.0327664e-01
   4.2500000e+01   4.3140996e-02  -1.2971812e-01
   4.2600000e+01   6.1298089e-02  -1.2069233e-01
   4.2700000e+01   7.2313391e-02  -9.5491035e-02
   4.2800000e+01   6.9582417e-02  -8.6085136e-02
   4.2900000e+01   5.1085213e-02  -1.0475743e-01
   4.3000000e+01   2.1828223e-02  -1.3473298e-01
   4.3100000e+01  -1.0089038e-02  -1.4986420e-01
   4.3200000e+01  -3.8230076e-02  -1.3895350e-01
   4.3300000e+01  -5.7940132e-02  -1.1101997e-01
   4.3400000e+01  -6.4160784e-02  -8.2590185e-02
   4.3500000e+01  -5.3618538e-02  -6.4849689e-02
   4.3600000e+01  -3.1676639e-02  -6.1507914e-02
   4.3700000e+01  -1.4299129e-02  -7.2101035e-02
   4.3800000e+01  -1.6960435e-02  -9.1556897e-02
   4.3900000e+01  -3.7754696e-02  -1.0709252e-01
   4.4000000e+01  -5.4168943e-02  -1.0157412e-01
   4.4100000e+01  -4.2813721e-02  -6.6083446e-02
   4.4200000e+01  -4.9475708e-03  -1.0808518e-02
   4.4300000e+01   3.1226131e-02   3.9373242e-02
   4.4400000e+01   3.8166346e-02   6.3660216e-02
   4.4500000e+01   1.8126911e-02   6.0967968e-02
   4.4600000e+01   1.4106926e-04   4.7053629e-02
   4.4700000e+01   6.5607079e-03   3.7791891e-02
   4.4800000e+01   2.7346261e-02   3.7744570e-02
   4.4900000e+01   3.2864258e-02   4.4275166e-02
   4.5000000e+01   1.0838888e-02   5.7001890e-02
   4.5100000e+01  -1.6369410e-02   7.7301918e-02
   4.5200000e+01  -1.5458439e-02   9.9205533e-02
   4.5300000e+01   2.0310020e-02   1.0798640e-01
   4.5400000e+01   6.3436430e-02   9.4255791e-02
   4.5500000e+01   8.2772583e-02   6.9141308e-02
   4.5600000e+01   7.6151647e-02   5.9619729e-02
   4.5700000e+01   6.7704511e-02   8.3386535e-02
   4.5800000e+01   7.5157192e-02   1.2759761e-01
   4.5900000e+01   8.7284577e-02   1.5590450e-01
   4.6000000e+01   7.8021690e-02   1.4078841e-01
   4.6100000e+01   3.9412458e-02   9.1000513e-02
   4.6200000e+01  -6.0552707e-03   4.6032978e-02
   4.6300000e+01  -2.7740721e-02   4.0982368e-02
   4.6400000e+01  -1.7375675e-02   7.5085011e-02
   4.6500000e+01   6.0037617e-03   1.1421410e-01
   4.6600000e+01   1.8762779e-02   1.2371187e-01
   4.6700000e+01   1.4278244e-02   9.8551478e-02
   4.6800000e+01   7.3722416e-04   6.3523023e-02
   4.6900000e+01  -1.5800684e-02   4.8011271e-02
   4.7000000e+01  -3.7524328e-02   6.1765127e-02
   4.7100000e+01  -6.2600729e-02   9.0345150e-02
   4.7200000e+01  -7.4397210e-02   1.0785533e-01
   4.7300000e+01  -5.2809702e-02   9.4512906e-02
   4.7400000e+01  -1.2406878e-04   4.9534712e-02
   4.7500000e+01   4.8923785e-02  -6.8210379e-03
   4.7600000e+01   5.1212129e-02  -4.5862266e-02
   4.7700000e+01  -4.4004135e-03  -5.2040830e-02
   4.7800000e+01  -7.9531850e-02  -3.6120608e-02
   4.7900000e+01  -1.1279342e-01  -2.6119290e-02
   4.8000000e+01  -7.0627408e-02  -4.3073417e-02
   4.8100000e+01   2.1810391e-02  -8.4044713e-02
   4.8200000e+01   9.8315358e-02  -1.2630721e-01
   4.8300000e+01   1.0426765e-01  -1.4579868e-01
   4.8400000e+01   3.9718639e-02  -1.3375857e-01
   4.8500000e+01  -4.3489989e-02  -1.0220583e-01
   4.8600000e+01  -8.6581242e-02  -7.7020019e-02
   4.8700000e+01  -7.0097676e-02  -8.0788798e-02
   4.8800000e+01  -2.1945660e-02  -1.1387795e-01
   4.8900000e+01   1.4932099e-02  -1.5004923e-01
   4.9000000e+01   2.0413135e-02  -1.5644730e-01
   4.9100000e+01   5.7693579e-03  -1.2386872e-01
   4.9200000e+01  -7.5430440e-03  -7.7456397e-02
   4.9300000e+01  -1.0188644e-02  -5.4382444e-02
   4.9400000e+01  -6.4258874e-03  -6.9367305e-02
   4.9500000e+01  -2.1708109e-03  -1.0183606e-01
   4.9600000e+01  -1.9897998e-04  -1.1563062e-01
   4.9700000e+01  -6.1225030e-03  -9.0858862e-02
   4.9800000e+01  -2.9346831e-02  -4.0032804e-02
   4.9900000e+01  -7.0462152e-02   2.2610604e-03
   5.0000000e+01  -1.1012116e-01   6.7735420e-03
   5.0100000e+01  -1.1905607e-01  -2.5504731e-02
   5.0200000e+01  -8.4417896e-02  -6.0633528e-02
   5.0300000e+01  -2.4918735e-02  -5.8376421e-02
   5.0400000e+01   2.3083256e-02  -9.8637298e-03
   5.0500000e+01   3.5188958e-02   5.0255962e-02
   5.0600000e+01   1.5630555e-02   7.5796298e-02
   5.0700000e+01  -1.1193772e-02   5.6707062e-02
   5.0800000e+01  -2.1363405e-02   2.9868880e-02
   5.0900000e+01  -5.6508247e-03   3.7038474e-02
   5.1000000e+01   2.8225947e-02   7.6031284e-02
   5.1100000e+01   6.0558761e-02   1.0266200e-01
   5.1200000e+01   6.9097279e-02   8.1839161e-02
   5.1300000e+01   4.2939598e-02   2.6869176e-02
   5.1400000e+01  -5.8684029e-03  -1.8344092e-02
   5.1500000e+01  -4.5977598e-02  -2.8159075e-02
   5.1600000e+01  -4.9020253e-02  -1.3711308e-02
   5.1700000e+01  -1.3682043e-02   5.5026888e-03
   5.1800000e+01   3.2115057e-02   3.0733530e-02
   5.1900000e+01   5.5266785e-02   7.1466258e-02
   5.2000000e+01   4.5198601e-02   1.1237070e-01
   5.2100000e+01   1.8606272e-02   1.1450612e-01
   5.2200000e+01  -9.6809240e-04   6.0399423e-02
   5.2300000e+01  -5.2722528e-03  -1.2219437e-02
   5.2400000e+01  -3.1110262e-03  -3.8280978e-02
   5.2500000e+01  -4.3084149e-03   8.9649641e-03
   5.2600000e+01  -6.7903395e-03   8.8633841e-02
   5.2700000e+01  -5.0901138e-04   1.3431269e-01
   5.2800000e+01   1.9004120e-02   1.2030632e-01
   5.2900000e+01   4.4028152e-02   7.8829479e-02
   5.3000000e+01   6.1278804e-02   5.4752866e-02
   5.3100000e+01   6.3235840e-02   5.5618993e-02
   5.3200000e+01   5.2903564e-02   5.3490781e-02
   5.3300000e+01   3.9659224e-02   2.9068598e-02
   5.3400000e+01   3.2030011e-02   2.3031718e-04
   5.3500000e+01   3.3251366e-02   1.3659039e-03
   5.3600000e+01   4.0844711e-02   4.1326358e-02
   5.3700000e+01   4.8628429e-02   9.0948756e-02
   5.3800000e+01   4.9855129e-02   1.1267153e-01
   5.3900000e+01   4.0904457e-02   9.5869404e-02
   5.4000000e+01   2.4481975e-02   5.9917419e-02
   5.4100000e+01   1.0192278e-02   2.8250345e-02
   5.4200000e+01   1.0194411e-02   7.0251674e-03
   5.4300000e+01   3.0111966e-02  -1.1462621e-02
   5.4400000e+01   6.0612629e-02  -3.3290561e-02
   5.4500000e+01   7.8661237e-02  -5.7058292e-02
   5.4600000e+01   6.2443409e-02  -7.9487458e-02
   5.4700000e+01   1.0638342e-02  -9.8614639e-02
   5.4800000e+01  -5.2012558e-02  -1.1009105e-01
   5.4900000e+01  -9.1580455e-02  -1.0735743e-01
   5.5000000e+01  -9.1027362e-02  -9.0870857e-02
   5.5100000e+01  -6.1199950e-02  -7.3183802e-02
   5.5200000e+01  -2.7200722e-02  -6.6987050e-02
   5.5300000e+01  -6.0208493e-03  -6.7646811e-02
   5.5400000e+01   1.8709759e-03  -5.6088308e-02
   5.5500000e+01   3.0896432e-03  -2.5433654e-02
   5.5600000e+01   1.2308595e-04   2.1368329e-04
   5.5700000e+01  -8.3294396e-03  -1.4881437e-02
   5.5800000e+01  -2.0461647e-02  -7.4867953e-02
   5.5900000e+01  -3.0599192e-02  -1.3505314e-01
   5.6000000e+01  -3.5808016e-02  -1.3814322e-01
   5.6100000e+01  -3.9237540e-02  -7.1143599e-02
   5.6200000e+01  -4.4570504e-02   1.8040689e-02
   5.6300000e+01  -4.9447844e-02   6.4539204e-02
   5.6400000e+01  -4.7667663e-02   4.5835262e-02
   5.6500000e+01  -3.7912940e-02  -4.1900920e-03
   5.6600000e+01  -2.7877583e-02  -3.6044250e-02
   5.6700000e+01  -2.8239280e-02  -3.2046605e-02
   5.6800000e+01  -4.2399262e-02  -1.2143120e-02
   5.6900000e+01  -6.1539107e-02  -1.6230808e-03
   5.7000000e+01  -6.9253719e-02  -3.8566061e-03
   5.7100000e+01  -5.3477097e-02  -5.9873985e-03
   5.7200000e+01  -1.8734801e-02  -1.5644618e-03
   5.7300000e+01   1.1602235e-02   2.5036577e-03
   5.7400000e+01   1.0415991e-02   7.6780208e-04
   5.7500000e+01  -2.7901664e-02   1.2387913e-03
   5.7600000e+01  -7.5149058e-02   1.5117938e-02
   5.7700000e+01  -8.8501336e-02   3.6882480e-02
   5.7800000e+01  -4.9892163e-02   4.3188756e-02
   5.7900000e+01   1.2189619e-02   1.7245648e-02
   5.8000000e+01   4.5203514e-02  -2.7608757e-02
   5.8100000e+01   2.1925630e-02  -5.4475924e-02
   5.8200000e+01  -3.1929061e-02  -3.6743350e-02
   5.8300000e+01  -6.1350901e-02   1.4796034e-02
   5.8400000e+01  -3.4489230e-02   6.0100330e-02
   5.8500000e+01   2.7965632e-02   6.5557477e-02
   5.8600000e+01   7.4013832e-02   3.1830742e-02
   5.8700000e+01   6.9067030e-02  -1.1575379e-02
   5.8800000e+01   2.5123625e-02  -3.5609354e-02
   5.8900000e+01  -1.3569071e-02  -3.3650691e-02
   5.9000000e+01  -1.0968135e-02  -1.7594412e-02
   5.9100000e+01   3.1020235e-02   6.9899627e-04
   5.9200000e+01   7.6334345e-02   1.8512152e-02
   5.9300000e+01   8.6084445e-02   3.4474771e-02
   5.9400000e+01   5.1141488e-02   3.9860261e-02
   5.9500000e+01  -3.0418139e-04   2.5324259e-02
   5.9600000e+01  -2.6844445e-02  -3.7098018e-03
   5.9700000e+01  -9.3974947e-03  -2.5588988e-02
   5.9800000e+01   3.3706567e-02  -2.2449021e-02
   5.9900000e+01   6.5873089e-02  -2.5114389e-04
   6.0000000e+01   6.5923351e-02   1.6907581e-02
   6.0100000e+01   4.2934040e-02   1.3985209e-02
   6.0200000e+01   2.1004820e-02   1.8146802e-03
   6.0300000e+01   1.4935746e-02   3.3703931e-03
   6.0400000e+01   2.2649269e-02   2.6925581e-02
   6.0500000e+01   3.5663079e-02   5.8537522e-02
   6.0600000e+01   4.8956918e-02   7.9775750e-02
   6.0700000e+01   5.9397763e-02   8.5254453e-02
   6.0800000e+01   6.1216374e-02   7.9724785e-02
   6.0900000e+01   4.9324659e-02   6.5334220e-02
   6.1000000e+01   2.6501540e-02   4.0782221e-02
   6.1100000e+01   3.0918071e-03   1.1806857e-02
   6.1200000e+01  -1.1617429e-02  -7.1959898e-03
   6.1300000e+01  -1.5875725e-02  -7.1561791e-03
   6.1400000e+01  -1.3624919e-02   5.0047321e-03
   6.1500000e+01  -9.5040870e-03   1.5574729e-02
   6.1600000e+01  -6.7996030e-03   2.1097116e-02
   6.1700000e+01  -6.4583761e-03   2.8758467e-02
   6.1800000e+01  -4.3101697e-03   3.9234626e-02
   6.1900000e+01   8.3089067e-03   3.7733453e-02
   6.2000000e+01   3.4883989e-02   9.5600360e-03
   6.2100000e+01   6.3168511e-02  -3.7419778e-02
   6.2200000e+01   7.0486578e-02  -7.3154136e-02
   6.2300000e+01   4.6001436e-02  -7.1722476e-02
   6.2400000e+01   6.3521221e-03  -3.5785257e-02
   6.2500000e+01  -1.7597068e-02   5.9092889e-03
   6.2600000e+01  -1.2264439e-02   2.3279178e-02
   6.2700000e+01   4.5802662e-03   7.2018663e-03
   6.2800000e+01   4.6993422e-03  -2.7641174e-02
   6.2900000e+01  -1.9312753e-02  -5.6701964e-02
   6.3000000e+01  -4.9268390e-02  -6.3201834e-02
   6.3100000e+01  -6.5968171e-02  -4.7923492e-02
   6.3200000e+01  -6.9736329e-02  -2.5801272e-02
   6.3300000e+01  -7.2467716e-02  -1.2216568e-02
   6.3400000e+01  -7.6676330e-02  -1.0351472e-02
   6.3500000e+01  -7.2631633e-02  -1.1035740e-02
   6.3600000e+01  -5.6337710e-02  -4.0017194e-03
   6.3700000e+01  -4.0717581e-02   1.2852280e-02
   6.3800000e+01  -4.2536228e-02   3.5226650e-02
   6.3900000e+01  -6.2202557e-02   5.8433179e-02
   6.4000000e+01  -8.3177680e-02   7.6608048e-02
   6.4100000e+01  -9.0401296e-02   7.8386994e-02
   6.4200000e+01  -8.2890766e-02   5.2636223e-02
   6.4300000e+01  -6.7153273e-02   4.4632646e-03
   6.4400000e+01  -4.5833999e-02  -3.8916607e-02
   6.4500000e+01  -1.9782801e-02  -4.7732310e-02
   6.4600000e+01   1.6832632e-03  -1.8815392e-02
   6.4700000e+01   2.3276110e-03   1.8916141e-02
   6.4800000e+01  -2.3506620e-02   3.2507719e-02
   6.4900000e+01  -5.7867095e-02   1.7430047e-02
   6.5000000e+01  -7.0074838e-02  -1.1017927e-03
   6.5100000e+01  -4.4069380e-02   1.5402554e-03
   6.5200000e+01   5.3806792e-03   2.1755262e-02
   6.5300000e+01   4.4876923e-02   3.2050493e-02
   6.5400000e+01   5.1691287e-02   1.0534717e-02
   6.5500000e+01   3.2744066e-02  -3.6427442e-02
   6.5600000e+01   1.6732600e-02  -8.0133371e-02
   6.5700000e+01   2.7635947e-02  -9.5699084e-02
   6.5800000e+01   6.3238054e-02  -8.2239358e-02
   6.5900000e+01   9.6999600e-02  -5.9515416e-02
   6.6000000e+01   1.0180053e-01  -4.6742910e-02
   6.6100000e+01   7.5514910e-02  -4.4883915e-02
   6.6200000e+01   4.5441524e-02  -3.9016844e-02
   6.6300000e+01   4.5394213e-02  -1.7631769e-02
   6.6400000e+01   8.4168676e-02   1.0994033e-02
   6.6500000e+01   1.3490407e-01   2.3079576e-02
   6.6600000e+01   1.5776288e-01   2.0059778e-03
   6.6700000e+01   1.3607510e-01  -4.2412312e-02
   6.6800000e+01   9.0725249e-02  -7.8841720e-02
   6.6900000e+01   5.7895765e-02  -8.1441751e-02
   6.7000000e+01   5.2700608e-02  -5.3505120e-02
   6.7100000e+01   5.6231971e-02  -2.3328100e-02
   6.7200000e+01   3.8932419e-02  -1.5324801e-02
   6.7300000e+01  -5.2119696e-03  -2.6062147e-02
   6.7400000e+01  -5.0254211e-02  -3.0981233e-02
   6.7500000e+01  -6.4494582e-02  -1.4667198e-02
   6.7600000e+01  -4.3488275e-02   9.1030933e-03
   6.7700000e+01  -1.5036692e-02   1.0716787e-02
   6.7800000e+01  -1.0926543e-02  -2.2591635e-02
   6.7900000e+01  -3.5082822e-02  -7.0592614e-02
   6.8000000e+01  -6.1341818e-02  -9.7777084e-02
   6.8100000e+01  -6.2427557e-02  -8.5329978e-02
   6.8200000e+01  -3.8712833e-02  -4.4485261e-02
   6.8300000e+01  -1.6683927e-02  -1.2619758e-03
   6.8400000e+01  -2.0726093e-02   2.7328241e-02
   6.8500000e+01  -4.9695688e-02   4.1384226e-02
   6.8600000e+01  -8.1250828e-02   4.8073713e-02
   6.8700000e+01  -9.4813345e-02   5.0525319e-02
   6.8800000e+01  -8.7044753e-02   4.9134258e-02
   6.8900000e+01  -6.8083905e-02   4.9842698e-02
   6.9000000e+01  -4.9447914e-02   6.3827307e-02
   6.9100000e+01  -3.7583830e-02   9.4212595e-02
   6.9200000e+01  -3.3718384e-02   1.2500768e-01
   6.9300000e+01  -3.3980048e-02   1.3042733e-01
   6.9400000e+01  -3.0412760e-02   1.0084838e-01
   6.9500000e+01  -1.7373810e-02   5.7850399e-02
   6.9600000e+01   4.7537381e-04   3.6974501e-02
   6.9700000e+01   9.2663457e-03   5.2556010e-02
   6.9800000e+01  -1.7892618e-03   8.3392629e-02
   6.9900000e+01  -2.9144062e-02   9.6866283e-02
   7.0000000e+01  -5.6747134e-02   8.3634930e-02
   7.0100000e+01  -6.8164964e-02   6.1928922e-02
   7.0200000e+01  -5.6706084e-02   4.8982014e-02
   7.0300000e+01  -2.7494257e-02   3.8719785e-02
   7.0400000e+01   5.4316369e-03   1.4759588e-02
   7.0500000e+01   2.5102543e-02  -2.0588304e-02
   7.0600000e+01   2.2706902e-02  -4.2260987e-02
   7.0700000e+01   8.9638885e-03  -3.0581336e-02
   7.0800000e+01   1.1037359e-02   3.9016068e-03
   7.0900000e+01   4.8555983e-02   2.9578995e-02
   7.1000000e+01   1.0809091e-01   2.4587109e-02
   7.1100000e+01   1.4678616e-01  -6.3609517e-03
   7.1200000e+01   1.2970156e-01  -4.2241634e-02
   7.1300000e+01   6.5718282e-02  -6.4076293e-02
   7.1400000e+01   2.3010417e-03  -6.2017571e-02
   7.1500000e+01  -1.8282880e-02  -3.4359471e-02
   7.1600000e+01   4.0359758e-03   1.0437393e-02
   7.1700000e+01   3.4373333e-02   5.2203764e-02
   7.1800000e+01   4.1983460e-02   6.9526698e-02
   7.1900000e+01   2.6284524e-02   5.8159676e-02
   7.2000000e+01   6.3177609e-03   3.6643751e-02
   7.2100000e+01  -5.1413220e-03   2.8610876e-02
   7.2200000e+01  -9.6889537e-03   3.8731207e-02
   7.2300000e+01  -1.0807080e-02   4.8548515e-02
   7.2400000e+01  -5.4769296e-03   3.6694351e-02
   7.2500000e+01   6.6849366e-03   1.6420373e-03
   7.2600000e+01   1.3239118e-02  -3.5666439e-02
   7.2700000e+01  -1.9616882e-03  -4.9962145e-02
   7.2800000e+01  -3.7930812e-02  -3.2763254e-02
   7.2900000e+01  -7.1322093e-02   4.7152288e-04
   7.3000000e+01  -7.6845409e-02   2.1181838e-02
   7.3100000e+01  -5.1184296e-02   8.5775758e-03
   7.3200000e+01  -1.3666023e-02  -3.3842804e-02
   7.3300000e+01   1.4803148e-02  -7.9560364e-02
   7.3400000e+01   2.8968983e-02  -9.9594971e-02
   7.3500000e+01   3.6075794e-02  -8.5945430e-02
   7.3600000e+01   4.2423912e-02  -5.5864295e-02
   7.3700000e+01   4.8534702e-02  -3.2967824e-02
   7.3800000e+01   5.4931953e-02  -2.6103760e-02
   7.3900000e+01   6.4649771e-02  -2.8496546e-02
   7.4000000e+01   7.5852542e-02  -3.4035661e-02
   7.4100000e+01   7.6425839e-02  -4.6754881e-02
   7.4200000e+01   5.4008807e-02  -7.1117405e-02
   7.4300000e+01   1.4582048e-02  -9.8942729e-02
   7.4400000e+01  -1.3750167e-02  -1.1422861e-01
   7.4500000e+01  -3.5036549e-03  -1.1139169e-01
   7.4600000e+01   4.1688286e-02  -1.0171972e-01
   7.4700000e+01   8.2192513e-02  -9.7668729e-02
   7.4800000e+01   7.4496380e-02  -9.5637982e-02
   7.4900000e+01   1.2788270e-02  -8.1345558e-02
   7.5000000e+01  -6.1633817e-02  -5.1549492e-02
   7.5100000e+01  -9.5411902e-02  -2.2805479e-02
   7.5200000e+01  -7.0181452e-02  -1.4226017e-02
   7.5300000e+01  -1.6296219e-02  -2.5281701e-02
   7.5400000e+01   1.8301858e-02  -3.6272667e-02
   7.5500000e+01   1.0821209e-02  -3.0426816e-02
   7.5600000e+01  -2.3548527e-02  -1.0784227e-02
   7.5700000e+01  -5.5624240e-02   6.3157663e-03
   7.5800000e+01  -7.2639670e-02   1.0435041e-02
   7.5900000e+01  -8.3854842e-02   5.9306571e-03
   7.6000000e+01  -1.0123166e-01   3.3844936e-03
   7.6100000e+01  -1.2057349e-01   7.1482822e-03
   7.6200000e+01  -1.2355980e-01   1.3768425e-02
   7.6300000e+01  -9.6758921e-02   2.0147374e-02
   7.6400000e+01  -4.7493873e-02   2.8609845e-02
   7.6500000e+01  -1.3677489e-03   4.1782831e-02
   7.6600000e+01   1.6449763e-02   5.5035873e-02
   7.6700000e+01   5.2913036e-04   5.9071490e-02
   7.6800000e+01  -3.0710968e-02   5.2335411e-02
   7.6900000e+01  -4.9416208e-02   4.7064437e-02
   7.7000000e+01  -3.9312564e-02   5.6620794e-02
   7.7100000e+01  -6.3241011e-03   7.5762043e-02
   7.7200000e+01   2.8430413e-02   8.0269217e-02
   7.7300000e+01   4.5492251e-02   5.3026076e-02
   7.7400000e+01   4.0021404e-02   8.5320589e-03
   7.7500000e+01   2.3179809e-02  -1.6750074e-02
   7.7600000e+01   1.3260688e-02  -1.7689638e-03
   7.7700000e+01   2.2495780e-02   3.6996642e-02
   7.7800000e+01   4.7120185e-02   6.5806746e-02
   7.7900000e+01   6.8467871e-02   7.1343639e-02
   7.8000000e+01   6.7162290e-02   6.9344874e-02
   7.8100000e+01   4.0326237e-02   7.6261925e-02
   7.8200000e+01   5.3226440e-03   8.4231461e-02
   7.8300000e+01  -1.5298358e-02   7.3382695e-02
   7.8400000e+01  -1.3026676e-02   4.3707380e-02
   7.8500000e+01   2.8022555e-03   2.1540940e-02
   7.8600000e+01   1.8215160e-02   2.9558442e-02
   7.8700000e+01   2.7080945e-02   5.8366810e-02
   7.8800000e+01   2.9154679e-02   7.6873647e-02
   7.8900000e+01   2.1413550e-02   6.9234254e-02
   7.9000000e+01  -5.1262460e-04   5.2641995e-02
   7.9100000e+01  -3.0310457e-02   5.4517474e-02
   7.9200000e+01  -4.6874436e-02   7.7593434e-02
   7.9300000e+01  -3.0377968e-02   9.5008587e-02
   7.9400000e+01   1.5251520e-02   8.0534082e-02
   7.9500000e+01   5.9741152e-02   3.8084480e-02
   7.9600000e+01   7.1075610e-02  -2.7155739e-03
   7.9700000e+01   4.4657667e-02  -1.8069517e-02
   7.9800000e+01   7.2916537e-03  -1.2032203e-02
   7.9900000e+01  -9.6119496e-03  -5.5673328e-03
   8.0000000e+01  -1.5059264e-03  -8.7042847e-03
