   1.0221618e+02   2.8602761e+01   2.5212700e+03
   1.0216385e+02   2.8475253e+01   1.7772200e+03
   0.0000000e+00   7.8436400e-01   7.8436400e-01
   1.0000000e-01   8.0099351e-01   7.4579269e-01
   2.0000000e-01   8.3851458e-01   6.3454550e-01
   3.0000000e-01   8.9582457e-01   4.4661507e-01
   4.0000000e-01   9.4414366e-01   2.3451253e-01
   5.0000000e-01   9.6647626e-01   5.8447885e-02
   6.0000000e-01   9.7305953e-01  -6.4243232e-02
   7.0000000e-01   9.8255839e-01  -1.5615975e-01
   8.0000000e-01   9.9730342e-01  -2.3976860e-01
   9.0000000e-01   1.0000000e+00  -3.1882353e-01
   1.0000000e+00   9.7086750e-01  -3.9670236e-01
   1.1000000e+00   9.0388020e-01  -4.8773314e-01
   1.2000000e+00   8.0619839e-01  -5.9315323e-01
   1.3000000e+00   6.8523888e-01  -6.7854787e-01
   1.4000000e+00   5.4055449e-01  -6.9963387e-01
   1.5000000e+00   3.7003953e-01  -6.5490796e-01
   1.6000000e+00   1.8153167e-01  -5.9646756e-01
   1.7000000e+00  -5.8781993e-03  -5.7954183e-01
   1.8000000e+00  -1.7323719e-01  -6.1174935e-01
   1.9000000e+00  -3.1263337e-01  -6.6120276e-01
   2.0000000e+00  -4.2659902e-01  -7.0229100e-01
   2.1000000e+00  -5.1966344e-01  -7.3403477e-01
   2.2000000e+00  -5.9215328e-01  -7.5565586e-01
   2.3000000e+00  -6.3991074e-01  -7.4811086e-01
   2.4000000e+00  -6.5810184e-01  -6.9523459e-01
   2.5000000e+00  -6.4812398e-01  -6.1238973e-01
   2.6000000e+00  -6.2419131e-01  -5.3557541e-01
   2.7000000e+00  -6.1016330e-01  -4.8122673e-01
   2.8000000e+00  -6.2291798e-01  -4.3032174e-01
   2.9000000e+00  -6.5698111e-01  -3.5690897e-01
   3.0000000e+00  -6.9003002e-01  -2.6081850e-01
   3.1000000e+00  -7.0537931e-01  -1.6251597e-01
   3.2000000e+00  -7.0402393e-01  -7.2933322e-02
   3.3000000e+00  -6.9137164e-01   1.7184686e-02
   3.4000000e+00  -6.5897934e-01   1.1621486e-01
   3.5000000e+00  -5.8971967e-01   2.1257001e-01
   3.6000000e+00  -4.8215914e-01   2.8655140e-01
   3.7000000e+00  -3.6172592e-01   3.3692308e-01
   3.8000000e+00  -2.6205300e-01   3.8429777e-01
   3.9000000e+00  -1.9712666e-01   4.4360078e-01
   4.0000000e+00  -1.5364752e-01   4.9917759e-01
   4.1000000e+00  -1.0676591e-01   5.1574033e-01
   4.2000000e+00  -3.9938108e-02   4.7682509e-01
   4.3000000e+00   4.5342026e-02   4.0892164e-01
   4.4000000e+00   1.3015592e-01   3.6266160e-01
   4.5000000e+00   1.8738036e-01   3.6845216e-01
   4.6000000e+00   1.9903517e-01   4.1233834e-01
   4.7000000e+00   1.7190185e-01   4.5614375e-01
   4.8000000e+00   1.3474290e-01   4.7661909e-01
   4.9000000e+00   1.1570107e-01   4.7797222e-01
   5.0000000e+00   1.2214733e-01   4.6706390e-01
   5.1000000e+00   1.4367173e-01   4.2966603e-01
   5.2000000e+00   1.7025870e-01   3.4544643e-01
   5.3000000e+00   2.0036523e-01   2.2515917e-01
   5.4000000e+00   2.3168691e-01   1.1648754e-01
   5.5000000e+00   2.5382569e-01   6.0608200e-02
   5.6000000e+00   2.5787536e-01   4.8560902e-02
   5.7000000e+00   2.5011408e-01   3.3462286e-02
   5.8000000e+00   2.4792292e-01  -1.4575223e-02
   5.9000000e+00   2.6008362e-01  -7.9258261e-02
   6.0000000e+00   2.7607614e-01  -1.2818617e-01
   6.1000000e+00   2.7793768e-01  -1.5698727e-01
   6.2000000e+00   2.5999763e-01  -1.8768863e-01
   6.3000000e+00   2.3444775e-01  -2.2892579e-01
   6.4000000e+00   2.1975300e-01  -2.5812595e-01
   6.5000000e+00   2.2585830e-01  -2.5094818e-01
   6.6000000e+00   2.4769561e-01  -2.1499270e-01
   6.7000000e+00   2.6881357e-01  -1.8105072e-01
   6.8000000e+00   2.7290609e-01  -1.6634072e-01
   6.9000000e+00   2.5717197e-01  -1.5969336e-01
   7.0000000e+00   2.3500411e-01  -1.4289340e-01
   7.1000000e+00   2.2073915e-01  -1.1387946e-01
   7.2000000e+00   2.1048487e-01  -8.3488065e-02
   7.3000000e+00   1.8376195e-01  -5.8639398e-02
   7.4000000e+00   1.2786691e-01  -3.7649993e-02
   7.5000000e+00   5.5292249e-02  -1.7993751e-02
   7.6000000e+00  -9.3754677e-03   3.5901753e-04
   7.7000000e+00  -5.5699396e-02   1.9594097e-02
   7.8000000e+00  -9.0753183e-02   4.5472156e-02
   7.9000000e+00  -1.1716999e-01   8.1740814e-02
   8.0000000e+00  -1.2197897e-01   1.2582564e-01
   8.1000000e+00  -9.6935393e-02   1.6962487e-01
   8.2000000e+00  -6.1551108e-02   2.0016593e-01
   8.3000000e+00  -5.0569617e-02   1.9967017e-01
   8.4000000e+00  -7.6563964e-02   1.5274676e-01
   8.5000000e+00  -1.1645449e-01   6.0754959e-02
   8.6000000e+00  -1.4078250e-01  -5.0945367e-02
   8.7000000e+00  -1.4703692e-01  -1.4399426e-01
   8.8000000e+00  -1.5450283e-01  -1.8857754e-01
   8.9000000e+00  -1.7245818e-01  -1.7836612e-01
   9.0000000e+00  -1.8822192e-01  -1.3077100e-01
   9.1000000e+00  -1.8950280e-01  -7.6044391e-02
   9.2000000e+00  -1.8574105e-01  -4.1805560e-02
   9.3000000e+00  -1.9652208e-01  -4.0212367e-02
   9.4000000e+00  -2.2349664e-01  -6.5700752e-02
   9.5000000e+00  -2.4526647e-01  -1.0405615e-01
   9.6000000e+00  -2.4230305e-01  -1.4205127e-01
   9.7000000e+00  -2.1917881e-01  -1.6849972e-01
   9.8000000e+00  -1.9752312e-01  -1.7292293e-01
   9.9000000e+00  -1.9184410e-01  -1.5242556e-01
   1.0000000e+01  -1.9801673e-01  -1.2036909e-01
   1.0100000e+01  -2.0282126e-01  -9.9177318e-02
   1.0200000e+01  -1.9716540e-01  -9.8052506e-02
   1.0300000e+01  -1.7815382e-01  -1.0145920e-01
   1.0400000e+01  -1.4476425e-01  -8.5929136e-02
   1.0500000e+01  -9.7897138e-02  -4.7287957e-02
   1.0600000e+01  -4.3495544e-02  -5.9292008e-03
   1.0700000e+01   1.0015641e-02   1.5212411e-02
   1.0800000e+01   5.9320661e-02   1.3330077e-02
   1.0900000e+01   1.0771381e-01   5.6069806e-03
   1.1000000e+01   1.5592199e-01   1.1498093e-02
   1.1100000e+01   1.9343606e-01   3.8160865e-02
   1.1200000e+01   2.0374212e-01   7.9127746e-02
   1.1300000e+01   1.8051321e-01   1.2058332e-01
   1.1400000e+01   1.3742155e-01   1.4735902e-01
   1.1500000e+01   1.0008643e-01   1.4746425e-01
   1.1600000e+01   8.7444848e-02   1.1717624e-01
   1.1700000e+01   9.9668748e-02   6.5549596e-02
   1.1800000e+01   1.2172994e-01   1.3292925e-02
   1.1900000e+01   1.3708470e-01  -1.7473527e-02
   1.2000000e+01   1.3924599e-01  -1.7541202e-02
   1.2100000e+01   1.3324655e-01   3.7782292e-03
   1.2200000e+01   1.2796048e-01   2.9246387e-02
   1.2300000e+01   1.2704231e-01   5.0553626e-02
   1.2400000e+01   1.2650588e-01   7.2575501e-02
   1.2500000e+01   1.2020639e-01   1.0073178e-01
   1.2600000e+01   1.0651720e-01   1.2856326e-01
   1.2700000e+01   8.8878674e-02   1.4148276e-01
   1.2800000e+01   7.0694135e-02   1.3009833e-01
   1.2900000e+01   5.1801320e-02   9.5237720e-02
   1.3000000e+01   3.1066131e-02   4.2412896e-02
   1.3100000e+01   1.1355829e-02  -2.0022891e-02
   1.3200000e+01  -1.0938758e-04  -7.4380271e-02
   1.3300000e+01   2.2390364e-03  -9.4210566e-02
   1.3400000e+01   1.5367355e-02  -6.2821960e-02
   1.3500000e+01   2.6868054e-02   6.7070266e-03
   1.3600000e+01   2.2796421e-02   7.6618907e-02
   1.3700000e+01  -8.8107045e-04   1.1473175e-01
   1.3800000e+01  -3.3044176e-02   1.1879516e-01
   1.3900000e+01  -5.5065488e-02   1.0934344e-01
   1.4000000e+01  -5.6691731e-02   1.0180203e-01
   1.4100000e+01  -4.5664281e-02   9.1088580e-02
   1.4200000e+01  -4.0595450e-02   6.4350829e-02
   1.4300000e+01  -5.3302372e-02   2.3001091e-02
   1.4400000e+01  -7.8457857e-02  -1.4503812e-02
   1.4500000e+01  -1.0060189e-01  -3.2521250e-02
   1.4600000e+01  -1.0947671e-01  -3.5529645e-02
   1.4700000e+01  -1.0673191e-01  -4.0576523e-02
   1.4800000e+01  -9.9112238e-02  -5.3688927e-02
   1.4900000e+01  -8.9367315e-02  -6.0125091e-02
   1.5000000e+01  -7.6347060e-02  -4.2048192e-02
   1.5100000e+01  -6.1519646e-02  -2.7649674e-03
   1.5200000e+01  -5.0341942e-02   3.2312506e-02
   1.5300000e+01  -4.5096316e-02   3.9417773e-02
   1.5400000e+01  -3.9242748e-02   1.7039098e-02
   1.5500000e+01  -2.3044613e-02  -1.7830944e-02
   1.5600000e+01   4.3932949e-03  -4.8207505e-02
   1.5700000e+01   3.1405534e-02  -6.7569879e-02
   1.5800000e+01   4.4413025e-02  -7.6769880e-02
   1.5900000e+01   4.1770833e-02  -7.9721881e-02
   1.6000000e+01   3.5319880e-02  -8.3801776e-02
   1.6100000e+01   3.8146141e-02  -9.6520324e-02
   1.6200000e+01   5.2221350e-02  -1.1504082e-01
   1.6300000e+01   6.8280625e-02  -1.2203872e-01
   1.6400000e+01   7.5799928e-02  -9.9650805e-02
   1.6500000e+01   7.1398942e-02  -4.9801502e-02
   1.6600000e+01   5.8827612e-02   2.8482030e-03
   1.6700000e+01   4.4005063e-02   2.9917319e-02
   1.6800000e+01   3.1496892e-02   1.9586056e-02
   1.6900000e+01   2.3867550e-02  -2.0276136e-02
   1.7000000e+01   2.1630350e-02  -7.1510268e-02
   1.7100000e+01   2.3143428e-02  -1.1352612e-01
   1.7200000e+01   2.5682648e-02  -1.2830855e-01
   1.7300000e+01   2.7013145e-02  -1.0926906e-01
   1.7400000e+01   2.5013741e-02  -6.8719546e-02
   1.7500000e+01   1.5866491e-02  -2.9876209e-02
   1.7600000e+01  -4.9243909e-03  -5.6541705e-03
   1.7700000e+01  -3.7203573e-02   1.2038969e-02
   1.7800000e+01  -7.2326499e-02   3.7666715e-02
   1.7900000e+01  -9.7515279e-02   6.9573184e-02
   1.8000000e+01  -1.0586331e-01   8.8239085e-02
   1.8100000e+01  -1.0136095e-01   7.6810086e-02
   1.8200000e+01  -9.3253069e-02   3.7962078e-02
   1.8300000e+01  -8.6621179e-02  -9.8074239e-03
   1.8400000e+01  -7.9793938e-02  -4.5691613e-02
   1.8500000e+01  -6.9442585e-02  -5.4213258e-02
   1.8600000e+01  -5.4968404e-02  -2.9131569e-02
   1.8700000e+01  -3.7260554e-02   1.9811771e-02
   1.8800000e+01  -1.6254546e-02   6.7116697e-02
   1.8900000e+01   7.4941424e-03   9.0431700e-02
   1.9000000e+01   2.9716104e-02   9.2856900e-02
   1.9100000e+01   4.3389691e-02   9.8073274e-02
   1.9200000e+01   4.3266611e-02   1.1819000e-01
   1.9300000e+01   2.8804491e-02   1.3418741e-01
   1.9400000e+01   4.1904658e-03   1.1723886e-01
   1.9500000e+01  -2.1657355e-02   6.5278006e-02
   1.9600000e+01  -3.5884190e-02   7.6194303e-03
   1.9700000e+01  -2.7984085e-02  -2.6731441e-02
   1.9800000e+01   3.6195172e-04  -3.4529770e-02
   1.9900000e+01   3.3404018e-02  -2.8818067e-02
   2.0000000e+01   5.3726409e-02  -1.5800672e-02
   2.0100000e+01   5.7417467e-02   7.8789097e-03
   2.0200000e+01   5.4423064e-02   3.9854200e-02
   2.0300000e+01   5.3967916e-02   6.6805054e-02
   2.0400000e+01   5.3924837e-02   7.6875365e-02
   2.0500000e+01   4.6915390e-02   6.9271644e-02
   2.0600000e+01   3.2773093e-02   4.8922951e-02
   2.0700000e+01   1.9346590e-02   1.9609963e-02
   2.0800000e+01   1.1652805e-02  -1.2459435e-02
   2.0900000e+01   6.2697914e-03  -3.5492331e-02
   2.1000000e+01  -7.0216056e-04  -4.2022480e-02
   2.1100000e+01  -4.4038291e-03  -4.0130192e-02
   2.1200000e+01   4.7271889e-03  -4.5704114e-02
   2.1300000e+01   2.8073870e-02  -6.1655210e-02
   2.1400000e+01   5.4409103e-02  -7.2233762e-02
   2.1500000e+01   7.0156900e-02  -6.2363924e-02
   2.1600000e+01   7.1761328e-02  -3.7323978e-02
   2.1700000e+01   6.6118025e-02  -1.6981409e-02
   2.1800000e+01   6.0761394e-02  -1.2656687e-02
   2.1900000e+01   5.6532700e-02  -1.6074288e-02
   2.2000000e+01   4.9546320e-02  -1.1880069e-02
   2.2100000e+01   3.7293318e-02   4.1199798e-03
   2.2200000e+01   2.1140425e-02   2.1524749e-02
   2.2300000e+01   4.3664607e-03   2.6215433e-02
   2.2400000e+01  -9.9630471e-03   1.1287855e-02
   2.2500000e+01  -1.9087655e-02  -1.9937641e-02
   2.2600000e+01  -2.0585675e-02  -5.6136777e-02
   2.2700000e+01  -1.4294163e-02  -8.2125329e-02
   2.2800000e+01  -4.5861799e-03  -8.5690362e-02
   2.2900000e+01   4.0470525e-04  -6.5992864e-02
   2.3000000e+01  -6.2587666e-03  -3.6767156e-02
   2.3100000e+01  -2.4490599e-02  -1.8302073e-02
   2.3200000e+01  -4.6145890e-02  -2.1763852e-02
   2.3300000e+01  -6.1443742e-02  -3.8599535e-02
   2.3400000e+01  -6.8207804e-02  -4.6021296e-02
   2.3500000e+01  -7.4425963e-02  -2.6237001e-02
   2.3600000e+01  -8.9545503e-02   1.6576848e-02
   2.3700000e+01  -1.1233936e-01   5.7489808e-02
   2.3800000e+01  -1.2936967e-01   7.0103358e-02
   2.3900000e+01  -1.2777730e-01   4.6791732e-02
   2.4000000e+01  -1.0888197e-01   2.7085303e-03
   2.4100000e+01  -8.6567845e-02  -3.6987170e-02
   2.4200000e+01  -7.2270394e-02  -5.2816154e-02
   2.4300000e+01  -6.4860590e-02  -3.8052708e-02
   2.4400000e+01  -5.6686258e-02   2.2367773e-03
   2.4500000e+01  -4.5505901e-02   5.4386679e-02
   2.4600000e+01  -3.5670298e-02   1.0049107e-01
   2.4700000e+01  -2.9033449e-02   1.2587389e-01
   2.4800000e+01  -2.1000395e-02   1.2667324e-01
   2.4900000e+01  -7.8341884e-03   1.1052697e-01
   2.5000000e+01   7.1472491e-03   8.9061142e-02
   2.5100000e+01   1.9295563e-02   6.9823203e-02
   2.5200000e+01   3.1549407e-02   5.4796776e-02
   2.5300000e+01   5.1325192e-02   4.3418408e-02
   2.5400000e+01   7.8280110e-02   3.3679597e-02
   2.5500000e+01   1.0120885e-01   2.1342863e-02
   2.5600000e+01   1.1027611e-01   3.2714528e-03
   2.5700000e+01   1.0840711e-01  -1.5131313e-02
   2.5800000e+01   1.0657829e-01  -1.8990320e-02
   2.5900000e+01   1.1059994e-01   2.6809032e-03
   2.6000000e+01   1.1754321e-01   3.9733243e-02
   2.6100000e+01   1.2366425e-01   6.1523784e-02
   2.6200000e+01   1.2890745e-01   4.2052809e-02
   2.6300000e+01   1.3121629e-01  -1.3121036e-02
   2.6400000e+01   1.2249698e-01  -6.8833128e-02
   2.6500000e+01   9.6806351e-02  -9.2997225e-02
   2.6600000e+01   6.1544203e-02  -8.6276877e-02
   2.6700000e+01   3.4628084e-02  -7.6154909e-02
   2.6800000e+01   2.7660771e-02  -8.2922103e-02
   2.6900000e+01   3.3607039e-02  -9.7334547e-02
   2.7000000e+01   3.2858578e-02  -9.4525800e-02
   2.7100000e+01   1.1195996e-02  -6.5074598e-02
   2.7200000e+01  -2.7743568e-02  -2.6082028e-02
   2.7300000e+01  -6.5302851e-02  -2.5825822e-03
   2.7400000e+01  -8.1971296e-02  -4.5008252e-03
   2.7500000e+01  -7.1592346e-02  -2.3713792e-02
   2.7600000e+01  -4.5433813e-02  -4.7140739e-02
   2.7700000e+01  -2.3192310e-02  -6.6268521e-02
   2.7800000e+01  -1.8193593e-02  -7.6529032e-02
   2.7900000e+01  -2.9432300e-02  -7.5737567e-02
   2.8000000e+01  -4.6556059e-02  -6.6571117e-02
   2.8100000e+01  -6.0867210e-02  -5.6221101e-02
   2.8200000e+01  -7.0673735e-02  -4.9261017e-02
   2.8300000e+01  -7.7922780e-02  -4.2336533e-02
   2.8400000e+01  -8.3089140e-02  -2.9062118e-02
   2.8500000e+01  -8.4728959e-02  -9.0048652e-03
   2.8600000e+01  -8.2517177e-02   1.1473668e-02
   2.8700000e+01  -7.9118300e-02   2.6414840e-02
   2.8800000e+01  -7.9042624e-02   3.3975798e-02
   2.8900000e+01  -8.5453552e-02   3.2635876e-02
   2.9000000e+01  -9.6481169e-02   1.9759081e-02
   2.9100000e+01  -1.0395236e-01  -9.7697851e-04
   2.9200000e+01  -9.8152610e-02  -1.3792704e-02
   2.9300000e+01  -7.7067280e-02  -4.9907457e-04
   2.9400000e+01  -5.0783534e-02   4.0156696e-02
   2.9500000e+01  -3.3532694e-02   8.6183205e-02
   2.9600000e+01  -2.9811877e-02   1.1009801e-01
   2.9700000e+01  -3.0591609e-02   1.0361124e-01
   2.9800000e+01  -2.5152746e-02   8.2991108e-02
   2.9900000e+01  -1.3975336e-02   7.0726241e-02
   3.0000000e+01  -5.4168711e-03   7.4863412e-02
   3.0100000e+01  -3.5861231e-04   8.6626008e-02
   3.0200000e+01   1.2858003e-02   9.3646507e-02
   3.0300000e+01   4.2915757e-02   9.0628713e-02
   3.0400000e+01   7.8278778e-02   7.8063878e-02
   3.0500000e+01   9.3625580e-02   5.7099184e-02
   3.0600000e+01   7.6756841e-02   3.0810707e-02
   3.0700000e+01   4.4660774e-02   8.5962326e-03
   3.0800000e+01   2.8136573e-02   2.6314768e-03
   3.0900000e+01   4.1949841e-02   1.5760576e-02
   3.1000000e+01   7.3790732e-02   3.4763603e-02
   3.1100000e+01   1.0059861e-01   4.0233070e-02
   3.1200000e+01   1.0944035e-01   2.5166202e-02
   3.1300000e+01   1.0155906e-01   2.2657157e-03
   3.1400000e+01   8.4027772e-02  -9.0405723e-03
   3.1500000e+01   6.4828231e-02  -2.7643600e-03
   3.1600000e+01   5.3078818e-02   7.1737575e-03
   3.1700000e+01   5.4737708e-02   4.4336221e-04
   3.1800000e+01   6.4616137e-02  -2.9917730e-02
   3.1900000e+01   6.8126090e-02  -6.9981658e-02
   3.2000000e+01   5.6102590e-02  -9.5689611e-02
   3.2100000e+01   3.5818729e-02  -9.2022345e-02
   3.2200000e+01   2.2933914e-02  -6.4768945e-02
   3.2300000e+01   2.3485025e-02  -3.5695484e-02
   3.2400000e+01   2.8251278e-02  -2.5042531e-02
   3.2500000e+01   2.5133669e-02  -3.5608027e-02
   3.2600000e+01   1.2438071e-02  -5.2072356e-02
   3.2700000e+01  -2.1563889e-03  -5.6541163e-02
   3.2800000e+01  -1.1628903e-02  -4.6175121e-02
   3.2900000e+01  -1.4366621e-02  -3.5666148e-02
   3.3000000e+01  -1.1071624e-02  -4.1261428e-02
   3.3100000e+01  -2.5518008e-03  -6.1957459e-02
   3.3200000e+01   7.9565824e-03  -7.7950258e-02
   3.3300000e+01   1.4243787e-02  -6.9700363e-02
   3.3400000e+01   1.2299333e-02  -3.8707351e-02
   3.3500000e+01   4.7941415e-03  -7.4988845e-03
   3.3600000e+01  -2.6383446e-03   2.2833035e-03
   3.3700000e+01  -9.9000407e-03  -9.4576724e-03
   3.3800000e+01  -2.4550602e-02  -2.4000992e-02
   3.3900000e+01  -5.2830870e-02  -2.5329938e-02
   3.4000000e+01  -8.8121525e-02  -1.4684813e-02
   3.4100000e+01  -1.1032265e-01  -2.8256024e-03
   3.4200000e+01  -1.0045341e-01   6.5574227e-03
   3.4300000e+01  -5.9428274e-02   1.9083153e-02
   3.4400000e+01  -1.2801780e-02   3.6030042e-02
   3.4500000e+01   6.6439199e-03   4.6384174e-02
   3.4600000e+01  -1.4407309e-02   3.8560736e-02
   3.4700000e+01  -5.8281128e-02   1.7491856e-02
   3.4800000e+01  -9.1639802e-02   3.0015811e-03
   3.4900000e+01  -9.3074921e-02   8.6588312e-03
   3.5000000e+01  -6.7124575e-02   2.6226847e-02
   3.5100000e+01  -3.5110952e-02   3.5080092e-02
   3.5200000e+01  -1.6662621e-02   2.5760771e-02
   3.5300000e+01  -1.9448208e-02   1.0279021e-02
   3.5400000e+01  -3.9502178e-02   8.1676972e-03
   3.5500000e+01  -6.4531873e-02   2.5149098e-02
   3.5600000e+01  -7.8367933e-02   4.7889205e-02
   3.5700000e+01  -7.0450631e-02   5.8792925e-02
   3.5800000e+01  -4.6204786e-02   5.3381690e-02
   3.5900000e+01  -2.4985959e-02   4.2225931e-02
   3.6000000e+01  -2.1783567e-02   3.7542572e-02
   3.6100000e+01  -2.9972116e-02   4.0508072e-02
   3.6200000e+01  -2.6249812e-02   4.2745835e-02
   3.6300000e+01   4.5349656e-03   3.8461665e-02
   3.6400000e+01   5.1050017e-02   3.1711617e-02
   3.6500000e+01   8.4331027e-02   2.9955935e-02
   3.6600000e+01   8.4753791e-02   3.2484636e-02
   3.6700000e+01   5.9089893e-02   2.9192739e-02
   3.6800000e+01   3.1938292e-02   1.2390829e-02
   3.6900000e+01   2.2838482e-02  -1.2564222e-02
   3.7000000e+01   3.1936233e-02  -3.1356100e-02
   3.7100000e+01   4.4814436e-02  -3.5093330e-02
   3.7200000e+01   4.8307224e-02  -2.8062851e-02
   3.7300000e+01   4.2158785e-02  -2.0644836e-02
   3.7400000e+01   3.7940488e-02  -1.7407242e-02
   3.7500000e+01   4.7442401e-02  -1.4850191e-02
   3.7600000e+01   7.0376937e-02  -9.6518533e-03
   3.7700000e+01   9.2282180e-02  -5.3476750e-03
   3.7800000e+01   9.5993570e-02  -8.9667533e-03
   3.7900000e+01   7.7279797e-02  -2.2591889e-02
   3.8000000e+01   4.9114693e-02  -4.0351209e-02
   3.8100000e+01   2.9189992e-02  -5.3664611e-02
   3.8200000e+01   2.3382123e-02  -5.7992399e-02
   3.8300000e+01   2.2852024e-02  -5.4183106e-02
   3.8400000e+01   1.6600159e-02  -4.4947041e-02
   3.8500000e+01   3.4344302e-03  -3.2030096e-02
   3.8600000e+01  -1.0007711e-02  -1.7225913e-02
   3.8700000e+01  -1.9586748e-02  -4.7017177e-03
   3.8800000e+01  -2.7326061e-02  -3.1887911e-04
   3.8900000e+01  -3.5127342e-02  -7.4788430e-03
   3.9000000e+01  -3.9896900e-02  -2.3613503e-02
   3.9100000e+01  -3.8050854e-02  -4.1144676e-02
   3.9200000e+01  -3.2275741e-02  -5.1978325e-02
   3.9300000e+01  -2.9613193e-02  -5.1376368e-02
   3.9400000e+01  -3.2673987e-02  -3.9023948e-02
   3.9500000e+01  -3.5862316e-02  -1.8611699e-02
   3.9600000e+01  -3.1586298e-02   2.9767971e-03
   3.9700000e+01  -1.8384389e-02   1.8216229e-02
   3.9800000e+01  -1.9368085e-03   2.3486197e-02
   3.9900000e+01   9.8995633e-03   2.1673689e-02
   4.0000000e+01   1.1440802e-02   1.8950305e-02
   4.0100000e+01   1.0727465e-03   1.8463748e-02
   4.0200000e+01  -1.7023360e-02   1.8256494e-02
   4.0300000e+01  -3.2661188e-02   1.5688267e-02
   4.0400000e+01  -3.5212304e-02   1.2095104e-02
   4.0500000e+01  -2.2756180e-02   1.1415384e-02
   4.0600000e+01  -4.7815849e-03   1.5090685e-02
   4.0700000e+01   6.8504082e-03   2.0287401e-02
   4.0800000e+01   9.6243712e-03   2.3107142e-02
   4.0900000e+01   1.0858169e-02   2.1881420e-02
   4.1000000e+01   1.6341170e-02   1.7424869e-02
   4.1100000e+01   2.1797578e-02   1.2609749e-02
   4.1200000e+01   1.8547951e-02   1.2776219e-02
   4.1300000e+01   6.1664401e-03   2.3517248e-02
   4.1400000e+01  -4.7997640e-03   4.4272273e-02
   4.1500000e+01  -4.6165979e-03   6.4650003e-02
   4.1600000e+01   3.6638749e-03   7.1209724e-02
   4.1700000e+01   7.3844074e-03   5.9958758e-02
   4.1800000e+01  -4.9741800e-04   4.0054193e-02
   4.1900000e+01  -1.2193102e-02   2.3382181e-02
   4.2000000e+01  -1.3084439e-02   1.2861372e-02
   4.2100000e+01   1.7779157e-03   4.1518551e-03
   4.2200000e+01   2.0905085e-02  -3.0957531e-03
   4.2300000e+01   2.6722836e-02  -1.6942354e-03
   4.2400000e+01   1.2474263e-02   1.2875575e-02
   4.2500000e+01  -1.1034079e-02   3.2623687e-02
   4.2600000e+01  -2.5225893e-02   4.2043104e-02
   4.2700000e+01  -2.0896095e-02   3.2650332e-02
   4.2800000e+01  -6.7480181e-03   9.9372153e-03
   4.2900000e+01  -8.9584664e-04  -1.3295561e-02
   4.3000000e+01  -1.2606905e-02  -2.7174023e-02
   4.3100000e+01  -3.1894012e-02  -2.8960150e-02
   4.3200000e+01  -3.8519309e-02  -2.2515704e-02
   4.3300000e+01  -2.2825003e-02  -1.6498607e-02
   4.3400000e+01   2.8765585e-03  -1.9018187e-02
   4.3500000e+01   1.5428013e-02  -2.9033891e-02
   4.3600000e+01   3.7307483e-03  -3.4782027e-02
   4.3700000e+01  -2.0856954e-02  -2.6521102e-02
   4.3800000e+01  -3.7515531e-02  -1.1331725e-02
   4.3900000e+01  -3.7137412e-02  -9.0109724e-03
   4.4000000e+01  -2.7953642e-02  -2.9278285e-02
   4.4100000e+01  -2.1077640e-02  -5.7088962e-02
   4.4200000e+01  -1.5213891e-02  -6.6466342e-02
   4.4300000e+01   3.1877104e-04  -4.8301661e-02
   4.4400000e+01   2.8292517e-02  -1.9508445e-02
   4.4500000e+01   5.3908849e-02  -3.9983646e-03
   4.4600000e+01   5.6146543e-02  -9.2963585e-03
   4.4700000e+01   2.9248409e-02  -2.3803607e-02
   4.4800000e+01  -8.5459871e-03  -3.1954157e-02
   4.4900000e+01  -2.9119221e-02  -2.6899001e-02
   4.5000000e+01  -1.8535118e-02  -1.1133720e-02
   4.5100000e+01   1.1556465e-02   7.6364418e-03
   4.5200000e+01   3.5546113e-02   1.8837762e-02
   4.5300000e+01   3.7108373e-02   1.3122093e-02
   4.5400000e+01   2.1830145e-02  -9.5214106e-03
   4.5500000e+01   7.7771184e-03  -3.5948014e-02
   4.5600000e+01   5.1936284e-03  -4.8541769e-02
   4.5700000e+01   7.8158728e-03  -3.9992920e-02
   4.5800000e+01   4.6927129e-03  -1.8634694e-02
   4.5900000e+01  -2.9685141e-03   9.6366562e-04
   4.6000000e+01  -1.6300229e-03   1.0936093e-02
   4.6100000e+01   1.7131525e-02   1.3497114e-02
   4.6200000e+01   4.3141502e-02   1.4420726e-02
   4.6300000e+01   5.5265062e-02   1.5886157e-02
   4.6400000e+01   4.1680003e-02   1.5046413e-02
   4.6500000e+01   1.0316664e-02   7.4808064e-03
   4.6600000e+01  -1.9415440e-02  -7.7240525e-03
   4.6700000e+01  -3.1828422e-02  -2.4309261e-02
   4.6800000e+01  -2.3019235e-02  -3.0557710e-02
   4.6900000e+01  -1.8843853e-04  -1.8067418e-02
   4.7000000e+01   2.2992631e-02   9.0207694e-03
   4.7100000e+01   3.3775130e-02   3.5455594e-02
   4.7200000e+01   2.9054539e-02   4.8330785e-02
   4.7300000e+01   1.7513082e-02   4.8617759e-02
   4.7400000e+01   9.7870117e-03   4.6958861e-02
   4.7500000e+01   6.3375976e-03   4.8751960e-02
   4.7600000e+01  -9.3179115e-04   4.7608496e-02
   4.7700000e+01  -1.4158240e-02   3.5617204e-02
   4.7800000e+01  -2.2484875e-02   1.6442367e-02
   4.7900000e+01  -1.4994730e-02   3.2271168e-03
   4.8000000e+01   2.0952533e-03   3.5277000e-03
   4.8100000e+01   8.8099540e-03   1.0923827e-02
   4.8200000e+01  -5.7091319e-03   1.4141826e-02
   4.8300000e+01  -2.9251713e-02   1.1567722e-02
   4.8400000e+01  -4.0423727e-02   1.2477767e-02
   4.8500000e+01  -3.3824825e-02   2.4015405e-02
   4.8600000e+01  -2.5087822e-02   4.0905633e-02
   4.8700000e+01  -2.9685424e-02   5.0386708e-02
   4.8800000e+01  -4.2258419e-02   4.5337551e-02
   4.8900000e+01  -4.2322895e-02   2.9630730e-02
   4.9000000e+01  -1.9847937e-02   1.1173115e-02
   4.9100000e+01   9.6080787e-03  -6.5271365e-03
   4.9200000e+01   1.8466878e-02  -2.3599746e-02
   4.9300000e+01  -4.6799944e-03  -3.7020828e-02
   4.9400000e+01  -4.2285577e-02  -3.9506658e-02
   4.9500000e+01  -6.3882749e-02  -2.7914812e-02
   4.9600000e+01  -5.4382284e-02  -1.0890781e-02
   4.9700000e+01  -2.6301478e-02  -3.8234959e-03
   4.9800000e+01  -5.0844171e-03  -1.3614829e-02
   4.9900000e+01  -4.0570887e-03  -2.9634574e-02
   5.0000000e+01  -1.4274990e-02  -3.2797846e-02
   5.0100000e+01  -1.6984371e-02  -1.5153491e-02
   5.0200000e+01  -3.1766478e-03   1.0369394e-02
   5.0300000e+01   1.9475136e-02   2.0998158e-02
   5.0400000e+01   3.5809609e-02   5.2304818e-03
   5.0500000e+01   3.6284312e-02  -2.6646270e-02
   5.0600000e+01   2.2489999e-02  -5.1630706e-02
   5.0700000e+01   4.3872706e-03  -5.2698240e-02
   5.0800000e+01  -5.8850524e-03  -3.0664476e-02
   5.0900000e+01  -9.8236560e-04  -1.7781762e-03
   5.1000000e+01   1.6019020e-02   1.4615031e-02
   5.1100000e+01   3.2662317e-02   9.3424894e-03
   5.1200000e+01   3.7410541e-02  -1.0250156e-02
   5.1300000e+01   3.0710898e-02  -2.5481935e-02
   5.1400000e+01   2.3621388e-02  -2.1121062e-02
   5.1500000e+01   2.3939194e-02   1.1314269e-03
   5.1600000e+01   2.6732521e-02   2.3597106e-02
   5.1700000e+01   2.2342543e-02   2.9258386e-02
   5.1800000e+01   1.1724870e-02   1.8404273e-02
   5.1900000e+01   7.3663373e-03   7.4479804e-03
   5.2000000e+01   1.6545839e-02   1.0488812e-02
   5.2100000e+01   2.9059699e-02   2.3732202e-02
   5.2200000e+01   2.7786497e-02   3.0146312e-02
   5.2300000e+01   1.0211828e-02   1.8800697e-02
   5.2400000e+01  -7.1848447e-03  -3.1071155e-03
   5.2500000e+01  -8.5227126e-03  -1.8312081e-02
   5.2600000e+01   2.5187026e-03  -1.7248000e-02
   5.2700000e+01   8.6311947e-03  -5.6557024e-03
   5.2800000e+01   1.8382247e-03   4.1018083e-03
   5.2900000e+01  -6.2978806e-03   5.6928467e-03
   5.3000000e+01  -4.3720391e-04   1.5619565e-03
   5.3100000e+01   1.7001545e-02  -4.0016552e-03
   5.3200000e+01   2.6461519e-02  -1.0630886e-02
   5.3300000e+01   1.4538106e-02  -1.9869791e-02
   5.3400000e+01  -8.0580878e-03  -2.9655052e-02
   5.3500000e+01  -1.6552204e-02  -3.3289756e-02
   5.3600000e+01   1.6459293e-04  -2.5014818e-02
   5.3700000e+01   2.5933957e-02  -6.8795510e-03
   5.3800000e+01   3.3883661e-02   1.0188797e-02
   5.3900000e+01   1.4544057e-02   1.3697069e-02
   5.4000000e+01  -1.5637827e-02   3.6760437e-04
   5.4100000e+01  -3.2862368e-02  -1.9367854e-02
   5.4200000e+01  -2.8701311e-02  -2.9196931e-02
   5.4300000e+01  -1.3077177e-02  -2.1452748e-02
   5.4400000e+01   2.9898158e-04  -4.2604815e-03
   5.4500000e+01   5.6774410e-03   6.6966413e-03
   5.4600000e+01   3.7538579e-03   3.5939332e-03
   5.4700000e+01  -4.3711428e-03  -7.1578434e-03
   5.4800000e+01  -1.7397291e-02  -1.3471094e-02
   5.4900000e+01  -3.0947587e-02  -1.0334957e-02
   5.5000000e+01  -3.9162100e-02  -2.7908067e-03
   5.5100000e+01  -3.9203264e-02   2.0882935e-03
   5.5200000e+01  -3.1794538e-02   3.2796576e-03
   5.5300000e+01  -1.8490878e-02   5.1471660e-03
   5.5400000e+01  -2.2932112e-03   1.0649665e-02
   5.5500000e+01   9.3139308e-03   1.7286805e-02
   5.5600000e+01   7.6429778e-03   2.0077135e-02
   5.5700000e+01  -7.2303826e-03   1.7612894e-02
   5.5800000e+01  -2.3150779e-02   1.4330156e-02
   5.5900000e+01  -2.7474786e-02   1.6285798e-02
   5.6000000e+01  -2.0989539e-02   2.4266276e-02
   5.6100000e+01  -1.5554959e-02   3.1271168e-02
   5.6200000e+01  -1.7834211e-02   2.8261573e-02
   5.6300000e+01  -2.1007060e-02   1.4183193e-02
   5.6400000e+01  -1.5478689e-02   3.1738870e-04
   5.6500000e+01  -2.9960770e-03   2.1534343e-03
   5.6600000e+01   5.5489653e-03   2.3858266e-02
   5.6700000e+01   4.5854286e-03   5.0297643e-02
   5.6800000e+01  -6.4515046e-05   5.7354040e-02
   5.6900000e+01  -5.1804414e-04   3.3876487e-02
   5.7000000e+01   3.3898790e-03  -5.3108995e-03
   5.7100000e+01   6.9626124e-03  -2.9889233e-02
   5.7200000e+01   8.9739034e-03  -2.0152955e-02
   5.7300000e+01   1.1683330e-02   1.5306864e-02
   5.7400000e+01   1.4195751e-02   4.6813841e-02
   5.7500000e+01   1.2242314e-02   4.8512107e-02
   5.7600000e+01   6.4275128e-03   1.8358060e-02
   5.7700000e+01   5.3369757e-03  -2.2687254e-02
   5.7800000e+01   1.5409226e-02  -4.8783141e-02
   5.7900000e+01   2.9612710e-02  -4.8175346e-02
   5.8000000e+01   3.1918496e-02  -2.8740992e-02
   5.8100000e+01   1.5132474e-02  -8.1381963e-03
   5.8200000e+01  -8.8096818e-03   1.4445227e-03
   5.8300000e+01  -1.9543317e-02   7.3456904e-04
   5.8400000e+01  -8.8941192e-03  -2.0259784e-03
   5.8500000e+01   1.1221801e-02  -1.7143868e-03
   5.8600000e+01   2.1693150e-02  -3.7800971e-04
   5.8700000e+01   1.5218847e-02  -2.0754389e-03
   5.8800000e+01   1.3751959e-03  -7.0645548e-03
   5.8900000e+01  -5.9507071e-03  -1.2800548e-02
   5.9000000e+01  -3.6168820e-03  -1.8470762e-02
   5.9100000e+01  -4.5123022e-04  -2.5365495e-02
   5.9200000e+01  -4.7829250e-03  -3.2954882e-02
   5.9300000e+01  -1.3658717e-02  -3.7547918e-02
   5.9400000e+01  -1.6381924e-02  -3.6153254e-02
   5.9500000e+01  -7.8847462e-03  -3.0043969e-02
   5.9600000e+01   4.1840719e-03  -2.3143999e-02
   5.9700000e+01   7.3451527e-03  -1.7748268e-02
   5.9800000e+01  -1.9279522e-03  -1.2829435e-02
   5.9900000e+01  -1.4589231e-02  -6.0694436e-03
   6.0000000e+01  -1.9438044e-02   2.6888086e-03
   6.0100000e+01  -1.4854532e-02   9.0734745e-03
   6.0200000e+01  -8.3345150e-03   5.8930203e-03
   6.0300000e+01  -5.9235175e-03  -9.3780495e-03
   6.0400000e+01  -5.7281311e-03  -2.7277038e-02
   6.0500000e+01  -3.0005606e-03  -3.0813374e-02
   6.0600000e+01   1.7964440e-03  -1.2725191e-02
   6.0700000e+01   4.1714626e-03   1.2918418e-02
   6.0800000e+01   4.4120939e-03   2.2811505e-02
   6.0900000e+01   1.0362077e-02   1.0108873e-02
   6.1000000e+01   2.7899917e-02  -7.4175763e-03
   6.1100000e+01   5.0515338e-02  -8.6933366e-03
   6.1200000e+01   6.2782133e-02   6.1001415e-03
   6.1300000e+01   5.5578244e-02   1.8680755e-02
   6.1400000e+01   3.5499879e-02   1.7330247e-02
   6.1500000e+01   1.7668989e-02   9.0866049e-03
   6.1600000e+01   1.1216882e-02   5.5704293e-03
   6.1700000e+01   1.3998489e-02   6.1531380e-03
   6.1800000e+01   1.9523981e-02   2.9826459e-03
   6.1900000e+01   2.4331518e-02  -2.2963581e-03
   6.2000000e+01   2.7064627e-02   2.3781878e-03
   6.2100000e+01   2.4366500e-02   2.1866907e-02
   6.2200000e+01   1.2577766e-02   4.3468074e-02
   6.2300000e+01  -6.2813072e-03   4.9767726e-02
   6.2400000e+01  -2.3834922e-02   3.7985978e-02
   6.2500000e+01  -3.2754783e-02   2.0942843e-02
   6.2600000e+01  -3.3239293e-02   1.0559797e-02
   6.2700000e+01  -3.0260412e-02   6.3894581e-03
   6.2800000e+01  -2.5873313e-02   1.3160637e-03
   6.2900000e+01  -1.7540594e-02  -6.7650894e-03
   6.3000000e+01  -4.5955966e-03  -1.2514238e-02
   6.3100000e+01   6.8516223e-03  -9.8802677e-03
   6.3200000e+01   8.3539598e-03   2.0236033e-03
   6.3300000e+01  -2.1329298e-03   1.8487657e-02
   6.3400000e+01  -1.7973041e-02   3.1547313e-02
   6.3500000e+01  -3.0038103e-02   3.3539014e-02
   6.3600000e+01  -3.3312006e-02   2.2422226e-02
   6.3700000e+01  -2.8025346e-02   5.3411076e-03
   6.3800000e+01  -1.8096246e-02  -5.7454605e-03
   6.3900000e+01  -1.0468132e-02  -5.0439501e-03
   6.4000000e+01  -1.2462468e-02   7.3347540e-04
   6.4100000e+01  -2.4558045e-02  -6.2908851e-04
   6.4200000e+01  -3.5734932e-02  -1.2498588e-02
   6.4300000e+01  -3.1342874e-02  -2.3419661e-02
   6.4400000e+01  -9.3727333e-03  -1.7705380e-02
   6.4500000e+01   1.3459658e-02   6.6968779e-03
   6.4600000e+01   1.6433840e-02   3.1543362e-02
   6.4700000e+01  -3.7279311e-03   3.2120841e-02
   6.4800000e+01  -2.9034755e-02   6.8797600e-04
   6.4900000e+01  -3.8913049e-02  -4.3317341e-02
   6.5000000e+01  -3.0148851e-02  -6.8710714e-02
   6.5100000e+01  -1.6320580e-02  -6.0334412e-02
   6.5200000e+01  -9.9254005e-03  -3.1362425e-02
   6.5300000e+01  -9.5148359e-03  -7.6081721e-03
   6.5400000e+01  -5.4874744e-03  -1.6876123e-03
   6.5500000e+01   5.1651206e-03  -5.2105178e-03
   6.5600000e+01   1.4126627e-02  -4.6267205e-03
   6.5700000e+01   1.2156304e-02   1.1567145e-03
   6.5800000e+01   1.2582264e-03   2.0591377e-03
   6.5900000e+01  -6.2761293e-03  -7.9892678e-03
   6.6000000e+01  -1.0687431e-03  -2.2473205e-02
   6.6100000e+01   1.2972475e-02  -2.8963049e-02
   6.6200000e+01   2.2909790e-02  -2.0607494e-02
   6.6300000e+01   2.0882153e-02  -4.9904194e-04
   6.6400000e+01   1.2192679e-02   2.1316967e-02
   6.6500000e+01   8.3794290e-03   3.3208243e-02
   6.6600000e+01   1.3392355e-02   2.8490354e-02
   6.6700000e+01   1.8984707e-02   1.1454094e-02
   6.6800000e+01   1.5037240e-02  -4.2010280e-03
   6.6900000e+01   3.2656764e-03  -7.4110111e-03
   6.7000000e+01  -1.9282961e-03  -6.7169477e-04
   6.7100000e+01   1.1897107e-02   4.7224850e-03
   6.7200000e+01   3.9889482e-02   4.5930014e-03
   6.7300000e+01   6.0960973e-02   7.3980935e-03
   6.7400000e+01   5.6213512e-02   2.0181798e-02
   6.7500000e+01   2.7484927e-02   3.3903535e-02
   6.7600000e+01  -2.5599363e-03   3.0781503e-02
   6.7700000e+01  -9.8803162e-03   7.0016634e-03
   6.7800000e+01   9.7521804e-03  -1.8768791e-02
   6.7900000e+01   3.7143847e-02  -2.4160775e-02
   6.8000000e+01   4.6268964e-02  -7.3725537e-03
   6.8100000e+01   2.5812317e-02   1.1847474e-02
   6.8200000e+01  -1.2323562e-02   1.4230029e-02
   6.8300000e+01  -4.3068358e-02  -5.0116165e-04
   6.8400000e+01  -4.7491033e-02  -1.7365897e-02
   6.8500000e+01  -2.6364725e-02  -2.3618348e-02
   6.8600000e+01   1.5280206e-03  -1.9444543e-02
   6.8700000e+01   1.4343592e-02  -1.3597309e-02
   6.8800000e+01   3.6071303e-03  -1.2339183e-02
   6.8900000e+01  -2.0592418e-02  -1.3505742e-02
   6.9000000e+01  -3.9066397e-02  -9.9443650e-03
   6.9100000e+01  -3.9055352e-02   1.8098462e-03
   6.9200000e+01  -2.3166488e-02   1.5957904e-02
   6.9300000e+01  -5.7936892e-03   2.1467896e-02
   6.9400000e+01  -1.1986351e-03   1.3458227e-02
   6.9500000e+01  -1.2555888e-02   2.2220603e-04
   6.9600000e+01  -2.9701902e-02  -3.8100513e-03
   6.9700000e+01  -3.7404301e-02   6.3813673e-03
   6.9800000e+01  -2.8144656e-02   1.9581490e-02
   6.9900000e+01  -8.4905951e-03   1.9150626e-02
   7.0000000e+01   7.3739395e-03   1.2426881e-04
   7.0100000e+01   1.0878954e-02  -2.5946008e-02
   7.0200000e+01   5.5612416e-03  -4.2096830e-02
   7.0300000e+01   1.0768869e-03  -3.9306431e-02
   7.0400000e+01   3.1662757e-03  -1.9713631e-02
   7.0500000e+01   1.0626706e-02   8.0956166e-03
   7.0600000e+01   1.9304832e-02   3.3154017e-02
   7.0700000e+01   2.5248702e-02   4.4350918e-02
   7.0800000e+01   2.4693579e-02   3.5312767e-02
   7.0900000e+01   1.5934752e-02   1.0466137e-02
   7.1000000e+01   3.7254366e-03  -1.5699878e-02
   7.1100000e+01  -1.6988375e-03  -2.8580605e-02
   7.1200000e+01   5.5265312e-03  -2.3937427e-02
   7.1300000e+01   1.8722218e-02  -9.1838471e-03
   7.1400000e+01   2.4447820e-02   4.2929447e-03
   7.1500000e+01   1.7328037e-02   9.8025462e-03
   7.1600000e+01   5.6969536e-03   8.6764489e-03
   7.1700000e+01   7.8829428e-04   7.2806019e-03
   7.1800000e+01   3.7525085e-03   1.0287980e-02
   7.1900000e+01   6.9901264e-03   1.5366059e-02
   7.2000000e+01   6.1365660e-03   1.4983517e-02
   7.2100000e+01   5.1865573e-03   5.0063325e-03
   7.2200000e+01   8.5940857e-03  -9.1308361e-03
   7.2300000e+01   1.3118533e-02  -1.6994981e-02
   7.2400000e+01   1.1451955e-02  -1.3844784e-02
   7.2500000e+01   1.9164565e-03  -4.3837447e-03
   7.2600000e+01  -9.5496917e-03   4.4073963e-03
   7.2700000e+01  -1.6816132e-02   1.0767596e-02
   7.2800000e+01  -1.9194440e-02   1.6335195e-02
   7.2900000e+01  -1.8640911e-02   1.9962365e-02
   7.3000000e+01  -1.4871785e-02   1.7942032e-02
   7.3100000e+01  -6.3380837e-03   1.0091818e-02
   7.3200000e+01   5.0866897e-03   1.1942748e-03
   7.3300000e+01   1.3076036e-02  -5.2722695e-03
   7.3400000e+01   1.0939032e-02  -1.1285916e-02
   7.3500000e+01  -3.6721906e-03  -1.9105973e-02
   7.3600000e+01  -2.6243923e-02  -2.4368325e-02
   7.3700000e+01  -4.5245570e-02  -1.9069429e-02
   7.3800000e+01  -4.6568538e-02  -2.1172306e-03
   7.3900000e+01  -2.4207613e-02   1.6632496e-02
   7.4000000e+01   1.0111036e-02   2.5064090e-02
   7.4100000e+01   3.1509287e-02   1.9951622e-02
   7.4200000e+01   2.2501947e-02   8.0915844e-03
   7.4300000e+01  -8.6812632e-03  -1.4086899e-03
   7.4400000e+01  -3.2934838e-02  -3.1935701e-03
   7.4500000e+01  -2.6611318e-02   4.0651048e-03
   7.4600000e+01   6.1028903e-03   1.7916924e-02
   7.4700000e+01   3.7194192e-02   3.0326211e-02
   7.4800000e+01   4.0733707e-02   2.9868198e-02
   7.4900000e+01   1.5214298e-02   1.1617391e-02
   7.5000000e+01  -1.7283908e-02  -1.4498548e-02
   7.5100000e+01  -3.1333413e-02  -2.9695508e-02
   7.5200000e+01  -1.8144182e-02  -2.3991560e-02
   7.5300000e+01   1.0271016e-02  -6.4316886e-03
   7.5400000e+01   3.2742067e-02   5.0635932e-03
   7.5500000e+01   3.4937519e-02   3.3401421e-03
   7.5600000e+01   1.7970451e-02  -1.6375200e-03
   7.5700000e+01  -4.8103934e-03   3.3390243e-03
   7.5800000e+01  -1.9045676e-02   1.7752238e-02
   7.5900000e+01  -1.9991763e-02   2.7068251e-02
   7.6000000e+01  -1.4586205e-02   1.8260210e-02
   7.6100000e+01  -1.3417921e-02  -7.1603372e-03
   7.6200000e+01  -1.9694070e-02  -3.5484736e-02
   7.6300000e+01  -2.5748194e-02  -5.3091130e-02
   7.6400000e+01  -2.1182851e-02  -5.4967632e-02
   7.6500000e+01  -5.1292671e-03  -4.3924722e-02
   7.6600000e+01   1.0190698e-02  -2.5780389e-02
   7.6700000e+01   9.8571612e-03  -6.7167959e-03
   7.6800000e+01  -8.2540941e-03   7.1633906e-03
   7.6900000e+01  -2.8508956e-02   1.1280641e-02
   7.7000000e+01  -3.0164573e-02   5.4475181e-03
   7.7100000e+01  -7.3581451e-03  -5.0015981e-03
   7.7200000e+01   2.3332206e-02  -1.2453835e-02
   7.7300000e+01   3.7434859e-02  -1.3052888e-02
   7.7400000e+01   2.6332102e-02  -1.0245130e-02
   7.7500000e+01   5.3551010e-03  -1.1591021e-02
   7.7600000e+01  -3.7020451e-03  -2.0811285e-02
   7.7700000e+01   3.2619272e-03  -3.2858033e-02
   7.7800000e+01   1.0165815e-02  -3.7811809e-02
   7.7900000e+01   3.3911592e-03  -2.9976468e-02
   7.8000000e+01  -8.7298210e-03  -1.2334181e-02
   7.8100000e+01  -5.7889253e-03   7.8932042e-03
   7.8200000e+01   1.6225650e-02   2.5895095e-02
   7.8300000e+01   3.4779031e-02   3.9754098e-02
   7.8400000e+01   2.5204179e-02   4.6310627e-02
   7.8500000e+01  -8.1802814e-03   4.1113025e-02
   7.8600000e+01  -3.3289546e-02   2.4609426e-02
   7.8700000e+01  -2.4685631e-02   5.8228987e-03
   7.8800000e+01   8.6369709e-03  -3.7753691e-03
   7.8900000e+01   3.4157302e-02  -4.5371639e-04
   7.9000000e+01   3.1339901e-02   9.5549042e-03
   7.9100000e+01   1.0296413e-02   1.7947657e-02
   7.9200000e+01  -4.9153734e-03   2.1995193e-02
   7.9300000e+01  -4.6973648e-03   2.3419385e-02
   7.9400000e+01  -3.0119866e-04   2.2599192e-02
   7.9500000e+01  -4.8497824e-03   1.7419042e-02
   7.9600000e+01  -1.6011136e-02   7.7604005e-03
   7.9700000e+01  -2.1385363e-02  -1.8359470e-03
   7.9800000e+01  -1.6242462e-02  -5.5470514e-03
   7.9900000e+01  -8.0825625e-03  -1.2614486e-03
   8.0000000e+01  -3.3743540e-03   8.2970574e-03
