   1.0221618e+02   2.8602761e+01   2.5212700e+03
   1.0217802e+02   2.8511730e+01   1.8224600e+03
   0.0000000e+00   5.1996456e-01   5.1996456e-01
   1.0000000e-01   6.0396464e-01   4.3780777e-01
   2.0000000e-01   6.7876156e-01   3.7163199e-01
   3.0000000e-01   7.5012883e-01   3.1655043e-01
   4.0000000e-01   8.3021823e-01   2.4655234e-01
   5.0000000e-01   9.1603635e-01   1.3976155e-01
   6.0000000e-01   9.8249023e-01   5.2810485e-03
   7.0000000e-01   1.0000000e+00  -1.2014281e-01
   8.0000000e-01   9.6049342e-01  -2.0617355e-01
   9.0000000e-01   8.8578800e-01  -2.5942018e-01
   1.0000000e+00   8.0898145e-01  -3.1744816e-01
   1.1000000e+00   7.4609109e-01  -4.1039484e-01
   1.2000000e+00   6.8435322e-01  -5.2804471e-01
   1.3000000e+00   5.9584706e-01  -6.2521873e-01
   1.4000000e+00   4.6088702e-01  -6.5995117e-01
   1.5000000e+00   2.8142091e-01  -6.2675322e-01
   1.6000000e+00   8.0117232e-02  -5.5452284e-01
   1.7000000e+00  -1.0795787e-01  -4.7719612e-01
   1.8000000e+00  -2.4827755e-01  -4.1214157e-01
   1.9000000e+00  -3.2475110e-01  -3.6584129e-01
   2.0000000e+00  -3.5240516e-01  -3.4860578e-01
   2.1000000e+00  -3.6786182e-01  -3.6965343e-01
   2.2000000e+00  -3.9892283e-01  -4.1614265e-01
   2.3000000e+00  -4.4187757e-01  -4.5031903e-01
   2.4000000e+00  -4.7212990e-01  -4.4068945e-01
   2.5000000e+00  -4.7637591e-01  -3.9512925e-01
   2.6000000e+00  -4.6862020e-01  -3.5251043e-01
   2.7000000e+00  -4.7296173e-01  -3.3759288e-01
   2.8000000e+00  -4.9674169e-01  -3.3220308e-01
   2.9000000e+00  -5.2548527e-01  -2.9833051e-01
   3.0000000e+00  -5.3996289e-01  -2.2459243e-01
   3.1000000e+00  -5.3108928e-01  -1.3887081e-01
   3.2000000e+00  -4.9979299e-01  -7.3675168e-02
   3.3000000e+00  -4.5194851e-01  -2.9514634e-02
   3.4000000e+00  -3.9811970e-01   1.9382055e-02
   3.5000000e+00  -3.5181721e-01   8.8116947e-02
   3.6000000e+00  -3.1986535e-01   1.6068884e-01
   3.7000000e+00  -2.9527545e-01   2.0842732e-01
   3.8000000e+00  -2.6574698e-01   2.2049723e-01
   3.9000000e+00  -2.2968741e-01   2.0961422e-01
   4.0000000e+00  -1.9779585e-01   1.9159282e-01
   4.1000000e+00  -1.7650936e-01   1.6842086e-01
   4.2000000e+00  -1.5639103e-01   1.3466807e-01
   4.3000000e+00  -1.2394454e-01   9.5227164e-02
   4.4000000e+00  -8.2971672e-02   7.0253569e-02
   4.5000000e+00  -5.6004003e-02   8.0871808e-02
   4.6000000e+00  -6.0356929e-02   1.3062823e-01
   4.7000000e+00  -8.5905285e-02   1.9957776e-01
   4.8000000e+00  -1.0079878e-01   2.5467134e-01
   4.9000000e+00  -7.9406695e-02   2.6854278e-01
   5.0000000e+00  -2.3582319e-02   2.3535267e-01
   5.1000000e+00   4.1675450e-02   1.7420391e-01
   5.2000000e+00   9.0245379e-02   1.1732424e-01
   5.3000000e+00   1.1313064e-01   9.1041165e-02
   5.4000000e+00   1.2002285e-01   1.0343161e-01
   5.5000000e+00   1.2759930e-01   1.4486593e-01
   5.6000000e+00   1.4633394e-01   1.9477848e-01
   5.7000000e+00   1.7478405e-01   2.2721481e-01
   5.8000000e+00   2.0255371e-01   2.1852222e-01
   5.9000000e+00   2.1767687e-01   1.6219184e-01
   6.0000000e+00   2.1383615e-01   8.0550084e-02
   6.1000000e+00   1.9497638e-01   1.4423316e-02
   6.2000000e+00   1.7546383e-01  -8.1917955e-03
   6.3000000e+00   1.7369640e-01   4.9093806e-03
   6.4000000e+00   2.0048470e-01   2.0899646e-02
   6.5000000e+00   2.5006290e-01   1.4432785e-02
   6.6000000e+00   3.0270422e-01  -1.3439962e-02
   6.7000000e+00   3.3831464e-01  -4.4243338e-02
   6.8000000e+00   3.4889152e-01  -5.9182910e-02
   6.9000000e+00   3.3881387e-01  -4.4827855e-02
   7.0000000e+00   3.1584402e-01   5.1890739e-03
   7.1000000e+00   2.8555395e-01   7.9339759e-02
   7.2000000e+00   2.5482927e-01   1.4089970e-01
   7.3000000e+00   2.3551154e-01   1.4752448e-01
   7.4000000e+00   2.3754284e-01   8.8662293e-02
   7.5000000e+00   2.5613103e-01  -9.4669696e-04
   7.6000000e+00   2.6966805e-01  -7.2359143e-02
   7.7000000e+00   2.5582023e-01  -1.0444678e-01
   7.8000000e+00   2.1112015e-01  -1.0904504e-01
   7.9000000e+00   1.5233317e-01  -9.9419959e-02
   8.0000000e+00   9.7380437e-02  -6.8382225e-02
   8.1000000e+00   4.7472698e-02  -5.1223441e-03
   8.2000000e+00  -9.4862362e-03   7.5151340e-02
   8.3000000e+00  -8.0041554e-02   1.3226748e-01
   8.4000000e+00  -1.5463100e-01   1.3489174e-01
   8.5000000e+00  -2.1698860e-01   8.5988210e-02
   8.6000000e+00  -2.5975078e-01   1.0442181e-02
   8.7000000e+00  -2.8675455e-01  -7.5493586e-02
   8.8000000e+00  -3.0200571e-01  -1.7128902e-01
   8.9000000e+00  -3.0243297e-01  -2.6774310e-01
   9.0000000e+00  -2.8416928e-01  -3.2885423e-01
   9.1000000e+00  -2.5238397e-01  -3.1441147e-01
   9.2000000e+00  -2.2011917e-01  -2.2469321e-01
   9.3000000e+00  -1.9708232e-01  -1.1219357e-01
   9.4000000e+00  -1.8270792e-01  -3.8105837e-02
   9.5000000e+00  -1.7152593e-01  -1.8807365e-02
   9.6000000e+00  -1.6271491e-01  -2.3324602e-02
   9.7000000e+00  -1.6135876e-01  -2.1116200e-02
   9.8000000e+00  -1.7083175e-01  -1.7829505e-02
   9.9000000e+00  -1.8714024e-01  -3.6468933e-02
   1.0000000e+01  -2.0237127e-01  -7.5486501e-02
   1.0100000e+01  -2.1166017e-01  -1.0284638e-01
   1.0200000e+01  -2.1373116e-01  -9.2135944e-02
   1.0300000e+01  -2.0484772e-01  -5.1316574e-02
   1.0400000e+01  -1.7664621e-01  -1.1079728e-02
   1.0500000e+01  -1.2460702e-01   5.0802498e-03
   1.0600000e+01  -5.8907889e-02  -6.0806680e-03
   1.0700000e+01  -2.2565553e-03  -3.1751501e-02
   1.0800000e+01   2.8148922e-02  -4.7176468e-02
   1.0900000e+01   3.7450234e-02  -2.3946938e-02
   1.1000000e+01   4.8751558e-02   4.4723337e-02
   1.1100000e+01   7.8724380e-02   1.2173556e-01
   1.1200000e+01   1.1776743e-01   1.4625621e-01
   1.1300000e+01   1.3717698e-01   9.1728234e-02
   1.1400000e+01   1.1786953e-01  -3.8702919e-04
   1.1500000e+01   7.1531631e-02  -5.6731750e-02
   1.1600000e+01   3.2426617e-02  -4.2158725e-02
   1.1700000e+01   2.8553893e-02   1.3590928e-02
   1.1800000e+01   6.0802981e-02   5.6209431e-02
   1.1900000e+01   1.0781391e-01   6.0238976e-02
   1.2000000e+01   1.4729271e-01   3.8238749e-02
   1.2100000e+01   1.7148546e-01   1.1889599e-02
   1.2200000e+01   1.8560298e-01  -8.4228460e-03
   1.2300000e+01   1.9639581e-01  -1.6442620e-02
   1.2400000e+01   2.0406367e-01  -4.8780988e-04
   1.2500000e+01   2.0298759e-01   4.5287474e-02
   1.2600000e+01   1.8767086e-01   1.0346713e-01
   1.2700000e+01   1.5789262e-01   1.3929075e-01
   1.2800000e+01   1.1960244e-01   1.2984112e-01
   1.2900000e+01   8.1403272e-02   8.4184781e-02
   1.3000000e+01   4.9372334e-02   3.1649932e-02
   1.3100000e+01   2.4415626e-02  -5.9103359e-03
   1.3200000e+01   4.1902555e-03  -2.5169266e-02
   1.3300000e+01  -1.3102973e-02  -2.8576028e-02
   1.3400000e+01  -2.7623148e-02  -1.2129255e-02
   1.3500000e+01  -4.0104054e-02   2.7425309e-02
   1.3600000e+01  -5.3119937e-02   7.8881788e-02
   1.3700000e+01  -6.8338884e-02   1.1986316e-01
   1.3800000e+01  -8.2963217e-02   1.3522326e-01
   1.3900000e+01  -9.1183933e-02   1.2650905e-01
   1.4000000e+01  -9.0711959e-02   1.0257950e-01
   1.4100000e+01  -8.6922568e-02   6.8524193e-02
   1.4200000e+01  -8.8232443e-02   2.8129102e-02
   1.4300000e+01  -9.6400634e-02  -9.6920733e-03
   1.4400000e+01  -1.0284324e-01  -3.5712843e-02
   1.4500000e+01  -9.6632211e-02  -4.9953271e-02
   1.4600000e+01  -7.6393655e-02  -5.8989428e-02
   1.4700000e+01  -5.2589480e-02  -6.4026554e-02
   1.4800000e+01  -3.6831042e-02  -5.9453964e-02
   1.4900000e+01  -3.0095003e-02  -4.4987021e-02
   1.5000000e+01  -2.3533725e-02  -3.0937956e-02
   1.5100000e+01  -1.0631420e-02  -2.5956611e-02
   1.5200000e+01   4.5247700e-03  -2.5475571e-02
   1.5300000e+01   1.3183326e-02  -1.9666917e-02
   1.5400000e+01   1.3999776e-02  -9.6972405e-03
   1.5500000e+01   1.4903758e-02  -8.2814832e-03
   1.5600000e+01   2.1957290e-02  -2.4913499e-02
   1.5700000e+01   3.0501492e-02  -5.7661306e-02
   1.5800000e+01   3.1684349e-02  -9.8843334e-02
   1.5900000e+01   2.6375489e-02  -1.3885226e-01
   1.6000000e+01   2.6679598e-02  -1.6089587e-01
   1.6100000e+01   4.0493217e-02  -1.4320935e-01
   1.6200000e+01   5.8101162e-02  -7.9060283e-02
   1.6300000e+01   5.9577532e-02   6.8668813e-03
   1.6400000e+01   3.6032245e-02   7.2330119e-02
   1.6500000e+01  -3.5650513e-04   9.1448543e-02
   1.6600000e+01  -2.8843941e-02   7.0744025e-02
   1.6700000e+01  -3.8863552e-02   3.2299528e-02
   1.6800000e+01  -3.3461536e-02  -9.5849742e-03
   1.6900000e+01  -1.8255213e-02  -5.0087250e-02
   1.7000000e+01   5.1499904e-03  -8.1506543e-02
   1.7100000e+01   3.2620835e-02  -9.2415938e-02
   1.7200000e+01   5.1119797e-02  -8.0587704e-02
   1.7300000e+01   4.6916749e-02  -5.7450455e-02
   1.7400000e+01   2.1239640e-02  -3.4503138e-02
   1.7500000e+01  -7.1986405e-03  -1.0801065e-02
   1.7600000e+01  -1.8813520e-02   1.9857270e-02
   1.7700000e+01  -1.1179579e-02   5.2622579e-02
   1.7800000e+01   1.0806881e-03   7.0789195e-02
   1.7900000e+01   2.4872874e-03   6.3397823e-02
   1.8000000e+01  -9.9624914e-03   3.8504720e-02
   1.8100000e+01  -2.8068180e-02   1.5486425e-02
   1.8200000e+01  -4.1703569e-02   6.7768767e-03
   1.8300000e+01  -4.4180132e-02   9.8625392e-03
   1.8400000e+01  -3.2417171e-02   1.4415462e-02
   1.8500000e+01  -8.5518243e-03   1.3027404e-02
   1.8600000e+01   1.6639013e-02   6.2342868e-03
   1.8700000e+01   2.6887040e-02   2.1385684e-03
   1.8800000e+01   1.3323549e-02   1.2051594e-02
   1.8900000e+01  -1.4480369e-02   4.1576591e-02
   1.9000000e+01  -3.4030163e-02   8.2371174e-02
   1.9100000e+01  -2.9788042e-02   1.1509383e-01
   1.9200000e+01  -7.3387873e-03   1.2424713e-01
   1.9300000e+01   1.3566943e-02   1.0985944e-01
   1.9400000e+01   1.8949745e-02   8.3187962e-02
   1.9500000e+01   1.1272728e-02   5.3950334e-02
   1.9600000e+01   1.1384517e-03   2.6314342e-02
   1.9700000e+01  -6.8444418e-03   5.4314790e-03
   1.9800000e+01  -1.6301315e-02  -4.3024587e-04
   1.9900000e+01  -2.9308527e-02   1.1117616e-02
   2.0000000e+01  -3.9853525e-02   2.9726829e-02
   2.0100000e+01  -3.9684559e-02   4.0121259e-02
   2.0200000e+01  -2.8258411e-02   3.5711674e-02
   2.0300000e+01  -1.3517630e-02   2.0611148e-02
   2.0400000e+01  -2.9249926e-03   5.5610127e-04
   2.0500000e+01   3.5697038e-03  -2.1079688e-02
   2.0600000e+01   1.0642461e-02  -3.7716229e-02
   2.0700000e+01   1.9819352e-02  -3.9276007e-02
   2.0800000e+01   2.6814592e-02  -2.4999610e-02
   2.0900000e+01   2.6143567e-02  -1.2281596e-02
   2.1000000e+01   1.6386195e-02  -2.2708418e-02
   2.1100000e+01   6.6390531e-04  -5.6935530e-02
   2.1200000e+01  -1.5679392e-02  -9.0214473e-02
   2.1300000e+01  -2.5797669e-02  -9.7325874e-02
   2.1400000e+01  -2.1296018e-02  -7.7862957e-02
   2.1500000e+01   3.9419385e-03  -5.2379928e-02
   2.1600000e+01   4.6240648e-02  -3.7788400e-02
   2.1700000e+01   8.8917647e-02  -3.4294262e-02
   2.1800000e+01   1.1043399e-01  -3.5320505e-02
   2.1900000e+01   9.9784810e-02  -3.9378885e-02
   2.2000000e+01   6.5753641e-02  -4.5441745e-02
   2.2100000e+01   3.0803075e-02  -4.3599504e-02
   2.2200000e+01   1.4343570e-02  -2.2632415e-02
   2.2300000e+01   1.9487198e-02   1.0558810e-02
   2.2400000e+01   3.3479877e-02   2.8128723e-02
   2.2500000e+01   3.9967885e-02   6.5183343e-03
   2.2600000e+01   3.2301511e-02  -4.5940316e-02
   2.2700000e+01   1.7437188e-02  -9.1838572e-02
   2.2800000e+01   8.1458513e-03  -9.7039509e-02
   2.2900000e+01   1.0891280e-02  -5.9295602e-02
   2.3000000e+01   2.0255900e-02  -6.5420181e-03
   2.3100000e+01   2.4302428e-02   2.8686345e-02
   2.3200000e+01   1.4431499e-02   3.2758069e-02
   2.3300000e+01  -1.0021246e-02   1.5722356e-02
   2.3400000e+01  -4.4071890e-02  -2.9056926e-04
   2.3500000e+01  -7.9458666e-02   2.0389387e-03
   2.3600000e+01  -1.0377842e-01   2.3304478e-02
   2.3700000e+01  -1.0294521e-01   4.7711620e-02
   2.3800000e+01  -7.2496739e-02   5.6385155e-02
   2.3900000e+01  -2.8772107e-02   4.3396602e-02
   2.4000000e+01  -3.3248079e-03   1.9840792e-02
   2.4100000e+01  -1.8983374e-02   2.6281653e-03
   2.4200000e+01  -6.8854325e-02   7.4431972e-04
   2.4300000e+01  -1.2049971e-01   1.2401532e-02
   2.4400000e+01  -1.4211518e-01   3.1380794e-02
   2.4500000e+01  -1.2523686e-01   5.1347071e-02
   2.4600000e+01  -8.5042996e-02   6.5098314e-02
   2.4700000e+01  -4.4051255e-02   6.6496914e-02
   2.4800000e+01  -1.7489884e-02   5.7786840e-02
   2.4900000e+01  -9.0436321e-03   5.1862824e-02
   2.5000000e+01  -1.2787869e-02   6.0710203e-02
   2.5100000e+01  -1.7147811e-02   7.9594445e-02
   2.5200000e+01  -1.2083339e-02   8.6623441e-02
   2.5300000e+01   2.4268908e-03   6.2200433e-02
   2.5400000e+01   1.5445999e-02   9.5117679e-03
   2.5500000e+01   1.5991151e-02  -4.5345425e-02
   2.5600000e+01   5.5506233e-03  -7.3631666e-02
   2.5700000e+01  -2.6235682e-03  -6.4955384e-02
   2.5800000e+01   2.5520010e-03  -3.1772824e-02
   2.5900000e+01   1.9253201e-02   2.3516983e-03
   2.6000000e+01   3.7488026e-02   1.8516138e-02
   2.6100000e+01   5.1796419e-02   1.1705636e-02
   2.6200000e+01   6.5131436e-02  -9.5575260e-03
   2.6300000e+01   8.0205363e-02  -3.0776718e-02
   2.6400000e+01   9.1600674e-02  -4.1136810e-02
   2.6500000e+01   9.0252291e-02  -3.9098636e-02
   2.6600000e+01   7.4982166e-02  -3.0504912e-02
   2.6700000e+01   5.6638660e-02  -2.1935603e-02
   2.6800000e+01   4.9786394e-02  -1.5763781e-02
   2.6900000e+01   6.1057096e-02  -1.0340808e-02
   2.7000000e+01   8.5027136e-02  -3.0663455e-03
   2.7100000e+01   1.0893411e-01   7.2283707e-03
   2.7200000e+01   1.2025973e-01   1.9164188e-02
   2.7300000e+01   1.1238432e-01   2.8185514e-02
   2.7400000e+01   8.7232572e-02   2.7607756e-02
   2.7500000e+01   5.4433270e-02   1.2748873e-02
   2.7600000e+01   2.6350004e-02  -1.4399271e-02
   2.7700000e+01   1.1016398e-02  -4.4934678e-02
   2.7800000e+01   7.9044170e-03  -6.8040300e-02
   2.7900000e+01   9.7221388e-03  -7.6147636e-02
   2.8000000e+01   8.1753883e-03  -6.6196797e-02
   2.8100000e+01  -1.0953336e-03  -3.9253700e-02
   2.8200000e+01  -1.6864664e-02  -2.2111606e-03
   2.8300000e+01  -3.3218458e-02   3.0896125e-02
   2.8400000e+01  -4.2290235e-02   4.3959543e-02
   2.8500000e+01  -3.9220521e-02   2.9311380e-02
   2.8600000e+01  -2.7467373e-02  -6.1039266e-03
   2.8700000e+01  -1.8956627e-02  -4.5772487e-02
   2.8800000e+01  -2.5777524e-02  -7.4336791e-02
   2.8900000e+01  -4.9173664e-02  -8.3247739e-02
   2.9000000e+01  -7.7070437e-02  -6.9469641e-02
   2.9100000e+01  -9.4019088e-02  -3.4737979e-02
   2.9200000e+01  -9.3881476e-02   1.1379586e-02
   2.9300000e+01  -8.2517176e-02   5.2018885e-02
   2.9400000e+01  -6.9659181e-02   7.3196905e-02
   2.9500000e+01  -6.0845839e-02   7.5382495e-02
   2.9600000e+01  -5.7097777e-02   7.1618342e-02
   2.9700000e+01  -5.8297225e-02   7.1483801e-02
   2.9800000e+01  -6.3301473e-02   6.9070048e-02
   2.9900000e+01  -6.8209318e-02   5.0910530e-02
   3.0000000e+01  -6.8791649e-02   1.6193616e-02
   3.0100000e+01  -6.5752181e-02  -1.5066628e-02
   3.0200000e+01  -6.4434767e-02  -1.8192162e-02
   3.0300000e+01  -6.7029495e-02   1.1130759e-02
   3.0400000e+01  -6.7245539e-02   4.9588310e-02
   3.0500000e+01  -5.6327216e-02   6.5160912e-02
   3.0600000e+01  -3.4585526e-02   4.3943011e-02
   3.0700000e+01  -1.4093376e-02   1.1306565e-04
   3.0800000e+01  -8.0383110e-03  -3.7554097e-02
   3.0900000e+01  -1.7842288e-02  -4.7917663e-02
   3.1000000e+01  -3.1160343e-02  -2.9824774e-02
   3.1100000e+01  -3.1703105e-02   1.4159678e-03
   3.1200000e+01  -1.1333785e-02   2.6331555e-02
   3.1300000e+01   2.4354324e-02   3.2501104e-02
   3.1400000e+01   5.9276224e-02   1.9591984e-02
   3.1500000e+01   7.6665642e-02  -2.3472303e-03
   3.1600000e+01   7.0397080e-02  -1.9713691e-02
   3.1700000e+01   5.0161221e-02  -2.3614488e-02
   3.1800000e+01   3.4867073e-02  -1.4374573e-02
   3.1900000e+01   3.8111446e-02   6.1732400e-04
   3.2000000e+01   5.8234137e-02   1.2990047e-02
   3.2100000e+01   8.1925352e-02   1.7567603e-02
   3.2200000e+01   9.6640223e-02   1.2238024e-02
   3.2300000e+01   9.8844690e-02  -3.1939054e-03
   3.2400000e+01   9.1923781e-02  -2.5540345e-02
   3.2500000e+01   8.0067312e-02  -4.6105225e-02
   3.2600000e+01   6.6732016e-02  -5.3365144e-02
   3.2700000e+01   5.6996023e-02  -4.1318265e-02
   3.2800000e+01   5.6438146e-02  -1.6379976e-02
   3.2900000e+01   6.4802786e-02   5.3226624e-03
   3.3000000e+01   7.2482276e-02   9.7020679e-03
   3.3100000e+01   6.7052771e-02  -4.4636862e-03
   3.3200000e+01   4.5076524e-02  -2.5315344e-02
   3.3300000e+01   1.6395128e-02  -3.8246931e-02
   3.3400000e+01  -4.5093930e-03  -3.7568670e-02
   3.3500000e+01  -1.0987497e-02  -2.9981270e-02
   3.3600000e+01  -7.5341251e-03  -2.7696160e-02
   3.3700000e+01  -2.2337771e-03  -3.6999200e-02
   3.3800000e+01   1.3152044e-03  -5.1388030e-02
   3.3900000e+01   3.8802826e-03  -5.5706885e-02
   3.4000000e+01   5.1179855e-03  -3.9683291e-02
   3.4100000e+01   1.5270939e-03  -1.0008062e-02
   3.4200000e+01  -9.4047756e-03   1.1823310e-02
   3.4300000e+01  -2.4616688e-02   7.4138807e-03
   3.4400000e+01  -3.6488683e-02  -2.0113359e-02
   3.4500000e+01  -3.8921764e-02  -4.6307651e-02
   3.4600000e+01  -3.3084771e-02  -4.6265813e-02
   3.4700000e+01  -2.7895254e-02  -1.6411197e-02
   3.4800000e+01  -3.3708873e-02   2.4264675e-02
   3.4900000e+01  -5.2358590e-02   5.3205016e-02
   3.5000000e+01  -7.1628398e-02   6.2704128e-02
   3.5100000e+01  -7.2266805e-02   6.0570445e-02
   3.5200000e+01  -4.5692098e-02   5.7182595e-02
   3.5300000e+01  -7.0824669e-03   5.5752476e-02
   3.5400000e+01   1.2214380e-02   5.4219392e-02
   3.5500000e+01  -9.1774544e-03   5.1965913e-02
   3.5600000e+01  -6.0796239e-02   5.1437529e-02
   3.5700000e+01  -1.0518173e-01   5.3904015e-02
   3.5800000e+01  -1.0765199e-01   5.5998724e-02
   3.5900000e+01  -6.4921234e-02   5.1661532e-02
   3.6000000e+01  -6.9317152e-03   3.7879007e-02
   3.6100000e+01   2.8854559e-02   1.9231001e-02
   3.6200000e+01   2.6749326e-02   6.8199088e-03
   3.6300000e+01   4.8730222e-04   1.0525584e-02
   3.6400000e+01  -2.4142458e-02   2.9281615e-02
   3.6500000e+01  -3.2283911e-02   4.8456981e-02
   3.6600000e+01  -2.7296926e-02   4.9546072e-02
   3.6700000e+01  -1.9864672e-02   2.5427463e-02
   3.6800000e+01  -1.4793909e-02  -1.3170375e-02
   3.6900000e+01  -9.8505859e-03  -4.6577230e-02
   3.7000000e+01  -3.7398830e-03  -6.0934727e-02
   3.7100000e+01   3.8018148e-04  -5.4158234e-02
   3.7200000e+01   9.9389242e-04  -3.0929243e-02
   3.7300000e+01   4.0954257e-03   1.9779949e-03
   3.7400000e+01   1.8337801e-02   3.2627864e-02
   3.7500000e+01   4.3576455e-02   4.1474999e-02
   3.7600000e+01   6.6891441e-02   1.2067437e-02
   3.7700000e+01   7.2162718e-02  -4.9433453e-02
   3.7800000e+01   5.3945341e-02  -1.0801533e-01
   3.7900000e+01   2.2548651e-02  -1.2176158e-01
   3.8000000e+01  -3.0104715e-03  -7.7521112e-02
   3.8100000e+01  -7.6478025e-03  -6.3176742e-03
   3.8200000e+01   9.8019004e-03   4.0194302e-02
   3.8300000e+01   3.5180047e-02   3.3340234e-02
   3.8400000e+01   4.8922649e-02  -9.1788060e-03
   3.8500000e+01   4.2386385e-02  -4.2220769e-02
   3.8600000e+01   2.6245695e-02  -3.5980014e-02
   3.8700000e+01   1.9526134e-02  -1.5583289e-03
   3.8800000e+01   2.7845705e-02   2.3718089e-02
   3.8900000e+01   3.5502943e-02   1.4238882e-02
   3.9000000e+01   2.3578348e-02  -2.1031668e-02
   3.9100000e+01  -5.3187601e-03  -5.0920707e-02
   3.9200000e+01  -2.6417710e-02  -5.2945434e-02
   3.9300000e+01  -1.9684452e-02  -3.0239054e-02
   3.9400000e+01   6.8002640e-03  -1.7248788e-03
   3.9500000e+01   2.5307000e-02   1.7669509e-02
   3.9600000e+01   1.8848171e-02   2.4456913e-02
   3.9700000e+01  -2.5427789e-03   1.9788985e-02
   3.9800000e+01  -1.7208325e-02   3.7603024e-03
   3.9900000e+01  -1.7749887e-02  -2.0355523e-02
   4.0000000e+01  -1.5809794e-02  -4.0693901e-02
   4.0100000e+01  -2.2849230e-02  -4.2088732e-02
   4.0200000e+01  -3.3538937e-02  -1.9340474e-02
   4.0300000e+01  -3.2535691e-02   1.5859737e-02
   4.0400000e+01  -1.4595308e-02   4.2529183e-02
   4.0500000e+01   7.7549888e-03   4.5850677e-02
   4.0600000e+01   1.7610170e-02   2.7585441e-02
   4.0700000e+01   1.0889986e-02   4.4268146e-03
   4.0800000e+01  -2.2509660e-03  -3.8345230e-03
   4.0900000e+01  -1.0246998e-02   1.1117943e-02
   4.1000000e+01  -9.7407819e-03   3.8736130e-02
   4.1100000e+01  -2.6280868e-03   5.6934026e-02
   4.1200000e+01   1.0586758e-02   5.1015827e-02
   4.1300000e+01   2.9062473e-02   2.8203287e-02
   4.1400000e+01   4.4222924e-02   1.2072701e-02
   4.1500000e+01   4.0344267e-02   2.0057688e-02
   4.1600000e+01   7.8964567e-03   4.6483317e-02
   4.1700000e+01  -4.3201782e-02   6.9451156e-02
   4.1800000e+01  -8.6473201e-02   7.3739430e-02
   4.1900000e+01  -9.7817130e-02   6.3481212e-02
   4.2000000e+01  -7.3640005e-02   5.1042556e-02
   4.2100000e+01  -3.2484181e-02   3.8103022e-02
   4.2200000e+01  -4.7894589e-04   1.4648107e-02
   4.2300000e+01   6.1052410e-03  -2.2056919e-02
   4.2400000e+01  -1.1103818e-02  -5.4256856e-02
   4.2500000e+01  -3.6546357e-02  -5.7399181e-02
   4.2600000e+01  -5.1607229e-02  -2.8309003e-02
   4.2700000e+01  -4.5567480e-02   5.5854788e-03
   4.2800000e+01  -2.1291695e-02   1.0048525e-02
   4.2900000e+01   7.2326776e-03  -2.2911503e-02
   4.3000000e+01   2.4533901e-02  -6.7754300e-02
   4.3100000e+01   2.4724394e-02  -9.0744879e-02
   4.3200000e+01   1.5999267e-02  -8.0665852e-02
   4.3300000e+01   1.4166955e-02  -5.5061535e-02
   4.3400000e+01   2.9094799e-02  -3.9845716e-02
   4.3500000e+01   5.4741249e-02  -4.5230638e-02
   4.3600000e+01   7.2146059e-02  -5.9735610e-02
   4.3700000e+01   6.4665425e-02  -6.3711470e-02
   4.3800000e+01   3.3478027e-02  -4.7146041e-02
   4.3900000e+01  -5.4740505e-04  -1.6454757e-02
   4.4000000e+01  -1.1837251e-02   1.2808248e-02
   4.4100000e+01   9.5229520e-03   2.8361929e-02
   4.4200000e+01   4.8892433e-02   2.7617593e-02
   4.4300000e+01   7.7410083e-02   1.5104596e-02
   4.4400000e+01   7.3672894e-02  -2.7731166e-03
   4.4500000e+01   3.9788627e-02  -1.8968067e-02
   4.4600000e+01  -7.6418627e-04  -2.4553281e-02
   4.4700000e+01  -2.1879984e-02  -1.1843219e-02
   4.4800000e+01  -1.5267250e-02   1.7178310e-02
   4.4900000e+01   4.3653003e-03   4.6222686e-02
   4.5000000e+01   1.4028295e-02   5.3012111e-02
   4.5100000e+01   3.9322854e-03   2.7021466e-02
   4.5200000e+01  -1.4413378e-02  -1.8881858e-02
   4.5300000e+01  -2.1152755e-02  -5.5544315e-02
   4.5400000e+01  -8.6975942e-03  -5.9569402e-02
   4.5500000e+01   1.1058673e-02  -3.2013711e-02
   4.5600000e+01   1.9374715e-02   2.8979437e-03
   4.5700000e+01   8.6625588e-03   1.8475013e-02
   4.5800000e+01  -1.2633997e-02   7.5272654e-03
   4.5900000e+01  -3.0685591e-02  -1.3830305e-02
   4.6000000e+01  -3.8544405e-02  -2.2698636e-02
   4.6100000e+01  -3.7641640e-02  -9.1717876e-03
   4.6200000e+01  -3.0798172e-02   1.9044670e-02
   4.6300000e+01  -1.7924424e-02   4.7947156e-02
   4.6400000e+01   3.4355004e-04   6.9028154e-02
   4.6500000e+01   1.7065213e-02   7.9650445e-02
   4.6600000e+01   2.0273167e-02   7.7094597e-02
   4.6700000e+01   2.2066074e-03   5.8919909e-02
   4.6800000e+01  -3.1486237e-02   3.0881962e-02
   4.6900000e+01  -6.2066580e-02   9.7299724e-03
   4.7000000e+01  -6.9664074e-02   1.1974392e-02
   4.7100000e+01  -4.8651998e-02   3.7700628e-02
   4.7200000e+01  -1.3589153e-02   6.7553166e-02
   4.7300000e+01   1.0744276e-02   7.8376824e-02
   4.7400000e+01   8.2819998e-03   6.2886239e-02
   4.7500000e+01  -1.5890600e-02   3.4480322e-02
   4.7600000e+01  -3.9952113e-02   1.4041816e-02
   4.7700000e+01  -4.2601636e-02   1.2709263e-02
   4.7800000e+01  -1.9043967e-02   2.5445815e-02
   4.7900000e+01   1.5949852e-02   3.7427841e-02
   4.8000000e+01   3.8848806e-02   3.4957380e-02
   4.8100000e+01   3.3745047e-02   1.3295403e-02
   4.8200000e+01   3.3765125e-03  -2.0757658e-02
   4.8300000e+01  -3.2551538e-02  -5.1814963e-02
   4.8400000e+01  -5.0964027e-02  -6.4670801e-02
   4.8500000e+01  -4.1191893e-02  -5.5244677e-02
   4.8600000e+01  -1.0706012e-02  -3.4860455e-02
   4.8700000e+01   2.2905273e-02  -2.1855226e-02
   4.8800000e+01   4.4899257e-02  -2.6340399e-02
   4.8900000e+01   4.9501732e-02  -4.2123964e-02
   4.9000000e+01   3.7397503e-02  -5.3380573e-02
   4.9100000e+01   1.2757280e-02  -4.8958807e-02
   4.9200000e+01  -1.5124158e-02  -3.0880271e-02
   4.9300000e+01  -3.1406978e-02  -1.1415797e-02
   4.9400000e+01  -2.3955854e-02  -3.9216537e-03
   4.9500000e+01   4.5110775e-03  -1.4680272e-02
   4.9600000e+01   3.4926811e-02  -3.8643172e-02
   4.9700000e+01   4.7030084e-02  -6.0209396e-02
   4.9800000e+01   3.7842651e-02  -6.1138050e-02
   4.9900000e+01   2.3754647e-02  -3.3956204e-02
   5.0000000e+01   2.2967195e-02   8.9278395e-03
   5.0100000e+01   3.6550807e-02   4.1194759e-02
   5.0200000e+01   4.8100944e-02   4.1916331e-02
   5.0300000e+01   4.1740767e-02   1.1974205e-02
   5.0400000e+01   1.8816445e-02  -2.7462348e-02
   5.0500000e+01  -3.9310218e-03  -5.2202996e-02
   5.0600000e+01  -1.1515575e-02  -5.1465670e-02
   5.0700000e+01  -4.4044346e-03  -3.0744848e-02
   5.0800000e+01   4.6846147e-03  -3.7224263e-03
   5.0900000e+01   5.3438671e-03   1.6221994e-02
   5.1000000e+01  -1.4336224e-03   2.0222862e-02
   5.1100000e+01  -8.2611564e-03   6.8811830e-03
   5.1200000e+01  -1.2023044e-02  -1.5015015e-02
   5.1300000e+01  -1.6340917e-02  -2.9282377e-02
   5.1400000e+01  -2.4087258e-02  -2.3500512e-02
   5.1500000e+01  -3.1515853e-02  -4.1491017e-04
   5.1600000e+01  -3.2415580e-02   2.2941916e-02
   5.1700000e+01  -2.5841019e-02   2.9809497e-02
   5.1800000e+01  -1.5881971e-02   1.8229006e-02
   5.1900000e+01  -4.4368764e-03   1.2169908e-03
   5.2000000e+01   1.0402764e-02  -6.4818711e-03
   5.2100000e+01   2.5818776e-02  -7.8888958e-04
   5.2200000e+01   2.8733986e-02   1.1296136e-02
   5.2300000e+01   6.5822513e-03   2.0505338e-02
   5.2400000e+01  -3.4158775e-02   2.2724859e-02
   5.2500000e+01  -6.5489039e-02   1.9345338e-02
   5.2600000e+01  -6.0236422e-02   1.3728401e-02
   5.2700000e+01  -1.8365596e-02   9.0601641e-03
   5.2800000e+01   3.1032802e-02   8.2206259e-03
   5.2900000e+01   5.5265078e-02   1.2857861e-02
   5.3000000e+01   4.5782482e-02   2.1016358e-02
   5.3100000e+01   2.2253733e-02   2.6549693e-02
   5.3200000e+01   1.1815025e-02   2.2976743e-02
   5.3300000e+01   2.4553920e-02   9.2240491e-03
   5.3400000e+01   4.6450034e-02  -8.6295458e-03
   5.3500000e+01   5.3693402e-02  -2.1751059e-02
   5.3600000e+01   3.4461253e-02  -2.4317736e-02
   5.3700000e+01  -8.4164823e-04  -1.4976164e-02
   5.3800000e+01  -2.9128240e-02   4.7983591e-03
   5.3900000e+01  -3.4302536e-02   2.9698108e-02
   5.4000000e+01  -1.8601075e-02   4.7264010e-02
   5.4100000e+01   3.2276252e-03   4.1162749e-02
   5.4200000e+01   1.7952975e-02   5.3696262e-03
   5.4300000e+01   2.1321874e-02  -4.2959168e-02
   5.4400000e+01   1.5320073e-02  -7.0329779e-02
   5.4500000e+01   3.3928328e-03  -5.3573568e-02
   5.4600000e+01  -1.0356665e-02  -1.9819855e-03
   5.4700000e+01  -2.1147655e-02   4.8655789e-02
   5.4800000e+01  -2.6457790e-02   6.5303662e-02
   5.4900000e+01  -2.8206956e-02   4.2181708e-02
   5.5000000e+01  -2.9331364e-02   5.6465754e-04
   5.5100000e+01  -2.8645656e-02  -3.0036099e-02
   5.5200000e+01  -2.2269236e-02  -3.0858574e-02
   5.5300000e+01  -1.0841424e-02  -3.1386417e-03
   5.5400000e+01  -1.8307020e-03   3.2693291e-02
   5.5500000e+01  -1.6799804e-03   4.8582126e-02
   5.5600000e+01  -7.3116942e-03   2.9621670e-02
   5.5700000e+01  -9.2234832e-03  -1.0286389e-02
   5.5800000e+01  -3.4476981e-03  -3.6911133e-02
   5.5900000e+01   3.0872707e-03  -2.6292790e-02
   5.6000000e+01   1.5604597e-03   1.2148393e-02
   5.6100000e+01  -6.4593862e-03   4.5865839e-02
   5.6200000e+01  -9.6640832e-03   5.1826076e-02
   5.6300000e+01  -8.7491925e-04   3.5050759e-02
   5.6400000e+01   1.2610641e-02   1.5539475e-02
   5.6500000e+01   1.5572107e-02   4.5848630e-03
   5.6600000e+01   1.7862102e-03  -3.5771042e-04
   5.6700000e+01  -1.7873407e-02  -2.3410794e-03
   5.6800000e+01  -2.5926023e-02   2.9492357e-03
   5.6900000e+01  -1.6532236e-02   1.8124352e-02
   5.7000000e+01  -1.9862807e-03   3.3409130e-02
   5.7100000e+01  -4.1858013e-04   3.2104068e-02
   5.7200000e+01  -1.7451773e-02   7.2721008e-03
   5.7300000e+01  -4.0561964e-02  -2.9802693e-02
   5.7400000e+01  -5.1336936e-02  -5.7899339e-02
   5.7500000e+01  -4.2492399e-02  -6.1323314e-02
   5.7600000e+01  -2.2596752e-02  -3.9741731e-02
   5.7700000e+01  -5.3790530e-03  -8.1019091e-03
   5.7800000e+01   3.3288816e-03   1.1888004e-02
   5.7900000e+01   7.1060508e-03   5.5542010e-03
   5.8000000e+01   9.7050645e-03  -2.3258555e-02
   5.8100000e+01   8.6221130e-03  -5.3652699e-02
   5.8200000e+01   5.1761149e-04  -6.4082990e-02
   5.8300000e+01  -8.9571537e-03  -5.0131899e-02
   5.8400000e+01  -6.0770960e-03  -2.6604823e-02
   5.8500000e+01   1.6490256e-02  -1.2368174e-02
   5.8600000e+01   4.7454195e-02  -1.3649230e-02
   5.8700000e+01   6.3643176e-02  -2.1190433e-02
   5.8800000e+01   5.1772699e-02  -2.1181104e-02
   5.8900000e+01   2.2473415e-02  -7.7588639e-03
   5.9000000e+01   5.5354323e-04   1.3266569e-02
   5.9100000e+01   1.4741858e-03   2.9965257e-02
   5.9200000e+01   1.8962123e-02   3.2703951e-02
   5.9300000e+01   3.5036443e-02   1.9189507e-02
   5.9400000e+01   3.8513486e-02  -5.5822639e-03
   5.9500000e+01   3.1394552e-02  -3.2105179e-02
   5.9600000e+01   2.0176302e-02  -4.9257537e-02
   5.9700000e+01   6.9738194e-03  -4.7606202e-02
   5.9800000e+01  -8.2350894e-03  -2.4535711e-02
   5.9900000e+01  -2.0389583e-02   1.1106458e-02
   6.0000000e+01  -2.0298348e-02   4.0987926e-02
   6.0100000e+01  -4.9662532e-03   4.8379438e-02
   6.0200000e+01   1.5590205e-02   3.0985498e-02
   6.0300000e+01   2.5387739e-02   3.4830399e-03
   6.0400000e+01   1.7540195e-02  -1.4098715e-02
   6.0500000e+01   1.3417465e-03  -1.2312539e-02
   6.0600000e+01  -6.7138131e-03   1.7388413e-03
   6.0700000e+01   1.0209904e-03   1.2859069e-02
   6.0800000e+01   1.6691452e-02   1.1551369e-02
   6.0900000e+01   2.6080150e-02   5.6980944e-04
   6.1000000e+01   2.3386011e-02  -9.6737009e-03
   6.1100000e+01   1.6117038e-02  -1.0292146e-02
   6.1200000e+01   1.5759223e-02   7.5585194e-04
   6.1300000e+01   2.5015936e-02   1.9436853e-02
   6.1400000e+01   3.5099376e-02   3.8970490e-02
   6.1500000e+01   3.4959744e-02   5.2417431e-02
   6.1600000e+01   2.2216955e-02   5.4598436e-02
   6.1700000e+01   5.3327096e-03   4.4437280e-02
   6.1800000e+01  -3.9466369e-03   2.6875623e-02
   6.1900000e+01  -6.4935156e-04   1.2059182e-02
   6.2000000e+01   8.9747984e-03   1.0514310e-02
   6.2100000e+01   1.2279428e-02   2.5711292e-02
   6.2200000e+01   1.3062817e-03   4.8534714e-02
   6.2300000e+01  -1.9140988e-02   5.9718806e-02
   6.2400000e+01  -3.5570209e-02   4.2439862e-02
   6.2500000e+01  -4.0130820e-02  -2.3707461e-03
   6.2600000e+01  -4.0029061e-02  -5.2090458e-02
   6.2700000e+01  -4.9064042e-02  -7.7021207e-02
   6.2800000e+01  -6.8854592e-02  -6.3324826e-02
   6.2900000e+01  -8.2835675e-02  -2.4132002e-02
   6.3000000e+01  -7.3476904e-02   1.1293156e-02
   6.3100000e+01  -4.4013937e-02   2.0243425e-02
   6.3200000e+01  -1.7493522e-02   1.6944901e-03
   6.3300000e+01  -1.2341162e-02  -2.6419489e-02
   6.3400000e+01  -2.3141162e-02  -4.2530071e-02
   6.3500000e+01  -2.9400075e-02  -3.6658206e-02
   6.3600000e+01  -2.0515662e-02  -1.5799093e-02
   6.3700000e+01  -6.3035530e-03   2.7494891e-03
   6.3800000e+01  -2.3988854e-03   4.7516704e-03
   6.3900000e+01  -1.1002892e-02  -1.0945205e-02
   6.4000000e+01  -2.0165381e-02  -3.3392339e-02
   6.4100000e+01  -1.9345311e-02  -4.9522854e-02
   6.4200000e+01  -1.0556179e-02  -5.2887085e-02
   6.4300000e+01  -3.7556966e-03  -4.3717146e-02
   6.4400000e+01  -5.2391757e-03  -2.3979163e-02
   6.4500000e+01  -1.2615228e-02   3.5157340e-03
   6.4600000e+01  -1.8593057e-02   3.0476624e-02
   6.4700000e+01  -1.6751400e-02   4.2080776e-02
   6.4800000e+01  -4.7391261e-03   2.6835371e-02
   6.4900000e+01   1.4478927e-02  -9.5011753e-03
   6.5000000e+01   3.2982106e-02  -4.2230860e-02
   6.5100000e+01   4.1559388e-02  -4.5288308e-02
   6.5200000e+01   3.5946731e-02  -1.4616458e-02
   6.5300000e+01   2.0572910e-02   2.5483084e-02
   6.5400000e+01   5.5556777e-03   4.1751471e-02
   6.5500000e+01  -1.0034039e-03   2.0882580e-02
   6.5600000e+01   1.4580597e-03  -1.8738684e-02
   6.5700000e+01   7.5027179e-03  -4.3545398e-02
   6.5800000e+01   1.2292447e-02  -3.3974268e-02
   6.5900000e+01   1.6204742e-02   5.3238455e-04
   6.6000000e+01   2.2497007e-02   3.2819740e-02
   6.6100000e+01   3.0927563e-02   4.2619279e-02
   6.6200000e+01   3.5676813e-02   3.1147225e-02
   6.6300000e+01   3.1383634e-02   1.5222095e-02
   6.6400000e+01   2.0375751e-02   1.0681089e-02
   6.6500000e+01   1.0969592e-02   2.1592598e-02
   6.6600000e+01   7.5932990e-03   4.1423853e-02
   6.6700000e+01   5.6302906e-03   5.9841973e-02
   6.6800000e+01  -6.5922097e-04   6.7667883e-02
   6.6900000e+01  -6.8764040e-03   5.9555947e-02
   6.7000000e+01  -9.0390126e-04   3.7026947e-02
   6.7100000e+01   2.0728907e-02   1.0123353e-02
   6.7200000e+01   4.3085110e-02  -6.9512984e-03
   6.7300000e+01   4.5449656e-02  -5.5549530e-03
   6.7400000e+01   2.4198784e-02   1.0393316e-02
   6.7500000e+01  -1.7781743e-03   2.7265389e-02
   6.7600000e+01  -1.1308960e-02   3.2228823e-02
   6.7700000e+01  -3.3910460e-03   2.2240551e-02
   6.7800000e+01   4.7730545e-03   4.9343970e-03
   6.7900000e+01   7.0842966e-04  -7.6663066e-03
   6.8000000e+01  -8.1738693e-03  -7.4496257e-03
   6.8100000e+01  -4.8949221e-03   4.2078172e-03
   6.8200000e+01   1.5527684e-02   1.6836463e-02
   6.8300000e+01   3.9643765e-02   1.8238519e-02
   6.8400000e+01   5.0108223e-02   4.6532276e-03
   6.8500000e+01   4.2411762e-02  -1.5118937e-02
   6.8600000e+01   2.6053341e-02  -2.6931667e-02
   6.8700000e+01   1.3009093e-02  -2.3791609e-02
   6.8800000e+01   8.2616060e-03  -1.1028644e-02
   6.8900000e+01   9.4061852e-03   6.1982049e-04
   6.9000000e+01   1.0799843e-02   5.0017646e-03
   6.9100000e+01   7.3091694e-03   2.4167537e-03
   6.9200000e+01  -2.2588405e-03  -5.8115612e-03
   6.9300000e+01  -1.2965357e-02  -1.9800761e-02
   6.9400000e+01  -1.7166830e-02  -3.6613411e-02
   6.9500000e+01  -1.3094146e-02  -4.7140360e-02
   6.9600000e+01  -8.9119149e-03  -4.2444934e-02
   6.9700000e+01  -1.4732919e-02  -2.4233225e-02
   6.9800000e+01  -3.0086926e-02  -6.3856313e-03
   6.9900000e+01  -4.2552890e-02  -3.9119342e-03
   7.0000000e+01  -4.0926031e-02  -2.0265784e-02
   7.0100000e+01  -2.7844757e-02  -4.5280961e-02
   7.0200000e+01  -1.6798440e-02  -6.3960248e-02
   7.0300000e+01  -1.7400721e-02  -6.6834539e-02
   7.0400000e+01  -2.6261369e-02  -5.4662040e-02
   7.0500000e+01  -3.2603074e-02  -3.6912530e-02
   7.0600000e+01  -3.0282069e-02  -2.6047964e-02
   7.0700000e+01  -2.2766805e-02  -2.9690087e-02
   7.0800000e+01  -1.7878538e-02  -4.4912117e-02
   7.0900000e+01  -1.9706351e-02  -5.9883860e-02
   7.1000000e+01  -2.5356094e-02  -6.2664454e-02
   7.1100000e+01  -2.7912249e-02  -4.9518417e-02
   7.1200000e+01  -2.2282053e-02  -2.5699154e-02
   7.1300000e+01  -9.5762530e-03  -2.4668502e-04
   7.1400000e+01   3.1380520e-03   1.8442261e-02
   7.1500000e+01   7.7943276e-03   2.4032191e-02
   7.1600000e+01   1.1375681e-03   1.4425823e-02
   7.1700000e+01  -1.3442237e-02  -4.0755379e-03
   7.1800000e+01  -2.8997460e-02  -1.6567555e-02
   7.1900000e+01  -3.9346436e-02  -8.5740806e-03
   7.2000000e+01  -4.0982277e-02   2.0903529e-02
   7.2100000e+01  -3.2900471e-02   5.5123146e-02
   7.2200000e+01  -1.6904961e-02   7.0759653e-02
   7.2300000e+01   1.3412097e-03   5.6563985e-02
   7.2400000e+01   1.3373197e-02   2.3708050e-02
   7.2500000e+01   1.2870079e-02  -1.5862229e-03
   7.2600000e+01   1.2917091e-03   1.9345317e-03
   7.2700000e+01  -1.2009172e-02   3.3326734e-02
   7.2800000e+01  -1.7368785e-02   6.9006805e-02
   7.2900000e+01  -1.3674338e-02   8.0672253e-02
   7.3000000e+01  -8.6774276e-03   5.8234494e-02
   7.3100000e+01  -9.0935343e-03   1.8758959e-02
   7.3200000e+01  -1.1287977e-02  -7.2927052e-03
   7.3300000e+01  -4.5561173e-03  -1.5598880e-03
   7.3400000e+01   1.5299372e-02   2.7539201e-02
   7.3500000e+01   3.8096793e-02   5.4321595e-02
   7.3600000e+01   4.7919247e-02   5.9849468e-02
   7.3700000e+01   3.9504163e-02   4.6574616e-02
   7.3800000e+01   2.3692587e-02   3.0265875e-02
   7.3900000e+01   1.5924962e-02   2.0696561e-02
   7.4000000e+01   2.1343035e-02   1.4010012e-02
   7.4100000e+01   3.2553332e-02   4.0302070e-03
   7.4200000e+01   4.0014661e-02  -4.3835531e-03
   7.4300000e+01   4.1365537e-02   7.4477587e-04
   7.4400000e+01   4.0130438e-02   2.1220728e-02
   7.4500000e+01   3.8278952e-02   4.1215285e-02
   7.4600000e+01   3.3257677e-02   4.2056429e-02
   7.4700000e+01   2.2868242e-02   2.3296968e-02
   7.4800000e+01   1.1069010e-02   4.4137662e-03
   7.4900000e+01   6.3811847e-03   3.8408349e-03
   7.5000000e+01   1.3193050e-02   1.8920278e-02
   7.5100000e+01   2.5390052e-02   2.8972848e-02
   7.5200000e+01   3.0863397e-02   1.7060611e-02
   7.5300000e+01   2.3874299e-02  -1.3299659e-02
   7.5400000e+01   1.1983518e-02  -4.1991891e-02
   7.5500000e+01   8.4867287e-03  -5.0072135e-02
   7.5600000e+01   1.7534068e-02  -3.4127042e-02
   7.5700000e+01   2.8693086e-02  -7.3213368e-03
   7.5800000e+01   2.7640145e-02   1.0533874e-02
   7.5900000e+01   1.0965565e-02   6.1929397e-03
   7.6000000e+01  -1.1283615e-02  -1.7889450e-02
   7.6100000e+01  -2.6496107e-02  -4.4348306e-02
   7.6200000e+01  -2.9982574e-02  -5.3201856e-02
   7.6300000e+01  -2.4753553e-02  -3.8224689e-02
   7.6400000e+01  -1.5305077e-02  -1.3194703e-02
   7.6500000e+01  -5.4835399e-03   1.3176812e-04
   7.6600000e+01  -8.2398683e-04  -7.0281591e-03
   7.6700000e+01  -7.3389345e-03  -2.1484449e-02
   7.6800000e+01  -2.4580161e-02  -2.1994186e-02
   7.6900000e+01  -4.1867720e-02  -2.9222742e-03
   7.7000000e+01  -4.5588214e-02   1.7832161e-02
   7.7100000e+01  -3.2106842e-02   1.6578829e-02
   7.7200000e+01  -1.2468141e-02  -1.0877696e-02
   7.7300000e+01  -2.9809977e-03  -4.3568545e-02
   7.7400000e+01  -1.0668217e-02  -5.5423867e-02
   7.7500000e+01  -2.7353937e-02  -3.9638866e-02
   7.7600000e+01  -3.6934463e-02  -1.2675192e-02
   7.7700000e+01  -2.8459703e-02   3.6391301e-03
   7.7800000e+01  -4.3185503e-03   1.3658585e-03
   7.7900000e+01   2.1676033e-02  -1.1236114e-02
   7.8000000e+01   3.3989691e-02  -2.2338334e-02
   7.8100000e+01   2.6104415e-02  -2.8083293e-02
   7.8200000e+01   5.2755894e-03  -3.2268303e-02
   7.8300000e+01  -1.2151508e-02  -3.8109765e-02
   7.8400000e+01  -1.2232910e-02  -4.3045938e-02
   7.8500000e+01   6.0861043e-03  -4.1681050e-02
   7.8600000e+01   2.9417854e-02  -3.2236035e-02
   7.8700000e+01   3.9335553e-02  -1.9034394e-02
   7.8800000e+01   2.6551189e-02  -9.0396332e-03
   7.8900000e+01  -8.6808744e-04  -6.7828440e-03
   7.9000000e+01  -2.2734114e-02  -1.2244245e-02
   7.9100000e+01  -2.2758089e-02  -2.1691906e-02
   7.9200000e+01  -2.7030155e-03  -2.9022881e-02
   7.9300000e+01   1.8344370e-02  -2.7501956e-02
   7.9400000e+01   2.0378341e-02  -1.3667837e-02
   7.9500000e+01   2.0743598e-04   8.2651491e-03
   7.9600000e+01  -2.6406876e-02   2.7352219e-02
   7.9700000e+01  -4.0233026e-02   3.4353945e-02
   7.9800000e+01  -3.5397915e-02   2.9950752e-02
   7.9900000e+01  -2.0074457e-02   2.2504206e-02
   8.0000000e+01  -3.1210343e-03   1.7312048e-02
