   1.0221618e+02   2.8602761e+01   2.5212700e+03
   1.0216175e+02   2.8375111e+01   1.7193900e+03
   0.0000000e+00   1.2593662e-01   1.2593662e-01
   1.0000000e-01   3.2592903e-01  -5.6084042e-02
   2.0000000e-01   4.7446565e-01  -1.5944966e-01
   3.0000000e-01   5.4904092e-01  -1.8058149e-01
   4.0000000e-01   5.7833979e-01  -1.6325397e-01
   5.0000000e-01   6.0144280e-01  -1.4981505e-01
   6.0000000e-01   6.3705743e-01  -1.5100865e-01
   7.0000000e-01   6.8931682e-01  -1.5672606e-01
   8.0000000e-01   7.6191578e-01  -1.5956536e-01
   9.0000000e-01   8.5167473e-01  -1.6211392e-01
   1.0000000e+00   9.3679809e-01  -1.7102563e-01
   1.1000000e+00   9.8887347e-01  -1.9237028e-01
   1.2000000e+00   1.0000000e+00  -2.2864581e-01
   1.3000000e+00   9.8895208e-01  -2.7443623e-01
   1.4000000e+00   9.7707781e-01  -3.1978708e-01
   1.5000000e+00   9.6506415e-01  -3.6564042e-01
   1.6000000e+00   9.3664975e-01  -4.3150359e-01
   1.7000000e+00   8.7688763e-01  -5.3488049e-01
   1.8000000e+00   7.7929775e-01  -6.6050391e-01
   1.9000000e+00   6.4153630e-01  -7.6251865e-01
   2.0000000e+00   4.6723619e-01  -8.0705325e-01
   2.1000000e+00   2.7504796e-01  -8.0622316e-01
   2.2000000e+00   9.6447817e-02  -7.9892137e-01
   2.3000000e+00  -4.3503458e-02  -8.0118702e-01
   2.4000000e+00  -1.4259338e-01  -7.8940832e-01
   2.5000000e+00  -2.1702099e-01  -7.3551399e-01
   2.6000000e+00  -2.8423724e-01  -6.4467632e-01
   2.7000000e+00  -3.5242476e-01  -5.4725330e-01
   2.8000000e+00  -4.2009619e-01  -4.6235395e-01
   2.9000000e+00  -4.7690317e-01  -3.8550588e-01
   3.0000000e+00  -5.0666563e-01  -3.1129136e-01
   3.1000000e+00  -5.0152296e-01  -2.4956839e-01
   3.2000000e+00  -4.7920843e-01  -2.0781923e-01
   3.3000000e+00  -4.7809518e-01  -1.6757300e-01
   3.4000000e+00  -5.2370285e-01  -9.4980900e-02
   3.5000000e+00  -5.9995014e-01   2.2996836e-02
   3.6000000e+00  -6.6210372e-01   1.6258570e-01
   3.7000000e+00  -6.8128428e-01   2.8671212e-01
   3.8000000e+00  -6.7015382e-01   3.7782572e-01
   3.9000000e+00  -6.6112814e-01   4.4465336e-01
   4.0000000e+00  -6.6641321e-01   5.0464728e-01
   4.1000000e+00  -6.6871275e-01   5.6687557e-01
   4.2000000e+00  -6.4919843e-01   6.2684671e-01
   4.3000000e+00  -6.1274436e-01   6.6850235e-01
   4.4000000e+00  -5.7860621e-01   6.7254473e-01
   4.5000000e+00  -5.5203636e-01   6.3322278e-01
   4.6000000e+00  -5.1532074e-01   5.7070955e-01
   4.7000000e+00  -4.4940927e-01   5.1904348e-01
   4.8000000e+00  -3.5884652e-01   4.9489689e-01
   4.9000000e+00  -2.7055989e-01   4.8142361e-01
   5.0000000e+00  -2.0908896e-01   4.4805779e-01
   5.1000000e+00  -1.7620485e-01   3.8299736e-01
   5.2000000e+00  -1.5497654e-01   3.0040091e-01
   5.3000000e+00  -1.3059031e-01   2.1975822e-01
   5.4000000e+00  -1.0395542e-01   1.4915623e-01
   5.5000000e+00  -8.4362258e-02   9.0189578e-02
   5.6000000e+00  -7.1603869e-02   4.6421219e-02
   5.7000000e+00  -5.0384582e-02   1.5851296e-02
   5.8000000e+00  -6.3878340e-03  -2.0031143e-02
   5.9000000e+00   5.3070806e-02  -8.6179587e-02
   6.0000000e+00   1.0025983e-01  -1.8796653e-01
   6.1000000e+00   1.1412138e-01  -3.0084802e-01
   6.2000000e+00   1.0556100e-01  -3.9010745e-01
   6.3000000e+00   1.1095047e-01  -4.3804421e-01
   6.4000000e+00   1.5789898e-01  -4.5030543e-01
   6.5000000e+00   2.3927635e-01  -4.4201858e-01
   6.6000000e+00   3.2239593e-01  -4.2452514e-01
   6.7000000e+00   3.8083290e-01  -4.0234691e-01
   6.8000000e+00   4.1414808e-01  -3.7318089e-01
   6.9000000e+00   4.3954419e-01  -3.2728310e-01
   7.0000000e+00   4.7134256e-01  -2.5308561e-01
   7.1000000e+00   5.1055076e-01  -1.4928041e-01
   7.2000000e+00   5.4807028e-01  -2.9501090e-02
   7.3000000e+00   5.7158084e-01   8.8463960e-02
   7.4000000e+00   5.7114149e-01   1.9529212e-01
   7.5000000e+00   5.4532132e-01   2.8740063e-01
   7.6000000e+00   5.0504294e-01   3.5556139e-01
   7.7000000e+00   4.6797123e-01   3.8703340e-01
   7.8000000e+00   4.4514132e-01   3.8311829e-01
   7.9000000e+00   4.3265618e-01   3.6617996e-01
   8.0000000e+00   4.1677883e-01   3.6003746e-01
   8.1000000e+00   3.8584786e-01   3.6590163e-01
   8.2000000e+00   3.3778626e-01   3.6626445e-01
   8.3000000e+00   2.8076488e-01   3.5188701e-01
   8.4000000e+00   2.2993038e-01   3.3413713e-01
   8.5000000e+00   1.9899037e-01   3.2551179e-01
   8.6000000e+00   1.8669231e-01   3.1671584e-01
   8.7000000e+00   1.7048366e-01   2.8327869e-01
   8.8000000e+00   1.2208850e-01   2.1279997e-01
   8.9000000e+00   3.7202045e-02   1.1718798e-01
   9.0000000e+00  -5.2143700e-02   1.8195406e-02
   9.1000000e+00  -1.0208466e-01  -7.0842423e-02
   9.2000000e+00  -9.6844088e-02  -1.4767864e-01
   9.3000000e+00  -6.2332031e-02  -2.1550367e-01
   9.4000000e+00  -4.0195330e-02  -2.8085820e-01
   9.5000000e+00  -5.2224377e-02  -3.5015109e-01
   9.6000000e+00  -9.0612362e-02  -4.1928348e-01
   9.7000000e+00  -1.3563366e-01  -4.6973089e-01
   9.8000000e+00  -1.7489512e-01  -4.8404150e-01
   9.9000000e+00  -2.0675582e-01  -4.6524938e-01
   1.0000000e+01  -2.3407382e-01  -4.3302601e-01
   1.0100000e+01  -2.6046048e-01  -4.0011886e-01
   1.0200000e+01  -2.9024856e-01  -3.6227986e-01
   1.0300000e+01  -3.2767223e-01  -3.1532281e-01
   1.0400000e+01  -3.7548011e-01  -2.7145843e-01
   1.0500000e+01  -4.3451776e-01  -2.4798816e-01
   1.0600000e+01  -5.0100203e-01  -2.4436933e-01
   1.0700000e+01  -5.6067227e-01  -2.4180984e-01
   1.0800000e+01  -5.8964573e-01  -2.2491197e-01
   1.0900000e+01  -5.7063234e-01  -1.9288136e-01
   1.1000000e+01  -5.1264373e-01  -1.4847319e-01
   1.1100000e+01  -4.4876659e-01  -9.0476183e-02
   1.1200000e+01  -4.0628740e-01  -2.6979440e-02
   1.1300000e+01  -3.7854986e-01   1.4811810e-02
   1.1400000e+01  -3.3229414e-01   1.0189282e-02
   1.1500000e+01  -2.4577940e-01  -2.9508014e-02
   1.1600000e+01  -1.3576151e-01  -5.8411969e-02
   1.1700000e+01  -4.2172001e-02  -3.9208638e-02
   1.1800000e+01   1.2654705e-02   2.1557042e-02
   1.1900000e+01   4.4513367e-02   8.7319041e-02
   1.2000000e+01   8.5677047e-02   1.3405316e-01
   1.2100000e+01   1.4690396e-01   1.6941662e-01
   1.2200000e+01   2.0576336e-01   2.1251200e-01
   1.2300000e+01   2.3243564e-01   2.6724272e-01
   1.2400000e+01   2.2212665e-01   3.2081210e-01
   1.2500000e+01   1.9822055e-01   3.6036066e-01
   1.2600000e+01   1.8557448e-01   3.8233353e-01
   1.2700000e+01   1.8645990e-01   3.8771133e-01
   1.2800000e+01   1.8502341e-01   3.7642069e-01
   1.2900000e+01   1.7046508e-01   3.4964461e-01
   1.3000000e+01   1.4861401e-01   3.1406084e-01
   1.3100000e+01   1.2953996e-01   2.8002998e-01
   1.3200000e+01   1.1043319e-01   2.5444527e-01
   1.3300000e+01   7.8002446e-02   2.3461467e-01
   1.3400000e+01   2.8080409e-02   2.0923246e-01
   1.3500000e+01  -2.3104570e-02   1.6859791e-01
   1.3600000e+01  -5.1876445e-02   1.1713882e-01
   1.3700000e+01  -5.0126020e-02   7.3166350e-02
   1.3800000e+01  -3.1363393e-02   5.0226636e-02
   1.3900000e+01  -1.2655296e-02   3.9354980e-02
   1.4000000e+01   6.4238096e-03   1.8146392e-02
   1.4100000e+01   4.3407237e-02  -1.9489170e-02
   1.4200000e+01   1.1126875e-01  -5.2290157e-02
   1.4300000e+01   1.9918288e-01  -5.9978200e-02
   1.4400000e+01   2.7641863e-01  -5.6396528e-02
   1.4500000e+01   3.1588023e-01  -7.8782235e-02
   1.4600000e+01   3.1503129e-01  -1.4081344e-01
   1.4700000e+01   2.9580487e-01  -2.1008908e-01
   1.4800000e+01   2.8461015e-01  -2.4220072e-01
   1.4900000e+01   2.8979064e-01  -2.2847167e-01
   1.5000000e+01   2.9501845e-01  -1.9732052e-01
   1.5100000e+01   2.7419048e-01  -1.7374042e-01
   1.5200000e+01   2.1585234e-01  -1.5504507e-01
   1.5300000e+01   1.3587136e-01  -1.3036367e-01
   1.5400000e+01   6.5659653e-02  -1.0680350e-01
   1.5500000e+01   2.5550287e-02  -1.0117041e-01
   1.5600000e+01   8.7092512e-03  -1.1179101e-01
   1.5700000e+01  -8.2019090e-03  -1.1391658e-01
   1.5800000e+01  -3.8936829e-02  -8.5986003e-02
   1.5900000e+01  -7.4209767e-02  -3.2154956e-02
   1.6000000e+01  -9.5043761e-02   2.2518615e-02
   1.6100000e+01  -9.7147771e-02   5.0569260e-02
   1.6200000e+01  -9.8470469e-02   3.4480414e-02
   1.6300000e+01  -1.2146928e-01  -2.5467724e-02
   1.6400000e+01  -1.6969937e-01  -1.0343630e-01
   1.6500000e+01  -2.2332189e-01  -1.5476867e-01
   1.6600000e+01  -2.5641256e-01  -1.4753510e-01
   1.6700000e+01  -2.5692392e-01  -9.3490166e-02
   1.6800000e+01  -2.3125435e-01  -3.9683481e-02
   1.6900000e+01  -1.9422705e-01  -2.3631456e-02
   1.7000000e+01  -1.5829299e-01  -4.1251137e-02
   1.7100000e+01  -1.3079384e-01  -6.1408403e-02
   1.7200000e+01  -1.1578419e-01  -6.2401694e-02
   1.7300000e+01  -1.1357965e-01  -4.4564640e-02
   1.7400000e+01  -1.1845326e-01  -1.4815177e-02
   1.7500000e+01  -1.2048085e-01   2.2337642e-02
   1.7600000e+01  -1.1302891e-01   5.3488122e-02
   1.7700000e+01  -9.8828582e-02   5.3337485e-02
   1.7800000e+01  -8.7018996e-02   1.1129162e-02
   1.7900000e+01  -8.3249210e-02  -4.2776063e-02
   1.8000000e+01  -8.3672935e-02  -5.4232726e-02
   1.8100000e+01  -7.9898793e-02   1.6753581e-03
   1.8200000e+01  -6.8930735e-02   9.1309144e-02
   1.8300000e+01  -5.5740783e-02   1.5323316e-01
   1.8400000e+01  -4.5372584e-02   1.5516955e-01
   1.8500000e+01  -3.5261288e-02   1.1583105e-01
   1.8600000e+01  -1.8310892e-02   7.6440466e-02
   1.8700000e+01   7.5374925e-03   6.2183281e-02
   1.8800000e+01   3.6970223e-02   7.2405190e-02
   1.8900000e+01   6.5925632e-02   9.5325461e-02
   1.9000000e+01   9.8417024e-02   1.2023882e-01
   1.9100000e+01   1.3969266e-01   1.3793274e-01
   1.9200000e+01   1.8307807e-01   1.4134256e-01
   1.9300000e+01   2.0953713e-01   1.3224362e-01
   1.9400000e+01   2.0510009e-01   1.2251623e-01
   1.9500000e+01   1.7777052e-01   1.2157743e-01
   1.9600000e+01   1.5288966e-01   1.2232633e-01
   1.9700000e+01   1.4937216e-01   1.0519439e-01
   1.9800000e+01   1.6123757e-01   5.9886947e-02
   1.9900000e+01   1.6367814e-01   1.1069065e-03
   2.0000000e+01   1.3722200e-01  -4.1433648e-02
   2.0100000e+01   8.6280896e-02  -4.9722299e-02
   2.0200000e+01   3.6007836e-02  -3.2348899e-02
   2.0300000e+01   1.2364061e-02  -1.2526124e-02
   2.0400000e+01   2.2677311e-02  -4.6939223e-03
   2.0500000e+01   5.0067467e-02  -6.0995304e-03
   2.0600000e+01   6.4024249e-02  -8.9929793e-03
   2.0700000e+01   4.0847119e-02  -1.4134711e-02
   2.0800000e+01  -1.7645862e-02  -2.8367188e-02
   2.0900000e+01  -8.1137967e-02  -5.2658786e-02
   2.1000000e+01  -1.1090156e-01  -7.9213073e-02
   2.1100000e+01  -9.1670496e-02  -1.0167607e-01
   2.1200000e+01  -4.7820400e-02  -1.2305421e-01
   2.1300000e+01  -2.4673580e-02  -1.4880619e-01
   2.1400000e+01  -4.8266373e-02  -1.7324716e-01
   2.1500000e+01  -1.0149315e-01  -1.7796495e-01
   2.1600000e+01  -1.4078598e-01  -1.4778652e-01
   2.1700000e+01  -1.3667577e-01  -8.9054520e-02
   2.1800000e+01  -9.8067334e-02  -3.0221599e-02
   2.1900000e+01  -5.9375772e-02  -8.8669879e-04
   2.2000000e+01  -4.8163057e-02  -6.7035267e-03
   2.2100000e+01  -6.5927207e-02  -2.4219058e-02
   2.2200000e+01  -9.5037200e-02  -2.3543140e-02
   2.2300000e+01  -1.1793692e-01   6.3502158e-04
   2.2400000e+01  -1.2860493e-01   2.1667709e-02
   2.2500000e+01  -1.2982788e-01   8.9130825e-03
   2.2600000e+01  -1.2392772e-01  -3.5247984e-02
   2.2700000e+01  -1.0748794e-01  -7.0407606e-02
   2.2800000e+01  -7.4654589e-02  -5.5381589e-02
   2.2900000e+01  -2.5371528e-02   8.9691083e-03
   2.3000000e+01   3.0004652e-02   7.7115782e-02
   2.3100000e+01   7.5458030e-02   9.9655209e-02
   2.3200000e+01   9.9856285e-02   6.4382407e-02
   2.3300000e+01   1.0349433e-01  -1.8905184e-03
   2.3400000e+01   9.5640641e-02  -6.3660511e-02
   2.3500000e+01   8.7867217e-02  -1.0081878e-01
   2.3600000e+01   8.9718415e-02  -1.0689877e-01
   2.3700000e+01   1.0621616e-01  -7.9141581e-02
   2.3800000e+01   1.3370665e-01  -2.2194493e-02
   2.3900000e+01   1.5734804e-01   4.2314925e-02
   2.4000000e+01   1.5791488e-01   8.3749397e-02
   2.4100000e+01   1.2643539e-01   8.7841837e-02
   2.4200000e+01   7.2850083e-02   7.0587440e-02
   2.4300000e+01   1.8506239e-02   6.1437294e-02
   2.4400000e+01  -1.9833218e-02   7.3946837e-02
   2.4500000e+01  -3.7813735e-02   9.6551283e-02
   2.4600000e+01  -3.8465693e-02   1.0933876e-01
   2.4700000e+01  -2.5567528e-02   1.0274882e-01
   2.4800000e+01  -4.7747924e-03   7.9508181e-02
   2.4900000e+01   1.2966323e-02   4.7655395e-02
   2.5000000e+01   1.5910273e-02   1.9396073e-02
   2.5100000e+01   1.7173005e-03   1.2043820e-02
   2.5200000e+01  -1.9441731e-02   3.7617290e-02
   2.5300000e+01  -3.4335061e-02   8.5486777e-02
   2.5400000e+01  -3.8542164e-02   1.2123982e-01
   2.5500000e+01  -3.7807636e-02   1.1243076e-01
   2.5600000e+01  -3.8901122e-02   5.9209550e-02
   2.5700000e+01  -4.1484275e-02  -3.2400350e-03
   2.5800000e+01  -3.9354830e-02  -3.5968470e-02
   2.5900000e+01  -2.7963808e-02  -3.0778797e-02
   2.6000000e+01  -9.5534715e-03  -1.3654224e-02
   2.6100000e+01   8.2275221e-03  -1.5053872e-02
   2.6200000e+01   1.7471397e-02  -3.8708904e-02
   2.6300000e+01   1.4352515e-02  -6.0694404e-02
   2.6400000e+01   8.1216703e-04  -5.7916224e-02
   2.6500000e+01  -1.6121597e-02  -3.4305807e-02
   2.6600000e+01  -2.7546656e-02  -1.6502604e-02
   2.6700000e+01  -2.8484163e-02  -2.4587795e-02
   2.6800000e+01  -2.2843655e-02  -5.0279254e-02
   2.6900000e+01  -2.1211215e-02  -6.5526861e-02
   2.7000000e+01  -2.9974262e-02  -5.0875078e-02
   2.7100000e+01  -4.1430776e-02  -1.3961471e-02
   2.7200000e+01  -3.8064327e-02   1.7441853e-02
   2.7300000e+01  -1.0507260e-02   1.7348029e-02
   2.7400000e+01   2.9325367e-02  -2.0736639e-02
   2.7500000e+01   5.6669692e-02  -7.9169230e-02
   2.7600000e+01   5.6745947e-02  -1.2384093e-01
   2.7700000e+01   3.7289131e-02  -1.2240404e-01
   2.7800000e+01   1.8458113e-02  -6.7596212e-02
   2.7900000e+01   1.4466506e-02   1.0393214e-02
   2.8000000e+01   2.7078670e-02   5.9414330e-02
   2.8100000e+01   5.0986138e-02   4.3896615e-02
   2.8200000e+01   7.6821813e-02  -2.4776342e-02
   2.8300000e+01   8.9391352e-02  -9.5711050e-02
   2.8400000e+01   7.4103197e-02  -1.1914537e-01
   2.8500000e+01   3.4097371e-02  -8.3504293e-02
   2.8600000e+01  -2.9117852e-03  -1.7277092e-02
   2.8700000e+01  -5.9765723e-03   3.9924234e-02
   2.8800000e+01   2.6031751e-02   6.6242092e-02
   2.8900000e+01   5.7457116e-02   6.4035170e-02
   2.9000000e+01   4.7702260e-02   4.8609306e-02
   2.9100000e+01  -9.5702501e-03   3.6133957e-02
   2.9200000e+01  -8.0326989e-02   3.7386240e-02
   2.9300000e+01  -1.2122729e-01   5.3052361e-02
   2.9400000e+01  -1.1488814e-01   7.0800084e-02
   2.9500000e+01  -7.8360288e-02   7.2043277e-02
   2.9600000e+01  -4.4272724e-02   4.8750944e-02
   2.9700000e+01  -3.5735156e-02   1.4720475e-02
   2.9800000e+01  -5.3401921e-02  -3.9141962e-03
   2.9900000e+01  -7.9699446e-02   7.5324962e-03
   3.0000000e+01  -9.5012676e-02   3.8105225e-02
   3.0100000e+01  -9.4121783e-02   6.0961934e-02
   3.0200000e+01  -8.9222463e-02   5.6221911e-02
   3.0300000e+01  -9.5476048e-02   2.4858526e-02
   3.0400000e+01  -1.1296298e-01  -1.5877787e-02
   3.0500000e+01  -1.2520221e-01  -4.7022001e-02
   3.0600000e+01  -1.1694455e-01  -5.9177776e-02
   3.0700000e+01  -9.0896090e-02  -5.4530956e-02
   3.0800000e+01  -6.3787445e-02  -4.1639566e-02
   3.0900000e+01  -4.7447125e-02  -2.8573058e-02
   3.1000000e+01  -3.8274072e-02  -1.9462226e-02
   3.1100000e+01  -2.6035664e-02  -1.5313817e-02
   3.1200000e+01  -7.8195525e-03  -1.5139448e-02
   3.1300000e+01   1.1189619e-02  -1.4746935e-02
   3.1400000e+01   2.8239465e-02  -7.4166030e-03
   3.1500000e+01   4.8127307e-02   8.7155757e-03
   3.1600000e+01   7.6195703e-02   2.2966240e-02
   3.1700000e+01   1.1033088e-01   1.8149172e-02
   3.1800000e+01   1.4269521e-01  -9.0127948e-03
   3.1900000e+01   1.6664674e-01  -3.5413932e-02
   3.2000000e+01   1.7893963e-01  -2.8721720e-02
   3.2100000e+01   1.7830706e-01   1.6979796e-02
   3.2200000e+01   1.6812441e-01   6.6529581e-02
   3.2300000e+01   1.6050695e-01   7.3223912e-02
   3.2400000e+01   1.7000661e-01   2.6697246e-02
   3.2500000e+01   1.9705253e-01  -3.2299443e-02
   3.2600000e+01   2.2052359e-01  -4.9878537e-02
   3.2700000e+01   2.1409783e-01  -1.2490831e-02
   3.2800000e+01   1.7227850e-01   3.9830308e-02
   3.2900000e+01   1.1664561e-01   5.4289670e-02
   3.3000000e+01   7.4520256e-02   1.7137696e-02
   3.3100000e+01   5.4696818e-02  -3.6635979e-02
   3.3200000e+01   4.6220175e-02  -6.2233545e-02
   3.3300000e+01   3.6065154e-02  -4.8307143e-02
   3.3400000e+01   2.0876850e-02  -2.0358284e-02
   3.3500000e+01   1.6806311e-03  -7.3941679e-03
   3.3600000e+01  -2.4384647e-02  -1.3294493e-02
   3.3700000e+01  -6.0264860e-02  -2.1947428e-02
   3.3800000e+01  -9.9554237e-02  -2.2299518e-02
   3.3900000e+01  -1.2855880e-01  -1.9716408e-02
   3.4000000e+01  -1.4101045e-01  -2.3327337e-02
   3.4100000e+01  -1.4690594e-01  -3.0605058e-02
   3.4200000e+01  -1.6196838e-01  -3.0049268e-02
   3.4300000e+01  -1.8841931e-01  -1.5895893e-02
   3.4400000e+01  -2.0976289e-01   6.1770908e-03
   3.4500000e+01  -2.0665033e-01   2.8425837e-02
   3.4600000e+01  -1.7689378e-01   5.0300795e-02
   3.4700000e+01  -1.3853875e-01   7.4164462e-02
   3.4800000e+01  -1.1362971e-01   9.4602664e-02
   3.4900000e+01  -1.0947673e-01   9.8487406e-02
   3.5000000e+01  -1.1452435e-01   7.8633371e-02
   3.5100000e+01  -1.1058531e-01   4.4513979e-02
   3.5200000e+01  -8.9131822e-02   1.5277559e-02
   3.5300000e+01  -5.7653322e-02   2.0025247e-03
   3.5400000e+01  -3.1443776e-02   8.5091052e-05
   3.5500000e+01  -1.8579444e-02   1.0384275e-05
   3.5600000e+01  -1.2308089e-02   1.0200430e-03
   3.5700000e+01   7.9607093e-04   8.8668157e-03
   3.5800000e+01   2.4163918e-02   2.1589244e-02
   3.5900000e+01   4.4215714e-02   2.5483668e-02
   3.6000000e+01   4.3188819e-02   1.0359336e-02
   3.6100000e+01   2.0101770e-02  -1.5089882e-02
   3.6200000e+01  -3.7214758e-03  -3.0334010e-02
   3.6300000e+01  -3.5615362e-03  -2.6044899e-02
   3.6400000e+01   2.3537571e-02  -1.4332003e-02
   3.6500000e+01   5.4239052e-02  -1.3462307e-02
   3.6600000e+01   6.0667117e-02  -2.7263313e-02
   3.6700000e+01   3.6335406e-02  -4.4081336e-02
   3.6800000e+01   8.3559676e-04  -5.2367612e-02
   3.6900000e+01  -1.8834398e-02  -5.0500399e-02
   3.7000000e+01  -1.0026309e-02  -4.2148682e-02
   3.7100000e+01   1.9466466e-02  -3.0291677e-02
   3.7200000e+01   5.0972627e-02  -1.9897518e-02
   3.7300000e+01   6.7721357e-02  -2.0298878e-02
   3.7400000e+01   6.2309273e-02  -3.6650404e-02
   3.7500000e+01   3.9076654e-02  -5.8886998e-02
   3.7600000e+01   1.2640870e-02  -6.5495996e-02
   3.7700000e+01   6.8538884e-04  -4.2332314e-02
   3.7800000e+01   1.2151721e-02   2.9726429e-03
   3.7900000e+01   3.9631928e-02   4.5987100e-02
   3.8000000e+01   6.4624163e-02   6.3820100e-02
   3.8100000e+01   7.2619492e-02   5.0090683e-02
   3.8200000e+01   6.4481010e-02   1.7167587e-02
   3.8300000e+01   5.4149132e-02  -1.2776589e-02
   3.8400000e+01   5.6106352e-02  -2.2017132e-02
   3.8500000e+01   7.4112935e-02  -9.1579562e-03
   3.8600000e+01   9.9010181e-02   1.0158456e-02
   3.8700000e+01   1.1517550e-01   1.6356403e-02
   3.8800000e+01   1.1061272e-01   2.6966611e-03
   3.8900000e+01   8.4795405e-02  -1.9618941e-02
   3.9000000e+01   4.9242874e-02  -3.2216803e-02
   3.9100000e+01   1.9868290e-02  -2.4906110e-02
   3.9200000e+01   6.8254433e-03  -2.0150105e-03
   3.9300000e+01   1.0021730e-02   2.2925140e-02
   3.9400000e+01   2.2324689e-02   3.7117328e-02
   3.9500000e+01   3.4909943e-02   3.5764354e-02
   3.9600000e+01   4.0157617e-02   2.3482044e-02
   3.9700000e+01   3.4180350e-02   9.7900172e-03
   3.9800000e+01   2.1195600e-02   1.7930065e-03
   3.9900000e+01   1.4113682e-02   5.0839841e-06
   4.0000000e+01   2.4308224e-02   7.8540729e-04
   4.0100000e+01   4.6512543e-02   1.6104978e-03
   4.0200000e+01   5.6699007e-02   2.7872059e-03
   4.0300000e+01   3.1338634e-02   5.3801958e-03
   4.0400000e+01  -2.8188081e-02   1.0367469e-02
   4.0500000e+01  -9.2145184e-02   1.9588262e-02
   4.0600000e+01  -1.2594343e-01   3.3111156e-02
   4.0700000e+01  -1.1815400e-01   4.3152180e-02
   4.0800000e+01  -8.6641913e-02   3.5215176e-02
   4.0900000e+01  -6.0129587e-02   2.7539234e-03
   4.1000000e+01  -5.5539755e-02  -3.8246619e-02
   4.1100000e+01  -7.0393156e-02  -5.6451458e-02
   4.1200000e+01  -9.1156589e-02  -3.3811626e-02
   4.1300000e+01  -1.0545869e-01   1.3563011e-02
   4.1400000e+01  -1.0843416e-01   4.8081132e-02
   4.1500000e+01  -1.0232431e-01   4.5851572e-02
   4.1600000e+01  -9.2966199e-02   1.6958175e-02
   4.1700000e+01  -8.6004813e-02  -9.2169010e-03
   4.1800000e+01  -8.4031268e-02  -1.4076101e-02
   4.1900000e+01  -8.5254793e-02  -2.2578766e-03
   4.2000000e+01  -8.4082798e-02   1.1154148e-02
   4.2100000e+01  -7.3876746e-02   1.7673305e-02
   4.2200000e+01  -5.1636537e-02   1.8013401e-02
   4.2300000e+01  -2.2249364e-02   1.4734295e-02
   4.2400000e+01   2.2660673e-03   9.3781320e-03
   4.2500000e+01   1.0786962e-02   5.8035294e-03
   4.2600000e+01   3.1158196e-03   9.5313788e-03
   4.2700000e+01  -8.2094677e-03   2.0283641e-02
   4.2800000e+01  -8.5227981e-03   2.8453141e-02
   4.2900000e+01   5.0015119e-03   2.3369272e-02
   4.3000000e+01   2.0724153e-02   4.7274491e-03
   4.3100000e+01   2.5236613e-02  -1.7315951e-02
   4.3200000e+01   1.8366101e-02  -3.3469980e-02
   4.3300000e+01   1.3706827e-02  -4.3137471e-02
   4.3400000e+01   2.3277069e-02  -4.9309191e-02
   4.3500000e+01   4.2994303e-02  -4.9463315e-02
   4.3600000e+01   5.5474769e-02  -3.6973414e-02
   4.3700000e+01   4.7622921e-02  -1.2331693e-02
   4.3800000e+01   2.4181713e-02   1.1616979e-02
   4.3900000e+01   3.4304334e-03   2.0039192e-02
   4.4000000e+01   8.8364931e-04   1.1341759e-02
   4.4100000e+01   1.7992185e-02  -1.4848209e-03
   4.4200000e+01   4.4502882e-02  -6.3301287e-03
   4.4300000e+01   6.8199451e-02  -6.1520640e-03
   4.4400000e+01   8.1809518e-02  -1.3949316e-02
   4.4500000e+01   8.4179634e-02  -3.3385112e-02
   4.4600000e+01   7.8740890e-02  -4.8827268e-02
   4.4700000e+01   7.1274250e-02  -3.9574200e-02
   4.4800000e+01   6.7071956e-02  -4.4168963e-03
   4.4900000e+01   6.8689996e-02   3.2199176e-02
   4.5000000e+01   7.5515178e-02   4.2478284e-02
   4.5100000e+01   8.3767585e-02   2.3372846e-02
   4.5200000e+01   8.6040155e-02  -6.4407998e-04
   4.5300000e+01   7.4053317e-02  -3.8274233e-03
   4.5400000e+01   4.7338924e-02   1.4262126e-02
   4.5500000e+01   2.0093420e-02   3.0338325e-02
   4.5600000e+01   1.3242673e-02   2.3570310e-02
   4.5700000e+01   3.3366919e-02  -3.3963052e-03
   4.5800000e+01   6.0811263e-02  -2.9758320e-02
   4.5900000e+01   6.5444520e-02  -3.8866699e-02
   4.6000000e+01   3.7118091e-02  -3.1892477e-02
   4.6100000e+01  -3.4312349e-03  -2.0963587e-02
   4.6200000e+01  -2.7333916e-02  -1.3927179e-02
   4.6300000e+01  -2.7962339e-02  -9.1251457e-03
   4.6400000e+01  -2.3730863e-02  -3.2268723e-03
   4.6500000e+01  -3.2728466e-02   7.7470245e-04
   4.6600000e+01  -5.2411717e-02  -3.6419268e-03
   4.6700000e+01  -6.7524893e-02  -1.7169895e-02
   4.6800000e+01  -7.1323611e-02  -3.1675637e-02
   4.6900000e+01  -7.0860719e-02  -3.8245806e-02
   4.7000000e+01  -7.3095536e-02  -3.6532005e-02
   4.7100000e+01  -7.5611246e-02  -3.3320725e-02
   4.7200000e+01  -7.5738004e-02  -3.1486725e-02
   4.7300000e+01  -8.1469271e-02  -2.3287939e-02
   4.7400000e+01  -1.0286911e-01   1.9542442e-03
   4.7500000e+01  -1.3232036e-01   4.2781016e-02
   4.7600000e+01  -1.4332834e-01   8.0354147e-02
   4.7700000e+01  -1.1676270e-01   9.1059041e-02
   4.7800000e+01  -6.5302418e-02   6.6151727e-02
   4.7900000e+01  -2.3905203e-02   2.0063096e-02
   4.8000000e+01  -1.4385917e-02  -1.9661731e-02
   4.8100000e+01  -2.5158662e-02  -3.0856676e-02
   4.8200000e+01  -2.9263934e-02  -8.8772622e-03
   4.8300000e+01  -1.6783935e-02   3.3361642e-02
   4.8400000e+01  -1.5926115e-03   7.3542579e-02
   4.8500000e+01   2.8840149e-03   9.1235013e-02
   4.8600000e+01   4.3613594e-03   7.9159821e-02
   4.8700000e+01   2.0701263e-02   4.8629218e-02
   4.8800000e+01   5.2207992e-02   2.1798357e-02
   4.8900000e+01   7.5257210e-02   1.3307564e-02
   4.9000000e+01   6.8386824e-02   1.8495902e-02
   4.9100000e+01   3.9734986e-02   2.2698560e-02
   4.9200000e+01   2.1011519e-02   2.1772767e-02
   4.9300000e+01   3.3113096e-02   2.6983771e-02
   4.9400000e+01   6.3065020e-02   4.5241709e-02
   4.9500000e+01   7.9218927e-02   6.0287272e-02
   4.9600000e+01   6.7012981e-02   4.4252230e-02
   4.9700000e+01   4.4103923e-02  -9.2165547e-03
   4.9800000e+01   3.8321874e-02  -7.1165267e-02
   4.9900000e+01   5.4889195e-02  -1.0371126e-01
   5.0000000e+01   7.0558551e-02  -9.7615014e-02
   5.0100000e+01   6.0140758e-02  -7.7300491e-02
   5.0200000e+01   2.4192515e-02  -6.9763010e-02
   5.0300000e+01  -1.2489266e-02  -7.6458235e-02
   5.0400000e+01  -2.7201340e-02  -7.8825182e-02
   5.0500000e+01  -1.9861188e-02  -6.4192192e-02
   5.0600000e+01  -7.8219946e-03  -3.8170992e-02
   5.0700000e+01  -5.6154447e-03  -1.3674005e-02
   5.0800000e+01  -1.3187630e-02   2.8977786e-03
   5.0900000e+01  -2.0785324e-02   1.0564100e-02
   5.1000000e+01  -1.9335009e-02   5.5544925e-03
   5.1100000e+01  -5.2214022e-03  -1.6650177e-02
   5.1200000e+01   1.9060354e-02  -4.9300182e-02
   5.1300000e+01   4.3440473e-02  -7.0355011e-02
   5.1400000e+01   5.1643304e-02  -5.7108321e-02
   5.1500000e+01   3.1696282e-02  -7.2473179e-03
   5.1600000e+01  -1.0219984e-02   5.5499151e-02
   5.1700000e+01  -4.8910299e-02   9.8054339e-02
   5.1800000e+01  -5.8842073e-02   1.0195105e-01
   5.1900000e+01  -3.6723441e-02   7.3827244e-02
   5.2000000e+01  -4.8980167e-03   3.6089588e-02
   5.2100000e+01   9.0123936e-03   8.9317886e-03
   5.2200000e+01  -3.5663613e-03  -1.0042220e-03
   5.2300000e+01  -2.6868895e-02   4.2903380e-04
   5.2400000e+01  -3.7476751e-02   3.2404317e-03
   5.2500000e+01  -2.5226332e-02   1.0068948e-03
   5.2600000e+01   6.9128691e-04  -6.2644641e-03
   5.2700000e+01   2.3260702e-02  -1.4035176e-02
   5.2800000e+01   3.3373675e-02  -1.7578005e-02
   5.2900000e+01   3.4415151e-02  -1.5547290e-02
   5.3000000e+01   3.3014474e-02  -1.0292743e-02
   5.3100000e+01   2.7938912e-02  -5.3842758e-03
   5.3200000e+01   1.0890043e-02  -3.3765643e-03
   5.3300000e+01  -2.1023422e-02  -5.5394149e-03
   5.3400000e+01  -5.6214377e-02  -1.1876307e-02
   5.3500000e+01  -7.5436875e-02  -1.9859089e-02
   5.3600000e+01  -6.8369613e-02  -2.4255028e-02
   5.3700000e+01  -4.1764751e-02  -2.1122062e-02
   5.3800000e+01  -1.1239687e-02  -1.2999606e-02
   5.3900000e+01   1.1757102e-02  -7.6605391e-03
   5.4000000e+01   2.3096997e-02  -8.9634151e-03
   5.4100000e+01   2.0381923e-02  -9.9601880e-03
   5.4200000e+01   1.2303689e-03   9.8918731e-04
   5.4300000e+01  -3.0476135e-02   2.5421479e-02
   5.4400000e+01  -6.0723521e-02   4.8816035e-02
   5.4500000e+01  -7.2684933e-02   5.3276412e-02
   5.4600000e+01  -5.9175471e-02   3.6431258e-02
   5.4700000e+01  -2.7502825e-02   1.4663701e-02
   5.4800000e+01   6.6314456e-03   5.9181444e-03
   5.4900000e+01   2.8960499e-02   1.1657686e-02
   5.5000000e+01   3.3789078e-02   1.8859142e-02
   5.5100000e+01   2.7164316e-02   1.8607151e-02
   5.5200000e+01   2.4135479e-02   1.7601118e-02
   5.5300000e+01   3.7434489e-02   2.8132748e-02
   5.5400000e+01   6.3674381e-02   4.9516741e-02
   5.5500000e+01   8.2291703e-02   6.5130463e-02
   5.5600000e+01   7.3560841e-02   5.9912353e-02
   5.5700000e+01   3.9335938e-02   3.7536194e-02
   5.5800000e+01   2.8479691e-03   1.6586949e-02
   5.5900000e+01  -1.3630955e-02   1.0483660e-02
   5.6000000e+01  -8.0945651e-03   1.4829897e-02
   5.6100000e+01   5.4292089e-03   1.5655668e-02
   5.6200000e+01   1.4945983e-02   6.6857263e-03
   5.6300000e+01   1.7772153e-02  -5.2527038e-03
   5.6400000e+01   1.2259575e-02  -1.1036962e-02
   5.6500000e+01  -6.5693013e-03  -1.0925000e-02
   5.6600000e+01  -3.6172370e-02  -1.2876044e-02
   5.6700000e+01  -5.7689382e-02  -2.1454315e-02
   5.6800000e+01  -5.0224292e-02  -3.2263212e-02
   5.6900000e+01  -1.7202611e-02  -3.7974809e-02
   5.7000000e+01   9.8319649e-03  -3.6759284e-02
   5.7100000e+01   1.6068004e-03  -3.2481196e-02
   5.7200000e+01  -3.6480413e-02  -2.8592540e-02
   5.7300000e+01  -6.8313364e-02  -2.5637054e-02
   5.7400000e+01  -6.3706660e-02  -2.4932520e-02
   5.7500000e+01  -2.6863429e-02  -3.0377186e-02
   5.7600000e+01   1.1603003e-02  -4.3288937e-02
   5.7700000e+01   2.5231989e-02  -5.7639575e-02
   5.7800000e+01   1.2073423e-02  -6.4923681e-02
   5.7900000e+01  -9.0908431e-03  -6.3899159e-02
   5.8000000e+01  -1.5906467e-02  -6.0925495e-02
   5.8100000e+01   1.9628098e-03  -5.8602564e-02
   5.8200000e+01   3.5902107e-02  -4.9067603e-02
   5.8300000e+01   6.3264049e-02  -2.4841405e-02
   5.8400000e+01   6.3858211e-02   4.9715849e-03
   5.8500000e+01   3.7387677e-02   1.7490205e-02
   5.8600000e+01   5.2892059e-03   8.2076372e-05
   5.8700000e+01  -6.9488488e-03  -3.2342204e-02
   5.8800000e+01   9.3846385e-03  -5.0646890e-02
   5.8900000e+01   4.1435164e-02  -4.1926774e-02
   5.9000000e+01   6.7184290e-02  -2.0566717e-02
   5.9100000e+01   7.0743002e-02  -6.7227315e-03
   5.9200000e+01   4.9673415e-02  -3.4532852e-04
   5.9300000e+01   1.4774070e-02   1.5619140e-02
   5.9400000e+01  -1.4793009e-02   4.7566629e-02
   5.9500000e+01  -2.1598912e-02   7.6529579e-02
   5.9600000e+01  -2.5339921e-03   7.7903110e-02
   5.9700000e+01   2.6480661e-02   5.2345369e-02
   5.9800000e+01   4.1346923e-02   2.8526593e-02
   5.9900000e+01   2.9045092e-02   3.2246961e-02
   6.0000000e+01  -1.9587713e-03   5.8021955e-02
   6.0100000e+01  -2.9708605e-02   7.6576309e-02
   6.0200000e+01  -3.7509928e-02   6.8440579e-02
   6.0300000e+01  -2.7041717e-02   4.3713875e-02
   6.0400000e+01  -1.5612836e-02   2.6870047e-02
   6.0500000e+01  -2.0489924e-02   2.7829315e-02
   6.0600000e+01  -4.3027204e-02   3.4098704e-02
   6.0700000e+01  -6.6224002e-02   2.9964264e-02
   6.0800000e+01  -6.9652756e-02   1.6169857e-02
   6.0900000e+01  -4.9928695e-02   6.6714038e-03
   6.1000000e+01  -2.6556493e-02   9.9306237e-03
   6.1100000e+01  -2.4362993e-02   1.9859597e-02
   6.1200000e+01  -4.7759167e-02   2.5811553e-02
   6.1300000e+01  -7.3399074e-02   2.5540532e-02
   6.1400000e+01  -7.0778688e-02   2.3442897e-02
   6.1500000e+01  -3.1345249e-02   1.8717803e-02
   6.1600000e+01   2.2257244e-02   2.8961772e-03
   6.1700000e+01   5.4687684e-02  -2.6997142e-02
   6.1800000e+01   4.5892413e-02  -5.6962543e-02
   6.1900000e+01   5.0956369e-03  -6.4885101e-02
   6.2000000e+01  -3.7377171e-02  -4.3338922e-02
   6.2100000e+01  -5.2087291e-02  -1.0007233e-02
   6.2200000e+01  -3.1312270e-02   8.2720905e-03
   6.2300000e+01   5.3797107e-03   8.8532652e-04
   6.2400000e+01   2.7299259e-02  -1.9673393e-02
   6.2500000e+01   2.0316643e-02  -3.4530221e-02
   6.2600000e+01   7.8109200e-04  -3.6672342e-02
   6.2700000e+01  -1.4083698e-03  -3.0964155e-02
   6.2800000e+01   2.4318265e-02  -2.2203873e-02
   6.2900000e+01   5.6594225e-02  -1.0874731e-02
   6.3000000e+01   6.5765869e-02  -6.2370197e-04
   6.3100000e+01   4.7133297e-02  -1.6017420e-03
   6.3200000e+01   2.4534598e-02  -1.9270388e-02
   6.3300000e+01   2.0715764e-02  -4.1638265e-02
   6.3400000e+01   3.1141969e-02  -4.5203720e-02
   6.3500000e+01   3.2142033e-02  -1.8298548e-02
   6.3600000e+01   1.1193785e-02   2.3237655e-02
   6.3700000e+01  -1.8018198e-02   4.7742408e-02
   6.3800000e+01  -3.1382281e-02   3.6696834e-02
   6.3900000e+01  -1.9355300e-02   1.4780203e-03
   6.4000000e+01   6.9091055e-03  -2.8615885e-02
   6.4100000e+01   2.9872333e-02  -3.3719286e-02
   6.4200000e+01   3.9943353e-02  -1.8806732e-02
   6.4300000e+01   3.6365380e-02  -4.4387484e-03
   6.4400000e+01   2.1268537e-02  -5.1044130e-03
   6.4500000e+01  -1.4452558e-03  -1.6899695e-02
   6.4600000e+01  -2.3164765e-02  -2.3965979e-02
   6.4700000e+01  -3.2924127e-02  -1.4691291e-02
   6.4800000e+01  -2.6455983e-02   7.9029799e-03
   6.4900000e+01  -1.1478897e-02   2.9031143e-02
   6.5000000e+01  -1.1645514e-03   3.3672509e-02
   6.5100000e+01  -2.1373815e-03   1.7048728e-02
   6.5200000e+01  -1.0234615e-02  -1.2424856e-02
   6.5300000e+01  -1.7195449e-02  -3.8200545e-02
   6.5400000e+01  -1.8374668e-02  -4.5218042e-02
   6.5500000e+01  -1.3007796e-02  -2.9066086e-02
   6.5600000e+01  -7.9396967e-04   6.9111927e-04
   6.5700000e+01   1.7212955e-02   2.6478020e-02
   6.5800000e+01   3.4792951e-02   3.5492047e-02
   6.5900000e+01   4.2308268e-02   2.9840817e-02
   6.6000000e+01   3.4912261e-02   2.4287584e-02
   6.6100000e+01   1.7203647e-02   3.2085624e-02
   6.6200000e+01  -1.8922206e-03   5.1793237e-02
   6.6300000e+01  -1.6255506e-02   6.8426779e-02
   6.6400000e+01  -2.1753655e-02   6.8017746e-02
   6.6500000e+01  -1.1911172e-02   5.0464244e-02
   6.6600000e+01   1.7223981e-02   2.7884142e-02
   6.6700000e+01   5.4592695e-02   1.1936033e-02
   6.6800000e+01   7.3523160e-02   4.6572818e-03
   6.6900000e+01   5.3612023e-02   1.0915642e-03
   6.7000000e+01   5.0530330e-03  -2.3965060e-03
   6.7100000e+01  -3.5915428e-02  -4.9088103e-03
   6.7200000e+01  -4.1679611e-02  -4.8871126e-03
   6.7300000e+01  -2.1091659e-02  -3.8025212e-03
   6.7400000e+01  -7.5410088e-03  -4.1966983e-03
   6.7500000e+01  -2.0217954e-02  -5.4255832e-03
   6.7600000e+01  -4.3704454e-02  -3.9059205e-03
   6.7700000e+01  -4.8503321e-02   1.4193282e-03
   6.7800000e+01  -2.5870917e-02   4.9921805e-03
   6.7900000e+01   4.1022480e-03  -2.2835524e-03
   6.8000000e+01   1.6461127e-02  -2.4926258e-02
   6.8100000e+01   5.3878611e-03  -5.7511953e-02
   6.8200000e+01  -1.6957718e-02  -8.7041541e-02
   6.8300000e+01  -3.6941877e-02  -1.0049002e-01
   6.8400000e+01  -4.7703442e-02  -9.1291169e-02
   6.8500000e+01  -4.5573938e-02  -6.1638244e-02
   6.8600000e+01  -2.9199082e-02  -2.1897609e-02
   6.8700000e+01  -5.8075872e-03   1.1853837e-02
   6.8800000e+01   8.6017601e-03   2.3976968e-02
   6.8900000e+01   2.5621099e-03   9.0642029e-03
   6.9000000e+01  -1.7939865e-02  -2.1549977e-02
   6.9100000e+01  -3.3981435e-02  -4.5469580e-02
   6.9200000e+01  -3.1471204e-02  -4.5886426e-02
   6.9300000e+01  -1.2318898e-02  -2.4679777e-02
   6.9400000e+01   1.0435684e-02   1.6728610e-03
   6.9500000e+01   2.3920940e-02   1.9291348e-02
   6.9600000e+01   2.1479962e-02   2.8134493e-02
   6.9700000e+01   3.5038636e-03   3.5301917e-02
   6.9800000e+01  -2.2294775e-02   4.0476389e-02
   6.9900000e+01  -4.2670700e-02   3.3511535e-02
   7.0000000e+01  -4.6055331e-02   8.6566076e-03
   7.0100000e+01  -3.0951078e-02  -2.2305379e-02
   7.0200000e+01  -7.1877591e-03  -3.6521350e-02
   7.0300000e+01   1.1188583e-02  -2.1917589e-02
   7.0400000e+01   1.4709412e-02   9.0919578e-03
   7.0500000e+01   3.5822405e-03   3.0262917e-02
   7.0600000e+01  -1.1654482e-02   2.6749026e-02
   7.0700000e+01  -1.5027672e-02   9.2297776e-03
   7.0800000e+01   3.4311316e-03   2.4428160e-03
   7.0900000e+01   3.6622429e-02   1.9653463e-02
   7.1000000e+01   6.2709940e-02   4.8701440e-02
   7.1100000e+01   6.3351469e-02   6.3618250e-02
   7.1200000e+01   4.0918566e-02   5.0240613e-02
   7.1300000e+01   1.5514207e-02   2.0221657e-02
   7.1400000e+01   4.7224003e-03  -3.4604752e-04
   7.1500000e+01   9.0334157e-03   4.3904779e-03
   7.1600000e+01   1.7731694e-02   2.7079942e-02
   7.1700000e+01   2.4593127e-02   4.7256773e-02
   7.1800000e+01   3.3116120e-02   5.1275077e-02
   7.1900000e+01   4.7381185e-02   4.1110324e-02
   7.2000000e+01   6.2867050e-02   2.6929078e-02
   7.2100000e+01   6.8851681e-02   1.6411902e-02
   7.2200000e+01   5.8136506e-02   1.2655257e-02
   7.2300000e+01   3.3088501e-02   1.7583999e-02
   7.2400000e+01   4.2259648e-03   3.1425368e-02
   7.2500000e+01  -1.5218337e-02   4.8129704e-02
   7.2600000e+01  -1.6093840e-02   5.5636294e-02
   7.2700000e+01  -7.5541394e-05   4.4509327e-02
   7.2800000e+01   1.8802638e-02   1.6771816e-02
   7.2900000e+01   2.3397856e-02  -1.4514416e-02
   7.3000000e+01   8.9006835e-03  -3.4326743e-02
   7.3100000e+01  -1.0545739e-02  -3.5343358e-02
   7.3200000e+01  -1.3483662e-02  -2.2266161e-02
   7.3300000e+01   8.4041846e-03  -9.5733430e-03
   7.3400000e+01   4.0954569e-02  -1.2808994e-02
   7.3500000e+01   5.8374702e-02  -3.6123543e-02
   7.3600000e+01   4.3777190e-02  -6.5321501e-02
   7.3700000e+01   1.7912520e-03  -7.6418420e-02
   7.3800000e+01  -4.4917787e-02  -5.6397567e-02
   7.3900000e+01  -7.0616028e-02  -1.7167684e-02
   7.4000000e+01  -6.2768491e-02   1.3006746e-02
   7.4100000e+01  -3.0073268e-02   1.3396908e-02
   7.4200000e+01   3.2584043e-03  -1.3736616e-02
   7.4300000e+01   1.4229796e-02  -4.9470818e-02
   7.4400000e+01  -3.2896966e-03  -7.5408382e-02
   7.4500000e+01  -3.6449526e-02  -8.2905991e-02
   7.4600000e+01  -6.5239369e-02  -7.0957767e-02
   7.4700000e+01  -7.6380502e-02  -4.3898963e-02
   7.4800000e+01  -6.8718313e-02  -1.3890846e-02
   7.4900000e+01  -5.0559534e-02   1.1675211e-03
   7.5000000e+01  -3.4652669e-02  -9.1210239e-03
   7.5100000e+01  -3.2135613e-02  -3.5137382e-02
   7.5200000e+01  -4.4664052e-02  -5.3257554e-02
   7.5300000e+01  -6.0163238e-02  -4.8038029e-02
   7.5400000e+01  -6.0540353e-02  -2.6481008e-02
   7.5500000e+01  -3.8657479e-02  -7.8081247e-03
   7.5600000e+01  -7.9781345e-03  -1.7786557e-03
   7.5700000e+01   7.9857240e-03  -1.9593333e-03
   7.5800000e+01  -1.9002167e-03   3.8977017e-04
   7.5900000e+01  -2.4909295e-02   3.1883151e-03
   7.6000000e+01  -3.6263998e-02  -3.7369146e-04
   7.6100000e+01  -2.2287831e-02  -6.3625322e-03
   7.6200000e+01   8.1735757e-03   3.9242416e-04
   7.6300000e+01   3.3830080e-02   2.7236403e-02
   7.6400000e+01   4.0336967e-02   5.8659523e-02
   7.6500000e+01   2.9688551e-02   6.7392339e-02
   7.6600000e+01   1.3677951e-02   4.2652528e-02
   7.6700000e+01   2.5809513e-03   4.2808232e-03
   7.6800000e+01   1.6212295e-03  -1.4174298e-02
   7.6900000e+01   1.4037052e-02   3.6363190e-03
   7.7000000e+01   4.0400458e-02   4.3194661e-02
   7.7100000e+01   7.2296874e-02   7.4095156e-02
   7.7200000e+01   9.1892838e-02   7.6260525e-02
   7.7300000e+01   8.5145980e-02   5.3102363e-02
   7.7400000e+01   5.6980036e-02   2.4217857e-02
   7.7500000e+01   2.8885873e-02   8.2505821e-03
   7.7600000e+01   1.8246321e-02   9.8579405e-03
   7.7700000e+01   2.1932050e-02   1.8095332e-02
   7.7800000e+01   2.2671145e-02   1.6727703e-02
   7.7900000e+01   9.2793595e-03   2.8661106e-04
   7.8000000e+01  -1.3149474e-02  -1.7549306e-02
   7.8100000e+01  -3.1431323e-02  -1.4902207e-02
   7.8200000e+01  -3.6766797e-02   1.4242065e-02
   7.8300000e+01  -2.7816501e-02   4.7716899e-02
   7.8400000e+01  -7.9253650e-03   5.2591269e-02
   7.8500000e+01   1.4375313e-02   1.8105649e-02
   7.8600000e+01   2.4591673e-02  -3.1277518e-02
   7.8700000e+01   1.0566764e-02  -5.8622843e-02
   7.8800000e+01  -2.3904450e-02  -4.8662108e-02
   7.8900000e+01  -5.7169469e-02  -1.6775910e-02
   7.9000000e+01  -6.6763542e-02   1.2605106e-02
   7.9100000e+01  -4.9406790e-02   2.9108100e-02
   7.9200000e+01  -2.2218993e-02   3.6492300e-02
   7.9300000e+01  -4.2628307e-03   3.8104581e-02
   7.9400000e+01   7.7038538e-04   3.1541130e-02
   7.9500000e+01   3.3507147e-03   1.7163640e-02
   7.9600000e+01   1.3047893e-02   3.3246320e-03
   7.9700000e+01   2.7607961e-02  -1.8149498e-03
   7.9800000e+01   3.6148040e-02   1.0106521e-04
   7.9900000e+01   3.0554534e-02   9.2821894e-04
   8.0000000e+01   1.3198906e-02  -2.7965521e-03
