   1.0221618e+02   2.8602761e+01   2.5212700e+03
   1.0215619e+02   2.8517877e+01   1.8610600e+03
   0.0000000e+00   3.9457455e-01   3.9457455e-01
   1.0000000e-01   4.8215812e-01   3.1258542e-01
   2.0000000e-01   5.6850686e-01   2.3511477e-01
   3.0000000e-01   6.4542682e-01   1.5602884e-01
   4.0000000e-01   7.1463070e-01   6.6817145e-02
   5.0000000e-01   7.8669738e-01  -4.2778828e-02
   6.0000000e-01   8.6546359e-01  -1.7712291e-01
   7.0000000e-01   9.3816184e-01  -3.2255562e-01
   8.0000000e-01   9.8579963e-01  -4.4999899e-01
   9.0000000e-01   1.0000000e+00  -5.3817657e-01
   1.0000000e+00   9.8365712e-01  -5.9193503e-01
   1.1000000e+00   9.3708866e-01  -6.3064226e-01
   1.2000000e+00   8.5255062e-01  -6.6150259e-01
   1.3000000e+00   7.2647381e-01  -6.7489000e-01
   1.4000000e+00   5.7144007e-01  -6.6635252e-01
   1.5000000e+00   4.0989466e-01  -6.4907724e-01
   1.6000000e+00   2.5823239e-01  -6.3520222e-01
   1.7000000e+00   1.2263657e-01  -6.1476219e-01
   1.8000000e+00   8.2729438e-03  -5.6881198e-01
   1.9000000e+00  -7.7592229e-02  -5.0215023e-01
   2.0000000e+00  -1.3692038e-01  -4.4725643e-01
   2.1000000e+00  -1.8808503e-01  -4.2892183e-01
   2.2000000e+00  -2.5054883e-01  -4.3532021e-01
   2.3000000e+00  -3.2078855e-01  -4.3300432e-01
   2.4000000e+00  -3.7209831e-01  -4.0307411e-01
   2.5000000e+00  -3.8467567e-01  -3.5181635e-01
   2.6000000e+00  -3.7187050e-01  -2.9172451e-01
   2.7000000e+00  -3.6910830e-01  -2.2860918e-01
   2.8000000e+00  -3.9703350e-01  -1.6969344e-01
   2.9000000e+00  -4.4250188e-01  -1.2719556e-01
   3.0000000e+00  -4.7798720e-01  -1.0079163e-01
   3.1000000e+00  -4.9221936e-01  -6.4973261e-02
   3.2000000e+00  -4.9467713e-01   1.0132512e-02
   3.3000000e+00  -4.9418476e-01   1.2409920e-01
   3.4000000e+00  -4.8429248e-01   2.4271608e-01
   3.5000000e+00  -4.5379232e-01   3.3069965e-01
   3.6000000e+00  -4.0432665e-01   3.7783451e-01
   3.7000000e+00  -3.5009952e-01   3.9053046e-01
   3.8000000e+00  -3.0259120e-01   3.7280941e-01
   3.9000000e+00  -2.6279795e-01   3.2975939e-01
   4.0000000e+00  -2.2886641e-01   2.8238943e-01
   4.1000000e+00  -2.0381473e-01   2.5920722e-01
   4.2000000e+00  -1.9091798e-01   2.6638790e-01
   4.3000000e+00  -1.8554788e-01   2.7781455e-01
   4.4000000e+00  -1.7775297e-01   2.6420858e-01
   4.5000000e+00  -1.6266325e-01   2.2670604e-01
   4.6000000e+00  -1.4394130e-01   1.9344108e-01
   4.7000000e+00  -1.2652248e-01   1.8688993e-01
   4.8000000e+00  -1.1020137e-01   2.0368533e-01
   4.9000000e+00  -9.2110258e-02   2.2449707e-01
   5.0000000e+00  -7.1756244e-02   2.3239037e-01
   5.1000000e+00  -5.0366149e-02   2.1881781e-01
   5.2000000e+00  -2.7469874e-02   1.8323939e-01
   5.3000000e+00  -1.6024718e-03   1.3674385e-01
   5.4000000e+00   2.6916086e-02   1.0071358e-01
   5.5000000e+00   5.7445633e-02   9.0122922e-02
   5.6000000e+00   9.2149552e-02   9.6181363e-02
   5.7000000e+00   1.3281083e-01   9.3007508e-02
   5.8000000e+00   1.7402829e-01   6.4940465e-02
   5.9000000e+00   2.0524900e-01   2.2356655e-02
   6.0000000e+00   2.2283648e-01  -1.2726952e-02
   6.1000000e+00   2.3537533e-01  -3.1633221e-02
   6.2000000e+00   2.5165530e-01  -4.3984310e-02
   6.3000000e+00   2.6707337e-01  -6.0615597e-02
   6.4000000e+00   2.7038236e-01  -7.9234116e-02
   6.5000000e+00   2.6391012e-01  -8.9300322e-02
   6.6000000e+00   2.6682636e-01  -8.6016052e-02
   6.7000000e+00   2.9167650e-01  -7.4733381e-02
   6.8000000e+00   3.2404574e-01  -6.2818192e-02
   6.9000000e+00   3.3562964e-01  -5.1572299e-02
   7.0000000e+00   3.1700052e-01  -3.8020819e-02
   7.1000000e+00   2.8826407e-01  -2.2690351e-02
   7.2000000e+00   2.7414197e-01  -1.2816296e-02
   7.3000000e+00   2.7616893e-01  -1.6906058e-02
   7.4000000e+00   2.7566409e-01  -3.6873744e-02
   7.5000000e+00   2.5865677e-01  -6.5846247e-02
   7.6000000e+00   2.2855427e-01  -9.2113045e-02
   7.7000000e+00   1.9510651e-01  -1.0341296e-01
   7.8000000e+00   1.6103044e-01  -8.9150366e-02
   7.9000000e+00   1.2449337e-01  -4.4541770e-02
   8.0000000e+00   8.8004584e-02   2.2192715e-02
   8.1000000e+00   5.6547586e-02   8.7929426e-02
   8.2000000e+00   2.8315575e-02   1.2575463e-01
   8.3000000e+00  -5.3044795e-03   1.2195811e-01
   8.4000000e+00  -4.8615199e-02   8.2122484e-02
   8.5000000e+00  -9.5617876e-02   2.1159796e-02
   8.6000000e+00  -1.3794398e-01  -4.8925453e-02
   8.7000000e+00  -1.7438518e-01  -1.1966352e-01
   8.8000000e+00  -2.0783801e-01  -1.7946754e-01
   8.9000000e+00  -2.3544583e-01  -2.1375160e-01
   9.0000000e+00  -2.4858236e-01  -2.1414679e-01
   9.1000000e+00  -2.4448045e-01  -1.8509257e-01
   9.2000000e+00  -2.3321103e-01  -1.4005285e-01
   9.3000000e+00  -2.2931298e-01  -9.3249449e-02
   9.4000000e+00  -2.3819834e-01  -5.5400034e-02
   9.5000000e+00  -2.5353257e-01  -3.3061534e-02
   9.6000000e+00  -2.6607728e-01  -2.7392643e-02
   9.7000000e+00  -2.7100720e-01  -3.3800959e-02
   9.8000000e+00  -2.6713070e-01  -4.6070004e-02
   9.9000000e+00  -2.5451541e-01  -6.1571880e-02
   1.0000000e+01  -2.3610755e-01  -8.0238908e-02
   1.0100000e+01  -2.1823951e-01  -9.7939911e-02
   1.0200000e+01  -2.0452913e-01  -1.0401763e-01
   1.0300000e+01  -1.8964894e-01  -8.8576291e-02
   1.0400000e+01  -1.6370367e-01  -5.2225941e-02
   1.0500000e+01  -1.2467133e-01  -6.8734535e-03
   1.0600000e+01  -8.3556995e-02   3.3574517e-02
   1.0700000e+01  -5.4439852e-02   6.2364004e-02
   1.0800000e+01  -4.0583165e-02   8.0028254e-02
   1.0900000e+01  -3.2406280e-02   8.8045441e-02
   1.1000000e+01  -1.7701716e-02   8.5682233e-02
   1.1100000e+01   9.2025539e-03   7.4200281e-02
   1.1200000e+01   4.7396376e-02   6.1610854e-02
   1.1300000e+01   9.2904614e-02   5.8805171e-02
   1.1400000e+01   1.3842085e-01   6.8378088e-02
   1.1500000e+01   1.7207375e-01   7.8556776e-02
   1.1600000e+01   1.8256934e-01   7.1453659e-02
   1.1700000e+01   1.6921533e-01   3.9363250e-02
   1.1800000e+01   1.4601075e-01  -6.8175134e-03
   1.1900000e+01   1.3305976e-01  -4.5032612e-02
   1.2000000e+01   1.4167938e-01  -5.7585589e-02
   1.2100000e+01   1.6623707e-01  -4.1165880e-02
   1.2200000e+01   1.8940004e-01  -5.6096672e-03
   1.2300000e+01   1.9589337e-01   3.4455103e-02
   1.2400000e+01   1.8367808e-01   6.7850275e-02
   1.2500000e+01   1.6414498e-01   9.0061148e-02
   1.2600000e+01   1.5146995e-01   1.0055443e-01
   1.2700000e+01   1.5002445e-01   9.8141029e-02
   1.2800000e+01   1.5099361e-01   8.0592773e-02
   1.2900000e+01   1.4147949e-01   4.9772254e-02
   1.3000000e+01   1.1710643e-01   1.5378346e-02
   1.3100000e+01   8.5311888e-02  -9.4038974e-03
   1.3200000e+01   5.6713338e-02  -1.6723060e-02
   1.3300000e+01   3.5219110e-02  -7.3007934e-03
   1.3400000e+01   1.7855251e-02   1.4391381e-02
   1.3500000e+01   2.1934304e-03   4.4627042e-02
   1.3600000e+01  -1.0161063e-02   7.8289714e-02
   1.3700000e+01  -1.8851037e-02   1.0538267e-01
   1.3800000e+01  -3.0086675e-02   1.1438458e-01
   1.3900000e+01  -5.1906172e-02   1.0045768e-01
   1.4000000e+01  -8.2945812e-02   6.9047101e-02
   1.4100000e+01  -1.0900474e-01   3.1581729e-02
   1.4200000e+01  -1.1431131e-01  -5.6049349e-04
   1.4300000e+01  -9.6954321e-02  -1.8829153e-02
   1.4400000e+01  -7.1785910e-02  -1.9475465e-02
   1.4500000e+01  -5.7122843e-02  -7.1625083e-03
   1.4600000e+01  -5.8828806e-02   4.5952717e-03
   1.4700000e+01  -6.7545121e-02   1.6786497e-03
   1.4800000e+01  -7.0437882e-02  -1.8423545e-02
   1.4900000e+01  -6.4232565e-02  -4.2910101e-02
   1.5000000e+01  -5.6544359e-02  -5.4052713e-02
   1.5100000e+01  -5.5853581e-02  -4.4565971e-02
   1.5200000e+01  -6.2026946e-02  -2.3518381e-02
   1.5300000e+01  -6.7302586e-02  -8.0899118e-03
   1.5400000e+01  -6.5264031e-02  -9.9262341e-03
   1.5500000e+01  -5.6641778e-02  -2.8204267e-02
   1.5600000e+01  -4.5544538e-02  -5.3384422e-02
   1.5700000e+01  -3.2135997e-02  -7.5806668e-02
   1.5800000e+01  -1.2518945e-02  -9.0925249e-02
   1.5900000e+01   1.2969662e-02  -9.8246112e-02
   1.6000000e+01   3.4276431e-02  -9.7373862e-02
   1.6100000e+01   3.8786436e-02  -8.6354073e-02
   1.6200000e+01   2.5345932e-02  -6.4334425e-02
   1.6300000e+01   8.4534770e-03  -3.5796282e-02
   1.6400000e+01   5.1658300e-03  -1.1101502e-02
   1.6500000e+01   1.7623417e-02  -5.2933060e-04
   1.6600000e+01   3.0858261e-02  -5.7006551e-03
   1.6700000e+01   2.8958214e-02  -1.7277802e-02
   1.6800000e+01   1.1683589e-02  -2.3647974e-02
   1.6900000e+01  -6.5544952e-03  -2.3253030e-02
   1.7000000e+01  -1.2790125e-02  -2.6473726e-02
   1.7100000e+01  -7.7304833e-03  -4.2518872e-02
   1.7200000e+01  -1.8315599e-03  -6.4591978e-02
   1.7300000e+01  -2.5206621e-03  -7.1319596e-02
   1.7400000e+01  -8.0113075e-03  -4.5746303e-02
   1.7500000e+01  -1.2337503e-02   6.7706175e-03
   1.7600000e+01  -1.2728058e-02   6.0107954e-02
   1.7700000e+01  -1.0728870e-02   8.6609510e-02
   1.7800000e+01  -8.6870590e-03   7.5876070e-02
   1.7900000e+01  -7.8450553e-03   3.8795225e-02
   1.8000000e+01  -8.9599039e-03  -2.1289737e-03
   1.8100000e+01  -1.1780124e-02  -2.6327005e-02
   1.8200000e+01  -1.3446340e-02  -2.4995645e-02
   1.8300000e+01  -1.0497984e-02  -4.0393944e-03
   1.8400000e+01  -4.7527110e-03   2.1028043e-02
   1.8500000e+01  -4.9342780e-03   3.5868488e-02
   1.8600000e+01  -1.7932201e-02   3.6192313e-02
   1.8700000e+01  -3.7225146e-02   2.7699920e-02
   1.8800000e+01  -4.3743665e-02   1.8976512e-02
   1.8900000e+01  -2.2753592e-02   1.6130005e-02
   1.9000000e+01   1.9289419e-02   2.3229138e-02
   1.9100000e+01   5.7000517e-02   4.2962950e-02
   1.9200000e+01   6.7055802e-02   7.2220717e-02
   1.9300000e+01   4.7409058e-02   9.7929402e-02
   1.9400000e+01   1.6569181e-02   1.0300382e-01
   1.9500000e+01  -4.0728520e-03   8.1036038e-02
   1.9600000e+01  -6.3485444e-03   4.4768718e-02
   1.9700000e+01   3.3996685e-03   1.7038558e-02
   1.9800000e+01   1.4528769e-02   1.1754829e-02
   1.9900000e+01   2.1645303e-02   2.3814481e-02
   2.0000000e+01   2.6241318e-02   3.6626495e-02
   2.0100000e+01   3.2333928e-02   3.7112200e-02
   2.0200000e+01   4.1544028e-02   2.3129327e-02
   2.0300000e+01   5.0869107e-02   3.5286734e-04
   2.0400000e+01   5.3789277e-02  -2.3071529e-02
   2.0500000e+01   4.4259503e-02  -3.8512659e-02
   2.0600000e+01   2.1780944e-02  -3.8840739e-02
   2.0700000e+01  -6.1069033e-03  -2.3918802e-02
   2.0800000e+01  -2.7042092e-02  -4.5038189e-03
   2.0900000e+01  -3.1546789e-02   3.4046698e-03
   2.1000000e+01  -1.9357583e-02  -8.2332197e-03
   2.1100000e+01   1.1088531e-03  -3.1758708e-02
   2.1200000e+01   1.9601675e-02  -5.1038847e-02
   2.1300000e+01   3.0793351e-02  -5.7132382e-02
   2.1400000e+01   3.5240275e-02  -5.5880211e-02
   2.1500000e+01   3.5382508e-02  -5.9383678e-02
   2.1600000e+01   3.2276459e-02  -7.1076204e-02
   2.1700000e+01   2.6344226e-02  -8.0926056e-02
   2.1800000e+01   1.9319684e-02  -7.5716654e-02
   2.1900000e+01   1.3206009e-02  -5.2822750e-02
   2.2000000e+01   7.3443808e-03  -2.2881031e-02
   2.2100000e+01  -1.1866459e-03   3.4091913e-04
   2.2200000e+01  -1.2541778e-02   1.1093935e-02
   2.2300000e+01  -2.0523366e-02   1.2665336e-02
   2.2400000e+01  -1.6649753e-02   9.5454523e-03
   2.2500000e+01   7.3494190e-04   1.2078810e-03
   2.2600000e+01   2.1968935e-02  -1.5591298e-02
   2.2700000e+01   3.1893019e-02  -3.9557647e-02
   2.2800000e+01   2.1200605e-02  -6.1311967e-02
   2.2900000e+01  -6.5160813e-03  -6.7782828e-02
   2.3000000e+01  -3.7220403e-02  -5.1139250e-02
   2.3100000e+01  -5.5766379e-02  -1.5360387e-02
   2.3200000e+01  -5.5504460e-02   2.4642310e-02
   2.3300000e+01  -4.2099246e-02   5.1752296e-02
   2.3400000e+01  -2.8842471e-02   5.8065616e-02
   2.3500000e+01  -2.6317103e-02   5.0210433e-02
   2.3600000e+01  -3.4445245e-02   4.2780331e-02
   2.3700000e+01  -4.3965830e-02   4.4392561e-02
   2.3800000e+01  -4.5850344e-02   4.9600277e-02
   2.3900000e+01  -3.9256855e-02   4.5795975e-02
   2.4000000e+01  -3.0656249e-02   2.8759373e-02
   2.4100000e+01  -2.6627381e-02   9.9737119e-03
   2.4200000e+01  -2.8746406e-02   6.6619206e-03
   2.4300000e+01  -3.4627888e-02   2.4471134e-02
   2.4400000e+01  -4.1328916e-02   5.1441988e-02
   2.4500000e+01  -4.6099341e-02   6.9733402e-02
   2.4600000e+01  -4.5024898e-02   7.2101555e-02
   2.4700000e+01  -3.3885253e-02   6.5612246e-02
   2.4800000e+01  -1.2430180e-02   6.0290970e-02
   2.4900000e+01   1.2276993e-02   5.7260018e-02
   2.5000000e+01   2.8430610e-02   4.9957105e-02
   2.5100000e+01   2.7527125e-02   3.5311872e-02
   2.5200000e+01   1.1624996e-02   1.9808749e-02
   2.5300000e+01  -6.8404593e-03   1.2402579e-02
   2.5400000e+01  -1.3713504e-02   1.3174468e-02
   2.5500000e+01  -4.0010477e-03   1.2281923e-02
   2.5600000e+01   1.4205648e-02   1.0869406e-03
   2.5700000e+01   2.7111082e-02  -1.7818970e-02
   2.5800000e+01   2.8151172e-02  -3.3666406e-02
   2.5900000e+01   2.4133167e-02  -3.9637078e-02
   2.6000000e+01   2.7321635e-02  -3.9524904e-02
   2.6100000e+01   4.0621673e-02  -4.1880824e-02
   2.6200000e+01   5.2231981e-02  -4.9726202e-02
   2.6300000e+01   4.7656052e-02  -5.7789743e-02
   2.6400000e+01   2.7258676e-02  -5.8807629e-02
   2.6500000e+01   9.0005375e-03  -5.0421528e-02
   2.6600000e+01   1.1174108e-02  -3.6063036e-02
   2.6700000e+01   3.3232726e-02  -2.1539531e-02
   2.6800000e+01   5.6178118e-02  -1.2150550e-02
   2.6900000e+01   6.1971239e-02  -1.1517005e-02
   2.7000000e+01   5.0015302e-02  -2.0516945e-02
   2.7100000e+01   3.3668536e-02  -3.6353096e-02
   2.7200000e+01   2.3878839e-02  -5.3433669e-02
   2.7300000e+01   2.0103061e-02  -6.6071698e-02
   2.7400000e+01   1.6409482e-02  -7.0945225e-02
   2.7500000e+01   1.1408762e-02  -6.7980367e-02
   2.7600000e+01   8.9308703e-03  -5.9880178e-02
   2.7700000e+01   1.1089486e-02  -5.0355508e-02
   2.7800000e+01   1.4813513e-02  -4.1111656e-02
   2.7900000e+01   1.5859679e-02  -2.9893941e-02
   2.8000000e+01   1.3217371e-02  -1.2954479e-02
   2.8100000e+01   7.6545295e-03   8.9924699e-03
   2.8200000e+01  -1.9235039e-03   2.7986911e-02
   2.8300000e+01  -1.7196438e-02   3.4267024e-02
   2.8400000e+01  -3.5206544e-02   2.5656125e-02
   2.8500000e+01  -4.7519180e-02   1.0647562e-02
   2.8600000e+01  -4.7327899e-02   9.5900320e-04
   2.8700000e+01  -3.7092470e-02   1.0290547e-03
   2.8800000e+01  -2.7236118e-02   5.4073645e-03
   2.8900000e+01  -2.6663935e-02   6.2298579e-03
   2.9000000e+01  -3.5359869e-02   2.3676183e-03
   2.9100000e+01  -4.6226292e-02   9.4820167e-04
   2.9200000e+01  -5.2407293e-02   1.0479279e-02
   2.9300000e+01  -5.1640223e-02   3.2830534e-02
   2.9400000e+01  -4.5148192e-02   6.1315478e-02
   2.9500000e+01  -3.5563783e-02   8.5718774e-02
   2.9600000e+01  -2.7194314e-02   9.9274920e-02
   2.9700000e+01  -2.6028993e-02   1.0193731e-01
   2.9800000e+01  -3.5885336e-02   9.8028780e-02
   2.9900000e+01  -5.2801243e-02   9.0874457e-02
   3.0000000e+01  -6.4274229e-02   7.9230296e-02
   3.0100000e+01  -5.6734461e-02   5.9017441e-02
   3.0200000e+01  -2.6668537e-02   2.9527187e-02
   3.0300000e+01   1.3772998e-02  -1.5042079e-03
   3.0400000e+01   4.2618179e-02  -2.0245272e-02
   3.0500000e+01   4.2720184e-02  -1.6872867e-02
   3.0600000e+01   1.5044555e-02   4.7319805e-03
   3.0700000e+01  -2.0067061e-02   2.7760532e-02
   3.0800000e+01  -3.6205350e-02   3.4932000e-02
   3.0900000e+01  -1.9765525e-02   2.2041103e-02
   3.1000000e+01   2.0117710e-02   9.8192359e-05
   3.1100000e+01   5.8692412e-02  -1.5548417e-02
   3.1200000e+01   7.4148021e-02  -1.8315002e-02
   3.1300000e+01   6.2741488e-02  -1.3844325e-02
   3.1400000e+01   3.9066972e-02  -1.2328189e-02
   3.1500000e+01   2.2802368e-02  -1.8434982e-02
   3.1600000e+01   2.3786635e-02  -2.8051269e-02
   3.1700000e+01   3.6956307e-02  -3.3246281e-02
   3.1800000e+01   4.9272527e-02  -2.9611526e-02
   3.1900000e+01   5.1380440e-02  -1.9584697e-02
   3.2000000e+01   4.4539007e-02  -1.0202253e-02
   3.2100000e+01   3.8241420e-02  -8.3120140e-03
   3.2200000e+01   4.1043851e-02  -1.6888989e-02
   3.2300000e+01   5.1916841e-02  -3.3822425e-02
   3.2400000e+01   5.9482170e-02  -5.2802290e-02
   3.2500000e+01   5.1043129e-02  -6.5960331e-02
   3.2600000e+01   2.4870866e-02  -6.7809391e-02
   3.2700000e+01  -5.3643205e-03  -5.8519296e-02
   3.2800000e+01  -1.9759222e-02  -4.3800012e-02
   3.2900000e+01  -8.3284775e-03  -3.1036768e-02
   3.3000000e+01   2.0040816e-02  -2.4913571e-02
   3.3100000e+01   4.4182105e-02  -2.6056380e-02
   3.3200000e+01   4.7014288e-02  -3.2619145e-02
   3.3300000e+01   2.7499051e-02  -4.1903316e-02
   3.3400000e+01  -9.5722204e-04  -5.0475717e-02
   3.3500000e+01  -2.2462410e-02  -5.4208303e-02
   3.3600000e+01  -3.0067334e-02  -4.9765018e-02
   3.3700000e+01  -2.8170353e-02  -3.6625799e-02
   3.3800000e+01  -2.5821076e-02  -1.7684094e-02
   3.3900000e+01  -2.7832154e-02   2.0400068e-03
   3.4000000e+01  -3.1468585e-02   1.7594847e-02
   3.4100000e+01  -3.1099974e-02   2.6277676e-02
   3.4200000e+01  -2.5725144e-02   2.8862629e-02
   3.4300000e+01  -2.1252484e-02   2.8496871e-02
   3.4400000e+01  -2.4570310e-02   2.7346023e-02
   3.4500000e+01  -3.5482436e-02   2.4370028e-02
   3.4600000e+01  -4.5763041e-02   1.7839590e-02
   3.4700000e+01  -4.7302569e-02   1.0600145e-02
   3.4800000e+01  -4.0909414e-02   1.0827854e-02
   3.4900000e+01  -3.5836438e-02   2.4745371e-02
   3.5000000e+01  -3.9988790e-02   4.8201376e-02
   3.5100000e+01  -5.1173752e-02   6.7903772e-02
   3.5200000e+01  -5.8798440e-02   7.3205111e-02
   3.5300000e+01  -5.4151019e-02   6.6287333e-02
   3.5400000e+01  -3.8488748e-02   5.9035218e-02
   3.5500000e+01  -2.1149933e-02   5.9711390e-02
   3.5600000e+01  -1.0731932e-02   6.4326566e-02
   3.5700000e+01  -8.8543777e-03   6.2054815e-02
   3.5800000e+01  -1.1875612e-02   4.7954601e-02
   3.5900000e+01  -1.6859297e-02   2.8689525e-02
   3.6000000e+01  -2.4256077e-02   1.5740017e-02
   3.6100000e+01  -3.4559300e-02   1.4237215e-02
   3.6200000e+01  -4.3608893e-02   1.8780439e-02
   3.6300000e+01  -4.3099693e-02   1.9044206e-02
   3.6400000e+01  -2.7307460e-02   8.7159949e-03
   3.6500000e+01   1.2705837e-04  -9.9397353e-03
   3.6600000e+01   2.6783795e-02  -2.8388080e-02
   3.6700000e+01   4.0296460e-02  -3.8175648e-02
   3.6800000e+01   3.7924170e-02  -3.6482150e-02
   3.6900000e+01   2.7790179e-02  -2.7197772e-02
   3.7000000e+01   2.0514062e-02  -1.7258964e-02
   3.7100000e+01   1.9713298e-02  -1.1703738e-02
   3.7200000e+01   2.0983363e-02  -1.1653064e-02
   3.7300000e+01   1.9610871e-02  -1.5920078e-02
   3.7400000e+01   1.7599221e-02  -2.3023270e-02
   3.7500000e+01   2.1762504e-02  -3.0983720e-02
   3.7600000e+01   3.5329232e-02  -3.6433370e-02
   3.7700000e+01   5.2968202e-02  -3.6046347e-02
   3.7800000e+01   6.4810180e-02  -2.9628043e-02
   3.7900000e+01   6.4819550e-02  -2.0807548e-02
   3.8000000e+01   5.5009584e-02  -1.3823665e-02
   3.8100000e+01   4.2603670e-02  -1.0272382e-02
   3.8200000e+01   3.4152819e-02  -9.8973488e-03
   3.8300000e+01   3.1567213e-02  -1.3649217e-02
   3.8400000e+01   3.1836242e-02  -2.3665175e-02
   3.8500000e+01   2.9993400e-02  -3.9148835e-02
   3.8600000e+01   2.3844111e-02  -5.3507396e-02
   3.8700000e+01   1.6998363e-02  -5.7345590e-02
   3.8800000e+01   1.6184864e-02  -4.4958706e-02
   3.8900000e+01   2.3672029e-02  -1.8388010e-02
   3.9000000e+01   3.2500546e-02   1.3149476e-02
   3.9100000e+01   3.1593849e-02   3.6434607e-02
   3.9200000e+01   1.7316512e-02   3.9157788e-02
   3.9300000e+01  -9.6712214e-04   1.7342767e-02
   3.9400000e+01  -9.0248771e-03  -1.8363958e-02
   3.9500000e+01  -2.2700637e-03  -4.6125605e-02
   3.9600000e+01   8.8659342e-03  -4.8496274e-02
   3.9700000e+01   9.2622184e-03  -2.7717164e-02
   3.9800000e+01  -5.1829596e-03  -3.6788475e-03
   3.9900000e+01  -2.2935506e-02   6.0382470e-03
   4.0000000e+01  -2.8251071e-02   3.5781708e-03
   4.0100000e+01  -1.6769960e-02   6.1782771e-03
   4.0200000e+01   7.1026682e-04   2.4681060e-02
   4.0300000e+01   9.4525693e-03   5.0033930e-02
   4.0400000e+01   4.3974327e-03   6.2992151e-02
   4.0500000e+01  -7.9388364e-03   5.4868380e-02
   4.0600000e+01  -1.9324088e-02   3.5351028e-02
   4.0700000e+01  -2.8261472e-02   2.0349984e-02
   4.0800000e+01  -3.7155559e-02   1.6157719e-02
   4.0900000e+01  -4.3790142e-02   1.7732787e-02
   4.1000000e+01  -4.0513952e-02   1.9537182e-02
   4.1100000e+01  -2.4082858e-02   2.3036774e-02
   4.1200000e+01  -3.6799014e-03   3.2117933e-02
   4.1300000e+01   4.9559717e-03   4.4369685e-02
   4.1400000e+01  -5.5531305e-03   5.0656558e-02
   4.1500000e+01  -2.7006268e-02   4.3931528e-02
   4.1600000e+01  -4.4067415e-02   2.6783158e-02
   4.1700000e+01  -4.8095147e-02   9.2347145e-03
   4.1800000e+01  -4.1515063e-02  -3.7159559e-04
   4.1900000e+01  -3.1242887e-02  -1.6822769e-03
   4.2000000e+01  -2.1976299e-02  -1.4175839e-04
   4.2100000e+01  -1.6316878e-02   1.8965451e-04
   4.2200000e+01  -1.7032642e-02   6.4985834e-04
   4.2300000e+01  -2.4953575e-02   4.6175142e-03
   4.2400000e+01  -3.5220202e-02   1.0891382e-02
   4.2500000e+01  -3.9529879e-02   1.2119363e-02
   4.2600000e+01  -3.4314639e-02   1.6361168e-03
   4.2700000e+01  -2.5237771e-02  -1.7774128e-02
   4.2800000e+01  -2.1180311e-02  -3.3555281e-02
   4.2900000e+01  -2.3532879e-02  -3.3953443e-02
   4.3000000e+01  -2.3266318e-02  -1.9740965e-02
   4.3100000e+01  -1.0267580e-02  -4.7306221e-03
   4.3200000e+01   1.4286035e-02  -3.7142202e-03
   4.3300000e+01   3.5836824e-02  -1.9446077e-02
   4.3400000e+01   3.7959852e-02  -4.1056809e-02
   4.3500000e+01   1.7131410e-02  -5.4406618e-02
   4.3600000e+01  -1.3042283e-02  -5.3602738e-02
   4.3700000e+01  -3.1901121e-02  -4.3480852e-02
   4.3800000e+01  -2.6720343e-02  -3.2880199e-02
   4.3900000e+01  -1.6592963e-05  -2.6661706e-02
   4.4000000e+01   3.4647674e-02  -2.3477966e-02
   4.4100000e+01   6.1995423e-02  -1.9405023e-02
   4.4200000e+01   7.1866993e-02  -1.2516971e-02
   4.4300000e+01   6.1905221e-02  -4.2938461e-03
   4.4400000e+01   3.8165919e-02   2.1126015e-03
   4.4500000e+01   1.3471135e-02   4.1644026e-03
   4.4600000e+01   1.3089670e-03   1.1084999e-03
   4.4700000e+01   6.9306526e-03  -5.5772448e-03
   4.4800000e+01   2.2795302e-02  -1.2002405e-02
   4.4900000e+01   3.4106507e-02  -1.3059206e-02
   4.5000000e+01   3.1159655e-02  -5.9728396e-03
   4.5100000e+01   1.7738459e-02   5.9701812e-03
   4.5200000e+01   7.4387909e-03   1.4109807e-02
   4.5300000e+01   1.0827103e-02   1.1158300e-02
   4.5400000e+01   2.5314655e-02  -1.1559439e-03
   4.5500000e+01   3.7571768e-02  -1.1681307e-02
   4.5600000e+01   3.6434184e-02  -8.9405178e-03
   4.5700000e+01   2.3622619e-02   7.8474128e-03
   4.5800000e+01   1.1279703e-02   2.6720685e-02
   4.5900000e+01   8.7994339e-03   3.3041903e-02
   4.6000000e+01   1.3099520e-02   2.2989589e-02
   4.6100000e+01   1.3051452e-02   7.6346741e-03
   4.6200000e+01   2.9768360e-03   2.9663808e-03
   4.6300000e+01  -1.0367207e-02   1.4588888e-02
   4.6400000e+01  -1.5356503e-02   3.1635237e-02
   4.6500000e+01  -8.5364696e-03   3.6375719e-02
   4.6600000e+01   2.1652364e-03   2.0886300e-02
   4.6700000e+01   7.1061585e-03  -5.2488837e-03
   4.6800000e+01   5.1490026e-03  -2.3683798e-02
   4.6900000e+01   2.5634245e-03  -2.3563715e-02
   4.7000000e+01   3.5723923e-03  -9.1546748e-03
   4.7100000e+01   5.2143982e-03   7.5468730e-03
   4.7200000e+01   2.0852746e-03   1.9759673e-02
   4.7300000e+01  -6.5829451e-03   3.0266411e-02
   4.7400000e+01  -1.6634501e-02   4.3791053e-02
   4.7500000e+01  -2.4240344e-02   5.7461733e-02
   4.7600000e+01  -2.8629235e-02   6.0868379e-02
   4.7700000e+01  -2.9663947e-02   4.6094070e-02
   4.7800000e+01  -2.5782816e-02   1.6991427e-02
   4.7900000e+01  -1.6465689e-02  -1.2478195e-02
   4.8000000e+01  -5.4569699e-03  -2.9645085e-02
   4.8100000e+01   9.6329429e-04  -3.2724229e-02
   4.8200000e+01  -5.4834381e-04  -2.8870214e-02
   4.8300000e+01  -7.7148930e-03  -2.3683136e-02
   4.8400000e+01  -1.5471915e-02  -1.4961743e-02
   4.8500000e+01  -2.0197006e-02   1.6651801e-03
   4.8600000e+01  -2.0884160e-02   2.2681782e-02
   4.8700000e+01  -1.8002080e-02   3.6122715e-02
   4.8800000e+01  -1.3037373e-02   3.2887258e-02
   4.8900000e+01  -8.7056666e-03   1.6560881e-02
   4.9000000e+01  -7.6892658e-03  -7.5663459e-04
   4.9100000e+01  -1.0274297e-02  -1.1730781e-02
   4.9200000e+01  -1.3919929e-02  -1.9835070e-02
   4.9300000e+01  -1.5787586e-02  -3.1454800e-02
   4.9400000e+01  -1.5370021e-02  -4.5188632e-02
   4.9500000e+01  -1.4336729e-02  -5.2062634e-02
   4.9600000e+01  -1.4328535e-02  -4.5460269e-02
   4.9700000e+01  -1.5425335e-02  -2.7960522e-02
   4.9800000e+01  -1.6343419e-02  -8.2468172e-03
   4.9900000e+01  -1.5428258e-02   5.7767247e-03
   5.0000000e+01  -1.1736717e-02   9.6663145e-03
   5.0100000e+01  -6.1610975e-03   1.9648073e-03
   5.0200000e+01  -1.7089303e-03  -1.4209754e-02
   5.0300000e+01  -1.5336570e-03  -2.9212715e-02
   5.0400000e+01  -5.4541994e-03  -3.1610089e-02
   5.0500000e+01  -8.5435443e-03  -1.9002665e-02
   5.0600000e+01  -4.5473135e-03  -2.7793626e-03
   5.0700000e+01   7.9829366e-03   2.2905701e-03
   5.0800000e+01   2.2782031e-02  -5.3280009e-03
   5.0900000e+01   3.0059471e-02  -1.0742230e-02
   5.1000000e+01   2.4936417e-02   9.4380116e-04
   5.1100000e+01   1.2382862e-02   2.6234982e-02
   5.1200000e+01   3.1956378e-03   4.4956406e-02
   5.1300000e+01   3.8465416e-03   4.1364004e-02
   5.1400000e+01   9.7987956e-03   2.0702120e-02
   5.1500000e+01   9.7313690e-03   2.4207585e-03
   5.1600000e+01  -2.3384630e-03  -1.1609411e-03
   5.1700000e+01  -1.8875604e-02   4.2104877e-03
   5.1800000e+01  -2.3724171e-02   5.0776057e-03
   5.1900000e+01  -6.5153510e-03  -2.5677202e-03
   5.2000000e+01   2.6795547e-02  -9.6058750e-03
   5.2100000e+01   5.7134245e-02  -5.8618372e-03
   5.2200000e+01   6.6200551e-02   7.5701303e-03
   5.2300000e+01   4.9151575e-02   1.9048684e-02
   5.2400000e+01   1.6931473e-02   1.7692266e-02
   5.2500000e+01  -1.1764825e-02   2.9254593e-03
   5.2600000e+01  -2.2512862e-02  -1.5942841e-02
   5.2700000e+01  -1.3821726e-02  -2.8007087e-02
   5.2800000e+01   2.8454161e-03  -2.8876520e-02
   5.2900000e+01   1.2578365e-02  -2.2237270e-02
   5.3000000e+01   9.8622626e-03  -1.4762181e-02
   5.3100000e+01   3.5839918e-03  -9.9409391e-03
   5.3200000e+01   7.8419552e-03  -6.7592549e-03
   5.3300000e+01   2.5870935e-02  -3.6226227e-03
   5.3400000e+01   4.3506580e-02  -2.1425096e-03
   5.3500000e+01   4.1021215e-02  -5.9236329e-03
   5.3600000e+01   1.3307444e-02  -1.5631455e-02
   5.3700000e+01  -2.1983738e-02  -2.6033157e-02
   5.3800000e+01  -3.8175287e-02  -2.8659346e-02
   5.3900000e+01  -2.3255979e-02  -1.8237296e-02
   5.4000000e+01   8.9683175e-03   2.2712831e-03
   5.4100000e+01   3.1049921e-02   2.2362511e-02
   5.4200000e+01   2.5866496e-02   3.0895757e-02
   5.4300000e+01   1.2002209e-04   2.4630729e-02
   5.4400000e+01  -2.3977003e-02   1.1074103e-02
   5.4500000e+01  -2.9249704e-02   2.1918572e-03
   5.4600000e+01  -1.6598353e-02   4.4217401e-03
   5.4700000e+01  -1.9004475e-04   1.4745338e-02
   5.4800000e+01   7.6346689e-03   2.5853574e-02
   5.4900000e+01   6.0766642e-03   3.3079541e-02
   5.5000000e+01   2.6099962e-03   3.5182559e-02
   5.5100000e+01   2.8549973e-03   3.0830018e-02
   5.5200000e+01   4.8339601e-03   1.8552529e-02
   5.5300000e+01   2.2347647e-03   1.3307105e-03
   5.5400000e+01  -8.1702063e-03  -1.2032522e-02
   5.5500000e+01  -2.2655656e-02  -1.3575427e-02
   5.5600000e+01  -3.3219772e-02  -3.9747662e-03
   5.5700000e+01  -3.3618680e-02   8.6560776e-03
   5.5800000e+01  -2.3564194e-02   1.7962278e-02
   5.5900000e+01  -8.5436001e-03   2.4931796e-02
   5.6000000e+01   3.5225385e-03   3.3114143e-02
   5.6100000e+01   6.1612565e-03   4.0626120e-02
   5.6200000e+01  -2.7127494e-03   4.0192630e-02
   5.6300000e+01  -1.9169716e-02   2.7545505e-02
   5.6400000e+01  -3.3960556e-02   7.5627399e-03
   5.6500000e+01  -3.7067971e-02  -9.3207281e-03
   5.6600000e+01  -2.5074337e-02  -1.5881230e-02
   5.6700000e+01  -5.8741463e-03  -1.2473112e-02
   5.6800000e+01   5.2530000e-03  -4.2565978e-03
   5.6900000e+01  -2.4698886e-03   3.4076873e-03
   5.7000000e+01  -2.4747483e-02   6.7842753e-03
   5.7100000e+01  -4.3314018e-02   4.0467638e-03
   5.7200000e+01  -3.9709957e-02  -3.4227905e-03
   5.7300000e+01  -1.0991217e-02  -1.0425409e-02
   5.7400000e+01   2.6235592e-02  -1.1416260e-02
   5.7500000e+01   4.7735973e-02  -6.3766483e-03
   5.7600000e+01   4.0157100e-02  -2.3915605e-03
   5.7700000e+01   1.0747995e-02  -7.5249970e-03
   5.7800000e+01  -1.9719624e-02  -2.2492593e-02
   5.7900000e+01  -3.4080708e-02  -3.9078373e-02
   5.8000000e+01  -3.0480862e-02  -4.7280632e-02
   5.8100000e+01  -1.9190777e-02  -4.3823850e-02
   5.8200000e+01  -1.0045254e-02  -3.3809018e-02
   5.8300000e+01  -4.3091626e-03  -2.5137163e-02
   5.8400000e+01   2.2228500e-03  -2.2203140e-02
   5.8500000e+01   1.1444690e-02  -2.4239272e-02
   5.8600000e+01   2.0714897e-02  -2.7848424e-02
   5.8700000e+01   2.7196520e-02  -3.0077015e-02
   5.8800000e+01   3.0926610e-02  -2.9804161e-02
   5.8900000e+01   3.2126815e-02  -2.7505115e-02
   5.9000000e+01   2.8106445e-02  -2.3996786e-02
   5.9100000e+01   1.6496092e-02  -1.8957119e-02
   5.9200000e+01   1.7231197e-03  -1.0862934e-02
   5.9300000e+01  -5.3195439e-03   5.7095653e-04
   5.9400000e+01   2.8378707e-03   1.1542004e-02
   5.9500000e+01   2.1272310e-02   1.5144442e-02
   5.9600000e+01   3.6163425e-02   7.2069440e-03
   5.9700000e+01   3.8038584e-02  -8.2615266e-03
   5.9800000e+01   2.9972820e-02  -2.0600900e-02
   5.9900000e+01   2.1884999e-02  -2.0769230e-02
   6.0000000e+01   1.8840874e-02  -8.4513558e-03
   6.0100000e+01   1.7559155e-02   8.8744920e-03
   6.0200000e+01   1.3667379e-02   2.2947632e-02
   6.0300000e+01   8.6629303e-03   2.9960558e-02
   6.0400000e+01   7.5614765e-03   3.0000729e-02
   6.0500000e+01   1.1650347e-02   2.4256895e-02
   6.0600000e+01   1.6674429e-02   1.4760028e-02
   6.0700000e+01   1.8176292e-02   5.8650957e-03
   6.0800000e+01   1.6003617e-02   3.2534605e-03
   6.0900000e+01   1.2521002e-02   9.8353937e-03
   6.1000000e+01   8.5339567e-03   2.2834071e-02
   6.1100000e+01   3.0807382e-03   3.5363205e-02
   6.1200000e+01  -3.6929748e-03   4.0779877e-02
   6.1300000e+01  -9.7279574e-03   3.6116529e-02
   6.1400000e+01  -1.3198956e-02   2.3378237e-02
   6.1500000e+01  -1.3638826e-02   9.1992040e-03
   6.1600000e+01  -1.0599130e-02   2.0752738e-03
   6.1700000e+01  -3.3720651e-03   6.6416441e-03
   6.1800000e+01   6.3748082e-03   1.8784567e-02
   6.1900000e+01   1.3158876e-02   2.7796744e-02
   6.2000000e+01   1.1441201e-02   2.5903678e-02
   6.2100000e+01   1.1674796e-03   1.6213441e-02
   6.2200000e+01  -1.2043591e-02   9.8163588e-03
   6.2300000e+01  -2.2668939e-02   1.4215957e-02
   6.2400000e+01  -2.9661538e-02   2.5573518e-02
   6.2500000e+01  -3.4370268e-02   3.3204953e-02
   6.2600000e+01  -3.6276755e-02   3.0657666e-02
   6.2700000e+01  -3.3555316e-02   2.0712134e-02
   6.2800000e+01  -2.7554821e-02   1.0008927e-02
   6.2900000e+01  -2.3591604e-02   1.4899043e-03
   6.3000000e+01  -2.5305377e-02  -6.1989202e-03
   6.3100000e+01  -2.9671253e-02  -1.3588649e-02
   6.3200000e+01  -3.0141071e-02  -1.7878799e-02
   6.3300000e+01  -2.4833159e-02  -1.6354766e-02
   6.3400000e+01  -1.9346304e-02  -1.0247197e-02
   6.3500000e+01  -2.0049719e-02  -3.5583463e-03
   6.3600000e+01  -2.5874007e-02   7.9829824e-04
   6.3700000e+01  -2.8957236e-02   1.7554820e-03
   6.3800000e+01  -2.3820101e-02  -2.2383959e-03
   6.3900000e+01  -1.4293447e-02  -1.3104802e-02
   6.4000000e+01  -9.8715615e-03  -2.8954459e-02
   6.4100000e+01  -1.5355057e-02  -4.1948775e-02
   6.4200000e+01  -2.5275135e-02  -4.3500936e-02
   6.4300000e+01  -2.9268255e-02  -3.2510197e-02
   6.4400000e+01  -2.2592361e-02  -1.7114153e-02
   6.4500000e+01  -1.0487647e-02  -7.4591553e-03
   6.4600000e+01  -1.8782009e-03  -7.3019035e-03
   6.4700000e+01   3.9056442e-04  -1.2783607e-02
   6.4800000e+01   1.8065320e-03  -1.7973009e-02
   6.4900000e+01   8.6543169e-03  -2.0491908e-02
   6.5000000e+01   1.9959538e-02  -2.2712457e-02
   6.5100000e+01   2.8777762e-02  -2.8998402e-02
   6.5200000e+01   3.0962604e-02  -4.1181471e-02
   6.5300000e+01   2.9892277e-02  -5.4659066e-02
   6.5400000e+01   3.0936504e-02  -5.8866221e-02
   6.5500000e+01   3.3394027e-02  -4.4656398e-02
   6.5600000e+01   3.1474429e-02  -1.4070189e-02
   6.5700000e+01   2.3556210e-02   1.7858680e-02
   6.5800000e+01   1.6759061e-02   3.3902332e-02
   6.5900000e+01   1.9241620e-02   2.8782621e-02
   6.6000000e+01   2.9402523e-02   1.2131855e-02
   6.6100000e+01   3.6596496e-02  -2.3774867e-03
   6.6200000e+01   3.3683321e-02  -8.9392448e-03
   6.6300000e+01   2.6032434e-02  -1.0090159e-02
   6.6400000e+01   2.5436603e-02  -8.4998067e-03
   6.6500000e+01   3.6128704e-02  -2.6457964e-03
   6.6600000e+01   4.9698844e-02   8.7387651e-03
   6.6700000e+01   5.4396692e-02   2.1717259e-02
   6.6800000e+01   4.7121309e-02   3.0050117e-02
   6.6900000e+01   3.4554757e-02   3.2173751e-02
   6.7000000e+01   2.3960578e-02   3.2202153e-02
   6.7100000e+01   1.5657536e-02   3.3385017e-02
   6.7200000e+01   5.2289261e-03   3.3249859e-02
   6.7300000e+01  -8.7982878e-03   2.7277188e-02
   6.7400000e+01  -2.1468501e-02   1.5948705e-02
   6.7500000e+01  -2.5721507e-02   5.3888270e-03
   6.7600000e+01  -1.9468050e-02   7.8942271e-04
   6.7700000e+01  -8.3384343e-03   1.4874370e-03
   6.7800000e+01  -1.8101551e-03   3.6763355e-03
   6.7900000e+01  -6.0893974e-03   5.9976926e-03
   6.8000000e+01  -1.9244585e-02   9.9422883e-03
   6.8100000e+01  -3.2221286e-02   1.5210048e-02
   6.8200000e+01  -3.5194858e-02   1.7736574e-02
   6.8300000e+01  -2.4800088e-02   1.4167950e-02
   6.8400000e+01  -6.9364120e-03   6.8452738e-03
   6.8500000e+01   6.9381427e-03   1.8020211e-03
   6.8600000e+01   7.3109139e-03   1.4990270e-03
   6.8700000e+01  -7.3152803e-03   1.5894772e-03
   6.8800000e+01  -2.9681599e-02  -3.5816247e-03
   6.8900000e+01  -4.8577360e-02  -1.3110760e-02
   6.9000000e+01  -5.5841844e-02  -1.8966859e-02
   6.9100000e+01  -5.0714362e-02  -1.3781554e-02
   6.9200000e+01  -3.8494720e-02   1.5611839e-03
   6.9300000e+01  -2.5043017e-02   1.8331463e-02
   6.9400000e+01  -1.2386179e-02   2.7019702e-02
   6.9500000e+01   5.0570630e-04   2.3619878e-02
   6.9600000e+01   1.3324065e-02   1.0505497e-02
   6.9700000e+01   2.2028754e-02  -6.4151083e-03
   6.9800000e+01   2.1749564e-02  -2.0627442e-02
   6.9900000e+01   1.2006725e-02  -2.7085281e-02
   7.0000000e+01  -1.7089162e-03  -2.4237599e-02
   7.0100000e+01  -1.2164188e-02  -1.5114464e-02
   7.0200000e+01  -1.6249828e-02  -5.2432093e-03
   7.0300000e+01  -1.6450166e-02   2.0272680e-03
   7.0400000e+01  -1.6592637e-02   8.0298555e-03
   7.0500000e+01  -1.6820914e-02   1.5323641e-02
   7.0600000e+01  -1.3635623e-02   2.1623938e-02
   7.0700000e+01  -4.9981218e-03   1.9504248e-02
   7.0800000e+01   5.7453926e-03   4.8229705e-03
   7.0900000e+01   1.2359659e-02  -1.4991804e-02
   7.1000000e+01   1.2104761e-02  -2.4850417e-02
   7.1100000e+01   8.2899588e-03  -1.7219187e-02
   7.1200000e+01   5.7824769e-03  -2.1562460e-03
   7.1300000e+01   5.2477305e-03   1.6250931e-03
   7.1400000e+01   3.5435191e-03  -1.3025086e-02
   7.1500000e+01  -5.9384106e-04  -3.2947033e-02
   7.1600000e+01  -3.6242075e-03  -3.8216005e-02
   7.1700000e+01  -1.2941950e-03  -2.2655719e-02
   7.1800000e+01   5.5879311e-03   1.9493725e-03
   7.1900000e+01   1.1236313e-02   2.0767779e-02
   7.2000000e+01   1.0597698e-02   3.0141322e-02
   7.2100000e+01   3.7962020e-03   3.4873140e-02
   7.2200000e+01  -4.7087004e-03   3.5708828e-02
   7.2300000e+01  -9.5020496e-03   2.5891673e-02
   7.2400000e+01  -6.5082858e-03   1.7358865e-03
   7.2500000e+01   5.2739725e-03  -2.7333499e-02
   7.2600000e+01   2.1481909e-02  -4.3428423e-02
   7.2700000e+01   3.2648812e-02  -3.5510257e-02
   7.2800000e+01   3.0492423e-02  -9.1097816e-03
   7.2900000e+01   1.6241090e-02   1.8735975e-02
   7.3000000e+01   1.2493996e-03   3.3061321e-02
   7.3100000e+01  -3.2992858e-03   3.0481507e-02
   7.3200000e+01   2.5292302e-03   1.8336716e-02
   7.3300000e+01   8.5808950e-03   6.6015606e-03
   7.3400000e+01   7.3719616e-03   6.1974354e-05
   7.3500000e+01   3.2674449e-03  -3.3274467e-03
   7.3600000e+01   6.4922179e-03  -7.3039818e-03
   7.3700000e+01   1.9078772e-02  -1.0914731e-02
   7.3800000e+01   3.0446890e-02  -8.4312038e-03
   7.3900000e+01   2.8666898e-02   2.9689476e-03
   7.4000000e+01   1.3830300e-02   1.6028517e-02
   7.4100000e+01  -2.5415269e-03   1.6969859e-02
   7.4200000e+01  -1.0402917e-02  -8.9223624e-04
   7.4300000e+01  -1.0144282e-02  -2.7176867e-02
   7.4400000e+01  -8.3321055e-03  -4.0791850e-02
   7.4500000e+01  -8.5438199e-03  -2.8896970e-02
   7.4600000e+01  -9.5564873e-03  -2.7177045e-04
   7.4700000e+01  -1.0119524e-02   2.0958558e-02
   7.4800000e+01  -1.0389460e-02   1.6104862e-02
   7.4900000e+01  -8.0356228e-03  -1.2107315e-02
   7.5000000e+01   1.8536068e-03  -4.2664978e-02
   7.5100000e+01   1.8711076e-02  -5.4577011e-02
   7.5200000e+01   3.0678900e-02  -4.3186746e-02
   7.5300000e+01   2.2852570e-02  -2.0744191e-02
   7.5400000e+01  -6.1197451e-03  -2.9785162e-03
   7.5500000e+01  -3.8453001e-02   4.1570774e-03
   7.5600000e+01  -5.1684289e-02   5.4014419e-03
   7.5700000e+01  -3.9096048e-02   6.3825424e-03
   7.5800000e+01  -1.4727468e-02   5.8256467e-03
   7.5900000e+01   1.2493580e-03  -1.0310354e-03
   7.6000000e+01   5.7173414e-04  -1.2818785e-02
   7.6100000e+01  -8.8501733e-03  -1.9434858e-02
   7.6200000e+01  -1.3409588e-02  -1.1584953e-02
   7.6300000e+01  -6.5741505e-03   7.6186333e-03
   7.6400000e+01   7.0326234e-03   2.3040084e-02
   7.6500000e+01   1.7041483e-02   2.1184323e-02
   7.6600000e+01   1.5961764e-02   3.4534237e-03
   7.6700000e+01   4.6112268e-03  -1.4781848e-02
   7.6800000e+01  -8.6955553e-03  -1.8284869e-02
   7.6900000e+01  -1.4460768e-02  -4.9985240e-03
   7.7000000e+01  -9.5627992e-03   1.4054004e-02
   7.7100000e+01  -1.2901481e-04   2.6071519e-02
   7.7200000e+01   3.4504215e-03   2.6707518e-02
   7.7300000e+01  -4.0281856e-03   2.0413753e-02
   7.7400000e+01  -1.6922128e-02   1.3662063e-02
   7.7500000e+01  -2.2781196e-02   9.8285448e-03
   7.7600000e+01  -1.3417864e-02   9.4879668e-03
   7.7700000e+01   6.8056518e-03   1.2189234e-02
   7.7800000e+01   2.3639832e-02   1.5880237e-02
   7.7900000e+01   2.4869422e-02   1.6338013e-02
   7.8000000e+01   1.0767361e-02   1.0503650e-02
   7.8100000e+01  -6.6467670e-03   1.1958855e-03
   7.8200000e+01  -1.4554424e-02  -3.7627362e-03
   7.8300000e+01  -9.7029539e-03   1.0418474e-03
   7.8400000e+01   1.2026527e-03   1.2979725e-02
   7.8500000e+01   9.5689096e-03   2.4583164e-02
   7.8600000e+01   1.1869195e-02   3.1321113e-02
   7.8700000e+01   9.3753722e-03   3.3885301e-02
   7.8800000e+01   4.0952692e-03   3.3223853e-02
   7.8900000e+01  -2.4535153e-03   2.7085203e-02
   7.9000000e+01  -7.2511204e-03   1.4095148e-02
   7.9100000e+01  -5.9787904e-03  -7.8170122e-04
   7.9200000e+01   2.5218894e-03  -8.9550827e-03
   7.9300000e+01   1.3002425e-02  -7.3543063e-03
   7.9400000e+01   1.7391874e-02  -2.0921433e-03
   7.9500000e+01   1.2357110e-02  -1.0473001e-03
   7.9600000e+01   2.3174573e-03  -4.7207840e-03
   7.9700000e+01  -5.3665717e-03  -7.3061900e-03
   7.9800000e+01  -7.0140121e-03  -5.7149468e-03
   7.9900000e+01  -3.9323790e-03  -3.1268042e-03
   8.0000000e+01   1.0711424e-03  -2.5367770e-03
