   1.0221618e+02   2.8602761e+01   2.5212700e+03
   1.0218042e+02   2.8138412e+01   1.5850400e+03
   0.0000000e+00  -4.8413557e-01  -4.8413557e-01
   1.0000000e-01  -5.4740974e-01  -4.2733461e-01
   2.0000000e-01  -6.2341175e-01  -3.6585073e-01
   3.0000000e-01  -6.9819483e-01  -3.0411834e-01
   4.0000000e-01  -7.5068834e-01  -2.5644924e-01
   5.0000000e-01  -7.7521540e-01  -2.2328616e-01
   6.0000000e-01  -7.8211910e-01  -1.8584868e-01
   7.0000000e-01  -7.7903580e-01  -1.2917067e-01
   8.0000000e-01  -7.6246288e-01  -6.1366643e-02
   9.0000000e-01  -7.2978704e-01  -2.2023316e-03
   1.0000000e+00  -6.8850104e-01   4.1353567e-02
   1.1000000e+00  -6.4454530e-01   7.7687656e-02
   1.2000000e+00  -5.8717388e-01   1.1094717e-01
   1.3000000e+00  -4.9767206e-01   1.3214340e-01
   1.4000000e+00  -3.7569518e-01   1.3598953e-01
   1.5000000e+00  -2.4772808e-01   1.3785139e-01
   1.6000000e+00  -1.4135503e-01   1.6294727e-01
   1.7000000e+00  -5.3565703e-02   2.1904918e-01
   1.8000000e+00   4.7663935e-02   2.8732289e-01
   1.9000000e+00   1.8748144e-01   3.4169315e-01
   2.0000000e+00   3.5382644e-01   3.7153597e-01
   2.1000000e+00   5.0724942e-01   3.8330698e-01
   2.2000000e+00   6.2055820e-01   3.8691789e-01
   2.3000000e+00   7.0449300e-01   3.8810767e-01
   2.4000000e+00   7.9061124e-01   3.9241200e-01
   2.5000000e+00   8.8988603e-01   4.0754195e-01
   2.6000000e+00   9.7363848e-01   4.3556944e-01
   2.7000000e+00   1.0000000e+00   4.6439241e-01
   2.8000000e+00   9.5810519e-01   4.7262597e-01
   2.9000000e+00   8.8110505e-01   4.4699045e-01
   3.0000000e+00   8.1372883e-01   3.9568258e-01
   3.1000000e+00   7.7095522e-01   3.4375356e-01
   3.2000000e+00   7.3149075e-01   3.1419370e-01
   3.3000000e+00   6.6695437e-01   3.1197575e-01
   3.4000000e+00   5.6958772e-01   3.2390640e-01
   3.5000000e+00   4.5192234e-01   3.3092489e-01
   3.6000000e+00   3.2970288e-01   3.1985349e-01
   3.7000000e+00   2.1286225e-01   2.8720423e-01
   3.8000000e+00   1.0842327e-01   2.3779193e-01
   3.9000000e+00   2.1642261e-02   1.8188582e-01
   4.0000000e+00  -4.8368131e-02   1.2948143e-01
   4.1000000e+00  -1.0749456e-01   8.1917250e-02
   4.2000000e+00  -1.5690424e-01   2.8967498e-02
   4.3000000e+00  -1.8920234e-01  -4.1579045e-02
   4.4000000e+00  -2.0017122e-01  -1.2923529e-01
   4.5000000e+00  -2.0194961e-01  -2.1766573e-01
   4.6000000e+00  -2.1683275e-01  -2.8815700e-01
   4.7000000e+00  -2.5506372e-01  -3.3517606e-01
   4.8000000e+00  -3.0281631e-01  -3.6744355e-01
   4.9000000e+00  -3.3580270e-01  -3.9590504e-01
   5.0000000e+00  -3.4350885e-01  -4.2388200e-01
   5.1000000e+00  -3.3799963e-01  -4.4822415e-01
   5.2000000e+00  -3.4009290e-01  -4.6561485e-01
   5.3000000e+00  -3.5833102e-01  -4.7507749e-01
   5.4000000e+00  -3.7978235e-01  -4.7603540e-01
   5.5000000e+00  -3.8018002e-01  -4.6648726e-01
   5.6000000e+00  -3.4675237e-01  -4.4326284e-01
   5.7000000e+00  -2.9534470e-01  -4.0407744e-01
   5.8000000e+00  -2.6192472e-01  -3.5206220e-01
   5.9000000e+00  -2.6893360e-01  -3.0052463e-01
   6.0000000e+00  -2.9804492e-01  -2.6920288e-01
   6.1000000e+00  -3.0396071e-01  -2.6705996e-01
   6.2000000e+00  -2.6173945e-01  -2.7516368e-01
   6.3000000e+00  -1.9659165e-01  -2.5407531e-01
   6.4000000e+00  -1.5909538e-01  -1.7949359e-01
   6.5000000e+00  -1.7132841e-01  -7.3095664e-02
   6.6000000e+00  -2.0457979e-01   1.0107732e-02
   6.7000000e+00  -2.1189770e-01   3.2745964e-02
   6.8000000e+00  -1.7575839e-01   1.2072365e-02
   6.9000000e+00  -1.1931894e-01   7.4598767e-04
   7.0000000e+00  -7.6630754e-02   3.1357119e-02
   7.1000000e+00  -6.0264436e-02   8.6218199e-02
   7.2000000e+00  -5.7762899e-02   1.2372919e-01
   7.3000000e+00  -5.1222657e-02   1.2716574e-01
   7.4000000e+00  -3.3761015e-02   1.1985218e-01
   7.5000000e+00  -8.1590522e-03   1.3459749e-01
   7.6000000e+00   2.4142434e-02   1.7720509e-01
   7.7000000e+00   6.6425605e-02   2.2366219e-01
   7.8000000e+00   1.1696794e-01   2.4763212e-01
   7.9000000e+00   1.5983323e-01   2.4506716e-01
   8.0000000e+00   1.7324718e-01   2.3416788e-01
   8.1000000e+00   1.5191377e-01   2.3711003e-01
   8.2000000e+00   1.1779050e-01   2.6183716e-01
   8.3000000e+00   1.0246004e-01   2.9569033e-01
   8.4000000e+00   1.1791039e-01   3.1389271e-01
   8.5000000e+00   1.4804475e-01   2.9932159e-01
   8.6000000e+00   1.6788165e-01   2.6052527e-01
   8.7000000e+00   1.6487020e-01   2.2963390e-01
   8.8000000e+00   1.4066741e-01   2.3542720e-01
   8.9000000e+00   1.0208853e-01   2.7354745e-01
   9.0000000e+00   5.9918867e-02   3.0531094e-01
   9.1000000e+00   3.2509224e-02   2.9071454e-01
   9.2000000e+00   3.6956640e-02   2.2436300e-01
   9.3000000e+00   6.9869192e-02   1.3808602e-01
   9.4000000e+00   1.0266848e-01   6.9368430e-02
   9.5000000e+00   1.0441126e-01   3.0493364e-02
   9.6000000e+00   7.0949518e-02   8.4457177e-03
   9.7000000e+00   2.9248400e-02  -1.1860893e-02
   9.8000000e+00   1.3227206e-02  -3.2267375e-02
   9.9000000e+00   3.6777041e-02  -4.8927687e-02
   1.0000000e+01   8.7330612e-02  -6.6246454e-02
   1.0100000e+01   1.3922575e-01  -9.5353755e-02
   1.0200000e+01   1.7125267e-01  -1.3978557e-01
   1.0300000e+01   1.7745371e-01  -1.8947658e-01
   1.0400000e+01   1.6945186e-01  -2.3159501e-01
   1.0500000e+01   1.7018828e-01  -2.6265013e-01
   1.0600000e+01   1.9861485e-01  -2.8563597e-01
   1.0700000e+01   2.5178927e-01  -2.9905011e-01
   1.0800000e+01   2.9990373e-01  -2.9673876e-01
   1.0900000e+01   3.0577920e-01  -2.7972397e-01
   1.1000000e+01   2.5872232e-01  -2.5981983e-01
   1.1100000e+01   1.9195013e-01  -2.4455477e-01
   1.1200000e+01   1.5978461e-01  -2.2316750e-01
   1.1300000e+01   1.8812513e-01  -1.7860482e-01
   1.1400000e+01   2.4474045e-01  -1.1593086e-01
   1.1500000e+01   2.6417787e-01  -6.8357876e-02
   1.1600000e+01   2.0853421e-01  -6.4455673e-02
   1.1700000e+01   1.0394108e-01  -9.1677906e-02
   1.1800000e+01   1.2990399e-02  -1.0323401e-01
   1.1900000e+01  -3.0114318e-02  -6.5356210e-02
   1.2000000e+01  -5.3257978e-02   8.6257621e-03
   1.2100000e+01  -1.1240691e-01   7.5889243e-02
   1.2200000e+01  -2.2633579e-01   1.0956603e-01
   1.2300000e+01  -3.5059471e-01   1.1844839e-01
   1.2400000e+01  -4.1873886e-01   1.2479655e-01
   1.2500000e+01  -4.0722913e-01   1.3536410e-01
   1.2600000e+01  -3.5748464e-01   1.4097834e-01
   1.2700000e+01  -3.3554831e-01   1.3735762e-01
   1.2800000e+01  -3.7238635e-01   1.3482765e-01
   1.2900000e+01  -4.4147654e-01   1.4467440e-01
   1.3000000e+01  -4.8869530e-01   1.6147597e-01
   1.3100000e+01  -4.8094863e-01   1.6399670e-01
   1.3200000e+01  -4.2944975e-01   1.3468003e-01
   1.3300000e+01  -3.7218985e-01   7.8527495e-02
   1.3400000e+01  -3.3658518e-01   2.2744944e-02
   1.3500000e+01  -3.1743061e-01  -4.9292824e-03
   1.3600000e+01  -2.8861560e-01  -1.0627355e-03
   1.3700000e+01  -2.3458524e-01   1.0744605e-02
   1.3800000e+01  -1.6822306e-01   5.2806797e-03
   1.3900000e+01  -1.1616935e-01  -1.7015800e-02
   1.4000000e+01  -8.8437483e-02  -3.3732164e-02
   1.4100000e+01  -6.7402179e-02  -3.2049267e-02
   1.4200000e+01  -2.8546730e-02  -2.7846584e-02
   1.4300000e+01   3.2813270e-02  -4.5546579e-02
   1.4400000e+01   1.0092039e-01  -8.3737562e-02
   1.4500000e+01   1.6276020e-01  -1.1251737e-01
   1.4600000e+01   2.2189082e-01  -1.0745595e-01
   1.4700000e+01   2.8364445e-01  -7.6769016e-02
   1.4800000e+01   3.3339007e-01  -4.8429582e-02
   1.4900000e+01   3.4240159e-01  -3.6985424e-02
   1.5000000e+01   3.0075972e-01  -3.2789178e-02
   1.5100000e+01   2.3767623e-01  -2.2076907e-02
   1.5200000e+01   1.9927873e-01  -6.5347177e-03
   1.5300000e+01   2.0433006e-01   2.1173592e-03
   1.5400000e+01   2.2785907e-01   3.7640698e-04
   1.5500000e+01   2.3213298e-01  -1.9029919e-03
   1.5600000e+01   2.0848328e-01   6.1824199e-03
   1.5700000e+01   1.8065886e-01   2.4279649e-02
   1.5800000e+01   1.6806827e-01   4.1701879e-02
   1.5900000e+01   1.5747699e-01   4.7863544e-02
   1.6000000e+01   1.2111573e-01   4.1878294e-02
   1.6100000e+01   5.9404432e-02   3.5158756e-02
   1.6200000e+01   1.2289317e-02   4.4721906e-02
   1.6300000e+01   1.9150834e-02   7.8695014e-02
   1.6400000e+01   7.0752572e-02   1.2419267e-01
   1.6500000e+01   1.1034279e-01   1.5219064e-01
   1.6600000e+01   8.7711158e-02   1.4069915e-01
   1.6700000e+01   1.1378653e-02   9.5568307e-02
   1.6800000e+01  -5.5167151e-02   4.5971213e-02
   1.6900000e+01  -5.1024258e-02   1.7752286e-02
   1.7000000e+01   2.4821815e-02   1.2908976e-02
   1.7100000e+01   1.0944281e-01   1.5357422e-02
   1.7200000e+01   1.2946741e-01   1.1620318e-02
   1.7300000e+01   6.5333233e-02   6.9642986e-04
   1.7400000e+01  -3.0335718e-02  -1.3494239e-02
   1.7500000e+01  -7.6921265e-02  -3.0367305e-02
   1.7600000e+01  -3.3807692e-02  -4.9416045e-02
   1.7700000e+01   6.7395178e-02  -6.4923353e-02
   1.7800000e+01   1.5230187e-01  -7.1866255e-02
   1.7900000e+01   1.6509937e-01  -7.6190136e-02
   1.8000000e+01   1.0745945e-01  -9.1077831e-02
   1.8100000e+01   2.6761114e-02  -1.1871653e-01
   1.8200000e+01  -2.8044422e-02  -1.4067637e-01
   1.8300000e+01  -4.1444354e-02  -1.3400963e-01
   1.8400000e+01  -3.1526488e-02  -9.8698877e-02
   1.8500000e+01  -2.4098457e-02  -6.4680451e-02
   1.8600000e+01  -3.0550339e-02  -6.6397107e-02
   1.8700000e+01  -4.9379241e-02  -1.0796873e-01
   1.8800000e+01  -8.2168867e-02  -1.5405520e-01
   1.8900000e+01  -1.3820606e-01  -1.5798790e-01
   1.9000000e+01  -2.1814962e-01  -1.0309193e-01
   1.9100000e+01  -2.9811630e-01  -1.9128874e-02
   1.9200000e+01  -3.4092765e-01   4.2608067e-02
   1.9300000e+01  -3.2944643e-01   5.3308284e-02
   1.9400000e+01  -2.8581630e-01   2.8530365e-02
   1.9500000e+01  -2.5198291e-01   8.2373902e-03
   1.9600000e+01  -2.5034405e-01   1.7144163e-02
   1.9700000e+01  -2.6591411e-01   4.5917003e-02
   1.9800000e+01  -2.6588953e-01   6.9090528e-02
   1.9900000e+01  -2.3175669e-01   7.6048458e-02
   2.0000000e+01  -1.7128699e-01   8.0531278e-02
   2.0100000e+01  -1.0582497e-01   1.0098099e-01
   2.0200000e+01  -5.2872119e-02   1.3631382e-01
   2.0300000e+01  -1.9005036e-02   1.6501571e-01
   2.0400000e+01   1.0267197e-04   1.6885570e-01
   2.0500000e+01   1.9432058e-02   1.5498523e-01
   2.0600000e+01   6.0436152e-02   1.5023090e-01
   2.0700000e+01   1.3691230e-01   1.7055224e-01
   2.0800000e+01   2.3856084e-01   1.9826415e-01
   2.0900000e+01   3.3028749e-01   1.9577511e-01
   2.1000000e+01   3.7435353e-01   1.4562576e-01
   2.1100000e+01   3.5925560e-01   7.3579757e-02
   2.1200000e+01   3.0957753e-01   2.6245547e-02
   2.1300000e+01   2.6653261e-01   2.5331916e-02
   2.1400000e+01   2.5470343e-01   4.8049103e-02
   2.1500000e+01   2.6272931e-01   5.2891462e-02
   2.1600000e+01   2.5428126e-01   1.9032385e-02
   2.1700000e+01   2.0059064e-01  -4.2052053e-02
   2.1800000e+01   1.0731695e-01  -1.0577358e-01
   2.1900000e+01   1.2130734e-02  -1.5482866e-01
   2.2000000e+01  -4.6195493e-02  -1.8206030e-01
   2.2100000e+01  -6.0689193e-02  -1.8604619e-01
   2.2200000e+01  -6.1182133e-02  -1.7299743e-01
   2.2300000e+01  -8.5975240e-02  -1.5849042e-01
   2.2400000e+01  -1.4587609e-01  -1.5691060e-01
   2.2500000e+01  -2.1425969e-01  -1.6617286e-01
   2.2600000e+01  -2.5235836e-01  -1.6832889e-01
   2.2700000e+01  -2.4488666e-01  -1.4953701e-01
   2.2800000e+01  -2.1124544e-01  -1.1721212e-01
   2.2900000e+01  -1.8278647e-01  -9.3194754e-02
   2.3000000e+01  -1.7144205e-01  -8.9023249e-02
   2.3100000e+01  -1.6236998e-01  -8.9914669e-02
   2.3200000e+01  -1.3533746e-01  -6.5682786e-02
   2.3300000e+01  -8.8547571e-02  -1.2548140e-04
   2.3400000e+01  -3.9642312e-02   8.8523984e-02
   2.3500000e+01  -7.1363224e-03   1.5769359e-01
   2.3600000e+01   5.2914731e-03   1.7518861e-01
   2.3700000e+01   9.1975872e-03   1.4645167e-01
   2.3800000e+01   2.2697614e-02   1.0619904e-01
   2.3900000e+01   6.0628879e-02   8.2805544e-02
   2.4000000e+01   1.2350767e-01   7.4893284e-02
   2.4100000e+01   1.8964935e-01   6.4981529e-02
   2.4200000e+01   2.2480630e-01   4.8574569e-02
   2.4300000e+01   2.1158636e-01   3.8261980e-02
   2.4400000e+01   1.7104919e-01   3.8694138e-02
   2.4500000e+01   1.4549822e-01   3.1298548e-02
   2.4600000e+01   1.5382101e-01  -4.4294866e-03
   2.4700000e+01   1.7010725e-01  -5.9414836e-02
   2.4800000e+01   1.5444500e-01  -9.8834802e-02
   2.4900000e+01   1.0108996e-01  -1.0125864e-01
   2.5000000e+01   4.5195995e-02  -8.3705214e-02
   2.5100000e+01   1.9933846e-02  -7.9776621e-02
   2.5200000e+01   1.7571672e-02  -9.9648545e-02
   2.5300000e+01   1.6493620e-03  -1.2333363e-01
   2.5400000e+01  -4.7086746e-02  -1.3194196e-01
   2.5500000e+01  -1.0740645e-01  -1.3096521e-01
   2.5600000e+01  -1.4167545e-01  -1.3426949e-01
   2.5700000e+01  -1.3534239e-01  -1.3499471e-01
   2.5800000e+01  -1.0775665e-01  -1.0859844e-01
   2.5900000e+01  -8.8566051e-02  -4.7403723e-02
   2.6000000e+01  -9.0148569e-02   2.0533562e-02
   2.6100000e+01  -1.0269939e-01   5.7358360e-02
   2.6200000e+01  -1.0971713e-01   5.6134989e-02
   2.6300000e+01  -1.0374222e-01   4.5859157e-02
   2.6400000e+01  -8.8387069e-02   5.5849662e-02
   2.6500000e+01  -6.9242617e-02   8.5187717e-02
   2.6600000e+01  -4.5840302e-02   1.1252160e-01
   2.6700000e+01  -1.3524315e-02   1.2724156e-01
   2.6800000e+01   2.7245489e-02   1.3861489e-01
   2.6900000e+01   6.5302491e-02   1.5460662e-01
   2.7000000e+01   8.5044127e-02   1.6485030e-01
   2.7100000e+01   8.0128671e-02   1.5361801e-01
   2.7200000e+01   6.1211590e-02   1.2369371e-01
   2.7300000e+01   4.9165042e-02   9.5816456e-02
   2.7400000e+01   5.8740825e-02   8.3331675e-02
   2.7500000e+01   8.6103430e-02   7.7329848e-02
   2.7600000e+01   1.1043284e-01   6.3006797e-02
   2.7700000e+01   1.0922491e-01   4.3959996e-02
   2.7800000e+01   7.6397884e-02   3.9794974e-02
   2.7900000e+01   2.8202029e-02   5.9355272e-02
   2.8000000e+01  -1.0195787e-02   8.5280813e-02
   2.8100000e+01  -2.6884962e-02   9.0175880e-02
   2.8200000e+01  -3.2515604e-02   6.3767003e-02
   2.8300000e+01  -4.6948920e-02   1.9700280e-02
   2.8400000e+01  -7.8807726e-02  -2.0335820e-02
   2.8500000e+01  -1.2122744e-01  -4.2625425e-02
   2.8600000e+01  -1.6483634e-01  -4.4278752e-02
   2.8700000e+01  -2.0573899e-01  -3.0324294e-02
   2.8800000e+01  -2.3597716e-01  -1.2309318e-02
   2.8900000e+01  -2.3438576e-01  -3.1305973e-03
   2.9000000e+01  -1.8101224e-01  -6.2358519e-03
   2.9100000e+01  -8.5287788e-02  -1.2598267e-02
   2.9200000e+01   8.5574666e-03  -1.4874648e-02
   2.9300000e+01   5.4002755e-02  -2.2723475e-02
   2.9400000e+01   4.1759151e-02  -5.4827845e-02
   2.9500000e+01   4.5741589e-03  -1.1197011e-01
   2.9600000e+01  -1.5280134e-02  -1.6512100e-01
   2.9700000e+01   6.6822357e-04  -1.7837802e-01
   2.9800000e+01   4.2767352e-02  -1.4328613e-01
   2.9900000e+01   9.1247527e-02  -8.5727012e-02
   3.0000000e+01   1.3142023e-01  -3.9557297e-02
   3.0100000e+01   1.5510279e-01  -1.8836758e-02
   3.0200000e+01   1.5685765e-01  -1.6583409e-02
   3.0300000e+01   1.3493964e-01  -2.3214564e-02
   3.0400000e+01   9.6004515e-02  -3.8085380e-02
   3.0500000e+01   5.6116916e-02  -6.2044924e-02
   3.0600000e+01   3.3233994e-02  -8.4117898e-02
   3.0700000e+01   3.4364608e-02  -8.2186609e-02
   3.0800000e+01   4.8611499e-02  -4.2092966e-02
   3.0900000e+01   5.6114269e-02   2.1590101e-02
   3.1000000e+01   4.7258525e-02   6.7204829e-02
   3.1100000e+01   3.1196018e-02   5.7030008e-02
   3.1200000e+01   2.1690836e-02  -6.6203438e-03
   3.1300000e+01   1.7116514e-02  -7.7632479e-02
   3.1400000e+01   2.1227531e-03  -1.0410934e-01
   3.1500000e+01  -2.9082773e-02  -7.2429183e-02
   3.1600000e+01  -5.9302368e-02  -1.2923737e-02
   3.1700000e+01  -6.5681081e-02   3.4143149e-02
   3.1800000e+01  -4.7339217e-02   5.0491167e-02
   3.1900000e+01  -2.7535866e-02   3.9040602e-02
   3.2000000e+01  -2.7286965e-02   6.6128721e-03
   3.2100000e+01  -4.3108779e-02  -3.8180117e-02
   3.2200000e+01  -5.3394700e-02  -7.4365359e-02
   3.2300000e+01  -4.1487094e-02  -7.5104527e-02
   3.2400000e+01  -8.6709899e-03  -3.5633652e-02
   3.2500000e+01   3.0606343e-02   1.3634572e-02
   3.2600000e+01   5.9439625e-02   3.4830056e-02
   3.2700000e+01   6.6077296e-02   2.3185646e-02
   3.2800000e+01   4.9186658e-02   1.0748659e-02
   3.2900000e+01   1.9706905e-02   2.8587159e-02
   3.3000000e+01  -5.8860795e-03   7.4614833e-02
   3.3100000e+01  -1.7904553e-02   1.2273971e-01
   3.3200000e+01  -1.8436099e-02   1.5360109e-01
   3.3300000e+01  -1.3480222e-02   1.6558366e-01
   3.3400000e+01  -4.1623522e-03   1.6125186e-01
   3.3500000e+01   9.7096867e-03   1.3968647e-01
   3.3600000e+01   1.9446343e-02   1.0836523e-01
   3.3700000e+01   8.6812783e-03   8.9932078e-02
   3.3800000e+01  -2.9703949e-02   1.0188801e-01
   3.3900000e+01  -7.9366996e-02   1.2986258e-01
   3.4000000e+01  -1.0850289e-01   1.3386991e-01
   3.4100000e+01  -9.5846871e-02   8.9020542e-02
   3.4200000e+01  -4.9714484e-02   1.5580980e-02
   3.4300000e+01  -8.6130978e-04  -3.8376219e-02
   3.4400000e+01   2.4294101e-02  -4.3603873e-02
   3.4500000e+01   2.4325844e-02  -1.4939049e-02
   3.4600000e+01   1.7781958e-02   7.7674046e-03
   3.4700000e+01   1.8969748e-02  -3.2018683e-03
   3.4800000e+01   2.1597022e-02  -4.6199495e-02
   3.4900000e+01   9.7085148e-03  -1.0063940e-01
   3.5000000e+01  -1.5827793e-02  -1.4538406e-01
   3.5100000e+01  -2.8345866e-02  -1.6909389e-01
   3.5200000e+01  -1.1985602e-04  -1.7304477e-01
   3.5300000e+01   6.3447260e-02  -1.6959924e-01
   3.5400000e+01   1.2065475e-01  -1.7333281e-01
   3.5500000e+01   1.2963894e-01  -1.8670141e-01
   3.5600000e+01   8.6773305e-02  -1.9427120e-01
   3.5700000e+01   2.7095364e-02  -1.7589128e-01
   3.5800000e+01  -9.9860873e-03  -1.2759198e-01
   3.5900000e+01  -1.0250784e-02  -6.7370366e-02
   3.6000000e+01   1.6352488e-02  -1.9653379e-02
   3.6100000e+01   5.3356712e-02   3.3049369e-03
   3.6200000e+01   8.6070657e-02   4.3091689e-03
   3.6300000e+01   9.9463756e-02  -8.3310798e-03
   3.6400000e+01   8.3145342e-02  -2.6197267e-02
   3.6500000e+01   4.4778733e-02  -3.7180449e-02
   3.6600000e+01   1.0730156e-02  -2.5115459e-02
   3.6700000e+01   3.5684904e-03   1.8556289e-02
   3.6800000e+01   1.8617733e-02   8.1421011e-02
   3.6900000e+01   2.8348282e-02   1.3313753e-01
   3.7000000e+01   1.0967001e-02   1.4712290e-01
   3.7100000e+01  -2.9329496e-02   1.2175259e-01
   3.7200000e+01  -7.0542445e-02   8.0607394e-02
   3.7300000e+01  -9.5024782e-02   5.2214323e-02
   3.7400000e+01  -1.0017941e-01   4.9729493e-02
   3.7500000e+01  -9.3041803e-02   6.8246842e-02
   3.7600000e+01  -8.2407400e-02   9.6404347e-02
   3.7700000e+01  -7.6060334e-02   1.2525498e-01
   3.7800000e+01  -7.8012312e-02   1.4645405e-01
   3.7900000e+01  -8.3979726e-02   1.4929932e-01
   3.8000000e+01  -8.3429716e-02   1.2688808e-01
   3.8100000e+01  -7.1443077e-02   8.5089889e-02
   3.8200000e+01  -5.7747743e-02   4.0050055e-02
   3.8300000e+01  -5.9189058e-02   4.7507767e-03
   3.8400000e+01  -8.1597401e-02  -1.8254986e-02
   3.8500000e+01  -1.1180500e-01  -2.9119711e-02
   3.8600000e+01  -1.2930540e-01  -2.2409385e-02
   3.8700000e+01  -1.2380194e-01   4.8535525e-03
   3.8800000e+01  -9.9660739e-02   3.7927316e-02
   3.8900000e+01  -6.6329827e-02   4.8382374e-02
   3.9000000e+01  -3.0103978e-02   2.2176871e-02
   3.9100000e+01   3.3275182e-03  -1.9676723e-02
   3.9200000e+01   2.3939348e-02  -3.8471952e-02
   3.9300000e+01   2.2507264e-02  -1.9579673e-02
   3.9400000e+01   2.5832729e-03   8.8678647e-03
   3.9500000e+01  -1.7679434e-02   5.2468280e-03
   3.9600000e+01  -2.1602658e-02  -3.8903048e-02
   3.9700000e+01  -1.2248303e-02  -8.7031434e-02
   3.9800000e+01  -9.7444146e-03  -9.3867879e-02
   3.9900000e+01  -2.6806513e-02  -4.9878695e-02
   4.0000000e+01  -4.9372225e-02   1.2384182e-02
   4.0100000e+01  -4.7064827e-02   5.2093123e-02
   4.0200000e+01  -4.7039925e-03   5.5219794e-02
   4.0300000e+01   5.9675636e-02   3.7837926e-02
   4.0400000e+01   1.1026499e-01   2.2907866e-02
   4.0500000e+01   1.2419624e-01   1.9752280e-02
   4.0600000e+01   1.0453206e-01   2.3599645e-02
   4.0700000e+01   6.7906020e-02   2.6889398e-02
   4.0800000e+01   2.9500660e-02   2.5679011e-02
   4.0900000e+01   3.6365413e-03   1.7354065e-02
   4.1000000e+01   8.9898006e-03  -1.1112286e-03
   4.1100000e+01   5.8080202e-02  -2.8313330e-02
   4.1200000e+01   1.3666392e-01  -5.3887531e-02
   4.1300000e+01   2.0256685e-01  -6.4646826e-02
   4.1400000e+01   2.1680641e-01  -5.8707823e-02
   4.1500000e+01   1.7927937e-01  -5.1088877e-02
   4.1600000e+01   1.2960574e-01  -6.0284109e-02
   4.1700000e+01   1.0951153e-01  -8.8156183e-02
   4.1800000e+01   1.2498851e-01  -1.1691237e-01
   4.1900000e+01   1.4564939e-01  -1.2853434e-01
   4.2000000e+01   1.3860374e-01  -1.2404754e-01
   4.2100000e+01   1.0116998e-01  -1.1919758e-01
   4.2200000e+01   6.2379185e-02  -1.2277680e-01
   4.2300000e+01   5.4745301e-02  -1.2582647e-01
   4.2400000e+01   8.2873103e-02  -1.1511529e-01
   4.2500000e+01   1.1660343e-01  -9.2841555e-02
   4.2600000e+01   1.1628429e-01  -7.7652104e-02
   4.2700000e+01   6.9967531e-02  -8.5938542e-02
   4.2800000e+01   7.7128195e-03  -1.1396533e-01
   4.2900000e+01  -2.4846802e-02  -1.3722432e-01
   4.3000000e+01  -1.1213312e-02  -1.2607440e-01
   4.3100000e+01   1.8665292e-02  -6.7042805e-02
   4.3200000e+01   1.8609645e-02   2.2737607e-02
   4.3300000e+01  -2.7263311e-02   1.0108071e-01
   4.3400000e+01  -9.1011072e-02   1.3035648e-01
   4.3500000e+01  -1.3165759e-01   1.1108225e-01
   4.3600000e+01  -1.3313425e-01   8.4302766e-02
   4.3700000e+01  -1.1051820e-01   9.1750231e-02
   4.3800000e+01  -8.7324166e-02   1.3080526e-01
   4.3900000e+01  -7.6029781e-02   1.5539458e-01
   4.4000000e+01  -7.9167905e-02   1.2682027e-01
   4.4100000e+01  -9.7726406e-02   5.9702781e-02
   4.4200000e+01  -1.2994134e-01   1.0123664e-02
   4.4300000e+01  -1.6510740e-01   1.8106100e-02
   4.4400000e+01  -1.8735606e-01   6.8717767e-02
   4.4500000e+01  -1.8869734e-01   1.1307377e-01
   4.4600000e+01  -1.7482849e-01   1.2103587e-01
   4.4700000e+01  -1.5632108e-01   1.0495327e-01
   4.4800000e+01  -1.3839400e-01   9.3715310e-02
   4.4900000e+01  -1.2318993e-01   9.5496109e-02
   4.5000000e+01  -1.1744587e-01   9.4066241e-02
   4.5100000e+01  -1.2795518e-01   7.5893681e-02
   4.5200000e+01  -1.4635352e-01   4.8391564e-02
   4.5300000e+01  -1.4734112e-01   2.8009328e-02
   4.5400000e+01  -1.1285082e-01   1.9574059e-02
   4.5500000e+01  -5.7483805e-02   1.6173152e-02
   4.5600000e+01  -1.9434408e-02   1.5551354e-02
   4.5700000e+01  -2.0254396e-02   2.5230646e-02
   4.5800000e+01  -3.9971431e-02   4.7625215e-02
   4.5900000e+01  -4.0197501e-02   6.8313732e-02
   4.6000000e+01  -8.3303949e-03   6.8101611e-02
   4.6100000e+01   3.1777050e-02   4.6201327e-02
   4.6200000e+01   5.3474554e-02   2.4879472e-02
   4.6300000e+01   5.8327061e-02   2.8080893e-02
   4.6400000e+01   6.4732922e-02   5.7358085e-02
   4.6500000e+01   7.5679639e-02   8.9642376e-02
   4.6600000e+01   7.5192341e-02   9.6275001e-02
   4.6700000e+01   5.8259694e-02   6.3866374e-02
   4.6800000e+01   4.7390821e-02   1.5539892e-03
   4.6900000e+01   6.6843514e-02  -6.6307806e-02
   4.7000000e+01   1.0805286e-01  -1.1431621e-01
   4.7100000e+01   1.3587397e-01  -1.2855790e-01
   4.7200000e+01   1.3001977e-01  -1.1178236e-01
   4.7300000e+01   1.0732227e-01  -8.0199190e-02
   4.7400000e+01   9.6790218e-02  -5.5429061e-02
   4.7500000e+01   1.0301786e-01  -5.5425835e-02
   4.7600000e+01   1.0609210e-01  -8.5642591e-02
   4.7700000e+01   9.3829995e-02  -1.3306237e-01
   4.7800000e+01   8.0024741e-02  -1.7027403e-01
   4.7900000e+01   8.5471930e-02  -1.7342870e-01
   4.8000000e+01   1.0954092e-01  -1.4299829e-01
   4.8100000e+01   1.2922714e-01  -1.0624301e-01
   4.8200000e+01   1.2415390e-01  -9.3567424e-02
   4.8300000e+01   9.5838817e-02  -1.0890573e-01
   4.8400000e+01   6.2483808e-02  -1.2488736e-01
   4.8500000e+01   4.0745344e-02  -1.0994687e-01
   4.8600000e+01   3.4288425e-02  -6.0298811e-02
   4.8700000e+01   3.4912635e-02  -3.8678343e-03
   4.8800000e+01   3.0624044e-02   2.6660604e-02
   4.8900000e+01   1.5186256e-02   2.2604276e-02
   4.9000000e+01  -5.2798594e-03   2.0736302e-03
   4.9100000e+01  -1.4733013e-02  -1.1214986e-02
   4.9200000e+01  -1.8506601e-04  -8.2814588e-03
   4.9300000e+01   3.4492521e-02   3.7820471e-03
   4.9400000e+01   6.7445346e-02   1.4693539e-02
   4.9500000e+01   7.2977732e-02   2.1350429e-02
   4.9600000e+01   3.9545407e-02   2.6904343e-02
   4.9700000e+01  -2.2201142e-02   3.3762610e-02
   4.9800000e+01  -8.6133560e-02   4.0132015e-02
   4.9900000e+01  -1.2664152e-01   4.3134640e-02
   5.0000000e+01  -1.3316974e-01   4.3498737e-02
   5.0100000e+01  -1.1383849e-01   4.5709479e-02
   5.0200000e+01  -8.6837940e-02   5.3349991e-02
   5.0300000e+01  -6.8224358e-02   6.5103711e-02
   5.0400000e+01  -6.5769767e-02   7.5752712e-02
   5.0500000e+01  -7.8813437e-02   8.0077969e-02
   5.0600000e+01  -9.7973347e-02   7.4717881e-02
   5.0700000e+01  -1.0619324e-01   5.7903066e-02
   5.0800000e+01  -8.9761033e-02   3.1530767e-02
   5.0900000e+01  -5.5855535e-02   5.2855512e-03
   5.1000000e+01  -3.4528523e-02  -5.4335322e-03
   5.1100000e+01  -5.1683367e-02   7.9328500e-03
   5.1200000e+01  -9.6456807e-02   3.5254743e-02
   5.1300000e+01  -1.2394677e-01   5.3403053e-02
   5.1400000e+01  -9.8773755e-02   4.8511084e-02
   5.1500000e+01  -3.3727347e-02   3.1334179e-02
   5.1600000e+01   2.1781036e-02   2.6011597e-02
   5.1700000e+01   3.1497917e-02   4.2700361e-02
   5.1800000e+01   4.7206259e-03   6.5073242e-02
   5.1900000e+01  -2.0608971e-02   6.7507706e-02
   5.2000000e+01  -1.8353898e-02   4.2459741e-02
   5.2100000e+01   7.0406125e-03   7.6259868e-03
   5.2200000e+01   3.4612119e-02  -1.2956016e-02
   5.2300000e+01   4.8934292e-02  -1.1023644e-02
   5.2400000e+01   4.7848657e-02   3.0523347e-03
   5.2500000e+01   3.7237776e-02   1.4703793e-02
   5.2600000e+01   2.3713746e-02   1.8207945e-02
   5.2700000e+01   9.6800506e-03   1.6831698e-02
   5.2800000e+01  -7.7388992e-03   1.4841542e-02
   5.2900000e+01  -3.0869699e-02   1.1460857e-02
   5.3000000e+01  -5.2593422e-02   1.0597921e-03
   5.3100000e+01  -5.7491896e-02  -2.1355477e-02
   5.3200000e+01  -3.7788094e-02  -5.2161517e-02
   5.3300000e+01  -7.1610902e-03  -7.5074654e-02
   5.3400000e+01   8.1357310e-03  -6.9392572e-02
   5.3500000e+01  -4.4333770e-03  -2.9126357e-02
   5.3600000e+01  -2.8909143e-02   2.4695768e-02
   5.3700000e+01  -3.5216662e-02   5.6621234e-02
   5.3800000e+01  -7.4496389e-03   4.7520218e-02
   5.3900000e+01   4.2887084e-02   1.2553985e-02
   5.4000000e+01   8.8864163e-02  -1.4956957e-02
   5.4100000e+01   1.1064153e-01  -1.7612387e-02
   5.4200000e+01   1.0867810e-01  -8.5543787e-03
   5.4300000e+01   9.9814343e-02  -1.1695504e-02
   5.4400000e+01   1.0179087e-01  -3.2414282e-02
   5.4500000e+01   1.1903209e-01  -5.2698681e-02
   5.4600000e+01   1.4148345e-01  -5.3934526e-02
   5.4700000e+01   1.5668847e-01  -3.8842500e-02
   5.4800000e+01   1.6105527e-01  -2.7890573e-02
   5.4900000e+01   1.5736073e-01  -3.6200214e-02
   5.5000000e+01   1.4438976e-01  -5.7154482e-02
   5.5100000e+01   1.1642664e-01  -6.8957249e-02
   5.5200000e+01   7.5783035e-02  -5.5795765e-02
   5.5300000e+01   3.9694204e-02  -2.2688589e-02
   5.5400000e+01   2.7230113e-02   8.4218670e-03
   5.5500000e+01   3.9068864e-02   1.6176774e-02
   5.5600000e+01   5.4528638e-02  -4.4278273e-03
   5.5700000e+01   4.9176369e-02  -3.9627827e-02
   5.5800000e+01   1.2841410e-02  -6.7778973e-02
   5.5900000e+01  -4.6895684e-02  -7.4416888e-02
   5.6000000e+01  -1.1035747e-01  -6.1353952e-02
   5.6100000e+01  -1.5226195e-01  -4.4479676e-02
   5.6200000e+01  -1.5305889e-01  -4.1464938e-02
   5.6300000e+01  -1.1685021e-01  -5.7289646e-02
   5.6400000e+01  -7.8431167e-02  -7.9407022e-02
   5.6500000e+01  -8.0746742e-02  -8.8751927e-02
   5.6600000e+01  -1.3587222e-01  -7.7551609e-02
   5.6700000e+01  -2.0931429e-01  -5.5168556e-02
   5.6800000e+01  -2.4776723e-01  -3.4803137e-02
   5.6900000e+01  -2.2345646e-01  -1.7452867e-02
   5.7000000e+01  -1.5196986e-01   5.2740548e-03
   5.7100000e+01  -7.3275154e-02   3.2343891e-02
   5.7200000e+01  -2.2798235e-02   4.5479692e-02
   5.7300000e+01  -1.7551118e-02   2.7973462e-02
   5.7400000e+01  -5.5348509e-02  -1.0346470e-02
   5.7500000e+01  -1.1545121e-01  -3.5310165e-02
   5.7600000e+01  -1.6327209e-01  -1.9876326e-02
   5.7700000e+01  -1.6797986e-01   2.9910024e-02
   5.7800000e+01  -1.2445056e-01   8.3640135e-02
   5.7900000e+01  -5.6874623e-02   1.1777857e-01
   5.8000000e+01   2.6854512e-03   1.3290961e-01
   5.8100000e+01   3.8493191e-02   1.4167444e-01
   5.8200000e+01   5.3146278e-02   1.4825910e-01
   5.8300000e+01   5.1321771e-02   1.4587100e-01
   5.8400000e+01   3.1450401e-02   1.3153294e-01
   5.8500000e+01  -2.5276798e-03   1.1574233e-01
   5.8600000e+01  -2.8244495e-02   1.1365789e-01
   5.8700000e+01  -1.5368435e-02   1.2871110e-01
   5.8800000e+01   4.5163527e-02   1.4780510e-01
   5.8900000e+01   1.2532109e-01   1.5258641e-01
   5.9000000e+01   1.7951086e-01   1.3418761e-01
   5.9100000e+01   1.8285684e-01   9.8228738e-02
   5.9200000e+01   1.4942625e-01   5.9130474e-02
   5.9300000e+01   1.1271112e-01   3.1424519e-02
   5.9400000e+01   9.1683537e-02   2.3473470e-02
   5.9500000e+01   7.9371358e-02   3.3679354e-02
   5.9600000e+01   6.2055874e-02   4.9547906e-02
   5.9700000e+01   4.1675207e-02   5.2885726e-02
   5.9800000e+01   3.4551483e-02   3.1510874e-02
   5.9900000e+01   5.2078844e-02  -1.0154148e-02
   6.0000000e+01   8.9376171e-02  -5.1827840e-02
   6.0100000e+01   1.3197920e-01  -7.1115871e-02
   6.0200000e+01   1.6557935e-01  -6.0155093e-02
   6.0300000e+01   1.7615997e-01  -3.2166955e-02
   6.0400000e+01   1.4968253e-01  -1.3063746e-02
   6.0500000e+01   8.3796066e-02  -2.4199206e-02
   6.0600000e+01   1.5149124e-03  -6.7861295e-02
   6.0700000e+01  -5.5689235e-02  -1.2489563e-01
   6.0800000e+01  -5.7012455e-02  -1.6612073e-01
   6.0900000e+01  -7.4718004e-03  -1.7049177e-01
   6.1000000e+01   5.4534687e-02  -1.3874382e-01
   6.1100000e+01   8.3586102e-02  -9.4066867e-02
   6.1200000e+01   5.6622046e-02  -6.8589072e-02
   6.1300000e+01  -1.1444583e-02  -8.2176773e-02
   6.1400000e+01  -7.4688752e-02  -1.2652555e-01
   6.1500000e+01  -8.7765147e-02  -1.6867393e-01
   6.1600000e+01  -4.5627166e-02  -1.7648494e-01
   6.1700000e+01   5.4807513e-03  -1.4698132e-01
   6.1800000e+01   7.4922525e-03  -1.0878533e-01
   6.1900000e+01  -5.1231496e-02  -9.1926997e-02
   6.2000000e+01  -1.2141834e-01  -9.5211188e-02
   6.2100000e+01  -1.4242381e-01  -8.8689548e-02
   6.2200000e+01  -1.0253569e-01  -5.0439201e-02
   6.2300000e+01  -4.4013940e-02   4.5708223e-03
   6.2400000e+01  -1.3233334e-02   3.7628941e-02
   6.2500000e+01  -1.7575404e-02   2.5905450e-02
   6.2600000e+01  -3.2628431e-02  -1.6485185e-02
   6.2700000e+01  -3.8191725e-02  -5.5577952e-02
   6.2800000e+01  -3.5887677e-02  -6.8267992e-02
   6.2900000e+01  -3.6736705e-02  -5.4245495e-02
   6.3000000e+01  -4.4903256e-02  -2.6352091e-02
   6.3100000e+01  -5.7205518e-02   1.5598782e-03
   6.3200000e+01  -7.0022244e-02   1.9463465e-02
   6.3300000e+01  -7.9855713e-02   2.4751760e-02
   6.3400000e+01  -8.0447412e-02   2.6530206e-02
   6.3500000e+01  -6.6218117e-02   4.0745604e-02
   6.3600000e+01  -4.0232370e-02   7.3220513e-02
   6.3700000e+01  -1.6215367e-02   1.0772512e-01
   6.3800000e+01  -1.0764964e-02   1.1781382e-01
   6.3900000e+01  -3.1723841e-02   9.5016491e-02
   6.4000000e+01  -7.0152269e-02   6.2804595e-02
   6.4100000e+01  -1.0106630e-01   5.6998734e-02
   6.4200000e+01  -9.6624500e-02   8.9440120e-02
   6.4300000e+01  -4.8243588e-02   1.3250367e-01
   6.4400000e+01   1.9264512e-02   1.4309759e-01
   6.4500000e+01   6.0529736e-02   1.0478116e-01
   6.4600000e+01   4.6312697e-02   4.6683153e-02
   6.4700000e+01  -7.3122067e-03   1.9118435e-02
   6.4800000e+01  -4.8754674e-02   4.7917842e-02
   6.4900000e+01  -3.5793614e-02   1.1071229e-01
   6.5000000e+01   2.5109037e-02   1.5718400e-01
   6.5100000e+01   8.3917650e-02   1.5280793e-01
   6.5200000e+01   9.3761114e-02   1.0463264e-01
   6.5300000e+01   5.5470788e-02   4.8131331e-02
   6.5400000e+01   1.7021439e-02   1.2932155e-02
   6.5500000e+01   2.8172876e-02   2.1697501e-03
   6.5600000e+01   9.3904183e-02   1.0066524e-03
   6.5700000e+01   1.7048774e-01  -1.4776867e-03
   6.5800000e+01   2.0540489e-01  -2.8753243e-03
   6.5900000e+01   1.8077053e-01   2.2056866e-03
   6.6000000e+01   1.2101591e-01   8.3500768e-03
   6.6100000e+01   6.4387687e-02   7.2907407e-04
   6.6200000e+01   3.1003718e-02  -2.9056434e-02
   6.6300000e+01   1.5713982e-02  -7.0858878e-02
   6.6400000e+01   3.8559196e-03  -1.0178195e-01
   6.6500000e+01  -1.1870174e-02  -1.0459016e-01
   6.6600000e+01  -2.8150971e-02  -8.0752016e-02
   6.6700000e+01  -3.8128202e-02  -4.6781067e-02
   6.6800000e+01  -3.8365133e-02  -1.9361865e-02
   6.6900000e+01  -3.1092888e-02  -4.0779697e-03
   6.7000000e+01  -2.3036291e-02   3.1396163e-03
   6.7100000e+01  -2.1933862e-02   6.2632140e-03
   6.7200000e+01  -3.1271050e-02   3.4807095e-03
   6.7300000e+01  -4.6709862e-02  -7.7978092e-03
   6.7400000e+01  -5.8643288e-02  -2.2501979e-02
   6.7500000e+01  -5.9495162e-02  -2.9065556e-02
   6.7600000e+01  -4.8405125e-02  -2.1461429e-02
   6.7700000e+01  -2.9201180e-02  -7.1208865e-03
   6.7800000e+01  -6.5916936e-03   1.8208656e-03
   6.7900000e+01   1.3134188e-02   4.5788514e-03
   6.8000000e+01   1.9987882e-02   1.3016893e-02
   6.8100000e+01   5.4741920e-03   3.3688513e-02
   6.8200000e+01  -2.5895776e-02   5.3412037e-02
   6.8300000e+01  -5.3471194e-02   4.9863997e-02
   6.8400000e+01  -5.6159247e-02   1.6878695e-02
   6.8500000e+01  -3.4638071e-02  -2.6724640e-02
   6.8600000e+01  -1.3910367e-02  -5.6669453e-02
   6.8700000e+01  -1.7470424e-02  -6.7747053e-02
   6.8800000e+01  -3.8054453e-02  -7.4430624e-02
   6.8900000e+01  -3.9998236e-02  -8.8993021e-02
   6.9000000e+01   2.9430443e-03  -1.0516199e-01
   6.9100000e+01   7.2292540e-02  -1.0618268e-01
   6.9200000e+01   1.1393867e-01  -8.5594112e-02
   6.9300000e+01   8.8871187e-02  -5.5312180e-02
   6.9400000e+01   1.5099228e-02  -3.2749798e-02
   6.9500000e+01  -4.5713308e-02  -2.3549633e-02
   6.9600000e+01  -4.6769097e-02  -1.9802125e-02
   6.9700000e+01  -2.8609693e-04  -1.3553551e-02
   6.9800000e+01   3.8506304e-02  -7.2108983e-03
   6.9900000e+01   2.9543905e-02  -7.8783715e-03
   7.0000000e+01  -1.3392196e-02  -1.4253495e-02
   7.0100000e+01  -4.1356083e-02  -1.4712105e-02
   7.0200000e+01  -2.1984138e-02  -3.6068382e-04
   7.0300000e+01   3.0813574e-02   2.3580981e-02
   7.0400000e+01   7.4615552e-02   4.3298900e-02
   7.0500000e+01   7.8551593e-02   5.2214290e-02
   7.0600000e+01   4.4935963e-02   5.7238202e-02
   7.0700000e+01  -7.9576106e-04   6.8152983e-02
   7.0800000e+01  -3.3463790e-02   8.4032372e-02
   7.0900000e+01  -4.2803342e-02   9.3157560e-02
   7.1000000e+01  -3.4090234e-02   8.5650293e-02
   7.1100000e+01  -2.0947179e-02   6.4187618e-02
   7.1200000e+01  -1.5650731e-02   4.2471404e-02
   7.1300000e+01  -2.0739672e-02   3.4398876e-02
   7.1400000e+01  -2.8328304e-02   4.3533859e-02
   7.1500000e+01  -3.0234831e-02   5.9828795e-02
   7.1600000e+01  -2.9488935e-02   6.5165239e-02
   7.1700000e+01  -3.7943401e-02   4.4760118e-02
   7.1800000e+01  -5.9300087e-02  -2.0443777e-03
   7.1900000e+01  -7.7657071e-02  -5.8652572e-02
   7.2000000e+01  -6.9795484e-02  -9.8696581e-02
   7.2100000e+01  -3.1583340e-02  -1.0102948e-01
   7.2200000e+01   1.1948176e-02  -6.4734578e-02
   7.2300000e+01   2.8020734e-02  -1.4516258e-02
   7.2400000e+01   7.9533688e-03   1.1224597e-02
   7.2500000e+01  -2.5101697e-02  -1.3176525e-02
   7.2600000e+01  -4.0283049e-02  -7.8059209e-02
   7.2700000e+01  -2.7474639e-02  -1.4169276e-01
   7.2800000e+01  -5.2505502e-04  -1.6145421e-01
   7.2900000e+01   2.2860590e-02  -1.2728495e-01
   7.3000000e+01   3.7517144e-02  -6.7290474e-02
   7.3100000e+01   4.6818187e-02  -2.1836873e-02
   7.3200000e+01   5.0483094e-02  -1.1641856e-02
   7.3300000e+01   4.4720845e-02  -2.6755453e-02
   7.3400000e+01   3.3464258e-02  -4.0252345e-02
   7.3500000e+01   2.9968150e-02  -3.0657525e-02
   7.3600000e+01   4.0684952e-02   3.5354340e-03
   7.3700000e+01   5.2123357e-02   4.3791975e-02
   7.3800000e+01   4.3554316e-02   6.4098301e-02
   7.3900000e+01   1.4884022e-02   4.9028714e-02
   7.4000000e+01  -6.6383235e-03   6.1717643e-03
   7.4100000e+01   4.7934530e-03  -3.6485344e-02
   7.4200000e+01   4.1225784e-02  -4.7452931e-02
   7.4300000e+01   6.6198211e-02  -1.1541013e-02
   7.4400000e+01   5.4216089e-02   5.9975062e-02
   7.4500000e+01   1.8358590e-02   1.3415046e-01
   7.4600000e+01  -5.8635883e-03   1.7393697e-01
   7.4700000e+01   2.8821826e-04   1.6085508e-01
   7.4800000e+01   2.1795873e-02   1.0939740e-01
   7.4900000e+01   3.0465932e-02   5.8997174e-02
   7.5000000e+01   1.5966546e-02   4.3505415e-02
   7.5100000e+01  -5.5422345e-03   6.1622148e-02
   7.5200000e+01  -9.6638996e-03   7.8448736e-02
   7.5300000e+01   1.1658935e-02   6.1302059e-02
   7.5400000e+01   4.0942080e-02   1.5065193e-02
   7.5500000e+01   4.8700359e-02  -2.1599954e-02
   7.5600000e+01   2.0143047e-02  -1.6785611e-02
   7.5700000e+01  -2.7138248e-02   2.1470712e-02
   7.5800000e+01  -5.4167954e-02   5.5477193e-02
   7.5900000e+01  -3.5596902e-02   5.7974036e-02
   7.6000000e+01   1.3662139e-02   3.5923982e-02
   7.6100000e+01   4.9821047e-02   1.4491753e-02
   7.6200000e+01   4.1078233e-02   5.0111060e-03
   7.6300000e+01  -3.7814086e-03  -4.5817378e-03
   7.6400000e+01  -4.8389652e-02  -2.9153195e-02
   7.6500000e+01  -6.6988406e-02  -6.2706827e-02
   7.6600000e+01  -6.5366391e-02  -7.8730249e-02
   7.6700000e+01  -6.5133681e-02  -5.3861282e-02
   7.6800000e+01  -7.4727949e-02   7.9915317e-03
   7.6900000e+01  -8.2460183e-02   7.2832391e-02
   7.7000000e+01  -7.6719165e-02   9.9409385e-02
   7.7100000e+01  -6.4815888e-02   7.1819236e-02
   7.7200000e+01  -6.4950794e-02   1.4785980e-02
   7.7300000e+01  -8.0187955e-02  -2.5846885e-02
   7.7400000e+01  -8.7125724e-02  -2.4278545e-02
   7.7500000e+01  -5.6677377e-02   1.2482953e-03
   7.7600000e+01   1.2616323e-02   8.6689103e-03
   7.7700000e+01   8.4832696e-02  -2.1628553e-02
   7.7800000e+01   1.1368162e-01  -6.3656065e-02
   7.7900000e+01   8.1856596e-02  -7.2712734e-02
   7.8000000e+01   1.5729114e-02  -3.4570059e-02
   7.8100000e+01  -3.7104545e-02   1.6410229e-02
   7.8200000e+01  -4.5017558e-02   3.0138284e-02
   7.8300000e+01  -1.1529931e-02  -1.0459351e-02
   7.8400000e+01   3.5246741e-02  -7.5140384e-02
   7.8500000e+01   6.7324723e-02  -1.1765399e-01
   7.8600000e+01   7.3650460e-02  -1.1656600e-01
   7.8700000e+01   6.1291452e-02  -8.5636608e-02
   7.8800000e+01   4.6823832e-02  -5.1834688e-02
   7.8900000e+01   4.4012575e-02  -3.1338696e-02
   7.9000000e+01   5.1456783e-02  -2.6080115e-02
   7.9100000e+01   4.9502124e-02  -3.3218342e-02
   7.9200000e+01   1.7095786e-02  -4.8700939e-02
   7.9300000e+01  -3.9927596e-02  -6.3299581e-02
   7.9400000e+01  -8.0753432e-02  -6.4641287e-02
   7.9500000e+01  -6.1955214e-02  -4.8549472e-02
   7.9600000e+01   1.5988461e-02  -2.5168003e-02
   7.9700000e+01   1.0007820e-01  -9.5381338e-03
   7.9800000e+01   1.2823110e-01  -7.5079135e-03
   7.9900000e+01   7.8764731e-02  -1.3949095e-02
   8.0000000e+01  -2.1303158e-02  -2.2383169e-02
