   1.0221618e+02   2.8602761e+01   2.5212700e+03
   1.0220725e+02   2.8512862e+01   1.9270800e+03
   0.0000000e+00   7.2370905e-01   7.2370905e-01
   1.0000000e-01   7.8817728e-01   6.4682278e-01
   2.0000000e-01   8.4435380e-01   5.5623367e-01
   3.0000000e-01   8.9499945e-01   4.5873438e-01
   4.0000000e-01   9.4094663e-01   3.6475243e-01
   5.0000000e-01   9.7915311e-01   2.7461499e-01
   6.0000000e-01   1.0000000e+00   1.7403205e-01
   7.0000000e-01   9.8995038e-01   5.0722583e-02
   8.0000000e-01   9.3893975e-01  -8.5558055e-02
   9.0000000e-01   8.4433510e-01  -2.0779250e-01
   1.0000000e+00   7.0887002e-01  -2.9931736e-01
   1.1000000e+00   5.3963725e-01  -3.7013146e-01
   1.2000000e+00   3.5202031e-01  -4.4072468e-01
   1.3000000e+00   1.7087801e-01  -5.1500680e-01
   1.4000000e+00   2.0977782e-02  -5.7715009e-01
   1.5000000e+00  -8.7543440e-02  -6.1317168e-01
   1.6000000e+00  -1.6413867e-01  -6.2610585e-01
   1.7000000e+00  -2.2728731e-01  -6.2705142e-01
   1.8000000e+00  -2.8768342e-01  -6.1952774e-01
   1.9000000e+00  -3.3988671e-01  -6.0006695e-01
   2.0000000e+00  -3.7005012e-01  -5.7058747e-01
   2.1000000e+00  -3.7437537e-01  -5.4154649e-01
   2.2000000e+00  -3.7134108e-01  -5.2114696e-01
   2.3000000e+00  -3.9097058e-01  -5.0673290e-01
   2.4000000e+00  -4.4483978e-01  -4.8951702e-01
   2.5000000e+00  -5.0673611e-01  -4.6431835e-01
   2.6000000e+00  -5.3134947e-01  -4.3165900e-01
   2.7000000e+00  -4.9782842e-01  -3.9269267e-01
   2.8000000e+00  -4.3083904e-01  -3.4586263e-01
   2.9000000e+00  -3.7313781e-01  -2.8858934e-01
   3.0000000e+00  -3.4146494e-01  -2.2047407e-01
   3.1000000e+00  -3.1818224e-01  -1.4561413e-01
   3.2000000e+00  -2.8482168e-01  -7.3744083e-02
   3.3000000e+00  -2.5090982e-01  -1.7714566e-02
   3.4000000e+00  -2.4184782e-01   1.4601535e-02
   3.5000000e+00  -2.6568169e-01   2.8483751e-02
   3.6000000e+00  -3.0255565e-01   4.1157401e-02
   3.7000000e+00  -3.2527663e-01   6.9956045e-02
   3.8000000e+00  -3.2036849e-01   1.1998852e-01
   3.9000000e+00  -2.8798000e-01   1.8149877e-01
   4.0000000e+00  -2.3290381e-01   2.3708285e-01
   4.1000000e+00  -1.6486777e-01   2.7192068e-01
   4.2000000e+00  -1.0261697e-01   2.8103738e-01
   4.3000000e+00  -6.6250623e-02   2.7045590e-01
   4.4000000e+00  -6.1288871e-02   2.5168025e-01
   4.5000000e+00  -7.3631187e-02   2.3408340e-01
   4.6000000e+00  -8.2215823e-02   2.2307089e-01
   4.7000000e+00  -7.5345618e-02   2.2485388e-01
   4.8000000e+00  -5.5968540e-02   2.4750392e-01
   4.9000000e+00  -3.5949416e-02   2.9108710e-01
   5.0000000e+00  -2.6695445e-02   3.3772850e-01
   5.1000000e+00  -3.0371832e-02   3.5931887e-01
   5.2000000e+00  -3.5661668e-02   3.4031866e-01
   5.3000000e+00  -2.4258369e-02   2.9038599e-01
   5.4000000e+00   1.3370486e-02   2.3093811e-01
   5.5000000e+00   6.7609266e-02   1.7260920e-01
   5.6000000e+00   1.1725947e-01   1.1205377e-01
   5.7000000e+00   1.4756205e-01   4.9517306e-02
   5.8000000e+00   1.5920254e-01   4.8841126e-04
   5.9000000e+00   1.6207794e-01  -1.5559207e-02
   6.0000000e+00   1.6668365e-01   5.7303892e-03
   6.1000000e+00   1.8330419e-01   5.0401745e-02
   6.2000000e+00   2.2159686e-01   9.8626818e-02
   6.3000000e+00   2.8114380e-01   1.3321439e-01
   6.4000000e+00   3.4231329e-01   1.3676952e-01
   6.5000000e+00   3.7570751e-01   9.1953975e-02
   6.6000000e+00   3.6798786e-01  -3.9500409e-03
   6.7000000e+00   3.3694454e-01  -1.2347769e-01
   6.8000000e+00   3.1598122e-01  -2.1561434e-01
   6.9000000e+00   3.2265793e-01  -2.3659616e-01
   7.0000000e+00   3.4473713e-01  -1.7951466e-01
   7.1000000e+00   3.5660307e-01  -7.6740810e-02
   7.2000000e+00   3.4508492e-01   2.4508630e-02
   7.3000000e+00   3.1691125e-01   8.9587647e-02
   7.4000000e+00   2.8431387e-01   1.0563528e-01
   7.5000000e+00   2.4881736e-01   7.3629773e-02
   7.6000000e+00   2.0109997e-01   3.0387956e-04
   7.7000000e+00   1.3487998e-01  -9.9176535e-02
   7.8000000e+00   5.8783903e-02  -1.9528376e-01
   7.9000000e+00  -6.4941638e-03  -2.4996221e-01
   8.0000000e+00  -4.4236244e-02  -2.3613333e-01
   8.1000000e+00  -5.7018509e-02  -1.5496346e-01
   8.2000000e+00  -6.6305888e-02  -3.5178660e-02
   8.3000000e+00  -9.4134080e-02   8.2760866e-02
   8.4000000e+00  -1.4245304e-01   1.6170815e-01
   8.5000000e+00  -1.9079816e-01   1.7458732e-01
   8.6000000e+00  -2.1632125e-01   1.1043910e-01
   8.7000000e+00  -2.1651599e-01  -1.5508563e-02
   8.8000000e+00  -2.1078314e-01  -1.5973062e-01
   8.9000000e+00  -2.1937560e-01  -2.6928195e-01
   9.0000000e+00  -2.4292716e-01  -3.1109858e-01
   9.1000000e+00  -2.6418488e-01  -2.8464453e-01
   9.2000000e+00  -2.6785223e-01  -2.0917722e-01
   9.3000000e+00  -2.5519188e-01  -1.0730208e-01
   9.4000000e+00  -2.3878390e-01  -4.3694954e-03
   9.5000000e+00  -2.2672413e-01   6.8301631e-02
   9.6000000e+00  -2.1539845e-01   8.8052035e-02
   9.7000000e+00  -1.9678867e-01   6.2911588e-02
   9.8000000e+00  -1.6927143e-01   2.6685749e-02
   9.9000000e+00  -1.4002015e-01   2.9973954e-03
   1.0000000e+01  -1.1908455e-01  -1.8788815e-02
   1.0100000e+01  -1.1265759e-01  -6.2048549e-02
   1.0200000e+01  -1.1958413e-01  -1.2266439e-01
   1.0300000e+01  -1.3038538e-01  -1.6387640e-01
   1.0400000e+01  -1.2944767e-01  -1.5260094e-01
   1.0500000e+01  -1.0281705e-01  -8.9486093e-02
   1.0600000e+01  -4.8964916e-02  -2.3055944e-05
   1.0700000e+01   1.6788230e-02   9.0401452e-02
   1.0800000e+01   7.0639671e-02   1.6277309e-01
   1.0900000e+01   9.6026806e-02   1.9782531e-01
   1.1000000e+01   9.3819590e-02   1.8273359e-01
   1.1100000e+01   7.9767811e-02   1.2665754e-01
   1.1200000e+01   7.3482219e-02   5.6948906e-02
   1.1300000e+01   8.7833015e-02  -4.1542068e-03
   1.1400000e+01   1.2343516e-01  -4.9366048e-02
   1.1500000e+01   1.6829282e-01  -7.0705485e-02
   1.1600000e+01   2.0267820e-01  -4.9993194e-02
   1.1700000e+01   2.0942145e-01   2.0401137e-02
   1.1800000e+01   1.8527815e-01   1.1352265e-01
   1.1900000e+01   1.4439220e-01   1.8018061e-01
   1.2000000e+01   1.0864906e-01   1.8759454e-01
   1.2100000e+01   9.1523149e-02   1.3767436e-01
   1.2200000e+01   8.9804589e-02   5.0733586e-02
   1.2300000e+01   9.0906089e-02  -5.1117333e-02
   1.2400000e+01   8.7542096e-02  -1.3819100e-01
   1.2500000e+01   8.3751013e-02  -1.7052883e-01
   1.2600000e+01   8.6275367e-02  -1.2494614e-01
   1.2700000e+01   9.2461342e-02  -2.6020154e-02
   1.2800000e+01   8.9886782e-02   6.6374262e-02
   1.2900000e+01   6.8546730e-02   1.0888422e-01
   1.3000000e+01   3.0955904e-02   1.0753713e-01
   1.3100000e+01  -1.1700175e-02   9.5637942e-02
   1.3200000e+01  -5.1571550e-02   8.9614158e-02
   1.3300000e+01  -8.8522473e-02   7.7293378e-02
   1.3400000e+01  -1.2180005e-01   4.4373517e-02
   1.3500000e+01  -1.4152250e-01  -1.9249854e-03
   1.3600000e+01  -1.3382425e-01  -3.9851623e-02
   1.3700000e+01  -9.6025101e-02  -5.5364520e-02
   1.3800000e+01  -4.4022492e-02  -5.1363076e-02
   1.3900000e+01  -1.8838840e-03  -3.8986270e-02
   1.4000000e+01   1.5609054e-02  -2.5485630e-02
   1.4100000e+01   8.7393057e-03  -9.3528481e-03
   1.4200000e+01  -1.6766690e-02   1.6400632e-02
   1.4300000e+01  -5.9275165e-02   5.4678991e-02
   1.4400000e+01  -1.1644761e-01   9.4364484e-02
   1.4500000e+01  -1.7274754e-01   1.1237637e-01
   1.4600000e+01  -1.9980507e-01   9.2647627e-02
   1.4700000e+01  -1.7725231e-01   4.4847606e-02
   1.4800000e+01  -1.1505711e-01  -1.3902549e-03
   1.4900000e+01  -5.0844442e-02  -2.4697004e-02
   1.5000000e+01  -1.9783953e-02  -3.0748530e-02
   1.5100000e+01  -2.5006712e-02  -3.8832695e-02
   1.5200000e+01  -3.7981975e-02  -5.3734864e-02
   1.5300000e+01  -2.7727038e-02  -5.9054533e-02
   1.5400000e+01   1.1108450e-02  -3.9748931e-02
   1.5500000e+01   5.7123593e-02  -4.6002459e-03
   1.5600000e+01   8.4019100e-02   1.8701315e-02
   1.5700000e+01   8.0718804e-02   8.7550992e-03
   1.5800000e+01   5.3489174e-02  -3.1832783e-02
   1.5900000e+01   1.5888851e-02  -8.0403016e-02
   1.6000000e+01  -1.9016287e-02  -1.1111050e-01
   1.6100000e+01  -3.9722159e-02  -1.1034309e-01
   1.6200000e+01  -3.6852818e-02  -8.3632959e-02
   1.6300000e+01  -7.2927759e-03  -5.1493494e-02
   1.6400000e+01   4.2257206e-02  -3.4347360e-02
   1.6500000e+01   9.7568834e-02  -3.5456893e-02
   1.6600000e+01   1.4381873e-01  -3.7542826e-02
   1.6700000e+01   1.7165398e-01  -1.9328807e-02
   1.6800000e+01   1.7910731e-01   2.1721681e-02
   1.6900000e+01   1.6987526e-01   6.2130514e-02
   1.7000000e+01   1.4965328e-01   6.8514352e-02
   1.7100000e+01   1.2260461e-01   2.4417312e-02
   1.7200000e+01   9.0850197e-02  -5.3381818e-02
   1.7300000e+01   5.7855123e-02  -1.2269181e-01
   1.7400000e+01   3.1296678e-02  -1.4430977e-01
   1.7500000e+01   1.9540746e-02  -1.1050535e-01
   1.7600000e+01   2.3251025e-02  -4.9376606e-02
   1.7700000e+01   3.2077036e-02   5.0976123e-04
   1.7800000e+01   3.2980039e-02   2.2109356e-02
   1.7900000e+01   2.2775242e-02   2.7359037e-02
   1.8000000e+01   1.0319966e-02   3.4946164e-02
   1.8100000e+01   4.9622241e-03   4.5903135e-02
   1.8200000e+01   5.0991143e-03   4.4930034e-02
   1.8300000e+01   1.3647986e-03   2.3042490e-02
   1.8400000e+01  -9.6999627e-03  -7.7194677e-03
   1.8500000e+01  -2.0185515e-02  -2.4910556e-02
   1.8600000e+01  -2.2293319e-02  -1.7834867e-02
   1.8700000e+01  -2.2270948e-02   4.3909552e-03
   1.8800000e+01  -3.6658059e-02   2.5821395e-02
   1.8900000e+01  -7.2549286e-02   4.0783188e-02
   1.9000000e+01  -1.1590106e-01   5.6123331e-02
   1.9100000e+01  -1.4407530e-01   7.8384296e-02
   1.9200000e+01  -1.4850022e-01   1.0238960e-01
   1.9300000e+01  -1.3965227e-01   1.1479690e-01
   1.9400000e+01  -1.2909388e-01   1.0821702e-01
   1.9500000e+01  -1.1361441e-01   8.8972364e-02
   1.9600000e+01  -8.3779298e-02   6.9109198e-02
   1.9700000e+01  -4.5466284e-02   5.2724324e-02
   1.9800000e+01  -2.3004753e-02   3.4340842e-02
   1.9900000e+01  -3.4817891e-02   1.1855603e-02
   2.0000000e+01  -6.9489111e-02  -3.5623893e-03
   2.0100000e+01  -9.3124568e-02   3.4602460e-03
   2.0200000e+01  -8.2187724e-02   3.2387597e-02
   2.0300000e+01  -4.5481133e-02   6.0091659e-02
   2.0400000e+01  -1.2372665e-02   5.8976616e-02
   2.0500000e+01  -3.3487795e-03   2.2803362e-02
   2.0600000e+01  -1.5197316e-02  -2.6871708e-02
   2.0700000e+01  -3.0935330e-02  -6.0369399e-02
   2.0800000e+01  -3.6603766e-02  -6.5231319e-02
   2.0900000e+01  -2.6813800e-02  -5.2591958e-02
   2.1000000e+01  -1.1384286e-03  -4.1277024e-02
   2.1100000e+01   3.6850104e-02  -3.8684374e-02
   2.1200000e+01   7.6507150e-02  -3.7892998e-02
   2.1300000e+01   1.0196338e-01  -3.0866011e-02
   2.1400000e+01   1.0186332e-01  -2.0544609e-02
   2.1500000e+01   7.7963068e-02  -1.8019326e-02
   2.1600000e+01   4.3820211e-02  -2.9374755e-02
   2.1700000e+01   1.6127515e-02  -4.8412829e-02
   2.1800000e+01   7.2329891e-03  -6.3399019e-02
   2.1900000e+01   2.1930771e-02  -6.9027996e-02
   2.2000000e+01   5.5653361e-02  -6.9556082e-02
   2.2100000e+01   9.3767198e-02  -7.0593291e-02
   2.2200000e+01   1.1645929e-01  -7.0212807e-02
   2.2300000e+01   1.1038097e-01  -5.9694689e-02
   2.2400000e+01   7.9122823e-02  -3.2795451e-02
   2.2500000e+01   4.2027106e-02   6.2061074e-03
   2.2600000e+01   2.0263739e-02   4.3401148e-02
   2.2700000e+01   2.1509383e-02   6.4130110e-02
   2.2800000e+01   3.6590852e-02   6.2100537e-02
   2.2900000e+01   5.0146478e-02   4.1370582e-02
   2.3000000e+01   5.3959589e-02   1.0946811e-02
   2.3100000e+01   5.0348149e-02  -2.0888478e-02
   2.3200000e+01   4.5212633e-02  -4.6236948e-02
   2.3300000e+01   4.1468780e-02  -5.4306435e-02
   2.3400000e+01   3.9926149e-02  -3.4421328e-02
   2.3500000e+01   4.2040455e-02   1.2917852e-02
   2.3600000e+01   4.6385265e-02   6.8708896e-02
   2.3700000e+01   4.3062785e-02   1.0420959e-01
   2.3800000e+01   1.8477754e-02   1.0124249e-01
   2.3900000e+01  -2.9245672e-02   6.4864986e-02
   2.4000000e+01  -8.2069444e-02   1.6384285e-02
   2.4100000e+01  -1.1491056e-01  -2.4090229e-02
   2.4200000e+01  -1.1770020e-01  -4.7151399e-02
   2.4300000e+01  -1.0125437e-01  -5.0241161e-02
   2.4400000e+01  -8.1142763e-02  -3.1820158e-02
   2.4500000e+01  -6.1603956e-02   5.9706018e-03
   2.4600000e+01  -3.9616190e-02   5.0874180e-02
   2.4700000e+01  -2.0170705e-02   8.2697196e-02
   2.4800000e+01  -1.8299017e-02   8.6336795e-02
   2.4900000e+01  -4.2728073e-02   6.3539934e-02
   2.5000000e+01  -8.2369971e-02   3.1182611e-02
   2.5100000e+01  -1.1377186e-01   7.8492524e-03
   2.5200000e+01  -1.2093241e-01   1.6010693e-03
   2.5300000e+01  -1.0543349e-01   8.2156259e-03
   2.5400000e+01  -7.9701523e-02   1.7431562e-02
   2.5500000e+01  -5.5522450e-02   1.9376273e-02
   2.5600000e+01  -3.9219938e-02   8.1510065e-03
   2.5700000e+01  -3.1849165e-02  -1.5244752e-02
   2.5800000e+01  -2.9128172e-02  -4.0783548e-02
   2.5900000e+01  -2.2957325e-02  -5.2803099e-02
   2.6000000e+01  -7.7501253e-03  -4.0582941e-02
   2.6100000e+01   1.3650956e-02  -8.4261134e-03
   2.6200000e+01   3.2769825e-02   2.5423433e-02
   2.6300000e+01   4.4866425e-02   4.1876230e-02
   2.6400000e+01   5.3061387e-02   3.4469811e-02
   2.6500000e+01   6.1868278e-02   1.1172573e-02
   2.6600000e+01   6.9379304e-02  -1.5303500e-02
   2.6700000e+01   6.9333686e-02  -3.7726917e-02
   2.6800000e+01   6.0524800e-02  -5.5934536e-02
   2.6900000e+01   5.0632184e-02  -7.0962904e-02
   2.7000000e+01   4.8810235e-02  -7.9798875e-02
   2.7100000e+01   5.6076513e-02  -7.6510995e-02
   2.7200000e+01   6.5121051e-02  -5.8403720e-02
   2.7300000e+01   6.9055000e-02  -3.1125900e-02
   2.7400000e+01   6.8151568e-02  -7.5067177e-03
   2.7500000e+01   6.7413832e-02   1.0304920e-04
   2.7600000e+01   6.9535986e-02  -1.1302303e-02
   2.7700000e+01   7.2431885e-02  -3.2461763e-02
   2.7800000e+01   7.3415348e-02  -4.8023564e-02
   2.7900000e+01   7.3299110e-02  -4.7524310e-02
   2.8000000e+01   7.4191051e-02  -3.2340840e-02
   2.8100000e+01   7.3626410e-02  -1.2957091e-02
   2.8200000e+01   6.3621388e-02   4.3706054e-04
   2.8300000e+01   3.8234729e-02   5.0205449e-03
   2.8400000e+01   2.3469080e-03   4.1034621e-03
   2.8500000e+01  -2.9301956e-02   6.3728931e-04
   2.8600000e+01  -4.4299521e-02  -6.3526338e-03
   2.8700000e+01  -4.4293609e-02  -1.8783328e-02
   2.8800000e+01  -4.3121079e-02  -3.4621942e-02
   2.8900000e+01  -5.1891928e-02  -4.7321821e-02
   2.9000000e+01  -6.6388499e-02  -4.9593806e-02
   2.9100000e+01  -7.1009784e-02  -3.6812841e-02
   2.9200000e+01  -5.6091794e-02  -8.1404417e-03
   2.9300000e+01  -3.0174224e-02   3.2322814e-02
   2.9400000e+01  -1.3221137e-02   7.4117065e-02
   2.9500000e+01  -1.7262359e-02   1.0304931e-01
   2.9600000e+01  -3.5081135e-02   1.0951952e-01
   2.9700000e+01  -4.9066881e-02   9.5728123e-02
   2.9800000e+01  -5.0197354e-02   7.3412107e-02
   2.9900000e+01  -4.6336253e-02   5.3859475e-02
   3.0000000e+01  -5.1734183e-02   4.1049323e-02
   3.0100000e+01  -7.0599728e-02   3.4157462e-02
   3.0200000e+01  -9.2657742e-02   3.3509016e-02
   3.0300000e+01  -1.0352165e-01   4.0894464e-02
   3.0400000e+01  -9.6942032e-02   5.4414672e-02
   3.0500000e+01  -7.7227016e-02   6.6124250e-02
   3.0600000e+01  -5.3289005e-02   6.7119783e-02
   3.0700000e+01  -3.2889554e-02   5.5238747e-02
   3.0800000e+01  -2.0585628e-02   3.7296201e-02
   3.0900000e+01  -1.6602060e-02   2.3407957e-02
   3.1000000e+01  -1.5787925e-02   1.8433853e-02
   3.1100000e+01  -1.0319894e-02   1.8240683e-02
   3.1200000e+01   3.1256715e-03   1.4553096e-02
   3.1300000e+01   1.8681720e-02   4.0398702e-03
   3.1400000e+01   2.6076909e-02  -8.1547469e-03
   3.1500000e+01   2.1355336e-02  -1.5310555e-02
   3.1600000e+01   1.1700995e-02  -1.8564738e-02
   3.1700000e+01   8.3615546e-03  -2.5778383e-02
   3.1800000e+01   1.5517136e-02  -3.9250697e-02
   3.1900000e+01   2.7706797e-02  -4.8360571e-02
   3.2000000e+01   3.8004162e-02  -4.0046599e-02
   3.2100000e+01   4.6382656e-02  -1.6916251e-02
   3.2200000e+01   5.8131760e-02   6.0450015e-04
   3.2300000e+01   7.4765135e-02  -5.7514253e-03
   3.2400000e+01   8.9019405e-02  -3.2164799e-02
   3.2500000e+01   9.0555159e-02  -5.6808920e-02
   3.2600000e+01   7.6338880e-02  -6.3098909e-02
   3.2700000e+01   5.4379445e-02  -5.4678929e-02
   3.2800000e+01   3.7081989e-02  -4.6782370e-02
   3.2900000e+01   3.1543265e-02  -4.7772274e-02
   3.3000000e+01   3.6211324e-02  -5.3031843e-02
   3.3100000e+01   4.5263101e-02  -5.3981614e-02
   3.3200000e+01   5.4025288e-02  -4.7182449e-02
   3.3300000e+01   5.9694460e-02  -3.4030199e-02
   3.3400000e+01   5.9057385e-02  -1.7023284e-02
   3.3500000e+01   4.8907404e-02  -1.3827137e-04
   3.3600000e+01   3.0392681e-02   1.0065453e-02
   3.3700000e+01   1.1614142e-02   8.8579928e-03
   3.3800000e+01   2.9086334e-03  -7.7709009e-04
   3.3900000e+01   7.4466022e-03  -1.0295005e-02
   3.4000000e+01   1.6703071e-02  -1.4806991e-02
   3.4100000e+01   1.7060182e-02  -1.7086480e-02
   3.4200000e+01   2.5797830e-03  -2.0575678e-02
   3.4300000e+01  -1.8425325e-02  -2.1870703e-02
   3.4400000e+01  -3.0469910e-02  -1.4714039e-02
   3.4500000e+01  -2.5866946e-02  -4.7246460e-04
   3.4600000e+01  -1.3238046e-02   1.0959666e-02
   3.4700000e+01  -1.0315527e-02   1.3293367e-02
   3.4800000e+01  -2.6734904e-02   1.2968874e-02
   3.4900000e+01  -5.3304818e-02   2.1389456e-02
   3.5000000e+01  -6.9393384e-02   3.9182474e-02
   3.5100000e+01  -6.2550108e-02   5.3703992e-02
   3.5200000e+01  -4.1077642e-02   5.4443210e-02
   3.5300000e+01  -2.6032913e-02   4.6612215e-02
   3.5400000e+01  -3.0219963e-02   4.4136618e-02
   3.5500000e+01  -4.6277738e-02   4.9885759e-02
   3.5600000e+01  -5.6680557e-02   4.9098206e-02
   3.5700000e+01  -5.4035549e-02   2.6872266e-02
   3.5800000e+01  -4.8144962e-02  -1.0153062e-02
   3.5900000e+01  -5.1864340e-02  -3.5491555e-02
   3.6000000e+01  -6.3317430e-02  -2.8834721e-02
   3.6100000e+01  -6.6711208e-02   2.1498476e-03
   3.6200000e+01  -5.1451861e-02   2.9118986e-02
   3.6300000e+01  -2.6707160e-02   3.1247065e-02
   3.6400000e+01  -1.3608027e-02   1.3110082e-02
   3.6500000e+01  -2.3499630e-02  -5.1754890e-03
   3.6600000e+01  -4.6168291e-02  -1.0804406e-02
   3.6700000e+01  -5.9610769e-02  -7.7608479e-03
   3.6800000e+01  -4.9585641e-02  -6.3726366e-03
   3.6900000e+01  -1.9790686e-02  -9.7908533e-03
   3.7000000e+01   1.3697115e-02  -1.3302172e-02
   3.7100000e+01   3.5247056e-02  -1.3268701e-02
   3.7200000e+01   3.8828984e-02  -1.2095189e-02
   3.7300000e+01   2.9216522e-02  -1.4247882e-02
   3.7400000e+01   1.7008350e-02  -2.0455159e-02
   3.7500000e+01   1.1644594e-02  -2.7150631e-02
   3.7600000e+01   1.6832189e-02  -3.0038568e-02
   3.7700000e+01   3.0528555e-02  -2.7120464e-02
   3.7800000e+01   4.7469740e-02  -1.9598552e-02
   3.7900000e+01   6.0930849e-02  -1.1276689e-02
   3.8000000e+01   6.4125124e-02  -6.1120425e-03
   3.8100000e+01   5.4108155e-02  -4.4337653e-03
   3.8200000e+01   3.6490203e-02  -1.7724201e-03
   3.8300000e+01   2.3944555e-02   6.4186076e-03
   3.8400000e+01   2.6222012e-02   1.7887546e-02
   3.8500000e+01   4.0924491e-02   2.2945921e-02
   3.8600000e+01   5.6272555e-02   1.2671212e-02
   3.8700000e+01   6.3645496e-02  -1.1893859e-02
   3.8800000e+01   6.5190741e-02  -3.9252575e-02
   3.8900000e+01   6.7748563e-02  -5.6004680e-02
   3.9000000e+01   7.1720116e-02  -5.5747068e-02
   3.9100000e+01   6.9357376e-02  -4.1031873e-02
   3.9200000e+01   5.4011582e-02  -1.9105998e-02
   3.9300000e+01   2.8128377e-02   3.3826661e-03
   3.9400000e+01   8.4406867e-04   2.3214681e-02
   3.9500000e+01  -2.0198413e-02   4.0167588e-02
   3.9600000e+01  -3.2751688e-02   5.3769141e-02
   3.9700000e+01  -3.7491284e-02   5.9902783e-02
   3.9800000e+01  -3.5236215e-02   5.2221962e-02
   3.9900000e+01  -2.7687211e-02   2.9838106e-02
   4.0000000e+01  -1.8655745e-02   3.8000235e-03
   4.0100000e+01  -1.2249242e-02  -7.9616373e-03
   4.0200000e+01  -9.9434440e-03   3.8273070e-03
   4.0300000e+01  -1.0612741e-02   2.9376955e-02
   4.0400000e+01  -1.3205204e-02   4.7979517e-02
   4.0500000e+01  -1.7937585e-02   4.7893598e-02
   4.0600000e+01  -2.4496979e-02   3.6428004e-02
   4.0700000e+01  -3.0614710e-02   2.9231090e-02
   4.0800000e+01  -3.4027508e-02   3.2114677e-02
   4.0900000e+01  -3.5651388e-02   3.6815198e-02
   4.1000000e+01  -3.9301933e-02   3.3900676e-02
   4.1100000e+01  -4.7284844e-02   2.4963866e-02
   4.1200000e+01  -5.6562125e-02   1.8817674e-02
   4.1300000e+01  -6.0155981e-02   1.8162363e-02
   4.1400000e+01  -5.3066034e-02   1.5403696e-02
   4.1500000e+01  -3.7252953e-02   3.6486380e-03
   4.1600000e+01  -2.0752244e-02  -1.1550730e-02
   4.1700000e+01  -1.1025818e-02  -1.5889125e-02
   4.1800000e+01  -8.1617556e-03  -2.4540197e-03
   4.1900000e+01  -4.8889898e-03   1.8675672e-02
   4.2000000e+01   5.0628896e-03   2.9355917e-02
   4.2100000e+01   1.7842066e-02   2.1229634e-02
   4.2200000e+01   2.0483150e-02   2.6798726e-03
   4.2300000e+01   3.7104790e-03  -1.2037570e-02
   4.2400000e+01  -2.6038049e-02  -1.8253888e-02
   4.2500000e+01  -4.9813253e-02  -2.3830132e-02
   4.2600000e+01  -5.2890888e-02  -3.7898922e-02
   4.2700000e+01  -3.6933597e-02  -5.9122660e-02
   4.2800000e+01  -1.4273933e-02  -7.5701406e-02
   4.2900000e+01   7.2222608e-03  -7.5607450e-02
   4.3000000e+01   2.9161643e-02  -5.6412215e-02
   4.3100000e+01   5.2515469e-02  -2.7088251e-02
   4.3200000e+01   6.8345292e-02  -2.1291017e-03
   4.3300000e+01   6.4199566e-02   7.1764752e-03
   4.3400000e+01   3.9376295e-02  -1.1320770e-03
   4.3500000e+01   9.5249463e-03  -2.0280912e-02
   4.3600000e+01  -6.0195768e-03  -4.1655269e-02
   4.3700000e+01  -1.9366598e-04  -6.1156571e-02
   4.3800000e+01   1.8540753e-02  -7.7806847e-02
   4.3900000e+01   3.5677961e-02  -8.6954548e-02
   4.4000000e+01   4.1345409e-02  -7.9266951e-02
   4.4100000e+01   3.4636049e-02  -5.0750183e-02
   4.4200000e+01   2.2494804e-02  -1.2937285e-02
   4.4300000e+01   1.5334930e-02   1.2138090e-02
   4.4400000e+01   2.0032426e-02   1.0860199e-02
   4.4500000e+01   3.4154986e-02  -8.9990618e-03
   4.4600000e+01   4.7870409e-02  -2.6359877e-02
   4.4700000e+01   5.3200604e-02  -2.7023783e-02
   4.4800000e+01   5.0487449e-02  -1.3612606e-02
   4.4900000e+01   4.4266509e-02   3.1643741e-03
   4.5000000e+01   3.4780653e-02   1.7723002e-02
   4.5100000e+01   1.7925331e-02   3.0663573e-02
   4.5200000e+01  -5.3686239e-03   3.9807204e-02
   4.5300000e+01  -2.3985278e-02   3.6975737e-02
   4.5400000e+01  -2.5481824e-02   1.7301748e-02
   4.5500000e+01  -1.0012112e-02  -1.0419800e-02
   4.5600000e+01   7.8624917e-03  -2.6937174e-02
   4.5700000e+01   1.2485287e-02  -1.8290142e-02
   4.5800000e+01   4.2030408e-04   1.1498108e-02
   4.5900000e+01  -1.9933869e-02   4.3309907e-02
   4.6000000e+01  -3.8531911e-02   5.8390645e-02
   4.6100000e+01  -5.0123381e-02   5.2582784e-02
   4.6200000e+01  -5.2565548e-02   3.8161094e-02
   4.6300000e+01  -4.4832017e-02   3.2723377e-02
   4.6400000e+01  -3.0085464e-02   4.3962640e-02
   4.6500000e+01  -1.7808847e-02   6.2187233e-02
   4.6600000e+01  -1.7713309e-02   6.7597479e-02
   4.6700000e+01  -3.0057756e-02   4.7946535e-02
   4.6800000e+01  -4.4498000e-02   1.1759879e-02
   4.6900000e+01  -5.0396412e-02  -1.6339058e-02
   4.7000000e+01  -4.7165281e-02  -1.6159290e-02
   4.7100000e+01  -4.2960689e-02   9.9091706e-03
   4.7200000e+01  -4.4164544e-02   3.8834909e-02
   4.7300000e+01  -4.8229344e-02   4.7958518e-02
   4.7400000e+01  -4.6993290e-02   3.5371125e-02
   4.7500000e+01  -3.5453274e-02   2.0294918e-02
   4.7600000e+01  -1.6959361e-02   2.3259650e-02
   4.7700000e+01  -1.2622256e-03   4.5126027e-02
   4.7800000e+01   2.3664408e-03   6.5117022e-02
   4.7900000e+01  -7.1288170e-03   6.0095981e-02
   4.8000000e+01  -1.9152192e-02   2.7027316e-02
   4.8100000e+01  -1.7531745e-02  -1.2958730e-02
   4.8200000e+01   5.1971555e-03  -3.3109023e-02
   4.8300000e+01   3.7508505e-02  -2.4364857e-02
   4.8400000e+01   5.5973026e-02  -1.0783248e-03
   4.8500000e+01   4.6694751e-02   1.5034037e-02
   4.8600000e+01   1.9747657e-02   1.4898143e-02
   4.8700000e+01  -5.5044903e-04   6.1000452e-03
   4.8800000e+01  -2.0461163e-04   4.4611258e-05
   4.8900000e+01   1.2466042e-02  -8.4391560e-04
   4.9000000e+01   2.0340046e-02  -2.2262453e-03
   4.9100000e+01   1.8661671e-02  -7.7175092e-03
   4.9200000e+01   1.7794742e-02  -1.3985940e-02
   4.9300000e+01   2.6488010e-02  -1.6565458e-02
   4.9400000e+01   3.9703920e-02  -1.7230054e-02
   4.9500000e+01   4.7042687e-02  -2.2419787e-02
   4.9600000e+01   4.8369493e-02  -3.4679634e-02
   4.9700000e+01   5.3329420e-02  -4.8390853e-02
   4.9800000e+01   6.4724414e-02  -5.5462432e-02
   4.9900000e+01   6.9654730e-02  -5.4006414e-02
   5.0000000e+01   5.3138262e-02  -4.9583721e-02
   5.0100000e+01   1.8499427e-02  -4.8051691e-02
   5.0200000e+01  -1.1688513e-02  -4.8961601e-02
   5.0300000e+01  -1.6749841e-02  -4.7013352e-02
   5.0400000e+01   2.8141690e-03  -3.9172285e-02
   5.0500000e+01   2.8145839e-02  -2.8976084e-02
   5.0600000e+01   4.0608509e-02  -2.3432988e-02
   5.0700000e+01   3.4844911e-02  -2.6036414e-02
   5.0800000e+01   1.6581806e-02  -3.2909276e-02
   5.0900000e+01  -6.1290439e-03  -3.5621500e-02
   5.1000000e+01  -2.7051245e-02  -2.8222331e-02
   5.1100000e+01  -4.0945955e-02  -1.2674313e-02
   5.1200000e+01  -4.3806691e-02   1.8088982e-03
   5.1300000e+01  -3.5739740e-02   5.2881945e-03
   5.1400000e+01  -2.2489466e-02  -5.3909431e-03
   5.1500000e+01  -1.2751897e-02  -2.3798463e-02
   5.1600000e+01  -1.2947282e-02  -3.7774693e-02
   5.1700000e+01  -2.3017240e-02  -3.6989920e-02
   5.1800000e+01  -3.5916980e-02  -1.9245888e-02
   5.1900000e+01  -4.1886898e-02   8.0665727e-03
   5.2000000e+01  -3.5738403e-02   3.2279945e-02
   5.2100000e+01  -2.1660544e-02   4.3501099e-02
   5.2200000e+01  -1.0176473e-02   4.1245400e-02
   5.2300000e+01  -8.6675783e-03   3.3844522e-02
   5.2400000e+01  -1.4319269e-02   3.0020187e-02
   5.2500000e+01  -1.7127576e-02   3.0229813e-02
   5.2600000e+01  -1.0515258e-02   2.7167046e-02
   5.2700000e+01   1.2412901e-03   1.5494476e-02
   5.2800000e+01   6.7961191e-03  -2.3323645e-04
   5.2900000e+01  -5.6747891e-04  -9.2646576e-03
   5.3000000e+01  -1.4953102e-02  -5.9976015e-03
   5.3100000e+01  -2.2139362e-02   4.6534430e-03
   5.3200000e+01  -1.2916402e-02   1.4097598e-02
   5.3300000e+01   7.1394503e-03   1.9829290e-02
   5.3400000e+01   2.1677359e-02   2.5581672e-02
   5.3500000e+01   1.8716871e-02   3.2844323e-02
   5.3600000e+01   2.6834542e-03   3.6548045e-02
   5.3700000e+01  -9.2738916e-03   3.1427258e-02
   5.3800000e+01  -4.4035837e-03   1.9966537e-02
   5.3900000e+01   1.1772632e-02   1.0224271e-02
   5.4000000e+01   2.0059374e-02   6.2949776e-03
   5.4100000e+01   7.7254296e-03   4.9916813e-03
   5.4200000e+01  -1.6248262e-02   3.3487629e-03
   5.4300000e+01  -2.8287856e-02   5.2542868e-03
   5.4400000e+01  -1.4085521e-02   1.6000997e-02
   5.4500000e+01   1.5692954e-02   3.1355425e-02
   5.4600000e+01   3.5255498e-02   3.7670155e-02
   5.4700000e+01   2.8788864e-02   2.6099619e-02
   5.4800000e+01   4.1176077e-03   4.3607891e-03
   5.4900000e+01  -1.7633630e-02  -9.3512268e-03
   5.5000000e+01  -2.1996456e-02  -4.3030995e-03
   5.5100000e+01  -9.3568884e-03   1.3097097e-02
   5.5200000e+01   1.1568815e-02   2.7462383e-02
   5.5300000e+01   3.1244990e-02   2.9417534e-02
   5.5400000e+01   3.9945491e-02   2.1178891e-02
   5.5500000e+01   2.8729479e-02   1.0110637e-02
   5.5600000e+01  -2.7400729e-03   7.3233552e-04
   5.5700000e+01  -3.9957455e-02  -6.4793364e-03
   5.5800000e+01  -6.1227221e-02  -1.1792925e-02
   5.5900000e+01  -5.5079044e-02  -1.4805234e-02
   5.6000000e+01  -2.8892035e-02  -1.5849831e-02
   5.6100000e+01   5.6638881e-04  -1.6188785e-02
   5.6200000e+01   2.2444810e-02  -1.5526210e-02
   5.6300000e+01   3.5623605e-02  -1.0798027e-02
   5.6400000e+01   4.0652161e-02   2.1596834e-04
   5.6500000e+01   3.4267438e-02   1.3502488e-02
   5.6600000e+01   1.4659770e-02   1.8911496e-02
   5.6700000e+01  -1.0892250e-02   8.2733629e-03
   5.6800000e+01  -2.8199934e-02  -1.5449233e-02
   5.6900000e+01  -2.7689843e-02  -3.8223600e-02
   5.7000000e+01  -1.3056787e-02  -4.6140802e-02
   5.7100000e+01   2.2905536e-03  -3.7494615e-02
   5.7200000e+01   7.6443435e-03  -2.3172813e-02
   5.7300000e+01   4.3549999e-03  -1.4469116e-02
   5.7400000e+01   3.1791579e-03  -1.1360492e-02
   5.7500000e+01   1.1886783e-02  -4.5358021e-03
   5.7600000e+01   2.5298283e-02   1.0693773e-02
   5.7700000e+01   2.8918645e-02   2.4723516e-02
   5.7800000e+01   1.4048391e-02   2.0812970e-02
   5.7900000e+01  -1.1230206e-02  -7.0492554e-03
   5.8000000e+01  -2.8311705e-02  -4.4796868e-02
   5.8100000e+01  -2.6083450e-02  -6.8501469e-02
   5.8200000e+01  -1.1159538e-02  -6.4289033e-02
   5.8300000e+01   6.6273272e-04  -3.8204212e-02
   5.8400000e+01   9.2547168e-04  -8.2519723e-03
   5.8500000e+01  -5.8567719e-03   1.0460708e-02
   5.8600000e+01  -1.1127241e-02   1.3008154e-02
   5.8700000e+01  -1.1826137e-02   2.5198094e-03
   5.8800000e+01  -9.2515703e-03  -1.3416832e-02
   5.8900000e+01  -2.8295055e-03  -2.4530678e-02
   5.9000000e+01   9.3545397e-03  -2.2353378e-02
   5.9100000e+01   2.3626391e-02  -8.0418916e-03
   5.9200000e+01   2.9381004e-02   5.6374795e-03
   5.9300000e+01   1.8836573e-02   4.8670028e-03
   5.9400000e+01  -2.3476185e-03  -1.0928629e-02
   5.9500000e+01  -1.7045796e-02  -2.7282070e-02
   5.9600000e+01  -1.0842985e-02  -2.8342675e-02
   5.9700000e+01   1.5454157e-02  -1.1165020e-02
   5.9800000e+01   4.6537987e-02   1.3551229e-02
   5.9900000e+01   6.4608076e-02   3.1828170e-02
   6.0000000e+01   6.1498365e-02   3.5585553e-02
   6.0100000e+01   4.2100028e-02   2.4928440e-02
   6.0200000e+01   1.8690908e-02   6.9297754e-03
   6.0300000e+01   1.9114147e-03  -6.8698783e-03
   6.0400000e+01  -5.2238835e-03  -6.3780277e-03
   6.0500000e+01  -7.1517795e-03   9.2588505e-03
   6.0600000e+01  -1.0595739e-02   2.9837867e-02
   6.0700000e+01  -1.8453967e-02   4.2233756e-02
   6.0800000e+01  -2.6968389e-02   4.1058183e-02
   6.0900000e+01  -2.8246725e-02   3.1254348e-02
   6.1000000e+01  -1.6843992e-02   2.1737766e-02
   6.1100000e+01   4.1527006e-03   1.8220238e-02
   6.1200000e+01   2.3031726e-02   2.0915575e-02
   6.1300000e+01   2.7118388e-02   2.5715127e-02
   6.1400000e+01   1.2937286e-02   2.6567161e-02
   6.1500000e+01  -1.0139250e-02   1.9754828e-02
   6.1600000e+01  -2.6957189e-02   8.6757419e-03
   6.1700000e+01  -2.8728417e-02   3.0015160e-03
   6.1800000e+01  -1.9695129e-02   9.5428225e-03
   6.1900000e+01  -1.2766377e-02   2.3181518e-02
   6.2000000e+01  -1.8187663e-02   2.9642360e-02
   6.2100000e+01  -3.4589132e-02   1.9596932e-02
   6.2200000e+01  -4.9420277e-02  -7.0720592e-04
   6.2300000e+01  -4.8724764e-02  -1.4592881e-02
   6.2400000e+01  -2.9018159e-02  -1.0712261e-02
   6.2500000e+01  -1.3059955e-03   7.1258989e-03
   6.2600000e+01   1.7291808e-02   2.4841370e-02
   6.2700000e+01   1.7597773e-02   3.0373889e-02
   6.2800000e+01   4.9358578e-03   2.0867170e-02
   6.2900000e+01  -7.9302728e-03   1.1994056e-03
   6.3000000e+01  -1.3234620e-02  -2.0415872e-02
   6.3100000e+01  -1.2742445e-02  -3.5209158e-02
   6.3200000e+01  -1.1535489e-02  -3.6748925e-02
   6.3300000e+01  -1.0574867e-02  -2.5773815e-02
   6.3400000e+01  -6.5486545e-03  -1.2486661e-02
   6.3500000e+01   3.2761524e-03  -1.0225428e-02
   6.3600000e+01   1.8116788e-02  -2.3248088e-02
   6.3700000e+01   3.3777687e-02  -4.0798191e-02
   6.3800000e+01   4.2669902e-02  -4.5798057e-02
   6.3900000e+01   3.5073829e-02  -3.1020600e-02
   6.4000000e+01   6.1449542e-03  -6.2283645e-03
   6.4100000e+01  -3.4704425e-02   1.1064058e-02
   6.4200000e+01  -6.4490584e-02   1.0844480e-02
   6.4300000e+01  -6.2957295e-02  -3.7085394e-03
   6.4400000e+01  -3.0953063e-02  -2.2977758e-02
   6.4500000e+01   9.2415689e-03  -3.9289804e-02
   6.4600000e+01   3.3652244e-02  -4.8130903e-02
   6.4700000e+01   3.5874937e-02  -4.5749085e-02
   6.4800000e+01   2.6499368e-02  -3.0882409e-02
   6.4900000e+01   1.6909654e-02  -9.3179897e-03
   6.5000000e+01   8.2005482e-03   7.3876444e-03
   6.5100000e+01  -3.7473127e-03   1.1072826e-02
   6.5200000e+01  -1.7214886e-02   4.2631004e-03
   6.5300000e+01  -2.3414701e-02  -3.6132190e-03
   6.5400000e+01  -1.6363984e-02  -6.7649208e-03
   6.5500000e+01  -1.0458631e-03  -7.5012051e-03
   6.5600000e+01   1.0001194e-02  -9.9308143e-03
   6.5700000e+01   7.9705848e-03  -1.2115956e-02
   6.5800000e+01  -4.0880039e-03  -7.2862589e-03
   6.5900000e+01  -1.3062609e-02   7.4814638e-03
   6.6000000e+01  -5.9685865e-03   2.6079123e-02
   6.6100000e+01   1.8399583e-02   3.7866838e-02
   6.6200000e+01   4.5175636e-02   3.6569418e-02
   6.6300000e+01   5.2522994e-02   2.4467179e-02
   6.6400000e+01   3.0114985e-02   9.3873260e-03
   6.6500000e+01  -8.7184742e-03  -6.9101202e-04
   6.6600000e+01  -3.5699766e-02  -6.5794284e-04
   6.6700000e+01  -3.2489746e-02   1.0854989e-02
   6.6800000e+01  -7.8875205e-03   3.0191387e-02
   6.6900000e+01   1.1538871e-02   4.7574454e-02
   6.7000000e+01   8.6787103e-03   5.0512277e-02
   6.7100000e+01  -7.6086104e-03   3.3355538e-02
   6.7200000e+01  -1.3615367e-02   5.8818545e-03
   6.7300000e+01   3.6921628e-03  -1.0664852e-02
   6.7400000e+01   3.4094501e-02  -1.7434088e-03
   6.7500000e+01   5.5535387e-02   2.4152922e-02
   6.7600000e+01   5.4924830e-02   4.0766079e-02
   6.7700000e+01   3.7162680e-02   2.9661752e-02
   6.7800000e+01   1.6920555e-02  -1.8770973e-04
   6.7900000e+01   4.9179239e-03  -2.1831599e-02
   6.8000000e+01   1.8886517e-03  -1.9239011e-02
   6.8100000e+01   2.4172705e-03  -2.5878557e-03
   6.8200000e+01   1.7373402e-03   6.8981060e-03
   6.8300000e+01  -9.5189275e-04   2.4580231e-03
   6.8400000e+01  -3.3276529e-03  -3.5661687e-03
   6.8500000e+01  -2.2021501e-03   8.5444055e-04
   6.8600000e+01   4.4396977e-03   1.0754229e-02
   6.8700000e+01   1.5407381e-02   1.1152000e-02
   6.8800000e+01   2.5024676e-02  -2.8638213e-03
   6.8900000e+01   2.5314351e-02  -1.9100703e-02
   6.9000000e+01   1.2423877e-02  -2.2502702e-02
   6.9100000e+01  -7.8189888e-03  -1.2612101e-02
   6.9200000e+01  -2.2615116e-02  -3.5673815e-03
   6.9300000e+01  -2.3249346e-02  -7.3197517e-03
   6.9400000e+01  -1.3955680e-02  -1.9598956e-02
   6.9500000e+01  -7.9120375e-03  -2.4389210e-02
   6.9600000e+01  -1.3197938e-02  -1.2167276e-02
   6.9700000e+01  -2.3902623e-02   7.9768695e-03
   6.9800000e+01  -2.6831586e-02   1.6336758e-02
   6.9900000e+01  -1.6619831e-02   3.2674501e-03
   7.0000000e+01  -2.2503728e-03  -1.9710796e-02
   7.0100000e+01   2.2792664e-03  -3.1532538e-02
   7.0200000e+01  -7.2326265e-03  -2.4050812e-02
   7.0300000e+01  -2.0737683e-02  -1.0363381e-02
   7.0400000e+01  -2.4180243e-02  -9.2882288e-03
   7.0500000e+01  -1.3895210e-02  -2.3383613e-02
   7.0600000e+01  -1.0344222e-03  -3.5332375e-02
   7.0700000e+01  -1.4514373e-03  -2.6681413e-02
   7.0800000e+01  -1.9839697e-02   1.6248031e-03
   7.0900000e+01  -4.2879464e-02   2.8425491e-02
   7.1000000e+01  -4.9144813e-02   3.1323543e-02
   7.1100000e+01  -2.8186416e-02   6.4347839e-03
   7.1200000e+01   8.7530049e-03  -2.8780684e-02
   7.1300000e+01   3.7217831e-02  -5.0405656e-02
   7.1400000e+01   3.9658924e-02  -4.6527399e-02
   7.1500000e+01   1.8483938e-02  -2.3965610e-02
   7.1600000e+01  -8.6897970e-03   5.4455837e-04
   7.1700000e+01  -2.4728827e-02   1.4947264e-02
   7.1800000e+01  -2.4705732e-02   1.8698145e-02
   7.1900000e+01  -1.5951533e-02   1.7650779e-02
   7.2000000e+01  -9.9008762e-03   1.5386666e-02
   7.2100000e+01  -1.3176403e-02   1.1294611e-02
   7.2200000e+01  -2.3110708e-02   5.5590813e-03
   7.2300000e+01  -2.9979932e-02   2.4275640e-03
   7.2400000e+01  -2.4933158e-02   6.5660255e-03
   7.2500000e+01  -7.9067569e-03   1.7142729e-02
   7.2600000e+01   1.1704234e-02   2.7084285e-02
   7.2700000e+01   2.2720215e-02   2.8376736e-02
   7.2800000e+01   2.0906772e-02   1.8135178e-02
   7.2900000e+01   1.0969736e-02   8.5335301e-04
   7.3000000e+01   1.7639259e-03  -1.4076042e-02
   7.3100000e+01   2.6920719e-04  -1.8313579e-02
   7.3200000e+01   7.7235269e-03  -1.0713906e-02
   7.3300000e+01   1.7952381e-02   1.7087887e-03
   7.3400000e+01   1.9579434e-02   1.0368875e-02
   7.3500000e+01   4.7515701e-03   1.3191423e-02
   7.3600000e+01  -2.0112028e-02   1.4756114e-02
   7.3700000e+01  -3.4057476e-02   1.8221838e-02
   7.3800000e+01  -1.8193607e-02   2.0013284e-02
   7.3900000e+01   2.3635693e-02   1.5126637e-02
   7.4000000e+01   6.2718682e-02   5.9620131e-03
   7.4100000e+01   6.8575691e-02   1.6352827e-03
   7.4200000e+01   3.6647423e-02   7.2880662e-03
   7.4300000e+01  -7.4059779e-03   1.7069722e-02
   7.4400000e+01  -3.1592515e-02   2.0294058e-02
   7.4500000e+01  -2.5511092e-02   1.3329764e-02
   7.4600000e+01  -5.1773650e-03   2.9048500e-03
   7.4700000e+01   7.1445323e-03  -2.1545819e-03
   7.4800000e+01   5.0678845e-03  -1.6660168e-04
   7.4900000e+01   3.5838084e-04   3.0805229e-03
   7.5000000e+01   6.5526104e-03   1.4515577e-03
   7.5100000e+01   2.3451459e-02  -5.5378922e-03
   7.5200000e+01   3.7901018e-02  -1.3125100e-02
   7.5300000e+01   3.7638583e-02  -1.6126504e-02
   7.5400000e+01   2.2885995e-02  -1.2856439e-02
   7.5500000e+01   5.1946417e-03  -5.0213804e-03
   7.5600000e+01  -3.4072473e-03   4.9039837e-03
   7.5700000e+01   3.2636583e-05   1.4895530e-02
   7.5800000e+01   8.8821494e-03   2.1899442e-02
   7.5900000e+01   1.4147023e-02   2.1187701e-02
   7.6000000e+01   1.1920828e-02   1.0064714e-02
   7.6100000e+01   4.7816308e-03  -7.0970615e-03
   7.6200000e+01  -2.5623461e-03  -1.9918180e-02
   7.6300000e+01  -7.7404288e-03  -2.0732156e-02
   7.6400000e+01  -1.0891817e-02  -1.2251358e-02
   7.6500000e+01  -1.2048660e-02  -4.8538905e-03
   7.6600000e+01  -1.0288931e-02  -5.7562018e-03
   7.6700000e+01  -5.6744698e-03  -1.2006685e-02
   7.6800000e+01  -3.5504908e-04  -1.4700274e-02
   7.6900000e+01   3.4359666e-03  -8.9476439e-03
   7.7000000e+01   5.5436932e-03   1.4095527e-03
   7.7100000e+01   6.6251568e-03   8.2572502e-03
   7.7200000e+01   5.4161053e-03   6.7992675e-03
   7.7300000e+01  -3.7569829e-04  -1.5366909e-03
   7.7400000e+01  -9.5772509e-03  -1.2127353e-02
   7.7500000e+01  -1.6000822e-02  -2.1020244e-02
   7.7600000e+01  -1.3990736e-02  -2.5299326e-02
   7.7700000e+01  -5.7318632e-03  -2.1718518e-02
   7.7800000e+01  -9.7217568e-04  -8.5223914e-03
   7.7900000e+01  -7.5939837e-03   9.6202888e-03
   7.8000000e+01  -2.2307607e-02   2.0866573e-02
   7.8100000e+01  -3.1820106e-02   1.4876103e-02
   7.8200000e+01  -2.4591505e-02  -5.9232069e-03
   7.8300000e+01  -2.3891101e-03  -2.6192054e-02
   7.8400000e+01   1.9771644e-02  -3.1620924e-02
   7.8500000e+01   2.6177697e-02  -2.2317812e-02
   7.8600000e+01   1.4176560e-02  -1.0054984e-02
   7.8700000e+01  -4.1174211e-03  -3.2350194e-03
   7.8800000e+01  -1.3997912e-02   1.3304983e-03
   7.8900000e+01  -1.1732322e-02   1.0436354e-02
   7.9000000e+01  -5.4383376e-03   2.2594341e-02
   7.9100000e+01  -3.4342356e-03   2.8627157e-02
   7.9200000e+01  -4.5626633e-03   2.2881662e-02
   7.9300000e+01  -1.9289753e-03   9.0992307e-03
   7.9400000e+01   5.7416818e-03  -5.7527470e-03
   7.9500000e+01   1.0647677e-02  -1.8963000e-02
   7.9600000e+01   5.3153107e-03  -3.0386250e-02
   7.9700000e+01  -7.2780256e-03  -3.6776875e-02
   7.9800000e+01  -1.5898814e-02  -3.2940751e-02
   7.9900000e+01  -1.2465049e-02  -1.7911768e-02
   8.0000000e+01   8.1776386e-04   3.7280143e-03
