   1.0221618e+02   2.8602761e+01   2.5212700e+03
   1.0223668e+02   2.8502000e+01   2.3520100e+03
   0.0000000e+00   8.8088934e-01   8.8088934e-01
   1.0000000e-01   9.3376213e-01   7.6880182e-01
   2.0000000e-01   9.5180065e-01   6.0936921e-01
   3.0000000e-01   9.6906209e-01   4.3955630e-01
   4.0000000e-01   9.9312547e-01   2.8675686e-01
   5.0000000e-01   1.0000000e+00   1.4835341e-01
   6.0000000e-01   9.6591396e-01   4.7675787e-03
   7.0000000e-01   8.9879863e-01  -1.5158965e-01
   8.0000000e-01   8.3253345e-01  -3.0408355e-01
   9.0000000e-01   7.9064749e-01  -4.2801745e-01
   1.0000000e+00   7.6090785e-01  -5.1461831e-01
   1.1000000e+00   7.0805570e-01  -5.7498098e-01
   1.2000000e+00   6.0853949e-01  -6.2158111e-01
   1.3000000e+00   4.6970441e-01  -6.5224200e-01
   1.4000000e+00   3.1700383e-01  -6.5667378e-01
   1.5000000e+00   1.6780790e-01  -6.3528160e-01
   1.6000000e+00   2.0803005e-02  -6.0405825e-01
   1.7000000e+00  -1.3083940e-01  -5.7904733e-01
   1.8000000e+00  -2.8071053e-01  -5.6160356e-01
   1.9000000e+00  -4.0741417e-01  -5.4327063e-01
   2.0000000e+00  -4.9192887e-01  -5.2117634e-01
   2.1000000e+00  -5.3376536e-01  -5.0147387e-01
   2.2000000e+00  -5.4674338e-01  -4.8732300e-01
   2.3000000e+00  -5.3985122e-01  -4.7063475e-01
   2.4000000e+00  -5.0794061e-01  -4.4105676e-01
   2.5000000e+00  -4.4556732e-01  -4.0070210e-01
   2.6000000e+00  -3.6694603e-01  -3.6395277e-01
   2.7000000e+00  -3.0416248e-01  -3.4012310e-01
   2.8000000e+00  -2.8106900e-01  -3.1862310e-01
   2.9000000e+00  -2.9177379e-01  -2.7519358e-01
   3.0000000e+00  -3.0970229e-01  -1.9563877e-01
   3.1000000e+00  -3.1738870e-01  -9.3992006e-02
   3.2000000e+00  -3.2219857e-01  -5.1801237e-03
   3.3000000e+00  -3.4030271e-01   4.3391292e-02
   3.4000000e+00  -3.6958517e-01   5.4195860e-02
   3.5000000e+00  -3.8497547e-01   5.3154464e-02
   3.6000000e+00  -3.6209301e-01   6.2334803e-02
   3.7000000e+00  -3.0144775e-01   8.2755389e-02
   3.8000000e+00  -2.2612426e-01   1.0414694e-01
   3.9000000e+00  -1.5827277e-01   1.2387310e-01
   4.0000000e+00  -1.0318582e-01   1.4806498e-01
   4.1000000e+00  -5.6715542e-02   1.7659731e-01
   4.2000000e+00  -2.1185443e-02   1.9808738e-01
   4.3000000e+00  -6.5553325e-03   2.0531141e-01
   4.4000000e+00  -1.6612919e-02   2.0901603e-01
   4.5000000e+00  -4.1853512e-02   2.2815405e-01
   4.6000000e+00  -7.1177428e-02   2.6755202e-01
   4.7000000e+00  -1.0675944e-01   3.1137904e-01
   4.8000000e+00  -1.5961684e-01   3.3861849e-01
   4.9000000e+00  -2.2887015e-01   3.3941708e-01
   5.0000000e+00  -2.9184229e-01   3.1608814e-01
   5.1000000e+00  -3.2098524e-01   2.7591172e-01
   5.2000000e+00  -3.0964527e-01   2.2823373e-01
   5.3000000e+00  -2.7585758e-01   1.8435160e-01
   5.4000000e+00  -2.3936738e-01   1.5339112e-01
   5.5000000e+00  -1.9960294e-01   1.3759634e-01
   5.6000000e+00  -1.4066222e-01   1.3413488e-01
   5.7000000e+00  -5.6084460e-02   1.3966239e-01
   5.8000000e+00   3.7386922e-02   1.4893419e-01
   5.9000000e+00   1.1382591e-01   1.5048700e-01
   6.0000000e+00   1.6346360e-01   1.3079049e-01
   6.1000000e+00   2.0019719e-01   8.6659897e-02
   6.2000000e+00   2.4339857e-01   3.1150516e-02
   6.3000000e+00   2.9526613e-01  -1.5616166e-02
   6.4000000e+00   3.3896986e-01  -4.0718642e-02
   6.5000000e+00   3.5890882e-01  -4.3768411e-02
   6.6000000e+00   3.6016274e-01  -3.2619627e-02
   6.7000000e+00   3.6555689e-01  -1.7638875e-02
   6.8000000e+00   3.9284561e-01  -7.7176777e-03
   6.9000000e+00   4.3531785e-01  -6.3383625e-03
   7.0000000e+00   4.6572422e-01  -9.9533279e-03
   7.1000000e+00   4.6020462e-01  -1.2811470e-02
   7.2000000e+00   4.1931105e-01  -1.4753813e-02
   7.3000000e+00   3.6632623e-01  -2.3016868e-02
   7.4000000e+00   3.2564718e-01  -4.5878832e-02
   7.5000000e+00   3.0347719e-01  -8.5131903e-02
   7.6000000e+00   2.8911750e-01  -1.3289911e-01
   7.7000000e+00   2.7151675e-01  -1.7199776e-01
   7.8000000e+00   2.4911639e-01  -1.7995368e-01
   7.9000000e+00   2.2206448e-01  -1.4005802e-01
   8.0000000e+00   1.8157337e-01  -5.6164102e-02
   8.1000000e+00   1.1693006e-01   4.2521400e-02
   8.2000000e+00   3.5263761e-02   1.1570277e-01
   8.3000000e+00  -3.4424862e-02   1.3524912e-01
   8.4000000e+00  -6.6593584e-02   9.7966959e-02
   8.5000000e+00  -6.7877058e-02   2.1135623e-02
   8.6000000e+00  -7.2193976e-02  -6.9298226e-02
   8.7000000e+00  -1.0383736e-01  -1.4806322e-01
   8.8000000e+00  -1.5156175e-01  -1.9767411e-01
   8.9000000e+00  -1.8470736e-01  -2.1439991e-01
   9.0000000e+00  -1.8983902e-01  -2.0732041e-01
   9.1000000e+00  -1.8193743e-01  -1.8769909e-01
   9.2000000e+00  -1.7995152e-01  -1.5911997e-01
   9.3000000e+00  -1.8332178e-01  -1.2091192e-01
   9.4000000e+00  -1.8087494e-01  -8.0077663e-02
   9.5000000e+00  -1.7581114e-01  -5.3151991e-02
   9.6000000e+00  -1.8763043e-01  -5.1369188e-02
   9.7000000e+00  -2.2495255e-01  -6.6359606e-02
   9.8000000e+00  -2.6577031e-01  -7.6090879e-02
   9.9000000e+00  -2.7506255e-01  -6.6479643e-02
   1.0000000e+01  -2.4221356e-01  -4.4381679e-02
   1.0100000e+01  -1.9424486e-01  -2.8053713e-02
   1.0200000e+01  -1.6860244e-01  -2.7578614e-02
   1.0300000e+01  -1.7569357e-01  -3.7009836e-02
   1.0400000e+01  -1.9112888e-01  -4.3379483e-02
   1.0500000e+01  -1.8286063e-01  -3.8647271e-02
   1.0600000e+01  -1.4208204e-01  -2.1657359e-02
   1.0700000e+01  -8.7523423e-02   7.0452412e-03
   1.0800000e+01  -4.3822814e-02   4.6319346e-02
   1.0900000e+01  -1.9240719e-02   8.9018716e-02
   1.1000000e+01  -3.3923872e-03   1.2010340e-01
   1.1100000e+01   1.7231887e-02   1.2617027e-01
   1.1200000e+01   4.3809327e-02   1.0857416e-01
   1.1300000e+01   6.3874706e-02   8.3765208e-02
   1.1400000e+01   6.3449323e-02   6.7448215e-02
   1.1500000e+01   4.0895454e-02   5.9766425e-02
   1.1600000e+01   1.0694260e-02   4.9287566e-02
   1.1700000e+01  -6.1251569e-03   3.0463183e-02
   1.1800000e+01   2.3918248e-03   1.2081023e-02
   1.1900000e+01   3.0108472e-02   7.0616085e-03
   1.2000000e+01   5.8299942e-02   1.9251689e-02
   1.2100000e+01   7.1183899e-02   4.4412919e-02
   1.2200000e+01   6.7646528e-02   7.8917395e-02
   1.2300000e+01   5.8913831e-02   1.1796911e-01
   1.2400000e+01   5.5750682e-02   1.4508224e-01
   1.2500000e+01   5.8747485e-02   1.3530387e-01
   1.2600000e+01   6.0908006e-02   7.9945680e-02
   1.2700000e+01   5.8086024e-02   6.4976894e-03
   1.2800000e+01   5.4711859e-02  -3.6208205e-02
   1.2900000e+01   5.8132458e-02  -1.9171689e-02
   1.3000000e+01   6.8065873e-02   4.0944801e-02
   1.3100000e+01   7.3795812e-02   9.8247538e-02
   1.3200000e+01   6.3838167e-02   1.1826744e-01
   1.3300000e+01   3.8827253e-02   1.0251187e-01
   1.3400000e+01   1.3499812e-02   7.7910717e-02
   1.3500000e+01   4.2626702e-03   6.7651727e-02
   1.3600000e+01   1.4288186e-02   7.2452996e-02
   1.3700000e+01   3.1252292e-02   7.5656836e-02
   1.3800000e+01   3.9578552e-02   6.2648186e-02
   1.3900000e+01   3.4019894e-02   3.4902509e-02
   1.4000000e+01   2.1320253e-02   6.4683319e-03
   1.4100000e+01   1.0631441e-02  -1.2016028e-02
   1.4200000e+01   4.6230407e-03  -2.4487720e-02
   1.4300000e+01   9.7504196e-07  -4.3451332e-02
   1.4400000e+01  -5.6357686e-03  -7.2963136e-02
   1.4500000e+01  -9.8705179e-03  -9.9740162e-02
   1.4600000e+01  -8.9838914e-03  -1.0369787e-01
   1.4700000e+01  -4.5881025e-03  -7.8064237e-02
   1.4800000e+01  -5.3619473e-03  -3.8088938e-02
   1.4900000e+01  -2.0216475e-02  -8.9411107e-03
   1.5000000e+01  -4.7804658e-02  -4.9769621e-03
   1.5100000e+01  -7.2742094e-02  -2.0743984e-02
   1.5200000e+01  -7.4895862e-02  -4.0939494e-02
   1.5300000e+01  -4.5998007e-02  -5.7227095e-02
   1.5400000e+01   1.1118334e-03  -7.4550634e-02
   1.5500000e+01   4.0243184e-02  -1.0198860e-01
   1.5600000e+01   5.0644710e-02  -1.3882904e-01
   1.5700000e+01   3.0843681e-02  -1.7025229e-01
   1.5800000e+01  -2.7557281e-03  -1.7729456e-01
   1.5900000e+01  -2.8969597e-02  -1.5266116e-01
   1.6000000e+01  -3.5565249e-02  -1.0820558e-01
   1.6100000e+01  -2.5330135e-02  -6.6133230e-02
   1.6200000e+01  -1.2323648e-02  -4.0603976e-02
   1.6300000e+01  -1.0785643e-02  -2.7277979e-02
   1.6400000e+01  -2.3390717e-02  -1.2444799e-02
   1.6500000e+01  -3.8026248e-02   7.3328072e-03
   1.6600000e+01  -3.7339996e-02   1.7901243e-02
   1.6700000e+01  -1.3696326e-02   3.0896958e-03
   1.6800000e+01   2.4276514e-02  -3.3613394e-02
   1.6900000e+01   5.9547398e-02  -6.7450818e-02
   1.7000000e+01   8.0463307e-02  -7.4574309e-02
   1.7100000e+01   8.7173297e-02  -5.3760899e-02
   1.7200000e+01   8.6845695e-02  -2.4404540e-02
   1.7300000e+01   8.5265245e-02  -5.4157058e-03
   1.7400000e+01   8.3434780e-02   6.0277296e-04
   1.7500000e+01   8.0099266e-02   3.7002622e-03
   1.7600000e+01   7.5144991e-02   1.2451017e-02
   1.7700000e+01   6.9989354e-02   2.5948384e-02
   1.7800000e+01   6.5657995e-02   3.6784922e-02
   1.7900000e+01   6.1510680e-02   3.8038547e-02
   1.8000000e+01   5.6072599e-02   2.7757859e-02
   1.8100000e+01   4.8673903e-02   1.0481107e-02
   1.8200000e+01   3.9714189e-02  -3.3013887e-03
   1.8300000e+01   2.9286267e-02  -1.0979061e-03
   1.8400000e+01   1.6317178e-02   2.3879720e-02
   1.8500000e+01  -6.5384502e-05   6.5909989e-02
   1.8600000e+01  -1.8507210e-02   1.0797945e-01
   1.8700000e+01  -3.5936513e-02   1.3294872e-01
   1.8800000e+01  -5.0661811e-02   1.3665846e-01
   1.8900000e+01  -6.3870986e-02   1.3030082e-01
   1.9000000e+01  -7.6540216e-02   1.2786682e-01
   1.9100000e+01  -8.5230720e-02   1.3055286e-01
   1.9200000e+01  -8.3516355e-02   1.2572465e-01
   1.9300000e+01  -6.9800046e-02   1.0304273e-01
   1.9400000e+01  -5.3101841e-02   6.9480463e-02
   1.9500000e+01  -4.8267264e-02   4.4597874e-02
   1.9600000e+01  -6.3293996e-02   4.0813014e-02
   1.9700000e+01  -9.1433460e-02   5.1983889e-02
   1.9800000e+01  -1.1653908e-01   6.2875123e-02
   1.9900000e+01  -1.2589513e-01   6.5898614e-02
   2.0000000e+01  -1.1753718e-01   6.4589240e-02
   2.0100000e+01  -9.7157025e-02   6.3363883e-02
   2.0200000e+01  -7.1701556e-02   6.0726418e-02
   2.0300000e+01  -4.7331154e-02   5.4273312e-02
   2.0400000e+01  -3.0111745e-02   4.6187428e-02
   2.0500000e+01  -2.3843013e-02   3.8054576e-02
   2.0600000e+01  -2.6395022e-02   2.3217588e-02
   2.0700000e+01  -3.1450448e-02  -7.6059397e-03
   2.0800000e+01  -3.5848874e-02  -5.0488235e-02
   2.0900000e+01  -4.2875887e-02  -8.4310317e-02
   2.1000000e+01  -5.5312630e-02  -8.9731748e-02
   2.1100000e+01  -6.6565948e-02  -7.1936778e-02
   2.1200000e+01  -6.3181257e-02  -5.8684532e-02
   2.1300000e+01  -3.8181032e-02  -7.2389160e-02
   2.1400000e+01   4.1813469e-04  -1.0645777e-01
   2.1500000e+01   3.6694697e-02  -1.3244879e-01
   2.1600000e+01   6.1076169e-02  -1.2960892e-01
   2.1700000e+01   7.5213615e-02  -1.0402811e-01
   2.1800000e+01   8.4136474e-02  -7.8626624e-02
   2.1900000e+01   8.8178557e-02  -6.8484182e-02
   2.2000000e+01   8.4852045e-02  -6.9299195e-02
   2.2100000e+01   7.5720174e-02  -6.8015205e-02
   2.2200000e+01   6.7203792e-02  -5.9385708e-02
   2.2300000e+01   6.4141440e-02  -4.9232540e-02
   2.2400000e+01   6.5205942e-02  -4.3793366e-02
   2.2500000e+01   6.5923280e-02  -4.0560277e-02
   2.2600000e+01   6.4534156e-02  -3.2028225e-02
   2.2700000e+01   6.3380143e-02  -1.6944778e-02
   2.2800000e+01   6.5573689e-02  -4.2724126e-03
   2.2900000e+01   7.1975894e-02  -3.5185181e-03
   2.3000000e+01   8.0931037e-02  -1.1702751e-02
   2.3100000e+01   8.9196780e-02  -1.3085625e-02
   2.3200000e+01   9.3177679e-02   5.1447237e-03
   2.3300000e+01   9.1243799e-02   3.6852717e-02
   2.3400000e+01   8.5669609e-02   5.9269988e-02
   2.3500000e+01   8.0629038e-02   5.3636783e-02
   2.3600000e+01   7.6943252e-02   2.3323916e-02
   2.3700000e+01   7.0348344e-02  -9.8163170e-03
   2.3800000e+01   5.7239490e-02  -2.6442183e-02
   2.3900000e+01   4.1225068e-02  -2.5060859e-02
   2.4000000e+01   3.0398343e-02  -1.7022985e-02
   2.4100000e+01   2.6672561e-02  -1.0694876e-02
   2.4200000e+01   2.0835087e-02  -4.5580107e-03
   2.4300000e+01   1.8495205e-03   5.4924780e-03
   2.4400000e+01  -2.9198445e-02   1.7681204e-02
   2.4500000e+01  -5.7535217e-02   2.6444327e-02
   2.4600000e+01  -6.8327912e-02   3.0407045e-02
   2.4700000e+01  -6.0306185e-02   3.3873720e-02
   2.4800000e+01  -4.5172365e-02   3.9934093e-02
   2.4900000e+01  -3.5992876e-02   4.5665122e-02
   2.5000000e+01  -3.8604075e-02   4.6622578e-02
   2.5100000e+01  -5.2667768e-02   4.4252320e-02
   2.5200000e+01  -7.6209199e-02   4.5337675e-02
   2.5300000e+01  -1.0603167e-01   5.3159228e-02
   2.5400000e+01  -1.3503363e-01   6.1211887e-02
   2.5500000e+01  -1.5261228e-01   5.7670207e-02
   2.5600000e+01  -1.5031064e-01   3.6290864e-02
   2.5700000e+01  -1.2851975e-01   2.5151573e-03
   2.5800000e+01  -9.8576588e-02  -3.0733935e-02
   2.5900000e+01  -7.7682695e-02  -5.2506968e-02
   2.6000000e+01  -7.8498738e-02  -5.9493373e-02
   2.6100000e+01  -9.9502893e-02  -5.4101396e-02
   2.6200000e+01  -1.2389655e-01  -3.9098903e-02
   2.6300000e+01  -1.3025112e-01  -1.5647959e-02
   2.6400000e+01  -1.0831641e-01   1.3292479e-02
   2.6500000e+01  -6.7203829e-02   3.9378206e-02
   2.6600000e+01  -2.8289144e-02   5.1502956e-02
   2.6700000e+01  -8.2601373e-03   4.3929328e-02
   2.6800000e+01  -6.5585454e-03   2.1648617e-02
   2.6900000e+01  -7.6399730e-03  -3.4404723e-03
   2.7000000e+01   4.4390525e-03  -2.1841500e-02
   2.7100000e+01   3.2118425e-02  -3.1642401e-02
   2.7200000e+01   6.3187661e-02  -3.5775531e-02
   2.7300000e+01   8.2775355e-02  -3.7007806e-02
   2.7400000e+01   8.6681564e-02  -3.6745904e-02
   2.7500000e+01   8.3273897e-02  -3.6108078e-02
   2.7600000e+01   8.3087267e-02  -3.4600228e-02
   2.7700000e+01   8.8185857e-02  -2.7760069e-02
   2.7800000e+01   9.2971108e-02  -9.7118449e-03
   2.7900000e+01   9.4326953e-02   1.9239297e-02
   2.8000000e+01   9.7682864e-02   4.8415567e-02
   2.8100000e+01   1.1059532e-01   6.2448050e-02
   2.8200000e+01   1.3116302e-01   5.2284072e-02
   2.8300000e+01   1.4583590e-01   2.1436244e-02
   2.8400000e+01   1.4076377e-01  -1.6448172e-02
   2.8500000e+01   1.1516824e-01  -4.4711988e-02
   2.8600000e+01   8.2871948e-02  -5.1259949e-02
   2.8700000e+01   6.1012949e-02  -3.5093577e-02
   2.8800000e+01   5.7343607e-02  -8.4884652e-03
   2.8900000e+01   6.6491690e-02   1.0229789e-02
   2.9000000e+01   7.5528170e-02   1.0977868e-02
   2.9100000e+01   7.2698190e-02   3.2777458e-04
   2.9200000e+01   5.4094523e-02  -6.1701460e-03
   2.9300000e+01   2.5611236e-02  -4.5041400e-04
   2.9400000e+01  -1.3074406e-03   1.1262478e-02
   2.9500000e+01  -1.8310729e-02   1.8362511e-02
   2.9600000e+01  -2.6068324e-02   1.9082401e-02
   2.9700000e+01  -3.1068607e-02   2.0706050e-02
   2.9800000e+01  -3.6821276e-02   2.8364415e-02
   2.9900000e+01  -4.0833684e-02   3.8237462e-02
   3.0000000e+01  -4.1842062e-02   4.3337359e-02
   3.0100000e+01  -4.6959618e-02   4.2679495e-02
   3.0200000e+01  -6.6405449e-02   4.1336033e-02
   3.0300000e+01  -9.9766362e-02   4.2299266e-02
   3.0400000e+01  -1.3129228e-01   4.1778010e-02
   3.0500000e+01  -1.4255062e-01   3.4130163e-02
   3.0600000e+01  -1.2938207e-01   2.0004211e-02
   3.0700000e+01  -1.0469076e-01   7.6991322e-03
   3.0800000e+01  -8.5886904e-02   5.8988512e-03
   3.0900000e+01  -8.2051915e-02   1.5013546e-02
   3.1000000e+01  -9.1356300e-02   2.5394462e-02
   3.1100000e+01  -1.0482782e-01   2.4456878e-02
   3.1200000e+01  -1.1003020e-01   7.2164226e-03
   3.1300000e+01  -9.6492296e-02  -1.8691832e-02
   3.1400000e+01  -6.4861859e-02  -3.8737557e-02
   3.1500000e+01  -3.1010533e-02  -4.3854046e-02
   3.1600000e+01  -1.4860646e-02  -3.8175754e-02
   3.1700000e+01  -2.1011864e-02  -3.4273708e-02
   3.1800000e+01  -3.2691881e-02  -4.0276539e-02
   3.1900000e+01  -2.8457129e-02  -5.1886084e-02
   3.2000000e+01  -4.1170716e-03  -5.7289001e-02
   3.2100000e+01   2.4694012e-02  -4.9418168e-02
   3.2200000e+01   4.0810142e-02  -3.2872482e-02
   3.2300000e+01   4.2306035e-02  -1.9367490e-02
   3.2400000e+01   4.0014290e-02  -1.7504117e-02
   3.2500000e+01   4.2613812e-02  -2.6838352e-02
   3.2600000e+01   4.8453727e-02  -4.0111206e-02
   3.2700000e+01   5.1069458e-02  -4.9673901e-02
   3.2800000e+01   4.8215641e-02  -5.2305567e-02
   3.2900000e+01   4.3495062e-02  -4.9782274e-02
   3.3000000e+01   4.1633500e-02  -4.5888850e-02
   3.3100000e+01   4.4951294e-02  -4.2482100e-02
   3.3200000e+01   5.3531679e-02  -3.8124839e-02
   3.3300000e+01   6.5703278e-02  -3.1043960e-02
   3.3400000e+01   7.7416607e-02  -2.3094002e-02
   3.3500000e+01   8.3504741e-02  -1.8609913e-02
   3.3600000e+01   8.1815801e-02  -1.7643574e-02
   3.3700000e+01   7.5376828e-02  -1.2120585e-02
   3.3800000e+01   6.8427872e-02   7.3737221e-03
   3.3900000e+01   6.0690348e-02   3.9604522e-02
   3.4000000e+01   4.8596794e-02   6.9998585e-02
   3.4100000e+01   3.3668112e-02   8.2311892e-02
   3.4200000e+01   2.6432841e-02   7.2106225e-02
   3.4300000e+01   3.6959945e-02   4.7523468e-02
   3.4400000e+01   6.0542241e-02   1.9728819e-02
   3.4500000e+01   7.7259401e-02  -2.7874865e-03
   3.4600000e+01   7.0247012e-02  -1.1759284e-02
   3.4700000e+01   4.3708431e-02   4.5482579e-04
   3.4800000e+01   1.8841992e-02   3.1329055e-02
   3.4900000e+01   1.0800225e-02   6.2222773e-02
   3.5000000e+01   1.2968259e-02   7.1051136e-02
   3.5100000e+01   6.5795512e-03   5.4891784e-02
   3.5200000e+01  -1.6512090e-02   3.5413030e-02
   3.5300000e+01  -4.4802429e-02   3.6490153e-02
   3.5400000e+01  -6.0770000e-02   5.7681895e-02
   3.5500000e+01  -5.9414381e-02   7.4657651e-02
   3.5600000e+01  -5.0983543e-02   6.6246396e-02
   3.5700000e+01  -4.8017199e-02   3.6373140e-02
   3.5800000e+01  -5.3432067e-02   6.8784536e-03
   3.5900000e+01  -6.1011696e-02  -7.2121003e-03
   3.6000000e+01  -6.3952125e-02  -1.0065074e-02
   3.6100000e+01  -6.1153981e-02  -1.3989749e-02
   3.6200000e+01  -5.7270303e-02  -2.2504564e-02
   3.6300000e+01  -5.9003700e-02  -2.8144688e-02
   3.6400000e+01  -7.0338958e-02  -2.4141191e-02
   3.6500000e+01  -8.8322466e-02  -1.3232148e-02
   3.6600000e+01  -1.0261047e-01  -4.1755912e-03
   3.6700000e+01  -1.0172934e-01  -3.0177618e-03
   3.6800000e+01  -8.2820087e-02  -9.8993852e-03
   3.6900000e+01  -5.5634774e-02  -2.2079882e-02
   3.7000000e+01  -3.5156432e-02  -3.6374066e-02
   3.7100000e+01  -2.8960396e-02  -4.8319683e-02
   3.7200000e+01  -3.2076005e-02  -5.2375730e-02
   3.7300000e+01  -3.4476562e-02  -4.6058381e-02
   3.7400000e+01  -3.2155328e-02  -3.3699000e-02
   3.7500000e+01  -2.8895120e-02  -2.3863797e-02
   3.7600000e+01  -2.7708760e-02  -2.1757727e-02
   3.7700000e+01  -2.4273580e-02  -2.4733109e-02
   3.7800000e+01  -1.2135113e-02  -2.6092082e-02
   3.7900000e+01   6.7251412e-03  -2.2885376e-02
   3.8000000e+01   2.1109355e-02  -1.8780364e-02
   3.8100000e+01   2.2988661e-02  -1.8792050e-02
   3.8200000e+01   1.8231243e-02  -2.2077352e-02
   3.8300000e+01   2.0985438e-02  -2.1403683e-02
   3.8400000e+01   3.7350014e-02  -1.0620542e-02
   3.8500000e+01   5.8421328e-02   7.6017757e-03
   3.8600000e+01   7.1369701e-02   2.2481671e-02
   3.8700000e+01   7.4126072e-02   2.4484120e-02
   3.8800000e+01   7.5169719e-02   1.4234828e-02
   3.8900000e+01   8.0169818e-02   1.8185163e-03
   3.9000000e+01   8.4279254e-02  -3.0278389e-03
   3.9100000e+01   8.0015675e-02   8.9257597e-05
   3.9200000e+01   6.8945591e-02   3.0009842e-03
   3.9300000e+01   6.0706468e-02  -1.7623730e-03
   3.9400000e+01   6.0708784e-02  -1.2995798e-02
   3.9500000e+01   6.3115749e-02  -2.1817115e-02
   3.9600000e+01   5.8311870e-02  -1.9762462e-02
   3.9700000e+01   4.5079349e-02  -5.6768968e-03
   3.9800000e+01   3.2208084e-02   1.4291727e-02
   3.9900000e+01   2.8035234e-02   3.1987114e-02
   4.0000000e+01   3.0919461e-02   4.2288169e-02
   4.0100000e+01   3.1618547e-02   4.4416137e-02
   4.0200000e+01   2.4008103e-02   4.0185485e-02
   4.0300000e+01   1.1284667e-02   3.1840809e-02
   4.0400000e+01   7.8756606e-04   2.1324029e-02
   4.0500000e+01  -5.6949314e-03   1.0980359e-02
   4.0600000e+01  -1.3687102e-02   4.1784593e-03
   4.0700000e+01  -2.6950797e-02   4.0690458e-03
   4.0800000e+01  -3.8944402e-02   1.0614429e-02
   4.0900000e+01  -3.7538031e-02   1.8937146e-02
   4.1000000e+01  -2.0078058e-02   2.2215923e-02
   4.1100000e+01  -8.6563006e-04   1.7840764e-02
   4.1200000e+01   9.8467397e-04   1.0632094e-02
   4.1300000e+01  -1.7755702e-02   8.5557490e-03
   4.1400000e+01  -3.9171988e-02   1.4499117e-02
   4.1500000e+01  -4.2738453e-02   2.3056968e-02
   4.1600000e+01  -2.7929479e-02   2.6294890e-02
   4.1700000e+01  -1.4745158e-02   2.2125304e-02
   4.1800000e+01  -2.0925931e-02   1.5880468e-02
   4.1900000e+01  -4.2058564e-02   1.3913214e-02
   4.2000000e+01  -5.7303638e-02   1.7214407e-02
   4.2100000e+01  -5.2997308e-02   2.1799079e-02
   4.2200000e+01  -3.6070747e-02   2.3552453e-02
   4.2300000e+01  -2.3313064e-02   2.0669233e-02
   4.2400000e+01  -2.2088946e-02   1.1914588e-02
   4.2500000e+01  -2.5980386e-02  -4.5062103e-03
   4.2600000e+01  -2.7186421e-02  -2.7979606e-02
   4.2700000e+01  -2.6590694e-02  -5.1854463e-02
   4.2800000e+01  -2.8960050e-02  -6.5221313e-02
   4.2900000e+01  -3.2980269e-02  -6.0539209e-02
   4.3000000e+01  -3.1887477e-02  -4.0408762e-02
   4.3100000e+01  -2.3396899e-02  -1.6652151e-02
   4.3200000e+01  -1.3599839e-02  -2.0157349e-03
   4.3300000e+01  -8.7420211e-03  -1.7388955e-03
   4.3400000e+01  -6.8671172e-03  -1.2034731e-02
   4.3500000e+01  -1.4546055e-03  -2.5661234e-02
   4.3600000e+01   8.3304119e-03  -3.8213901e-02
   4.3700000e+01   1.5485811e-02  -4.9080206e-02
   4.3800000e+01   1.3981200e-02  -5.7566709e-02
   4.3900000e+01   6.1818982e-03  -6.0186597e-02
   4.4000000e+01  -6.2308286e-04  -5.3243115e-02
   4.4100000e+01  -2.6539137e-03  -3.7813248e-02
   4.4200000e+01  -1.4058628e-03  -2.0494185e-02
   4.4300000e+01   2.1150155e-03  -7.7787758e-03
   4.4400000e+01   1.0810337e-02   1.3722242e-04
   4.4500000e+01   2.6667331e-02   8.4862700e-03
   4.4600000e+01   4.4020380e-02   1.9900725e-02
   4.4700000e+01   5.1032818e-02   2.8293996e-02
   4.4800000e+01   4.0264522e-02   2.3399816e-02
   4.4900000e+01   1.8030122e-02   3.2155319e-03
   4.5000000e+01   1.6854381e-03  -1.9264751e-02
   4.5100000e+01   5.0672763e-03  -2.5088748e-02
   4.5200000e+01   2.4874833e-02  -7.4189638e-03
   4.5300000e+01   4.2282667e-02   2.0120893e-02
   4.5400000e+01   4.0590761e-02   3.5350483e-02
   4.5500000e+01   2.2390676e-02   2.8769805e-02
   4.5600000e+01   7.4589336e-03   1.2461036e-02
   4.5700000e+01   1.1617626e-02   7.8074431e-03
   4.5800000e+01   2.8684127e-02   2.5183838e-02
   4.5900000e+01   3.6331039e-02   5.5393770e-02
   4.6000000e+01   2.0542765e-02   7.8501241e-02
   4.6100000e+01  -8.5103871e-03   7.9032796e-02
   4.6200000e+01  -2.7235953e-02   5.4682309e-02
   4.6300000e+01  -2.3662904e-02   1.5588851e-02
   4.6400000e+01  -8.6834197e-03  -2.1569725e-02
   4.6500000e+01  -2.5233543e-03  -4.1304139e-02
   4.6600000e+01  -1.3599643e-02  -3.7255796e-02
   4.6700000e+01  -3.2650971e-02  -1.6453935e-02
   4.6800000e+01  -4.4768693e-02   5.0488666e-03
   4.6900000e+01  -4.3089847e-02   1.4076766e-02
   4.7000000e+01  -3.1328864e-02   1.0303948e-02
   4.7100000e+01  -1.8056802e-02   4.6593512e-03
   4.7200000e+01  -1.1485626e-02   7.0699742e-03
   4.7300000e+01  -1.6336762e-02   1.5632335e-02
   4.7400000e+01  -2.9946371e-02   1.8754700e-02
   4.7500000e+01  -4.0556812e-02   8.5843852e-03
   4.7600000e+01  -3.4481641e-02  -8.8283607e-03
   4.7700000e+01  -9.5915819e-03  -1.8928036e-02
   4.7800000e+01   1.9013667e-02  -1.4827081e-02
   4.7900000e+01   3.0510644e-02  -5.7888555e-03
   4.8000000e+01   1.7325621e-02  -6.7294409e-03
   4.8100000e+01  -8.0419984e-03  -1.9654679e-02
   4.8200000e+01  -2.5020363e-02  -2.9190249e-02
   4.8300000e+01  -2.2226854e-02  -1.9100633e-02
   4.8400000e+01  -3.3034484e-03   8.4263750e-03
   4.8500000e+01   2.0084319e-02   3.3315864e-02
   4.8600000e+01   3.7024735e-02   3.7865294e-02
   4.8700000e+01   4.0748121e-02   2.3917014e-02
   4.8800000e+01   2.9572045e-02   8.4086644e-03
   4.8900000e+01   9.0188566e-03   3.9845810e-03
   4.9000000e+01  -8.3884290e-03   7.1932164e-03
   4.9100000e+01  -1.0244574e-02   6.0683725e-03
   4.9200000e+01   5.6500424e-03  -3.8375267e-03
   4.9300000e+01   2.8435431e-02  -1.4148275e-02
   4.9400000e+01   4.2896192e-02  -1.4364643e-02
   4.9500000e+01   4.2080776e-02  -5.1582540e-03
   4.9600000e+01   3.1980793e-02   1.5712034e-03
   4.9700000e+01   2.4529212e-02  -3.9658162e-03
   4.9800000e+01   2.6575312e-02  -1.8083711e-02
   4.9900000e+01   3.5455814e-02  -2.7352767e-02
   5.0000000e+01   4.4005994e-02  -2.3212003e-02
   5.0100000e+01   4.8077283e-02  -1.0908441e-02
   5.0200000e+01   4.8353004e-02  -3.1516910e-03
   5.0300000e+01   4.6339195e-02  -6.5530453e-03
   5.0400000e+01   4.1556578e-02  -1.6243484e-02
   5.0500000e+01   3.3959655e-02  -2.3165298e-02
   5.0600000e+01   2.6842110e-02  -2.3786058e-02
   5.0700000e+01   2.3919570e-02  -2.1129493e-02
   5.0800000e+01   2.3126668e-02  -1.8213218e-02
   5.0900000e+01   1.6364181e-02  -1.3735157e-02
   5.1000000e+01  -2.0348256e-03  -5.1299599e-03
   5.1100000e+01  -2.7445157e-02   6.1633410e-03
   5.1200000e+01  -4.7942612e-02   1.4682596e-02
   5.1300000e+01  -5.5789692e-02   1.6289902e-02
   5.1400000e+01  -5.4842436e-02   1.2367568e-02
   5.1500000e+01  -5.6034002e-02   8.2147060e-03
   5.1600000e+01  -6.6039347e-02   7.8113785e-03
   5.1700000e+01  -8.0271328e-02   1.0482509e-02
   5.1800000e+01  -8.6141947e-02   1.2273396e-02
   5.1900000e+01  -7.3700874e-02   1.0263263e-02
   5.2000000e+01  -4.5533007e-02   5.9053881e-03
   5.2100000e+01  -1.7736771e-02   4.3762233e-03
   5.2200000e+01  -9.2060372e-03   9.8443135e-03
   5.2300000e+01  -2.6135036e-02   2.0409554e-02
   5.2400000e+01  -5.5230662e-02   2.8183218e-02
   5.2500000e+01  -7.3519646e-02   2.5975738e-02
   5.2600000e+01  -6.7322867e-02   1.4472633e-02
   5.2700000e+01  -4.3231694e-02   1.5927965e-03
   5.2800000e+01  -2.0994752e-02  -6.0239197e-03
   5.2900000e+01  -1.5294933e-02  -9.4663216e-03
   5.3000000e+01  -2.3311737e-02  -1.3956108e-02
   5.3100000e+01  -2.8944081e-02  -2.0219684e-02
   5.3200000e+01  -1.9258064e-02  -2.2739463e-02
   5.3300000e+01   2.3326972e-03  -1.7277654e-02
   5.3400000e+01   1.9161216e-02  -6.9250806e-03
   5.3500000e+01   1.8671271e-02   1.8335925e-03
   5.3600000e+01   6.8523605e-03   6.8506412e-03
   5.3700000e+01   3.2410309e-03   1.0289218e-02
   5.3800000e+01   1.9595833e-02   1.1633654e-02
   5.3900000e+01   4.4884102e-02   5.9500072e-03
   5.4000000e+01   5.4901701e-02  -8.0597106e-03
   5.4100000e+01   3.7953842e-02  -2.1758177e-02
   5.4200000e+01   8.4696436e-03  -2.3368672e-02
   5.4300000e+01  -7.2897027e-03  -1.1246594e-02
   5.4400000e+01   2.1308824e-03   3.3313373e-03
   5.4500000e+01   2.3685052e-02   8.0973846e-03
   5.4600000e+01   3.6214182e-02   2.1017588e-03
   5.4700000e+01   3.2573520e-02  -5.3907049e-03
   5.4800000e+01   2.3180291e-02  -5.8455295e-03
   5.4900000e+01   2.0752799e-02   1.3615081e-03
   5.5000000e+01   2.7006281e-02   1.0997711e-02
   5.5100000e+01   3.5477079e-02   1.7118370e-02
   5.5200000e+01   4.2301667e-02   1.5512303e-02
   5.5300000e+01   4.8872871e-02   4.8762456e-03
   5.5400000e+01   5.4982892e-02  -1.1128906e-02
   5.5500000e+01   5.5471406e-02  -2.4003395e-02
   5.5600000e+01   4.6945161e-02  -2.5659634e-02
   5.5700000e+01   3.4396875e-02  -1.4717869e-02
   5.5800000e+01   2.6257296e-02   2.9817577e-03
   5.5900000e+01   2.3434379e-02   1.9620988e-02
   5.6000000e+01   1.8225435e-02   2.9706715e-02
   5.6100000e+01   6.0768067e-03   2.9982749e-02
   5.6200000e+01  -5.7231962e-03   1.8950908e-02
   5.6300000e+01  -5.7191848e-03  -3.9329766e-04
   5.6400000e+01   6.4063805e-03  -1.8540425e-02
   5.6500000e+01   1.7086625e-02  -2.4165075e-02
   5.6600000e+01   1.3432236e-02  -1.3384111e-02
   5.6700000e+01  -2.2828637e-03   5.9157755e-03
   5.6800000e+01  -1.5491089e-02   1.9918334e-02
   5.6900000e+01  -1.5427179e-02   1.9498684e-02
   5.7000000e+01  -5.4005362e-03   6.4085995e-03
   5.7100000e+01   3.0106107e-03  -8.5440496e-03
   5.7200000e+01   2.8904674e-03  -1.2720453e-02
   5.7300000e+01  -2.9964056e-03  -3.7753758e-04
   5.7400000e+01  -8.5807503e-03   2.1376129e-02
   5.7500000e+01  -1.2629452e-02   3.5098261e-02
   5.7600000e+01  -1.9004281e-02   2.6023498e-02
   5.7700000e+01  -3.0019216e-02  -3.4123680e-03
   5.7800000e+01  -4.1720011e-02  -3.2835478e-02
   5.7900000e+01  -4.6779428e-02  -4.1308598e-02
   5.8000000e+01  -4.1441275e-02  -2.6998114e-02
   5.8100000e+01  -2.8616211e-02  -8.0396167e-03
   5.8200000e+01  -1.4360420e-02  -2.7419197e-03
   5.8300000e+01  -2.7197439e-03  -1.0517523e-02
   5.8400000e+01   5.2714171e-03  -1.4544290e-02
   5.8500000e+01   9.0296466e-03  -2.5962196e-03
   5.8600000e+01   7.3854840e-03   1.7983239e-02
   5.8700000e+01   8.8588491e-04   2.7951024e-02
   5.8800000e+01  -6.5158217e-03   1.7164593e-02
   5.8900000e+01  -1.0074108e-02  -4.9803790e-03
   5.9000000e+01  -8.9308711e-03  -2.0428066e-02
   5.9100000e+01  -7.3045649e-03  -2.0855135e-02
   5.9200000e+01  -1.0322575e-02  -1.2719034e-02
   5.9300000e+01  -1.8535541e-02  -5.7154402e-03
   5.9400000e+01  -2.6550904e-02  -1.1191503e-03
   5.9500000e+01  -2.7315177e-02   5.7702067e-03
   5.9600000e+01  -1.8479759e-02   1.4726503e-02
   5.9700000e+01  -5.1219205e-03   1.7797313e-02
   5.9800000e+01   4.1940752e-03   9.2186470e-03
   5.9900000e+01   4.7857761e-03  -5.3480449e-03
   6.0000000e+01  -7.0176035e-04  -1.3256938e-02
   6.0100000e+01  -6.4705667e-03  -8.0643148e-03
   6.0200000e+01  -1.0314060e-02   4.6119404e-03
   6.0300000e+01  -1.4662825e-02   1.4631585e-02
   6.0400000e+01  -2.1106472e-02   1.7554526e-02
   6.0500000e+01  -2.6402522e-02   1.5509667e-02
   6.0600000e+01  -2.5931995e-02   1.0810449e-02
   6.0700000e+01  -2.0068639e-02   3.4748653e-03
   6.0800000e+01  -1.4637802e-02  -4.0746399e-03
   6.0900000e+01  -1.4579933e-02  -4.2781315e-03
   6.1000000e+01  -1.8810869e-02   8.7093820e-03
   6.1100000e+01  -2.2027313e-02   2.9205440e-02
   6.1200000e+01  -2.0062619e-02   4.1190171e-02
   6.1300000e+01  -1.2425736e-02   3.3064342e-02
   6.1400000e+01  -1.3169612e-03   1.1000161e-02
   6.1500000e+01   9.3980894e-03  -5.4055511e-03
   6.1600000e+01   1.4858192e-02  -2.5939328e-03
   6.1700000e+01   1.2381176e-02   1.2904242e-02
   6.1800000e+01   6.0279822e-03   2.1558346e-02
   6.1900000e+01   5.8037311e-03   1.1582378e-02
   6.2000000e+01   1.8420298e-02  -9.2546431e-03
   6.2100000e+01   3.7894964e-02  -2.2888065e-02
   6.2200000e+01   4.8172984e-02  -1.9956007e-02
   6.2300000e+01   3.8084219e-02  -7.8122582e-03
   6.2400000e+01   1.3689210e-02  -7.4419330e-04
   6.2500000e+01  -6.0441854e-03  -4.9549290e-03
   6.2600000e+01  -6.3448356e-03  -1.4140280e-02
   6.2700000e+01   1.1398593e-02  -1.8057356e-02
   6.2800000e+01   3.3907599e-02  -1.3408255e-02
   6.2900000e+01   4.9038640e-02  -6.3030347e-03
   6.3000000e+01   5.2946686e-02  -5.2708853e-03
   6.3100000e+01   4.7686997e-02  -1.2423531e-02
   6.3200000e+01   3.7296692e-02  -2.1381948e-02
   6.3300000e+01   2.7565999e-02  -2.4203387e-02
   6.3400000e+01   2.5008788e-02  -2.0605287e-02
   6.3500000e+01   3.1104730e-02  -1.9148515e-02
   6.3600000e+01   3.8078967e-02  -2.7412492e-02
   6.3700000e+01   3.4763823e-02  -4.1261914e-02
   6.3800000e+01   1.8782376e-02  -4.6933871e-02
   6.3900000e+01   7.9060388e-04  -3.6217713e-02
   6.4000000e+01  -5.8069356e-03  -1.7988705e-02
   6.4100000e+01   1.2736238e-03  -1.0656807e-02
   6.4200000e+01   1.1395843e-02  -2.1617860e-02
   6.4300000e+01   1.2680298e-02  -3.7020610e-02
   6.4400000e+01   3.4734119e-03  -3.5548393e-02
   6.4500000e+01  -8.2294154e-03  -1.2415887e-02
   6.4600000e+01  -1.4741759e-02   1.3531394e-02
   6.4700000e+01  -1.6202379e-02   1.8884538e-02
   6.4800000e+01  -1.8634417e-02   6.7751902e-04
   6.4900000e+01  -2.6269830e-02  -2.0204916e-02
   6.5000000e+01  -3.6616147e-02  -2.1114618e-02
   6.5100000e+01  -4.2630030e-02  -1.0783838e-03
   6.5200000e+01  -3.9279825e-02   1.9590190e-02
   6.5300000e+01  -2.8382531e-02   2.2031631e-02
   6.5400000e+01  -1.7759461e-02   8.4093093e-03
   6.5500000e+01  -1.5617288e-02  -2.2087498e-03
   6.5600000e+01  -2.4458724e-02   4.8575694e-03
   6.5700000e+01  -3.8812982e-02   2.5704592e-02
   6.5800000e+01  -4.8589128e-02   4.4639536e-02
   6.5900000e+01  -4.6428104e-02   5.1569305e-02
   6.6000000e+01  -3.4068455e-02   4.9898679e-02
   6.6100000e+01  -2.1744349e-02   4.8611751e-02
   6.6200000e+01  -1.9197932e-02   5.0626797e-02
   6.6300000e+01  -2.5477672e-02   5.1229224e-02
   6.6400000e+01  -2.8428509e-02   4.6296936e-02
   6.6500000e+01  -1.6523131e-02   3.8774144e-02
   6.6600000e+01   8.0386019e-03   3.5662590e-02
   6.6700000e+01   2.9217448e-02   3.9867989e-02
   6.6800000e+01   3.1169322e-02   4.6718759e-02
   6.6900000e+01   1.2408794e-02   4.8746805e-02
   6.7000000e+01  -1.3508539e-02   4.2850530e-02
   6.7100000e+01  -2.9667215e-02   3.2066416e-02
   6.7200000e+01  -2.7591626e-02   2.1126084e-02
   6.7300000e+01  -1.0345980e-02   1.2030003e-02
   6.7400000e+01   1.1828851e-02   4.6755662e-03
   6.7500000e+01   2.8011784e-02   1.0028304e-04
   6.7600000e+01   3.2235826e-02   2.8646343e-04
   6.7700000e+01   2.6581389e-02   4.0065363e-03
   6.7800000e+01   1.9263065e-02   5.2827663e-03
   6.7900000e+01   1.7738696e-02  -1.2741935e-03
   6.8000000e+01   2.2400674e-02  -1.3864432e-02
   6.8100000e+01   2.7144658e-02  -2.4703614e-02
   6.8200000e+01   2.6103476e-02  -2.8576794e-02
   6.8300000e+01   1.9247163e-02  -2.8043717e-02
   6.8400000e+01   1.1604650e-02  -2.8663910e-02
   6.8500000e+01   8.2991029e-03  -3.1241386e-02
   6.8600000e+01   1.0951454e-02  -3.1956210e-02
   6.8700000e+01   1.7757282e-02  -2.9457892e-02
   6.8800000e+01   2.5556682e-02  -2.7789824e-02
   6.8900000e+01   3.1840317e-02  -3.0663657e-02
   6.9000000e+01   3.5855242e-02  -3.6012418e-02
   6.9100000e+01   3.8207439e-02  -3.9255922e-02
   6.9200000e+01   3.8934883e-02  -3.9940323e-02
   6.9300000e+01   3.6060701e-02  -4.1013095e-02
   6.9400000e+01   2.7159534e-02  -4.2013286e-02
   6.9500000e+01   1.3032919e-02  -3.8114844e-02
   6.9600000e+01  -1.0573971e-03  -2.8294636e-02
   6.9700000e+01  -9.1857682e-03  -2.0141067e-02
   6.9800000e+01  -9.9212548e-03  -2.1403820e-02
   6.9900000e+01  -6.8397176e-03  -2.8157003e-02
   7.0000000e+01  -3.8659795e-03  -2.7437147e-02
   7.0100000e+01  -1.4488641e-03  -1.3960841e-02
   7.0200000e+01   1.7392903e-03   2.2860780e-04
   7.0300000e+01   4.5660951e-03  -2.3113861e-03
   7.0400000e+01   3.2586777e-03  -2.3592542e-02
   7.0500000e+01  -3.8551501e-03  -4.5383072e-02
   7.0600000e+01  -1.3239658e-02  -4.6650248e-02
   7.0700000e+01  -1.9758524e-02  -2.3903545e-02
   7.0800000e+01  -2.2955982e-02   6.5742674e-03
   7.0900000e+01  -2.7498970e-02   2.4433511e-02
   7.1000000e+01  -3.6363899e-02   2.1619153e-02
   7.1100000e+01  -4.5333933e-02   5.6800993e-03
   7.1200000e+01  -4.6685691e-02  -8.9660095e-03
   7.1300000e+01  -3.8469831e-02  -1.2174724e-02
   7.1400000e+01  -2.8007447e-02  -3.7301534e-03
   7.1500000e+01  -2.4614638e-02   8.7721707e-03
   7.1600000e+01  -2.9555928e-02   1.7313962e-02
   7.1700000e+01  -3.4698640e-02   2.0216656e-02
   7.1800000e+01  -3.1272004e-02   2.2332044e-02
   7.1900000e+01  -1.9078947e-02   2.8335513e-02
   7.2000000e+01  -6.9646533e-03   3.6247164e-02
   7.2100000e+01  -5.0057414e-03   3.8971112e-02
   7.2200000e+01  -1.6025465e-02   3.2965184e-02
   7.2300000e+01  -3.2898299e-02   2.4152837e-02
   7.2400000e+01  -4.2928742e-02   2.3071065e-02
   7.2500000e+01  -3.6563317e-02   3.3337676e-02
   7.2600000e+01  -1.5190990e-02   4.6297263e-02
   7.2700000e+01   8.1486767e-03   4.8922337e-02
   7.2800000e+01   1.7698838e-02   3.7104456e-02
   7.2900000e+01   7.7933980e-03   1.9764551e-02
   7.3000000e+01  -1.1668495e-02   9.5165410e-03
   7.3100000e+01  -2.3042897e-02   1.0958420e-02
   7.3200000e+01  -1.5527511e-02   1.9131345e-02
   7.3300000e+01   6.7047276e-03   2.6978353e-02
   7.3400000e+01   2.9367024e-02   3.0493067e-02
   7.3500000e+01   3.9817427e-02   2.6943792e-02
   7.3600000e+01   3.4708161e-02   1.3807401e-02
   7.3700000e+01   1.9220400e-02  -5.7595622e-03
   7.3800000e+01   2.3552760e-03  -1.8896121e-02
   7.3900000e+01  -6.5891811e-03  -1.1744080e-02
   7.4000000e+01  -9.0750094e-04   1.4226318e-02
   7.4100000e+01   1.8872527e-02   3.8128100e-02
   7.4200000e+01   4.1783856e-02   3.7088157e-02
   7.4300000e+01   5.1601403e-02   8.4467914e-03
   7.4400000e+01   4.0148725e-02  -2.7941329e-02
   7.4500000e+01   1.6624317e-02  -4.9660498e-02
   7.4600000e+01   1.0022181e-03  -5.1053134e-02
   7.4700000e+01   5.8207290e-03  -4.2053162e-02
   7.4800000e+01   2.5001356e-02  -3.2430034e-02
   7.4900000e+01   4.1655319e-02  -2.2452763e-02
   7.5000000e+01   4.5449259e-02  -8.7598807e-03
   7.5100000e+01   4.0003939e-02   6.1929196e-03
   7.5200000e+01   3.4227105e-02   1.4853953e-02
   7.5300000e+01   3.0627982e-02   1.3456323e-02
   7.5400000e+01   2.4649783e-02   6.2668072e-03
   7.5500000e+01   1.3179565e-02  -2.8832631e-04
   7.5600000e+01  -1.2292826e-04  -5.4231429e-03
   7.5700000e+01  -8.3972855e-03  -1.3594601e-02
   7.5800000e+01  -8.0103028e-03  -2.6739626e-02
   7.5900000e+01  -5.7256123e-04  -3.9060040e-02
   7.6000000e+01   9.2288295e-03  -4.0903254e-02
   7.6100000e+01   1.5976874e-02  -2.7725466e-02
   7.6200000e+01   1.5241553e-02  -4.8742159e-03
   7.6300000e+01   6.0814377e-03   1.6205737e-02
   7.6400000e+01  -7.1262999e-03   2.6255981e-02
   7.6500000e+01  -1.6995536e-02   2.3616609e-02
   7.6600000e+01  -1.9069288e-02   1.3242780e-02
   7.6700000e+01  -1.5632325e-02   1.6572809e-03
   7.6800000e+01  -1.2933657e-02  -7.3558124e-03
   7.6900000e+01  -1.4552548e-02  -1.3340186e-02
   7.7000000e+01  -1.8153552e-02  -1.6692090e-02
   7.7100000e+01  -1.9024303e-02  -1.6438475e-02
   7.7200000e+01  -1.5823396e-02  -1.1349824e-02
   7.7300000e+01  -1.1344920e-02  -3.7299163e-03
   7.7400000e+01  -7.5501006e-03  -7.9000962e-04
   7.7500000e+01  -2.1877517e-03  -9.2176596e-03
   7.7600000e+01   7.0065085e-03  -2.6356023e-02
   7.7700000e+01   1.5433757e-02  -3.8374529e-02
   7.7800000e+01   1.3322953e-02  -3.1103533e-02
   7.7900000e+01  -2.3967249e-03  -4.7378649e-03
   7.8000000e+01  -2.0193194e-02   2.3755173e-02
   7.8100000e+01  -2.3486213e-02   3.5149298e-02
   7.8200000e+01  -9.9261908e-03   2.4961550e-02
   7.8300000e+01   3.3184102e-03   5.1482787e-03
   7.8400000e+01  -1.7136399e-03  -9.7893600e-03
   7.8500000e+01  -2.1225009e-02  -1.5412056e-02
   7.8600000e+01  -3.1530094e-02  -1.5804695e-02
   7.8700000e+01  -1.5844674e-02  -1.3707959e-02
   7.8800000e+01   1.4381227e-02  -6.8889158e-03
   7.8900000e+01   2.9158259e-02   5.6894718e-03
   7.9000000e+01   1.0893137e-02   1.8539365e-02
   7.9100000e+01  -2.6788098e-02   2.3971245e-02
   7.9200000e+01  -5.1282225e-02   2.0726681e-02
   7.9300000e+01  -4.0388220e-02   1.5135898e-02
   7.9400000e+01  -3.6551957e-04   1.2930960e-02
   7.9500000e+01   4.1244423e-02   1.2407974e-02
   7.9600000e+01   5.8573791e-02   7.8793582e-03
   7.9700000e+01   4.6310294e-02  -1.3020961e-03
   7.9800000e+01   2.0567196e-02  -8.1873842e-03
   7.9900000e+01   1.9295551e-03  -5.5812652e-03
   8.0000000e+01  -4.3429654e-03   5.7409580e-03
