   1.0221618e+02   2.8602761e+01   2.5212700e+03
   1.0220245e+02   2.8300367e+01   1.6521800e+03
   0.0000000e+00  -3.4345653e-01  -3.4345653e-01
   1.0000000e-01  -2.9693383e-01  -3.7322542e-01
   2.0000000e-01  -2.5632466e-01  -3.7449857e-01
   3.0000000e-01  -2.2570740e-01  -3.5795010e-01
   4.0000000e-01  -1.7758622e-01  -3.4173829e-01
   5.0000000e-01  -7.7125124e-02  -3.3158578e-01
   6.0000000e-01   7.8864481e-02  -3.1766224e-01
   7.0000000e-01   2.5167430e-01  -2.8777376e-01
   8.0000000e-01   3.9275414e-01  -2.4073114e-01
   9.0000000e-01   4.8442586e-01  -1.8827014e-01
   1.0000000e+00   5.4751067e-01  -1.4715712e-01
   1.1000000e+00   6.1338472e-01  -1.2989876e-01
   1.2000000e+00   6.9522564e-01  -1.4015546e-01
   1.3000000e+00   7.8564327e-01  -1.7356231e-01
   1.4000000e+00   8.7185502e-01  -2.2117953e-01
   1.5000000e+00   9.4385002e-01  -2.7281569e-01
   1.6000000e+00   9.9058721e-01  -3.1990192e-01
   1.7000000e+00   1.0000000e+00  -3.5863502e-01
   1.8000000e+00   9.6962446e-01  -3.9136286e-01
   1.9000000e+00   9.1245023e-01  -4.2233738e-01
   2.0000000e+00   8.4427710e-01  -4.4953575e-01
   2.1000000e+00   7.6532604e-01  -4.6253787e-01
   2.2000000e+00   6.6116561e-01  -4.5317490e-01
   2.3000000e+00   5.2437845e-01  -4.2890039e-01
   2.4000000e+00   3.6929450e-01  -4.0965248e-01
   2.5000000e+00   2.1959384e-01  -4.0577172e-01
   2.6000000e+00   8.4961798e-02  -4.0118096e-01
   2.7000000e+00  -4.1746964e-02  -3.6571051e-01
   2.8000000e+00  -1.6394093e-01  -2.8672000e-01
   2.9000000e+00  -2.6807982e-01  -1.8379017e-01
   3.0000000e+00  -3.3944248e-01  -8.8369486e-02
   3.1000000e+00  -3.8722325e-01  -1.2729937e-02
   3.2000000e+00  -4.4250488e-01   5.5363115e-02
   3.3000000e+00  -5.2559303e-01   1.2991296e-01
   3.4000000e+00  -6.2010881e-01   2.0787863e-01
   3.5000000e+00  -6.8640188e-01   2.7646887e-01
   3.6000000e+00  -7.0126311e-01   3.3198153e-01
   3.7000000e+00  -6.8065657e-01   3.8360295e-01
   3.8000000e+00  -6.6224453e-01   4.4065268e-01
   3.9000000e+00  -6.6824295e-01   5.0369140e-01
   4.0000000e+00  -6.8645291e-01   5.6855744e-01
   4.1000000e+00  -6.8452965e-01   6.3047201e-01
   4.2000000e+00  -6.4015095e-01   6.7908166e-01
   4.3000000e+00  -5.5979054e-01   6.9661947e-01
   4.4000000e+00  -4.7297973e-01   6.7181004e-01
   4.5000000e+00  -4.0880145e-01   6.1634357e-01
   4.6000000e+00  -3.7306014e-01   5.5893857e-01
   4.7000000e+00  -3.4438014e-01   5.1836326e-01
   4.8000000e+00  -2.9445566e-01   4.8720036e-01
   4.9000000e+00  -2.1641274e-01   4.4679789e-01
   5.0000000e+00  -1.3341284e-01   3.9294610e-01
   5.1000000e+00  -7.5376218e-02   3.3816905e-01
   5.2000000e+00  -4.6035613e-02   2.8992151e-01
   5.3000000e+00  -1.7823028e-02   2.3704964e-01
   5.4000000e+00   3.5960415e-02   1.6319639e-01
   5.5000000e+00   1.0667955e-01   6.7148575e-02
   5.6000000e+00   1.5538931e-01  -3.7121174e-02
   5.7000000e+00   1.5472428e-01  -1.3637607e-01
   5.8000000e+00   1.2045846e-01  -2.2510694e-01
   5.9000000e+00   9.6454300e-02  -2.9824766e-01
   6.0000000e+00   1.1117798e-01  -3.4897044e-01
   6.1000000e+00   1.5503202e-01  -3.7968275e-01
   6.2000000e+00   1.9894633e-01  -4.0671362e-01
   6.3000000e+00   2.2585983e-01  -4.4399501e-01
   6.4000000e+00   2.3920080e-01  -4.8531252e-01
   6.5000000e+00   2.4864089e-01  -5.1340829e-01
   6.6000000e+00   2.5974278e-01  -5.2702896e-01
   6.7000000e+00   2.7840479e-01  -5.4667839e-01
   6.8000000e+00   3.1335466e-01  -5.8584199e-01
   6.9000000e+00   3.6388978e-01  -6.2432544e-01
   7.0000000e+00   4.0841161e-01  -6.2224179e-01
   7.1000000e+00   4.1670998e-01  -5.6111561e-01
   7.2000000e+00   3.7975425e-01  -4.6337098e-01
   7.3000000e+00   3.2337359e-01  -3.6974990e-01
   7.4000000e+00   2.8628295e-01  -3.0450290e-01
   7.5000000e+00   2.8390945e-01  -2.6458012e-01
   7.6000000e+00   2.9661484e-01  -2.3281242e-01
   7.7000000e+00   2.9280409e-01  -1.9193707e-01
   7.8000000e+00   2.5864244e-01  -1.3022500e-01
   7.9000000e+00   2.0278079e-01  -4.6716437e-02
   8.0000000e+00   1.3767738e-01   4.3774361e-02
   8.1000000e+00   6.6030492e-02   1.1814832e-01
   8.2000000e+00  -1.0777736e-02   1.6550350e-01
   8.3000000e+00  -7.8157896e-02   1.9968970e-01
   8.4000000e+00  -1.1389815e-01   2.4724491e-01
   8.5000000e+00  -1.1328813e-01   3.2223060e-01
   8.6000000e+00  -1.0345172e-01   4.1377428e-01
   8.7000000e+00  -1.2392666e-01   4.9508116e-01
   8.8000000e+00  -1.8940679e-01   5.4046598e-01
   8.9000000e+00  -2.7418929e-01   5.3688247e-01
   9.0000000e+00  -3.3586693e-01   4.8920842e-01
   9.1000000e+00  -3.5288164e-01   4.2076444e-01
   9.2000000e+00  -3.3689863e-01   3.6414984e-01
   9.3000000e+00  -3.1123510e-01   3.4184922e-01
   9.4000000e+00  -2.8371434e-01   3.5054351e-01
   9.5000000e+00  -2.4407907e-01   3.6486471e-01
   9.6000000e+00  -1.8441293e-01   3.5774520e-01
   9.7000000e+00  -1.1528046e-01   3.1815448e-01
   9.8000000e+00  -5.8430095e-02   2.5345076e-01
   9.9000000e+00  -2.5633027e-02   1.8151074e-01
   1.0000000e+01  -8.3093767e-03   1.2254691e-01
   1.0100000e+01   1.1007829e-02   9.0949542e-02
   1.0200000e+01   3.8874479e-02   8.4585879e-02
   1.0300000e+01   6.4436154e-02   7.9858734e-02
   1.0400000e+01   7.2435976e-02   4.5345558e-02
   1.0500000e+01   6.1098334e-02  -3.0756316e-02
   1.0600000e+01   4.5949142e-02  -1.2577246e-01
   1.0700000e+01   4.5854056e-02  -2.0032422e-01
   1.0800000e+01   6.5419564e-02  -2.3443114e-01
   1.0900000e+01   9.0735878e-02  -2.4444571e-01
   1.1000000e+01   1.0211400e-01  -2.6236436e-01
   1.1100000e+01   9.1991361e-02  -3.0098738e-01
   1.1200000e+01   7.2353536e-02  -3.4371185e-01
   1.1300000e+01   6.5605768e-02  -3.6771308e-01
   1.1400000e+01   8.6596257e-02  -3.7038984e-01
   1.1500000e+01   1.3028772e-01  -3.6801724e-01
   1.1600000e+01   1.7461768e-01  -3.7164463e-01
   1.1700000e+01   1.9584877e-01  -3.7233057e-01
   1.1800000e+01   1.8429706e-01  -3.5355330e-01
   1.1900000e+01   1.4920260e-01  -3.1362529e-01
   1.2000000e+01   1.1082714e-01  -2.6956906e-01
   1.2100000e+01   8.6687397e-02  -2.3803808e-01
   1.2200000e+01   8.0706904e-02  -2.1638042e-01
   1.2300000e+01   8.0663569e-02  -1.8518616e-01
   1.2400000e+01   6.5385665e-02  -1.2828750e-01
   1.2500000e+01   1.9264837e-02  -4.8781798e-02
   1.2600000e+01  -5.3862590e-02   3.2989032e-02
   1.2700000e+01  -1.2892570e-01   9.4786700e-02
   1.2800000e+01  -1.7524824e-01   1.2712339e-01
   1.2900000e+01  -1.7969080e-01   1.3759619e-01
   1.3000000e+01  -1.5735277e-01   1.4400530e-01
   1.3100000e+01  -1.3895593e-01   1.6164273e-01
   1.3200000e+01  -1.4627778e-01   1.9361135e-01
   1.3300000e+01  -1.7881845e-01   2.3175437e-01
   1.3400000e+01  -2.2179631e-01   2.6696723e-01
   1.3500000e+01  -2.6209830e-01   2.9750052e-01
   1.3600000e+01  -2.9307920e-01   3.2539025e-01
   1.3700000e+01  -3.0744438e-01   3.4592715e-01
   1.3800000e+01  -2.9469477e-01   3.4547418e-01
   1.3900000e+01  -2.5160650e-01   3.1340254e-01
   1.4000000e+01  -1.9180754e-01   2.5493515e-01
   1.4100000e+01  -1.3677159e-01   1.8880238e-01
   1.4200000e+01  -9.4445488e-02   1.3204341e-01
   1.4300000e+01  -5.1906653e-02   8.9697282e-02
   1.4400000e+01   5.7566004e-03   5.9007766e-02
   1.4500000e+01   7.1927816e-02   3.8450284e-02
   1.4600000e+01   1.2080774e-01   2.8289148e-02
   1.4700000e+01   1.3544779e-01   2.4248874e-02
   1.4800000e+01   1.2845058e-01   1.5965071e-02
   1.4900000e+01   1.2943174e-01  -6.2455422e-03
   1.5000000e+01   1.5247298e-01  -4.4581705e-02
   1.5100000e+01   1.8034257e-01  -9.3397732e-02
   1.5200000e+01   1.8301244e-01  -1.4231712e-01
   1.5300000e+01   1.5017655e-01  -1.7897920e-01
   1.5400000e+01   1.0379155e-01  -1.9386554e-01
   1.5500000e+01   7.8854689e-02  -1.8814616e-01
   1.5600000e+01   9.2119698e-02  -1.7596438e-01
   1.5700000e+01   1.2801559e-01  -1.7300124e-01
   1.5800000e+01   1.5307878e-01  -1.7960227e-01
   1.5900000e+01   1.4416592e-01  -1.7828932e-01
   1.6000000e+01   1.0498787e-01  -1.5232671e-01
   1.6100000e+01   5.8098970e-02  -1.0696462e-01
   1.6200000e+01   2.2713576e-02  -6.9480643e-02
   1.6300000e+01   5.5463143e-04  -6.6318210e-02
   1.6400000e+01  -1.8486357e-02  -9.9455823e-02
   1.6500000e+01  -4.0080341e-02  -1.4358060e-01
   1.6600000e+01  -5.7097372e-02  -1.6493369e-01
   1.6700000e+01  -5.6841821e-02  -1.4524350e-01
   1.6800000e+01  -3.4400006e-02  -9.3008886e-02
   1.6900000e+01   2.1240302e-03  -3.5047459e-02
   1.7000000e+01   3.8285547e-02   4.7994139e-03
   1.7100000e+01   6.3697998e-02   2.2415149e-02
   1.7200000e+01   7.6658677e-02   3.0433492e-02
   1.7300000e+01   8.1341798e-02   3.9139800e-02
   1.7400000e+01   8.2696212e-02   4.3904598e-02
   1.7500000e+01   8.3887360e-02   3.5725570e-02
   1.7600000e+01   8.6588205e-02   2.1576247e-02
   1.7700000e+01   9.1668579e-02   2.4582439e-02
   1.7800000e+01   9.8861513e-02   5.7846285e-02
   1.7900000e+01   1.0605260e-01   1.0359550e-01
   1.8000000e+01   1.0918443e-01   1.2868632e-01
   1.8100000e+01   1.0306152e-01   1.2241254e-01
   1.8200000e+01   8.3489185e-02   1.1014926e-01
   1.8300000e+01   5.1158970e-02   1.2326304e-01
   1.8400000e+01   1.4922704e-02   1.6092262e-01
   1.8500000e+01  -1.1204939e-02   1.9085381e-01
   1.8600000e+01  -1.9644288e-02   1.8721386e-01
   1.8700000e+01  -2.0765171e-02   1.5793448e-01
   1.8800000e+01  -3.9411039e-02   1.2999282e-01
   1.8900000e+01  -9.3168158e-02   1.1548328e-01
   1.9000000e+01  -1.7090638e-01   1.0219677e-01
   1.9100000e+01  -2.3596421e-01   7.6397238e-02
   1.9200000e+01  -2.5559334e-01   4.4368848e-02
   1.9300000e+01  -2.2929220e-01   2.5575003e-02
   1.9400000e+01  -1.8769623e-01   2.9417549e-02
   1.9500000e+01  -1.6382828e-01   4.5592632e-02
   1.9600000e+01  -1.6585626e-01   5.6355856e-02
   1.9700000e+01  -1.7561025e-01   5.2164189e-02
   1.9800000e+01  -1.6933722e-01   3.3872332e-02
   1.9900000e+01  -1.3866213e-01   5.2673623e-03
   2.0000000e+01  -9.5253057e-02  -3.1339688e-02
   2.0100000e+01  -5.9182418e-02  -7.3389303e-02
   2.0200000e+01  -4.1685315e-02  -1.1620138e-01
   2.0300000e+01  -3.5048315e-02  -1.5367590e-01
   2.0400000e+01  -1.8313649e-02  -1.7878052e-01
   2.0500000e+01   2.3491755e-02  -1.8379049e-01
   2.0600000e+01   8.2465430e-02  -1.6428780e-01
   2.0700000e+01   1.3077785e-01  -1.2579128e-01
   2.0800000e+01   1.4330689e-01  -8.4092720e-02
   2.0900000e+01   1.1903592e-01  -5.4855628e-02
   2.1000000e+01   8.0631635e-02  -4.2355892e-02
   2.1100000e+01   5.3973503e-02  -4.0732207e-02
   2.1200000e+01   4.8448084e-02  -4.5242238e-02
   2.1300000e+01   5.4509463e-02  -5.6545267e-02
   2.1400000e+01   5.5845866e-02  -7.0962249e-02
   2.1500000e+01   4.2240247e-02  -7.2841418e-02
   2.1600000e+01   1.4299100e-02  -4.6916462e-02
   2.1700000e+01  -1.8487101e-02  -7.8270646e-04
   2.1800000e+01  -4.1650426e-02   3.3043929e-02
   2.1900000e+01  -4.0486201e-02   2.6076410e-02
   2.2000000e+01  -7.0108037e-03  -1.5316319e-02
   2.2100000e+01   5.2404142e-02  -5.3304752e-02
   2.2200000e+01   1.1536818e-01  -5.4024874e-02
   2.2300000e+01   1.5411100e-01  -1.6851549e-02
   2.2400000e+01   1.5485377e-01   3.0228986e-02
   2.2500000e+01   1.3010214e-01   5.7559071e-02
   2.2600000e+01   1.0915889e-01   5.3723792e-02
   2.2700000e+01   1.1204126e-01   2.6610228e-02
   2.2800000e+01   1.3188549e-01  -5.8358625e-03
   2.2900000e+01   1.4482575e-01  -2.6581879e-02
   2.3000000e+01   1.3609540e-01  -2.9703434e-02
   2.3100000e+01   1.1171584e-01  -2.3616624e-02
   2.3200000e+01   8.3114218e-02  -2.0545138e-02
   2.3300000e+01   4.7062208e-02  -2.0792052e-02
   2.3400000e+01  -1.0062484e-02  -1.1898093e-02
   2.3500000e+01  -8.7391173e-02   1.3788478e-02
   2.3600000e+01  -1.5789566e-01   4.6029082e-02
   2.3700000e+01  -1.8996871e-01   6.6783136e-02
   2.3800000e+01  -1.7987418e-01   6.9378205e-02
   2.3900000e+01  -1.5612168e-01   5.9796445e-02
   2.4000000e+01  -1.4902864e-01   4.1546808e-02
   2.4100000e+01  -1.6038250e-01   1.2010632e-02
   2.4200000e+01  -1.6751439e-01  -2.1034825e-02
   2.4300000e+01  -1.5454453e-01  -3.1345782e-02
   2.4400000e+01  -1.3243656e-01   2.3117271e-03
   2.4500000e+01  -1.2525540e-01   6.5367096e-02
   2.4600000e+01  -1.4095943e-01   1.1356534e-01
   2.4700000e+01  -1.6133698e-01   1.1663372e-01
   2.4800000e+01  -1.6073607e-01   8.8651274e-02
   2.4900000e+01  -1.3014961e-01   6.7587331e-02
   2.5000000e+01  -8.0901213e-02   7.0063995e-02
   2.5100000e+01  -2.9019490e-02   7.7173749e-02
   2.5200000e+01   1.8104937e-02   6.4811390e-02
   2.5300000e+01   5.9961827e-02   3.5622241e-02
   2.5400000e+01   9.5279095e-02   1.2458769e-02
   2.5500000e+01   1.2246860e-01   6.4798484e-03
   2.5600000e+01   1.4563056e-01   4.1015191e-03
   2.5700000e+01   1.7207439e-01  -1.1402010e-02
   2.5800000e+01   1.9941871e-01  -3.3955065e-02
   2.5900000e+01   2.0951217e-01  -3.8890682e-02
   2.6000000e+01   1.8299064e-01  -1.2660210e-02
   2.6100000e+01   1.2241669e-01   2.7710994e-02
   2.6200000e+01   5.7042693e-02   4.8214618e-02
   2.6300000e+01   2.0649336e-02   2.9433619e-02
   2.6400000e+01   2.4633243e-02  -1.7193660e-02
   2.6500000e+01   5.3328843e-02  -6.3135616e-02
   2.6600000e+01   8.2367446e-02  -8.9657474e-02
   2.6700000e+01   9.7426112e-02  -9.9920038e-02
   2.6800000e+01   9.6827104e-02  -1.0674769e-01
   2.6900000e+01   8.3956884e-02  -1.1317172e-01
   2.7000000e+01   6.3639611e-02  -1.0953148e-01
   2.7100000e+01   4.4127388e-02  -9.0226587e-02
   2.7200000e+01   3.5071539e-02  -6.7665648e-02
   2.7300000e+01   3.8079208e-02  -6.1668805e-02
   2.7400000e+01   4.0286819e-02  -7.3081590e-02
   2.7500000e+01   2.2695609e-02  -7.5587876e-02
   2.7600000e+01  -2.0224722e-02  -4.3508381e-02
   2.7700000e+01  -6.8824239e-02   1.1929839e-02
   2.7800000e+01  -9.0923284e-02   4.4108592e-02
   2.7900000e+01  -7.2285479e-02   1.7360989e-02
   2.8000000e+01  -3.5683506e-02  -5.0596463e-02
   2.8100000e+01  -2.4183285e-02  -1.0077084e-01
   2.8200000e+01  -5.9564449e-02  -8.9590914e-02
   2.8300000e+01  -1.1776414e-01  -2.8593147e-02
   2.8400000e+01  -1.5040476e-01   3.3754583e-02
   2.8500000e+01  -1.3215927e-01   6.2303656e-02
   2.8600000e+01  -8.3377749e-02   6.1185812e-02
   2.8700000e+01  -4.4881796e-02   5.6038612e-02
   2.8800000e+01  -3.6332770e-02   6.3464585e-02
   2.8900000e+01  -4.5161428e-02   8.1397790e-02
   2.9000000e+01  -5.2274891e-02   9.8753526e-02
   2.9100000e+01  -5.6994212e-02   1.0398839e-01
   2.9200000e+01  -7.0829526e-02   8.7840296e-02
   2.9300000e+01  -9.3652309e-02   5.0147975e-02
   2.9400000e+01  -1.0745512e-01   8.6027260e-03
   2.9500000e+01  -9.6921887e-02  -7.5425808e-03
   2.9600000e+01  -6.9732735e-02   1.8011908e-02
   2.9700000e+01  -4.9775515e-02   7.0073494e-02
   2.9800000e+01  -5.0545051e-02   1.1294747e-01
   2.9900000e+01  -6.0036543e-02   1.2135217e-01
   3.0000000e+01  -5.4248725e-02   9.8559365e-02
   3.0100000e+01  -2.3256644e-02   6.5965890e-02
   3.0200000e+01   1.8894257e-02   4.1234036e-02
   3.0300000e+01   4.9064135e-02   2.9057083e-02
   3.0400000e+01   5.6139279e-02   2.6881996e-02
   3.0500000e+01   4.6674696e-02   3.1392400e-02
   3.0600000e+01   3.4028279e-02   3.8686778e-02
   3.0700000e+01   2.7017578e-02   4.3752960e-02
   3.0800000e+01   2.8627963e-02   4.2878661e-02
   3.0900000e+01   3.9210411e-02   3.4368720e-02
   3.1000000e+01   5.5488464e-02   1.5859608e-02
   3.1100000e+01   6.8374125e-02  -1.4785903e-02
   3.1200000e+01   6.8466401e-02  -5.2064166e-02
   3.1300000e+01   5.7202798e-02  -7.9809151e-02
   3.1400000e+01   4.9896603e-02  -8.3270274e-02
   3.1500000e+01   6.3660213e-02  -6.6742071e-02
   3.1600000e+01   1.0159379e-01  -5.4115247e-02
   3.1700000e+01   1.5003838e-01  -6.6669395e-02
   3.1800000e+01   1.9057618e-01  -1.0106281e-01
   3.1900000e+01   2.1266328e-01  -1.3274877e-01
   3.2000000e+01   2.1552903e-01  -1.4079794e-01
   3.2100000e+01   2.0259238e-01  -1.2588960e-01
   3.2200000e+01   1.7779356e-01  -1.0388930e-01
   3.2300000e+01   1.4586331e-01  -8.7308162e-02
   3.2400000e+01   1.1165278e-01  -7.7685539e-02
   3.2500000e+01   7.7236725e-02  -7.3260656e-02
   3.2600000e+01   4.1796414e-02  -7.6156900e-02
   3.2700000e+01   6.5747714e-03  -8.7774241e-02
   3.2800000e+01  -2.1511077e-02  -1.0078096e-01
   3.2900000e+01  -3.5018245e-02  -1.0211062e-01
   3.3000000e+01  -3.6464775e-02  -8.5635828e-02
   3.3100000e+01  -4.1148520e-02  -5.8414909e-02
   3.3200000e+01  -6.5190349e-02  -3.1965507e-02
   3.3300000e+01  -1.0880972e-01  -1.0091325e-02
   3.3400000e+01  -1.5310904e-01   1.0584242e-02
   3.3500000e+01  -1.7601548e-01   2.9312663e-02
   3.3600000e+01  -1.7206090e-01   3.7066156e-02
   3.3700000e+01  -1.5567075e-01   2.8034030e-02
   3.3800000e+01  -1.4543917e-01   1.2187308e-02
   3.3900000e+01  -1.4720024e-01   9.8987492e-03
   3.4000000e+01  -1.5300396e-01   3.1911771e-02
   3.4100000e+01  -1.5345948e-01   6.8072251e-02
   3.4200000e+01  -1.4697302e-01   9.8808842e-02
   3.4300000e+01  -1.3685131e-01   1.1582325e-01
   3.4400000e+01  -1.2390475e-01   1.2782619e-01
   3.4500000e+01  -1.0598549e-01   1.4591766e-01
   3.4600000e+01  -8.3955897e-02   1.6699037e-01
   3.4700000e+01  -6.3829327e-02   1.7442770e-01
   3.4800000e+01  -5.0439638e-02   1.5525593e-01
   3.4900000e+01  -4.0539747e-02   1.1603925e-01
   3.5000000e+01  -2.5382929e-02   8.1939360e-02
   3.5100000e+01  -1.4336601e-03   7.8712408e-02
   3.5200000e+01   2.2864521e-02   1.1130697e-01
   3.5300000e+01   3.3075813e-02   1.5606102e-01
   3.5400000e+01   2.2557080e-02   1.7486218e-01
   3.5500000e+01   3.0627262e-04   1.4331577e-01
   3.5600000e+01  -1.5080403e-02   7.1515104e-02
   3.5700000e+01  -9.5504686e-03  -1.7321678e-03
   3.5800000e+01   1.7034784e-02  -3.9682330e-02
   3.5900000e+01   5.3211172e-02  -3.8315968e-02
   3.6000000e+01   8.5547751e-02  -2.8448703e-02
   3.6100000e+01   1.0637208e-01  -4.5237087e-02
   3.6200000e+01   1.1471733e-01  -9.2732970e-02
   3.6300000e+01   1.1261881e-01  -1.3840971e-01
   3.6400000e+01   1.0174631e-01  -1.4474764e-01
   3.6500000e+01   8.3328162e-02  -1.0750157e-01
   3.6600000e+01   6.0479727e-02  -6.1899442e-02
   3.6700000e+01   3.9454936e-02  -4.9611283e-02
   3.6800000e+01   2.7112519e-02  -7.9285014e-02
   3.6900000e+01   2.6048169e-02  -1.1975713e-01
   3.7000000e+01   3.2418195e-02  -1.3118217e-01
   3.7100000e+01   3.9473844e-02  -1.0175556e-01
   3.7200000e+01   4.3378401e-02  -5.5288473e-02
   3.7300000e+01   4.4822941e-02  -2.6768684e-02
   3.7400000e+01   4.4946692e-02  -3.2858079e-02
   3.7500000e+01   4.1283495e-02  -6.2981477e-02
   3.7600000e+01   2.9560110e-02  -9.2225621e-02
   3.7700000e+01   9.7584925e-03  -9.9454238e-02
   3.7800000e+01  -1.0910304e-02  -7.7652599e-02
   3.7900000e+01  -2.2542746e-02  -3.5829499e-02
   3.8000000e+01  -2.0712968e-02   4.8111704e-03
   3.8100000e+01  -9.9718449e-03   2.1772076e-02
   3.8200000e+01   1.1811211e-03   7.8409302e-03
   3.8300000e+01   8.6096340e-03  -1.9103045e-02
   3.8400000e+01   1.4868664e-02  -2.7451046e-02
   3.8500000e+01   2.2921760e-02  -2.3282088e-04
   3.8600000e+01   2.9545112e-02   4.5841398e-02
   3.8700000e+01   2.8206461e-02   7.3417707e-02
   3.8800000e+01   1.9157464e-02   6.0216583e-02
   3.8900000e+01   1.3266909e-02   2.1434496e-02
   3.9000000e+01   2.2137060e-02  -5.3817013e-03
   3.9100000e+01   4.4672995e-02   2.4771165e-03
   3.9200000e+01   6.6218751e-02   3.2277075e-02
   3.9300000e+01   7.1498147e-02   5.1329900e-02
   3.9400000e+01   5.6446369e-02   3.9800566e-02
   3.9500000e+01   2.7842521e-02   7.4014881e-03
   3.9600000e+01  -3.9827013e-03  -1.8599082e-02
   3.9700000e+01  -2.9160522e-02  -1.8079227e-02
   3.9800000e+01  -3.9373378e-02   7.2654102e-03
   3.9900000e+01  -3.2243890e-02   3.7791973e-02
   4.0000000e+01  -1.6157773e-02   5.1933713e-02
   4.0100000e+01  -5.6368456e-03   4.3068361e-02
   4.0200000e+01  -8.2166320e-03   2.6344879e-02
   4.0300000e+01  -1.8159137e-02   2.7871217e-02
   4.0400000e+01  -2.5837408e-02   6.0150388e-02
   4.0500000e+01  -3.0118473e-02   1.0400238e-01
   4.0600000e+01  -3.6145319e-02   1.1910805e-01
   4.0700000e+01  -4.2529792e-02   8.0642314e-02
   4.0800000e+01  -3.9640679e-02   8.4418321e-03
   4.0900000e+01  -2.6023698e-02  -4.4824802e-02
   4.1000000e+01  -2.0765559e-02  -4.0557113e-02
   4.1100000e+01  -4.8499327e-02   9.2922401e-03
   4.1200000e+01  -1.0797493e-01   5.4835951e-02
   4.1300000e+01  -1.6178647e-01   5.8211336e-02
   4.1400000e+01  -1.6587718e-01   2.8961316e-02
   4.1500000e+01  -1.1170299e-01   8.5107504e-03
   4.1600000e+01  -3.6240918e-02   2.2473139e-02
   4.1700000e+01   1.1762538e-02   5.3128823e-02
   4.1800000e+01   1.4332152e-02   6.0114507e-02
   4.1900000e+01  -6.7066848e-03   2.4087385e-02
   4.2000000e+01  -1.8480312e-02  -3.4304364e-02
   4.2100000e+01  -9.1644747e-03  -7.7228233e-02
   4.2200000e+01   8.8158204e-03  -8.5777249e-02
   4.2300000e+01   2.0917877e-02  -7.1371447e-02
   4.2400000e+01   2.8019107e-02  -5.6474927e-02
   4.2500000e+01   4.0100919e-02  -5.1267811e-02
   4.2600000e+01   5.7879592e-02  -5.0735913e-02
   4.2700000e+01   6.7927015e-02  -4.8812375e-02
   4.2800000e+01   5.8679952e-02  -4.8518430e-02
   4.2900000e+01   3.7853202e-02  -5.6757085e-02
   4.3000000e+01   2.8353616e-02  -7.2775799e-02
   4.3100000e+01   4.4119266e-02  -8.5633362e-02
   4.3200000e+01   7.1677487e-02  -8.4186980e-02
   4.3300000e+01   7.9515263e-02  -6.8777699e-02
   4.3400000e+01   4.8415386e-02  -5.1848682e-02
   4.3500000e+01  -7.4096831e-03  -4.5948738e-02
   4.3600000e+01  -5.0770982e-02  -5.0728832e-02
   4.3700000e+01  -5.4464773e-02  -5.2658794e-02
   4.3800000e+01  -2.5043801e-02  -3.8823530e-02
   4.3900000e+01   4.9019739e-03  -1.0807292e-02
   4.4000000e+01   7.0617996e-03   1.6472315e-02
   4.4100000e+01  -1.9440636e-02   2.9913333e-02
   4.4200000e+01  -5.2219277e-02   3.0505303e-02
   4.4300000e+01  -6.9121366e-02   2.9464013e-02
   4.4400000e+01  -6.6066732e-02   3.3840598e-02
   4.4500000e+01  -5.4206460e-02   3.8589655e-02
   4.4600000e+01  -4.4620984e-02   3.3260401e-02
   4.4700000e+01  -3.9159644e-02   1.4793343e-02
   4.4800000e+01  -3.4415993e-02  -7.1523280e-03
   4.4900000e+01  -2.8979230e-02  -1.6608384e-02
   4.5000000e+01  -2.3030010e-02  -2.8780089e-03
   4.5100000e+01  -1.3302184e-02   3.1897625e-02
   4.5200000e+01   5.3668554e-03   7.4110122e-02
   4.5300000e+01   3.0769731e-02   1.0756536e-01
   4.5400000e+01   4.9650165e-02   1.2296287e-01
   4.5500000e+01   4.9175550e-02   1.2027703e-01
   4.5600000e+01   3.2671903e-02   1.0323405e-01
   4.5700000e+01   1.8847817e-02   7.4024030e-02
   4.5800000e+01   2.1621395e-02   3.5873124e-02
   4.5900000e+01   3.3461584e-02  -3.7586675e-04
   4.6000000e+01   3.4238039e-02  -1.7523574e-02
   4.6100000e+01   1.7063319e-02  -4.8732132e-03
   4.6200000e+01  -4.5051678e-04   2.9479497e-02
   4.6300000e+01   4.4966017e-03   6.2186861e-02
   4.6400000e+01   3.1473459e-02   7.3420154e-02
   4.6500000e+01   5.3746172e-02   6.3058315e-02
   4.6600000e+01   4.6026841e-02   4.7993874e-02
   4.6700000e+01   1.2075767e-02   4.3237623e-02
   4.6800000e+01  -1.8696467e-02   4.5808010e-02
   4.6900000e+01  -2.0751567e-02   3.7633261e-02
   4.7000000e+01   4.7839818e-03   5.0524944e-03
   4.7100000e+01   3.5797395e-02  -4.4053468e-02
   4.7200000e+01   5.2009114e-02  -8.3148979e-02
   4.7300000e+01   4.8984729e-02  -8.8829457e-02
   4.7400000e+01   3.3980176e-02  -6.1497162e-02
   4.7500000e+01   1.5916311e-02  -2.5010489e-02
   4.7600000e+01   1.8731872e-03  -5.6323435e-03
   4.7700000e+01  -2.4674276e-03  -1.0790674e-02
   4.7800000e+01   4.0682045e-03  -2.7256999e-02
   4.7900000e+01   1.4669988e-02  -3.7875181e-02
   4.8000000e+01   1.9890781e-02  -3.8263347e-02
   4.8100000e+01   1.9234820e-02  -3.7630021e-02
   4.8200000e+01   2.3453352e-02  -4.5626368e-02
   4.8300000e+01   4.0658172e-02  -6.0501175e-02
   4.8400000e+01   6.2016593e-02  -7.0811536e-02
   4.8500000e+01   6.7623153e-02  -6.8498054e-02
   4.8600000e+01   4.8965867e-02  -5.9305698e-02
   4.8700000e+01   2.0980232e-02  -5.8257260e-02
   4.8800000e+01   6.9763711e-03  -7.2802132e-02
   4.8900000e+01   1.3176691e-02  -9.0999988e-02
   4.9000000e+01   2.3165833e-02  -8.9850844e-02
   4.9100000e+01   1.7945051e-02  -5.8122092e-02
   4.9200000e+01  -3.6125552e-03  -9.9371246e-03
   4.9300000e+01  -2.6866148e-02   2.7054280e-02
   4.9400000e+01  -3.9143022e-02   3.7256287e-02
   4.9500000e+01  -3.9425843e-02   2.8747146e-02
   4.9600000e+01  -3.2169148e-02   1.9414375e-02
   4.9700000e+01  -1.9923001e-02   1.5592967e-02
   4.9800000e+01  -6.7751302e-03   8.2337990e-03
   4.9900000e+01  -3.9180544e-03  -1.1146589e-02
   5.0000000e+01  -2.2939231e-02  -3.5712308e-02
   5.0100000e+01  -6.1204404e-02  -4.7202380e-02
   5.0200000e+01  -9.9161256e-02  -3.3316490e-02
   5.0300000e+01  -1.1712255e-01   1.0241340e-04
   5.0400000e+01  -1.1388329e-01   3.3043906e-02
   5.0500000e+01  -1.0548241e-01   4.6493424e-02
   5.0600000e+01  -1.0588163e-01   3.6115408e-02
   5.0700000e+01  -1.1227243e-01   1.4881097e-02
   5.0800000e+01  -1.1029628e-01   3.1211677e-03
   5.0900000e+01  -9.0215748e-02   1.3034116e-02
   5.1000000e+01  -5.5139632e-02   3.9464593e-02
   5.1100000e+01  -1.5987596e-02   6.4440530e-02
   5.1200000e+01   1.6409581e-02   7.1027296e-02
   5.1300000e+01   3.3666132e-02   5.4202211e-02
   5.1400000e+01   3.0420348e-02   2.1479487e-02
   5.1500000e+01   9.0011602e-03  -1.3018309e-02
   5.1600000e+01  -1.6340159e-02  -3.4303667e-02
   5.1700000e+01  -2.5347170e-02  -3.1352853e-02
   5.1800000e+01  -7.0675385e-03  -3.1251852e-03
   5.1900000e+01   2.9485302e-02   3.7889119e-02
   5.2000000e+01   6.1128219e-02   7.1753130e-02
   5.2100000e+01   6.8424220e-02   8.5285992e-02
   5.2200000e+01   5.0107063e-02   8.1144062e-02
   5.2300000e+01   2.3066435e-02   7.1343002e-02
   5.2400000e+01   9.5339447e-03   6.2151280e-02
   5.2500000e+01   2.1028302e-02   4.8315575e-02
   5.2600000e+01   4.9491943e-02   2.3900024e-02
   5.2700000e+01   7.2793172e-02  -3.8211160e-03
   5.2800000e+01   7.3155036e-02  -1.6359551e-02
   5.2900000e+01   5.4202966e-02  -2.6626127e-03
   5.3000000e+01   3.8189147e-02   2.6020507e-02
   5.3100000e+01   4.1846676e-02   4.3933055e-02
   5.3200000e+01   5.5037064e-02   3.5518640e-02
   5.3300000e+01   4.9187536e-02   1.0904414e-02
   5.3400000e+01   1.1115364e-02  -5.6022127e-03
   5.3500000e+01  -3.5147017e-02  -2.1995194e-03
   5.3600000e+01  -4.7788106e-02   7.8802486e-03
   5.3700000e+01  -1.1234731e-02   1.8319467e-03
   5.3800000e+01   4.3321046e-02  -2.6856490e-02
   5.3900000e+01   6.6064593e-02  -6.0775031e-02
   5.4000000e+01   3.7279958e-02  -7.6371260e-02
   5.4100000e+01  -1.4113050e-02  -6.6508802e-02
   5.4200000e+01  -3.9840771e-02  -4.4676294e-02
   5.4300000e+01  -1.7275811e-02  -2.9846570e-02
   5.4400000e+01   3.3679471e-02  -2.9726464e-02
   5.4500000e+01   7.2304118e-02  -3.7168952e-02
   5.4600000e+01   7.1106789e-02  -3.9356776e-02
   5.4700000e+01   3.2415924e-02  -3.0054973e-02
   5.4800000e+01  -1.9014593e-02  -1.5770811e-02
   5.4900000e+01  -5.4577821e-02  -1.1067377e-02
   5.5000000e+01  -5.8034195e-02  -2.4927376e-02
   5.5100000e+01  -3.3223670e-02  -4.9007549e-02
   5.5200000e+01  -7.4294587e-04  -6.1231844e-02
   5.5300000e+01   1.6178570e-02  -4.5357412e-02
   5.5400000e+01   8.7175877e-03  -8.3253755e-03
   5.5500000e+01  -1.1451679e-02   2.4315858e-02
   5.5600000e+01  -2.3957301e-02   3.2222730e-02
   5.5700000e+01  -1.9517142e-02   1.8577414e-02
   5.5800000e+01  -8.6034370e-03   3.8100365e-03
   5.5900000e+01  -9.8890100e-03   3.2229060e-03
   5.6000000e+01  -2.9555995e-02   1.3662330e-02
   5.6100000e+01  -5.2505585e-02   2.1279943e-02
   5.6200000e+01  -5.5711940e-02   1.7664445e-02
   5.6300000e+01  -3.1986677e-02   5.4359261e-03
   5.6400000e+01  -2.6344242e-04  -8.8952622e-03
   5.6500000e+01   1.0374480e-02  -2.1474688e-02
   5.6600000e+01  -1.0428161e-02  -2.8706996e-02
   5.6700000e+01  -4.1433438e-02  -2.3503875e-02
   5.6800000e+01  -4.8205274e-02  -9.3761174e-04
   5.6900000e+01  -1.6180466e-02   3.0824604e-02
   5.7000000e+01   3.4662726e-02   5.0518658e-02
   5.7100000e+01   6.8220919e-02   4.0834287e-02
   5.7200000e+01   6.4354456e-02   6.3294285e-03
   5.7300000e+01   3.3008922e-02  -2.9089305e-02
   5.7400000e+01   3.0462818e-04  -4.4101442e-02
   5.7500000e+01  -1.4918657e-02  -3.6856247e-02
   5.7600000e+01  -1.1422567e-02  -1.8859322e-02
   5.7700000e+01   7.3505699e-04   2.5172627e-03
   5.7800000e+01   1.0687738e-02   2.7848341e-02
   5.7900000e+01   1.1967056e-02   5.2474936e-02
   5.8000000e+01   3.6351417e-03   5.9935166e-02
   5.8100000e+01  -9.5700708e-03   3.8061063e-02
   5.8200000e+01  -2.0002581e-02  -4.0106004e-04
   5.8300000e+01  -2.3776520e-02  -2.3398128e-02
   5.8400000e+01  -2.4811482e-02  -1.1321132e-02
   5.8500000e+01  -2.9179012e-02   2.0932691e-02
   5.8600000e+01  -3.4521762e-02   3.9219704e-02
   5.8700000e+01  -2.8920160e-02   2.6274541e-02
   5.8800000e+01  -4.8315367e-03  -2.1188292e-03
   5.8900000e+01   2.6196801e-02  -1.6758532e-02
   5.9000000e+01   3.8140074e-02  -5.3520391e-03
   5.9100000e+01   1.4817922e-02   1.9040535e-02
   5.9200000e+01  -3.0392996e-02   3.4900392e-02
   5.9300000e+01  -6.3022304e-02   3.1823573e-02
   5.9400000e+01  -5.8717159e-02   1.4433702e-02
   5.9500000e+01  -2.5878501e-02  -6.4132117e-03
   5.9600000e+01   4.0700144e-03  -2.1843274e-02
   5.9700000e+01   8.4977116e-03  -2.6736514e-02
   5.9800000e+01  -5.8506526e-03  -1.9431099e-02
   5.9900000e+01  -1.3435246e-02  -3.7989553e-03
   6.0000000e+01   2.2489107e-03   9.3001308e-03
   6.0100000e+01   3.3644259e-02   7.5891326e-03
   6.0200000e+01   5.9561908e-02  -1.0618493e-02
   6.0300000e+01   6.5859176e-02  -2.9455337e-02
   6.0400000e+01   5.4639112e-02  -2.5446404e-02
   6.0500000e+01   3.7761255e-02   9.7024427e-03
   6.0600000e+01   2.6693605e-02   5.5093709e-02
   6.0700000e+01   2.7869605e-02   7.3619006e-02
   6.0800000e+01   4.1253196e-02   4.4059986e-02
   6.0900000e+01   5.8744663e-02  -1.7480878e-02
   6.1000000e+01   6.6791911e-02  -6.8513732e-02
   6.1100000e+01   5.6825106e-02  -7.4221355e-02
   6.1200000e+01   3.4986139e-02  -3.4167699e-02
   6.1300000e+01   1.7956489e-02   2.0154876e-02
   6.1400000e+01   1.6267317e-02   5.2017349e-02
   6.1500000e+01   2.3382701e-02   4.6721740e-02
   6.1600000e+01   2.3885838e-02   1.8379920e-02
   6.1700000e+01   1.1320142e-02  -6.7125951e-03
   6.1800000e+01  -5.3050496e-03  -1.4232842e-02
   6.1900000e+01  -1.2910677e-02  -1.2189580e-02
   6.2000000e+01  -8.9659028e-03  -1.9136987e-02
   6.2100000e+01  -2.7003587e-03  -4.2872429e-02
   6.2200000e+01  -3.2675657e-03  -7.1002053e-02
   6.2300000e+01  -9.0790851e-03  -8.1938282e-02
   6.2400000e+01  -9.5740026e-03  -6.4439250e-02
   6.2500000e+01   2.3529282e-03  -2.7367461e-02
   6.2600000e+01   1.9081705e-02   7.1355201e-03
   6.2700000e+01   2.0349722e-02   1.9623397e-02
   6.2800000e+01  -9.2541792e-03   6.6028957e-03
   6.2900000e+01  -6.0979096e-02  -1.7368244e-02
   6.3000000e+01  -1.0153416e-01  -3.1118464e-02
   6.3100000e+01  -9.8236006e-02  -2.5009930e-02
   6.3200000e+01  -4.9622119e-02  -1.0093610e-02
   6.3300000e+01   8.7527373e-03  -6.7427276e-03
   6.3400000e+01   3.1656597e-02  -2.1890354e-02
   6.3500000e+01   2.3159427e-04  -3.9810454e-02
   6.3600000e+01  -6.5384027e-02  -3.8623828e-02
   6.3700000e+01  -1.2473780e-01  -1.4099552e-02
   6.3800000e+01  -1.4716090e-01   1.7525757e-02
   6.3900000e+01  -1.2919730e-01   3.9781247e-02
   6.4000000e+01  -9.1271549e-02   5.2311691e-02
   6.4100000e+01  -6.0845123e-02   6.3506296e-02
   6.4200000e+01  -5.4053684e-02   7.2750386e-02
   6.4300000e+01  -6.6477131e-02   6.8871221e-02
   6.4400000e+01  -7.9080351e-02   4.7083595e-02
   6.4500000e+01  -7.5188092e-02   2.0055350e-02
   6.4600000e+01  -5.3868911e-02   6.7075771e-03
   6.4700000e+01  -2.7440398e-02   1.2553485e-02
   6.4800000e+01  -7.5001100e-03   2.5894841e-02
   6.4900000e+01   3.7922891e-03   3.2927626e-02
   6.5000000e+01   9.0415758e-03   3.2289002e-02
   6.5100000e+01   8.1719371e-03   3.3373366e-02
   6.5200000e+01   1.5208383e-03   4.3223474e-02
   6.5300000e+01  -1.3190608e-03   5.7323097e-02
   6.5400000e+01   1.5725605e-02   6.2502328e-02
   6.5500000e+01   5.7590092e-02   4.8254812e-02
   6.5600000e+01   1.0624603e-01   1.6873532e-02
   6.5700000e+01   1.3391905e-01  -1.6252579e-02
   6.5800000e+01   1.3062133e-01  -3.3914849e-02
   6.5900000e+01   1.1432956e-01  -3.0942444e-02
   6.6000000e+01   1.1018102e-01  -1.7017657e-02
   6.6100000e+01   1.2210551e-01  -5.2516069e-03
   6.6200000e+01   1.3002157e-01   2.4494226e-04
   6.6300000e+01   1.1527931e-01   3.2158008e-03
   6.6400000e+01   8.3819065e-02   3.8260779e-03
   6.6500000e+01   6.0347483e-02  -5.5156294e-03
   6.6600000e+01   6.1181105e-02  -2.9265490e-02
   6.6700000e+01   7.6633617e-02  -5.6863177e-02
   6.6800000e+01   8.1116911e-02  -6.8110006e-02
   6.6900000e+01   5.8550562e-02  -5.3122913e-02
   6.7000000e+01   1.6920626e-02  -2.4328193e-02
   6.7100000e+01  -1.9904988e-02  -5.1301129e-03
   6.7200000e+01  -3.2270324e-02  -6.4807373e-03
   6.7300000e+01  -1.8323665e-02  -1.7032054e-02
   6.7400000e+01   6.9985993e-03  -1.7689416e-02
   6.7500000e+01   2.2790423e-02  -4.1462356e-03
   6.7600000e+01   1.4483563e-02   7.7902357e-03
   6.7700000e+01  -1.7663954e-02  -7.5852890e-05
   6.7800000e+01  -5.7659881e-02  -2.7210905e-02
   6.7900000e+01  -8.3170902e-02  -5.2811482e-02
   6.8000000e+01  -8.1241921e-02  -5.5213753e-02
   6.8100000e+01  -5.7783682e-02  -3.1964652e-02
   6.8200000e+01  -3.0984341e-02  -1.3305309e-03
   6.8300000e+01  -1.4854894e-02   1.4325755e-02
   6.8400000e+01  -1.0265398e-02   6.9992022e-03
   6.8500000e+01  -1.1141429e-02  -1.1691835e-02
   6.8600000e+01  -1.4388537e-02  -2.1050045e-02
   6.8700000e+01  -1.9497916e-02  -8.8184009e-03
   6.8800000e+01  -2.1132038e-02   1.7895498e-02
   6.8900000e+01  -9.7164392e-03   3.8038824e-02
   6.9000000e+01   1.6686006e-02   3.5398560e-02
   6.9100000e+01   4.4342882e-02   1.4010954e-02
   6.9200000e+01   5.2546008e-02  -5.9703019e-03
   6.9300000e+01   3.1363313e-02  -8.8901098e-03
   6.9400000e+01  -9.9822132e-03   1.1377484e-03
   6.9500000e+01  -5.0580068e-02   7.1856849e-03
   6.9600000e+01  -7.1363243e-02   4.1548787e-04
   6.9700000e+01  -6.4203281e-02  -9.3943904e-03
   6.9800000e+01  -3.4972869e-02  -5.6980282e-03
   6.9900000e+01  -1.2417680e-03   1.4379565e-02
   7.0000000e+01   1.7512411e-02   3.4120918e-02
   7.0100000e+01   1.4038292e-02   3.2628936e-02
   7.0200000e+01  -1.2826486e-03   5.8345635e-03
   7.0300000e+01  -1.2533704e-02  -2.8075178e-02
   7.0400000e+01  -1.6291455e-02  -4.4434688e-02
   7.0500000e+01  -2.3662318e-02  -3.4082027e-02
   7.0600000e+01  -4.2658133e-02  -1.0306799e-02
   7.0700000e+01  -6.3493608e-02   5.8892058e-03
   7.0800000e+01  -6.7569259e-02   6.7642029e-03
   7.0900000e+01  -5.0350028e-02   2.8940940e-03
   7.1000000e+01  -2.8694544e-02   7.8184122e-03
   7.1100000e+01  -2.1889282e-02   2.1064214e-02
   7.1200000e+01  -2.9403538e-02   2.9529012e-02
   7.1300000e+01  -3.3113217e-02   2.4096952e-02
   7.1400000e+01  -2.1130055e-02   9.8309340e-03
   7.1500000e+01  -3.8196560e-03  -2.1308891e-03
   7.1600000e+01  -3.0009670e-03  -8.2402957e-03
   7.1700000e+01  -2.7743153e-02  -1.2855041e-02
   7.1800000e+01  -6.4148544e-02  -1.6270820e-02
   7.1900000e+01  -8.8140661e-02  -9.3920310e-03
   7.2000000e+01  -8.5304921e-02   1.5161788e-02
   7.2100000e+01  -5.8776801e-02   4.9101657e-02
   7.2200000e+01  -2.2787572e-02   7.0845021e-02
   7.2300000e+01   7.4980277e-03   6.3754980e-02
   7.2400000e+01   2.1898733e-02   3.0805138e-02
   7.2500000e+01   1.7631261e-02  -8.7726110e-03
   7.2600000e+01   6.3567212e-04  -3.5019410e-02
   7.2700000e+01  -1.6094216e-02  -3.9162034e-02
   7.2800000e+01  -1.9568969e-02  -2.4744526e-02
   7.2900000e+01  -5.6643648e-03  -2.6880839e-03
   7.3000000e+01   1.8127580e-02   1.4051695e-02
   7.3100000e+01   3.9464087e-02   1.5975426e-02
   7.3200000e+01   5.1392474e-02   2.6976186e-03
   7.3300000e+01   5.6351835e-02  -1.5676514e-02
   7.3400000e+01   6.0914961e-02  -2.5227593e-02
   7.3500000e+01   6.7929492e-02  -1.8814334e-02
   7.3600000e+01   7.4523587e-02  -1.2475740e-03
   7.3700000e+01   7.6932499e-02   1.5413155e-02
   7.3800000e+01   7.5681697e-02   2.1648181e-02
   7.3900000e+01   7.5533252e-02   1.7066604e-02
   7.4000000e+01   8.1003624e-02   9.3932006e-03
   7.4100000e+01   9.1839914e-02   7.1346357e-03
   7.4200000e+01   1.0142244e-01   1.1340640e-02
   7.4300000e+01   9.9227471e-02   1.3810004e-02
   7.4400000e+01   7.7788133e-02   5.4658769e-03
   7.4500000e+01   4.1193854e-02  -1.1907818e-02
   7.4600000e+01   6.8061152e-03  -2.4564286e-02
   7.4700000e+01  -6.1843468e-03  -2.0886927e-02
   7.4800000e+01   5.5853246e-03  -5.6815884e-03
   7.4900000e+01   2.3953803e-02   4.1413552e-03
   7.5000000e+01   2.5175795e-02  -9.3671110e-04
   7.5100000e+01   3.5091999e-03  -1.3069367e-02
   7.5200000e+01  -2.2959827e-02  -1.9991674e-02
   7.5300000e+01  -3.1825644e-02  -2.2466084e-02
   7.5400000e+01  -2.0209279e-02  -3.0449434e-02
   7.5500000e+01  -6.6842471e-03  -4.3014282e-02
   7.5600000e+01  -1.0103826e-02  -4.3160818e-02
   7.5700000e+01  -2.9901607e-02  -1.9433030e-02
   7.5800000e+01  -4.9000612e-02   1.4128971e-02
   7.5900000e+01  -5.3717193e-02   3.0547583e-02
   7.6000000e+01  -4.7312007e-02   2.2094702e-02
   7.6100000e+01  -4.3808987e-02   9.3312626e-03
   7.6200000e+01  -5.1526958e-02   1.3078627e-02
   7.6300000e+01  -6.4681205e-02   2.6129790e-02
   7.6400000e+01  -6.9759094e-02   2.3698712e-02
   7.6500000e+01  -5.8008262e-02  -1.9646950e-04
   7.6600000e+01  -3.2596052e-02  -1.9640916e-02
   7.6700000e+01  -6.7610541e-03  -7.1761209e-03
   7.6800000e+01   4.3460175e-03   2.9394106e-02
   7.6900000e+01  -5.7394541e-03   5.1139700e-02
   7.7000000e+01  -2.7122355e-02   3.0475458e-02
   7.7100000e+01  -3.6694992e-02  -1.7607034e-02
   7.7200000e+01  -1.5165189e-02  -5.1411180e-02
   7.7300000e+01   3.3468719e-02  -4.5910993e-02
   7.7400000e+01   8.0324015e-02  -1.4410294e-02
   7.7500000e+01   9.4737823e-02   1.2175597e-02
   7.7600000e+01   7.1783619e-02   1.9990715e-02
   7.7700000e+01   3.5049047e-02   2.0580736e-02
   7.7800000e+01   1.0920339e-02   2.7797109e-02
   7.7900000e+01   3.5857365e-03   3.5484921e-02
   7.8000000e+01  -9.2750127e-04   2.4304366e-02
   7.8100000e+01  -9.8979417e-03  -1.1323631e-02
   7.8200000e+01  -1.2913132e-02  -4.9964918e-02
   7.8300000e+01   1.7586552e-05  -6.1162879e-02
   7.8400000e+01   1.7087078e-02  -3.5749268e-02
   7.8500000e+01   1.3025095e-02   4.2486425e-03
   7.8600000e+01  -1.8973471e-02   2.5934892e-02
   7.8700000e+01  -5.2193850e-02   1.4517007e-02
   7.8800000e+01  -5.0945121e-02  -1.6478567e-02
   7.8900000e+01  -8.7370850e-03  -3.9554143e-02
   7.9000000e+01   4.3033511e-02  -3.5674545e-02
   7.9100000e+01   6.3987691e-02  -6.2407248e-03
   7.9200000e+01   3.8473670e-02   3.0559624e-02
   7.9300000e+01  -1.6975753e-02   5.2520782e-02
   7.9400000e+01  -7.0198207e-02   4.6547608e-02
   7.9500000e+01  -9.3169250e-02   1.5865843e-02
   7.9600000e+01  -7.4798950e-02  -2.2288764e-02
   7.9700000e+01  -2.7933651e-02  -4.7664135e-02
   7.9800000e+01   1.4503021e-02  -4.9270846e-02
   7.9900000e+01   2.2178444e-02  -2.9453963e-02
   8.0000000e+01  -4.1461951e-03   1.7172993e-03
