   1.0221618e+02   2.8602761e+01   2.5212700e+03
   1.0223297e+02   2.8380116e+01   2.0699100e+03
   0.0000000e+00   2.3150645e-01   2.3150645e-01
   1.0000000e-01   2.6318600e-01   2.0843937e-01
   2.0000000e-01   3.3883056e-01   1.4997330e-01
   3.0000000e-01   4.4796712e-01   4.7907648e-02
   4.0000000e-01   5.4703786e-01  -6.6284417e-02
   5.0000000e-01   6.0595192e-01  -1.5488367e-01
   6.0000000e-01   6.3484668e-01  -2.0262897e-01
   7.0000000e-01   6.6647568e-01  -2.1676190e-01
   8.0000000e-01   7.2243210e-01  -2.1386913e-01
   9.0000000e-01   8.0059289e-01  -2.1409545e-01
   1.0000000e+00   8.8545860e-01  -2.3796581e-01
   1.1000000e+00   9.5848474e-01  -2.9308910e-01
   1.2000000e+00   1.0000000e+00  -3.6096352e-01
   1.3000000e+00   9.9454622e-01  -4.0768544e-01
   1.4000000e+00   9.4268575e-01  -4.1756359e-01
   1.5000000e+00   8.6265809e-01  -4.1544470e-01
   1.6000000e+00   7.7275894e-01  -4.4955506e-01
   1.7000000e+00   6.7352495e-01  -5.4869366e-01
   1.8000000e+00   5.5378335e-01  -6.9505236e-01
   1.9000000e+00   4.1357366e-01  -8.3592965e-01
   2.0000000e+00   2.7234703e-01  -9.1932504e-01
   2.1000000e+00   1.4980066e-01  -9.2280252e-01
   2.2000000e+00   4.4435205e-02  -8.5996079e-01
   2.3000000e+00  -6.1643214e-02  -7.6837554e-01
   2.4000000e+00  -1.7877777e-01  -6.8838098e-01
   2.5000000e+00  -2.9786589e-01  -6.4083129e-01
   2.6000000e+00  -4.0196154e-01  -6.1487178e-01
   2.7000000e+00  -4.8091026e-01  -5.7696014e-01
   2.8000000e+00  -5.3080088e-01  -4.9851653e-01
   2.9000000e+00  -5.4825420e-01  -3.8029986e-01
   3.0000000e+00  -5.3661821e-01  -2.5078059e-01
   3.1000000e+00  -5.1596798e-01  -1.4029916e-01
   3.2000000e+00  -5.1429565e-01  -5.7566159e-02
   3.3000000e+00  -5.4181686e-01   9.3111711e-03
   3.4000000e+00  -5.7953603e-01   7.4185499e-02
   3.5000000e+00  -5.9991495e-01   1.4184010e-01
   3.6000000e+00  -5.9587393e-01   2.1518171e-01
   3.7000000e+00  -5.8301657e-01   3.0435198e-01
   3.8000000e+00  -5.7584897e-01   4.1907365e-01
   3.9000000e+00  -5.7130342e-01   5.5101383e-01
   4.0000000e+00  -5.5796295e-01   6.7081981e-01
   4.1000000e+00  -5.3224832e-01   7.4875893e-01
   4.2000000e+00  -4.9760696e-01   7.7822037e-01
   4.3000000e+00  -4.5269755e-01   7.7674558e-01
   4.4000000e+00  -3.9173076e-01   7.6552783e-01
   4.5000000e+00  -3.1941654e-01   7.5145727e-01
   4.6000000e+00  -2.5735206e-01   7.2853065e-01
   4.7000000e+00  -2.2743101e-01   6.9099490e-01
   4.8000000e+00  -2.2920983e-01   6.4042456e-01
   4.9000000e+00  -2.3844987e-01   5.8118932e-01
   5.0000000e+00  -2.2952530e-01   5.1375734e-01
   5.1000000e+00  -1.9717495e-01   4.3558470e-01
   5.2000000e+00  -1.5581753e-01   3.4849037e-01
   5.3000000e+00  -1.2072309e-01   2.6300295e-01
   5.4000000e+00  -9.2696751e-02   1.9184298e-01
   5.5000000e+00  -5.9820937e-02   1.3533825e-01
   5.6000000e+00  -1.0074644e-02   7.3141417e-02
   5.7000000e+00   5.9599963e-02  -2.3814024e-02
   5.8000000e+00   1.4349412e-01  -1.6561465e-01
   5.9000000e+00   2.3106397e-01  -3.2532945e-01
   6.0000000e+00   3.0915643e-01  -4.5284514e-01
   6.1000000e+00   3.6477389e-01  -5.1228575e-01
   6.2000000e+00   3.9180376e-01  -5.0903770e-01
   6.3000000e+00   3.9684167e-01  -4.8216320e-01
   6.4000000e+00   3.9514576e-01  -4.7198586e-01
   6.5000000e+00   3.9778425e-01  -4.9205866e-01
   6.6000000e+00   4.0359135e-01  -5.2349227e-01
   6.7000000e+00   4.0555699e-01  -5.2917298e-01
   6.8000000e+00   4.0306660e-01  -4.7758476e-01
   6.9000000e+00   4.0313710e-01  -3.6556644e-01
   7.0000000e+00   4.0844530e-01  -2.2557881e-01
   7.1000000e+00   4.0885220e-01  -1.0594287e-01
   7.2000000e+00   3.9002579e-01  -3.4278680e-02
   7.3000000e+00   3.5055443e-01   3.2389878e-03
   7.4000000e+00   3.0684109e-01   4.4244098e-02
   7.5000000e+00   2.7913261e-01   1.1138311e-01
   7.6000000e+00   2.7393036e-01   1.9333277e-01
   7.7000000e+00   2.8055755e-01   2.6287482e-01
   7.8000000e+00   2.8217580e-01   3.0603570e-01
   7.9000000e+00   2.6759999e-01   3.2724236e-01
   8.0000000e+00   2.3476308e-01   3.3014057e-01
   8.1000000e+00   1.8904337e-01   3.0573349e-01
   8.2000000e+00   1.4223726e-01   2.4755915e-01
   8.3000000e+00   1.1036401e-01   1.7433085e-01
   8.4000000e+00   1.0524106e-01   1.2561845e-01
   8.5000000e+00   1.2299862e-01   1.2669309e-01
   8.6000000e+00   1.4163748e-01   1.5861675e-01
   8.7000000e+00   1.3498806e-01   1.6984990e-01
   8.8000000e+00   9.3758745e-02   1.2264687e-01
   8.9000000e+00   3.3886303e-02   2.8529778e-02
   9.0000000e+00  -1.7776121e-02  -6.3586812e-02
   9.1000000e+00  -4.7998987e-02  -1.1444098e-01
   9.2000000e+00  -6.7994320e-02  -1.2879224e-01
   9.3000000e+00  -9.9782502e-02  -1.4422001e-01
   9.4000000e+00  -1.5259223e-01  -1.8947922e-01
   9.5000000e+00  -2.1393013e-01  -2.5680371e-01
   9.6000000e+00  -2.6368811e-01  -3.1400761e-01
   9.7000000e+00  -2.9492600e-01  -3.3899102e-01
   9.8000000e+00  -3.1907631e-01  -3.3841713e-01
   9.9000000e+00  -3.5174703e-01  -3.3352248e-01
   1.0000000e+01  -3.9608640e-01  -3.3286914e-01
   1.0100000e+01  -4.4081264e-01  -3.2358389e-01
   1.0200000e+01  -4.7184657e-01  -2.8894214e-01
   1.0300000e+01  -4.8277824e-01  -2.3013168e-01
   1.0400000e+01  -4.7470806e-01  -1.6729098e-01
   1.0500000e+01  -4.5048406e-01  -1.1995281e-01
   1.0600000e+01  -4.1284135e-01  -8.9478086e-02
   1.0700000e+01  -3.6706648e-01  -6.1680011e-02
   1.0800000e+01  -3.2124448e-01  -2.4646322e-02
   1.0900000e+01  -2.8163974e-01   1.8274651e-02
   1.1000000e+01  -2.4925779e-01   5.3147561e-02
   1.1100000e+01  -2.2229686e-01   7.1557654e-02
   1.1200000e+01  -1.9986057e-01   8.0625196e-02
   1.1300000e+01  -1.8003926e-01   9.5627660e-02
   1.1400000e+01  -1.5511736e-01   1.2180707e-01
   1.1500000e+01  -1.1381093e-01   1.4504888e-01
   1.1600000e+01  -5.2286252e-02   1.4465157e-01
   1.1700000e+01   1.8141464e-02   1.1799724e-01
   1.1800000e+01   7.7993250e-02   9.0376456e-02
   1.1900000e+01   1.1577976e-01   9.5556429e-02
   1.2000000e+01   1.3623269e-01   1.4439507e-01
   1.2100000e+01   1.5281773e-01   2.1385190e-01
   1.2200000e+01   1.7489084e-01   2.6746443e-01
   1.2300000e+01   2.0368756e-01   2.8480456e-01
   1.2400000e+01   2.3768538e-01   2.7081556e-01
   1.2500000e+01   2.7643998e-01   2.4137520e-01
   1.2600000e+01   3.1732464e-01   2.0594407e-01
   1.2700000e+01   3.5215397e-01   1.6509069e-01
   1.2800000e+01   3.7176009e-01   1.2017221e-01
   1.2900000e+01   3.7469525e-01   8.1057781e-02
   1.3000000e+01   3.6847942e-01   6.3580881e-02
   1.3100000e+01   3.5998189e-01   7.9025458e-02
   1.3200000e+01   3.4581136e-01   1.2325546e-01
   1.3300000e+01   3.1521709e-01   1.7375913e-01
   1.3400000e+01   2.6368253e-01   1.9968132e-01
   1.3500000e+01   2.0204090e-01   1.8069165e-01
   1.3600000e+01   1.4995279e-01   1.2064219e-01
   1.3700000e+01   1.1968891e-01   4.4013984e-02
   1.3800000e+01   1.0662503e-01  -2.1214857e-02
   1.3900000e+01   9.5158381e-02  -5.8393322e-02
   1.4000000e+01   7.2542686e-02  -6.4806484e-02
   1.4100000e+01   3.6596685e-02  -4.7467462e-02
   1.4200000e+01  -8.1236026e-03  -2.0974172e-02
   1.4300000e+01  -5.8589983e-02  -5.2101539e-03
   1.4400000e+01  -1.1572184e-01  -1.5080241e-02
   1.4500000e+01  -1.7830280e-01  -4.6687885e-02
   1.4600000e+01  -2.3548767e-01  -7.7377454e-02
   1.4700000e+01  -2.6787777e-01  -8.6940181e-02
   1.4800000e+01  -2.6024524e-01  -8.0672904e-02
   1.4900000e+01  -2.1697221e-01  -8.6458905e-02
   1.5000000e+01  -1.6487828e-01  -1.2467868e-01
   1.5100000e+01  -1.3646025e-01  -1.8303618e-01
   1.5200000e+01  -1.4533202e-01  -2.2614153e-01
   1.5300000e+01  -1.7611906e-01  -2.3084592e-01
   1.5400000e+01  -1.9904977e-01  -2.0813700e-01
   1.5500000e+01  -1.9517114e-01  -1.8766632e-01
   1.5600000e+01  -1.6809673e-01  -1.8386520e-01
   1.5700000e+01  -1.3406107e-01  -1.8238160e-01
   1.5800000e+01  -1.0491740e-01  -1.6045464e-01
   1.5900000e+01  -8.2240331e-02  -1.1628964e-01
   1.6000000e+01  -6.3735879e-02  -7.4661747e-02
   1.6100000e+01  -4.9110472e-02  -6.4119387e-02
   1.6200000e+01  -3.7637060e-02  -9.0629980e-02
   1.6300000e+01  -2.3636901e-02  -1.3262453e-01
   1.6400000e+01   8.7795976e-04  -1.5854412e-01
   1.6500000e+01   3.7725671e-02  -1.4860525e-01
   1.6600000e+01   7.8351373e-02  -1.0442145e-01
   1.6700000e+01   1.0975527e-01  -4.4529527e-02
   1.6800000e+01   1.2519445e-01   6.9590927e-03
   1.6900000e+01   1.2945953e-01   3.2401208e-02
   1.7000000e+01   1.3429392e-01   2.9853344e-02
   1.7100000e+01   1.4857331e-01   1.4576895e-02
   1.7200000e+01   1.7144666e-01   8.5203426e-03
   1.7300000e+01   1.9306032e-01   2.2759903e-02
   1.7400000e+01   2.0139935e-01   4.8115946e-02
   1.7500000e+01   1.9024641e-01   6.4749872e-02
   1.7600000e+01   1.6353608e-01   6.2256662e-02
   1.7700000e+01   1.3361847e-01   4.9209676e-02
   1.7800000e+01   1.1368731e-01   4.2732722e-02
   1.7900000e+01   1.0811895e-01   5.1746319e-02
   1.8000000e+01   1.0775642e-01   7.2910082e-02
   1.8100000e+01   9.6039828e-02   9.9689824e-02
   1.8200000e+01   6.3510885e-02   1.2869906e-01
   1.8300000e+01   1.8337048e-02   1.5554730e-01
   1.8400000e+01  -1.9060865e-02   1.7100289e-01
   1.8500000e+01  -3.4593114e-02   1.6832365e-01
   1.8600000e+01  -3.4236842e-02   1.5368804e-01
   1.8700000e+01  -3.7546543e-02   1.4315038e-01
   1.8800000e+01  -5.7007397e-02   1.4639324e-01
   1.8900000e+01  -8.6290598e-02   1.5663934e-01
   1.9000000e+01  -1.1104004e-01   1.5944998e-01
   1.9100000e+01  -1.2847693e-01   1.4908147e-01
   1.9200000e+01  -1.5001375e-01   1.3237023e-01
   1.9300000e+01  -1.8191319e-01   1.1745999e-01
   1.9400000e+01  -2.0896564e-01   1.0340435e-01
   1.9500000e+01  -2.0592410e-01   8.3070153e-02
   1.9600000e+01  -1.6733381e-01   5.3878830e-02
   1.9700000e+01  -1.1994221e-01   2.2809856e-02
   1.9800000e+01  -9.9170008e-02   6.3357088e-04
   1.9900000e+01  -1.1389004e-01  -8.1722718e-03
   2.0000000e+01  -1.3903927e-01  -1.0671571e-02
   2.0100000e+01  -1.4323920e-01  -2.1398874e-02
   2.0200000e+01  -1.1863834e-01  -5.1215376e-02
   2.0300000e+01  -8.1533476e-02  -9.7465848e-02
   2.0400000e+01  -4.9888798e-02  -1.4475942e-01
   2.0500000e+01  -2.7939578e-02  -1.7679041e-01
   2.0600000e+01  -1.1580662e-02  -1.8739941e-01
   2.0700000e+01   6.7300379e-04  -1.7934590e-01
   2.0800000e+01   8.0904418e-03  -1.5507975e-01
   2.0900000e+01   1.4427468e-02  -1.1514680e-01
   2.1000000e+01   2.6032590e-02  -6.8498010e-02
   2.1100000e+01   4.2112991e-02  -3.7954699e-02
   2.1200000e+01   5.2639838e-02  -4.4851425e-02
   2.1300000e+01   4.9537839e-02  -8.4393454e-02
   2.1400000e+01   3.7190842e-02  -1.2251245e-01
   2.1500000e+01   2.8477018e-02  -1.2522929e-01
   2.1600000e+01   3.2130959e-02  -9.1882570e-02
   2.1700000e+01   4.7508276e-02  -5.4124274e-02
   2.1800000e+01   7.0249857e-02  -3.9807282e-02
   2.1900000e+01   9.7331982e-02  -4.2253724e-02
   2.2000000e+01   1.2451948e-01  -3.0112038e-02
   2.2100000e+01   1.4401194e-01   1.3983616e-02
   2.2200000e+01   1.5041642e-01   7.0725470e-02
   2.2300000e+01   1.4799081e-01   1.0271289e-01
   2.2400000e+01   1.4609358e-01   9.2219118e-02
   2.2500000e+01   1.4538237e-01   5.6560311e-02
   2.2600000e+01   1.3348362e-01   2.7693313e-02
   2.2700000e+01   9.9894571e-02   2.2256185e-02
   2.2800000e+01   5.4085903e-02   3.3725427e-02
   2.2900000e+01   2.2579365e-02   4.8335689e-02
   2.3000000e+01   2.4305524e-02   6.0360976e-02
   2.3100000e+01   5.0928251e-02   6.9821799e-02
   2.3200000e+01   7.4821469e-02   7.2253999e-02
   2.3300000e+01   7.5686728e-02   5.9582872e-02
   2.3400000e+01   5.6256675e-02   3.2641525e-02
   2.3500000e+01   3.2584482e-02   6.5581557e-03
   2.3600000e+01   1.4585837e-02  -2.2274254e-03
   2.3700000e+01   1.7651342e-04   6.4643120e-03
   2.3800000e+01  -1.4798279e-02   1.6464742e-02
   2.3900000e+01  -2.8331158e-02   1.3639923e-02
   2.4000000e+01  -3.6776620e-02   4.0807687e-04
   2.4100000e+01  -4.3011792e-02  -1.0551328e-02
   2.4200000e+01  -5.4406100e-02  -1.3492399e-02
   2.4300000e+01  -7.2683764e-02  -1.5147063e-02
   2.4400000e+01  -9.0295260e-02  -2.3227186e-02
   2.4500000e+01  -9.9134630e-02  -3.4918499e-02
   2.4600000e+01  -1.0013376e-01  -4.0398721e-02
   2.4700000e+01  -1.0080162e-01  -3.5178701e-02
   2.4800000e+01  -1.0403483e-01  -2.4657072e-02
   2.4900000e+01  -1.0322865e-01  -1.6792093e-02
   2.5000000e+01  -9.0440835e-02  -1.4264818e-02
   2.5100000e+01  -6.7585104e-02  -1.5146686e-02
   2.5200000e+01  -4.7097628e-02  -1.7692988e-02
   2.5300000e+01  -4.1574495e-02  -2.1091512e-02
   2.5400000e+01  -5.4003572e-02  -2.2954691e-02
   2.5500000e+01  -7.7304876e-02  -1.9951359e-02
   2.5600000e+01  -1.0029531e-01  -1.1694143e-02
   2.5700000e+01  -1.1259540e-01  -1.2983300e-03
   2.5800000e+01  -1.0690451e-01   9.2353109e-03
   2.5900000e+01  -8.2196881e-02   2.1685976e-02
   2.6000000e+01  -4.7445907e-02   3.7021708e-02
   2.6100000e+01  -1.9363905e-02   4.9619455e-02
   2.6200000e+01  -1.1079374e-02   5.0322779e-02
   2.6300000e+01  -2.0132455e-02   3.7260184e-02
   2.6400000e+01  -2.8811366e-02   2.1243356e-02
   2.6500000e+01  -1.8962443e-02   1.6629204e-02
   2.6600000e+01   1.2274017e-02   2.5511363e-02
   2.6700000e+01   5.1236450e-02   3.2816007e-02
   2.6800000e+01   8.1227639e-02   2.0044970e-02
   2.6900000e+01   9.5765785e-02  -1.4126738e-02
   2.7000000e+01   9.8980907e-02  -4.7102213e-02
   2.7100000e+01   9.6645763e-02  -4.8827553e-02
   2.7200000e+01   9.0975275e-02  -8.9814627e-03
   2.7300000e+01   8.4196683e-02   4.9819984e-02
   2.7400000e+01   8.2064984e-02   8.7070869e-02
   2.7500000e+01   8.8600892e-02   7.6195182e-02
   2.7600000e+01   9.7833669e-02   2.4781932e-02
   2.7700000e+01   9.6494032e-02  -3.4686126e-02
   2.7800000e+01   7.9162195e-02  -7.2837207e-02
   2.7900000e+01   5.8393965e-02  -8.2528074e-02
   2.8000000e+01   5.3553964e-02  -7.4269586e-02
   2.8100000e+01   6.6810542e-02  -5.9365029e-02
   2.8200000e+01   7.4172414e-02  -4.1128210e-02
   2.8300000e+01   4.6747070e-02  -1.9286348e-02
   2.8400000e+01  -1.6557004e-02   3.7245893e-03
   2.8500000e+01  -8.0110892e-02   2.3322232e-02
   2.8600000e+01  -9.9594686e-02   3.6140597e-02
   2.8700000e+01  -6.2080024e-02   3.9825337e-02
   2.8800000e+01   1.9282208e-04   3.2047314e-02
   2.8900000e+01   3.5955490e-02   1.4339165e-02
   2.9000000e+01   1.7494146e-02  -3.3064783e-03
   2.9100000e+01  -3.7659071e-02  -6.8574014e-03
   2.9200000e+01  -8.3379782e-02   9.2194810e-03
   2.9300000e+01  -8.3865975e-02   3.5501601e-02
   2.9400000e+01  -4.0858784e-02   5.6346393e-02
   2.9500000e+01   1.2816650e-02   6.4117310e-02
   2.9600000e+01   4.4722040e-02   6.2425634e-02
   2.9700000e+01   4.8865047e-02   5.6752891e-02
   2.9800000e+01   4.3496980e-02   4.6444575e-02
   2.9900000e+01   4.7116518e-02   2.7703499e-02
   3.0000000e+01   5.9784453e-02   1.3482466e-03
   3.0100000e+01   6.7479377e-02  -2.5379544e-02
   3.0200000e+01   6.0229141e-02  -4.3501801e-02
   3.0300000e+01   4.1756215e-02  -4.6810152e-02
   3.0400000e+01   2.2135877e-02  -3.4062493e-02
   3.0500000e+01   5.6844269e-03  -1.1414905e-02
   3.0600000e+01  -1.0996475e-02   6.8584907e-03
   3.0700000e+01  -3.0751252e-02   5.1276304e-03
   3.0800000e+01  -4.9105220e-02  -2.1488377e-02
   3.0900000e+01  -5.7154839e-02  -6.1850453e-02
   3.1000000e+01  -5.0906196e-02  -9.7439784e-02
   3.1100000e+01  -3.7580740e-02  -1.1577012e-01
   3.1200000e+01  -3.2076751e-02  -1.1449766e-01
   3.1300000e+01  -4.5019742e-02  -9.5894705e-02
   3.1400000e+01  -7.2324194e-02  -6.3695891e-02
   3.1500000e+01  -9.7406180e-02  -2.7208488e-02
   3.1600000e+01  -1.0617127e-01  -2.4630886e-03
   3.1700000e+01  -1.0017585e-01  -1.3642129e-03
   3.1800000e+01  -9.3205856e-02  -1.7809096e-02
   3.1900000e+01  -9.5078368e-02  -2.9082976e-02
   3.2000000e+01  -1.0216991e-01  -1.5811125e-02
   3.2100000e+01  -1.0536481e-01   1.8673369e-02
   3.2200000e+01  -1.0305504e-01   5.0399227e-02
   3.2300000e+01  -1.0081663e-01   5.6866527e-02
   3.2400000e+01  -9.9134326e-02   3.6843376e-02
   3.2500000e+01  -8.8194024e-02   8.8575873e-03
   3.2600000e+01  -5.8916226e-02  -7.8653127e-03
   3.2700000e+01  -1.5963841e-02  -9.3266520e-03
   3.2800000e+01   2.5093819e-02  -4.6279490e-03
   3.2900000e+01   5.2995039e-02  -1.2253702e-03
   3.3000000e+01   6.8892798e-02   4.5727245e-03
   3.3100000e+01   7.8761690e-02   2.1746502e-02
   3.3200000e+01   8.2858817e-02   5.1033601e-02
   3.3300000e+01   7.7338266e-02   7.9263297e-02
   3.3400000e+01   6.4976742e-02   8.7625922e-02
   3.3500000e+01   5.9124494e-02   6.5487791e-02
   3.3600000e+01   7.3683547e-02   1.7842678e-02
   3.3700000e+01   1.0930408e-01  -3.7217922e-02
   3.3800000e+01   1.5042100e-01  -7.6848369e-02
   3.3900000e+01   1.7598326e-01  -8.3502842e-02
   3.4000000e+01   1.7377321e-01  -5.4502170e-02
   3.4100000e+01   1.4691468e-01  -5.9880640e-03
   3.4200000e+01   1.0982332e-01   3.5729359e-02
   3.4300000e+01   7.9068727e-02   5.3464715e-02
   3.4400000e+01   6.5485829e-02   5.3042776e-02
   3.4500000e+01   6.9613806e-02   5.5955788e-02
   3.4600000e+01   8.0313849e-02   7.5876773e-02
   3.4700000e+01   7.8739411e-02   1.0375899e-01
   3.4800000e+01   5.0219371e-02   1.1848070e-01
   3.4900000e+01  -1.2563442e-03   1.1077037e-01
   3.5000000e+01  -5.0339883e-02   9.2619283e-02
   3.5100000e+01  -6.8298981e-02   8.2500572e-02
   3.5200000e+01  -4.9176924e-02   8.5553569e-02
   3.5300000e+01  -1.7585627e-02   9.1137136e-02
   3.5400000e+01  -6.6133902e-03   8.6347485e-02
   3.5500000e+01  -2.6473570e-02   6.6711415e-02
   3.5600000e+01  -5.6594558e-02   3.4941295e-02
   3.5700000e+01  -6.9104687e-02  -3.4938522e-03
   3.5800000e+01  -5.7582959e-02  -4.0010370e-02
   3.5900000e+01  -4.0856739e-02  -6.3660879e-02
   3.6000000e+01  -4.0664984e-02  -6.9575640e-02
   3.6100000e+01  -5.9193335e-02  -6.6242110e-02
   3.6200000e+01  -7.8802828e-02  -6.7943414e-02
   3.6300000e+01  -8.0613476e-02  -7.7755677e-02
   3.6400000e+01  -6.1395071e-02  -8.3730544e-02
   3.6500000e+01  -3.4317405e-02  -7.7006857e-02
   3.6600000e+01  -1.6498178e-02  -6.9709961e-02
   3.6700000e+01  -1.6120343e-02  -8.5781368e-02
   3.6800000e+01  -2.8661076e-02  -1.3095555e-01
   3.6900000e+01  -4.2708377e-02  -1.7799236e-01
   3.7000000e+01  -4.9162895e-02  -1.8889499e-01
   3.7100000e+01  -4.6562278e-02  -1.5220601e-01
   3.7200000e+01  -3.9369592e-02  -9.4276246e-02
   3.7300000e+01  -3.2316305e-02  -5.2466979e-02
   3.7400000e+01  -2.6974037e-02  -4.0224526e-02
   3.7500000e+01  -2.3183077e-02  -4.0089210e-02
   3.7600000e+01  -2.1548628e-02  -2.7509227e-02
   3.7700000e+01  -2.2245676e-02   3.2460142e-03
   3.7800000e+01  -2.1885160e-02   3.6554300e-02
   3.7900000e+01  -1.5171450e-02   5.3513033e-02
   3.8000000e+01  -2.5661339e-03   4.8649288e-02
   3.8100000e+01   5.4012443e-03   3.0509098e-02
   3.8200000e+01  -3.4481518e-03   1.1170586e-02
   3.8300000e+01  -2.7296704e-02  -1.4030973e-03
   3.8400000e+01  -4.5674102e-02  -2.8108370e-03
   3.8500000e+01  -3.5592812e-02   9.9456957e-03
   3.8600000e+01   5.2766974e-03   3.5645315e-02
   3.8700000e+01   5.3168554e-02   6.4711374e-02
   3.8800000e+01   7.8171580e-02   8.2333231e-02
   3.8900000e+01   7.0013709e-02   7.8862201e-02
   3.9000000e+01   4.4129068e-02   5.6847657e-02
   3.9100000e+01   2.4137577e-02   2.7211107e-02
   3.9200000e+01   2.0661802e-02   7.0113751e-04
   3.9300000e+01   2.6529948e-02  -1.4724173e-02
   3.9400000e+01   2.8465316e-02  -1.1623550e-02
   3.9500000e+01   2.0130805e-02   1.3650647e-02
   3.9600000e+01   5.2736857e-03   5.1561108e-02
   3.9700000e+01  -7.1790821e-03   7.8935762e-02
   3.9800000e+01  -8.8268065e-03   7.6626989e-02
   3.9900000e+01   4.2744781e-03   4.9316637e-02
   4.0000000e+01   2.8261524e-02   2.2186473e-02
   4.0100000e+01   5.0709431e-02   1.4422739e-02
   4.0200000e+01   5.7310567e-02   1.9645987e-02
   4.0300000e+01   4.4479367e-02   1.7050558e-02
   4.0400000e+01   2.6003789e-02  -5.2915227e-04
   4.0500000e+01   2.2768612e-02  -1.6476871e-02
   4.0600000e+01   4.1467803e-02  -1.0403299e-02
   4.0700000e+01   6.4053542e-02   1.6610775e-02
   4.0800000e+01   6.2844245e-02   4.1813841e-02
   4.0900000e+01   2.9147030e-02   4.5032376e-02
   4.1000000e+01  -1.4768137e-02   2.8884271e-02
   4.1100000e+01  -3.5743393e-02   1.3185432e-02
   4.1200000e+01  -2.2720473e-02   1.1825801e-02
   4.1300000e+01   2.2452655e-03   1.8412080e-02
   4.1400000e+01   7.2203677e-03   1.5251747e-02
   4.1500000e+01  -1.6649723e-02  -5.5881954e-03
   4.1600000e+01  -4.7014256e-02  -3.2207822e-02
   4.1700000e+01  -5.4302235e-02  -4.3807974e-02
   4.1800000e+01  -3.1559778e-02  -3.0416996e-02
   4.1900000e+01   9.9547283e-05  -1.5462584e-03
   4.2000000e+01   1.3635734e-02   2.2872881e-02
   4.2100000e+01   1.6158986e-03   2.8377175e-02
   4.2200000e+01  -1.9695524e-02   1.4497439e-02
   4.2300000e+01  -2.9133165e-02  -7.8743986e-03
   4.2400000e+01  -2.1601919e-02  -2.4924834e-02
   4.2500000e+01  -1.0450783e-02  -2.8531512e-02
   4.2600000e+01  -1.0622093e-02  -2.1573558e-02
   4.2700000e+01  -2.1577470e-02  -1.5933424e-02
   4.2800000e+01  -2.8507499e-02  -2.1792219e-02
   4.2900000e+01  -2.0135367e-02  -3.6231772e-02
   4.3000000e+01  -2.7227376e-03  -4.4309216e-02
   4.3100000e+01   6.3758634e-03  -3.4703956e-02
   4.3200000e+01  -9.1500291e-04  -1.4087695e-02
   4.3300000e+01  -1.2382088e-02  -2.9345799e-03
   4.3400000e+01  -7.4874727e-03  -1.5727156e-02
   4.3500000e+01   1.9958042e-02  -4.6555039e-02
   4.3600000e+01   5.3064936e-02  -7.4443652e-02
   4.3700000e+01   6.6545781e-02  -8.0645213e-02
   4.3800000e+01   4.9479372e-02  -6.0329693e-02
   4.3900000e+01   1.4012445e-02  -2.2128456e-02
   4.4000000e+01  -1.6080941e-02   1.8067347e-02
   4.4100000e+01  -2.4203478e-02   4.3577826e-02
   4.4200000e+01  -1.1148898e-02   4.4534753e-02
   4.4300000e+01   8.7342702e-03   2.4841255e-02
   4.4400000e+01   2.0046315e-02   4.2097323e-04
   4.4500000e+01   1.7820763e-02  -1.3686782e-02
   4.4600000e+01   9.5276700e-03  -1.5349079e-02
   4.4700000e+01   5.5959015e-03  -1.2643512e-02
   4.4800000e+01   7.1230723e-03  -1.0380005e-02
   4.4900000e+01   4.7852051e-03  -4.3110515e-03
   4.5000000e+01  -7.6938443e-03   9.0508575e-03
   4.5100000e+01  -2.1281050e-02   2.1864279e-02
   4.5200000e+01  -1.9309795e-02   2.1194142e-02
   4.5300000e+01  -4.5324732e-04   6.4390613e-03
   4.5400000e+01   1.1504957e-02  -5.4312006e-03
   4.5500000e+01  -1.0403567e-02   3.2852951e-03
   4.5600000e+01  -6.2666114e-02   3.0644639e-02
   4.5700000e+01  -1.0615363e-01   5.5604429e-02
   4.5800000e+01  -1.0147241e-01   5.9199926e-02
   4.5900000e+01  -4.9373620e-02   4.2134993e-02
   4.6000000e+01   8.2440382e-03   2.0559284e-02
   4.6100000e+01   2.8536619e-02   7.8567330e-03
   4.6200000e+01   5.9810386e-03   3.6862057e-03
   4.6300000e+01  -2.9739520e-02  -6.7982217e-04
   4.6400000e+01  -4.8465857e-02  -1.0526220e-02
   4.6500000e+01  -4.6535958e-02  -2.2505449e-02
   4.6600000e+01  -4.0748043e-02  -2.8283962e-02
   4.6700000e+01  -4.3407877e-02  -2.0865495e-02
   4.6800000e+01  -4.9359292e-02   8.0698669e-04
   4.6900000e+01  -4.6051420e-02   2.9378840e-02
   4.7000000e+01  -2.9954317e-02   5.0162819e-02
   4.7100000e+01  -9.1864257e-03   4.8638269e-02
   4.7200000e+01   7.6685080e-03   2.2052728e-02
   4.7300000e+01   2.0179641e-02  -1.4870946e-02
   4.7400000e+01   3.1865326e-02  -3.8562717e-02
   4.7500000e+01   4.1139223e-02  -3.4804216e-02
   4.7600000e+01   4.1440471e-02  -1.0224105e-02
   4.7700000e+01   3.1169606e-02   1.4535925e-02
   4.7800000e+01   1.9552127e-02   2.3694408e-02
   4.7900000e+01   1.8898125e-02   1.8709773e-02
   4.8000000e+01   3.1713100e-02   1.2828415e-02
   4.8100000e+01   4.8556745e-02   1.5266544e-02
   4.8200000e+01   5.8835224e-02   2.2152595e-02
   4.8300000e+01   6.0215240e-02   2.2236036e-02
   4.8400000e+01   5.5708541e-02   9.3390638e-03
   4.8500000e+01   4.5622607e-02  -1.1509364e-02
   4.8600000e+01   2.8278469e-02  -2.8501737e-02
   4.8700000e+01   8.8277474e-03  -3.2158721e-02
   4.8800000e+01   1.1557388e-03  -2.1763701e-02
   4.8900000e+01   1.5820994e-02  -5.9968105e-03
   4.9000000e+01   4.7115118e-02   2.3073801e-03
   4.9100000e+01   7.5927642e-02  -4.7688560e-03
   4.9200000e+01   8.6153531e-02  -2.3316772e-02
   4.9300000e+01   7.6386492e-02  -4.0161242e-02
   4.9400000e+01   5.6316007e-02  -4.4494214e-02
   4.9500000e+01   3.6180396e-02  -3.7177584e-02
   4.9600000e+01   2.2050741e-02  -2.7089411e-02
   4.9700000e+01   1.7318450e-02  -1.9175985e-02
   4.9800000e+01   2.2550514e-02  -1.0096696e-02
   4.9900000e+01   3.2693240e-02   2.3654944e-03
   5.0000000e+01   3.8575899e-02   9.8061739e-03
   5.0100000e+01   3.4496802e-02  -2.1202465e-04
   5.0200000e+01   2.3456699e-02  -2.6568815e-02
   5.0300000e+01   1.3109275e-02  -4.9000134e-02
   5.0400000e+01   7.3772712e-03  -4.5928174e-02
   5.0500000e+01   3.7596846e-03  -1.7771918e-02
   5.0600000e+01  -2.0131249e-03   1.1894589e-02
   5.0700000e+01  -1.1281810e-02   2.0424822e-02
   5.0800000e+01  -2.2715820e-02   8.7129908e-03
   5.0900000e+01  -3.4718242e-02  -2.7185014e-03
   5.1000000e+01  -4.5942219e-02   1.8575015e-03
   5.1100000e+01  -5.4908055e-02   1.7165043e-02
   5.1200000e+01  -6.1298492e-02   2.5964208e-02
   5.1300000e+01  -6.7536236e-02   2.0492248e-02
   5.1400000e+01  -7.7490621e-02   1.1134407e-02
   5.1500000e+01  -9.3057346e-02   1.4042991e-02
   5.1600000e+01  -1.1232132e-01   3.3040597e-02
   5.1700000e+01  -1.3033560e-01   5.5208910e-02
   5.1800000e+01  -1.4054574e-01   6.3194489e-02
   5.1900000e+01  -1.3688618e-01   5.0647158e-02
   5.2000000e+01  -1.1845204e-01   2.6340578e-02
   5.2100000e+01  -9.3814895e-02   4.9517054e-03
   5.2200000e+01  -7.6956000e-02  -5.4238842e-03
   5.2300000e+01  -7.3701600e-02  -7.5017274e-03
   5.2400000e+01  -7.2356562e-02  -8.3060493e-03
   5.2500000e+01  -5.3645054e-02  -1.0082317e-02
   5.2600000e+01  -1.4106191e-02  -8.7423297e-03
   5.2700000e+01   2.3462297e-02  -1.0090681e-03
   5.2800000e+01   2.9533988e-02   9.0419176e-03
   5.2900000e+01   3.0666740e-04   1.3014483e-02
   5.3000000e+01  -3.2939985e-02   8.0297281e-03
   5.3100000e+01  -3.1369238e-02   1.2226046e-03
   5.3200000e+01   1.3722210e-02   2.0624114e-03
   5.3300000e+01   7.2115464e-02   1.0409411e-02
   5.3400000e+01   1.0367220e-01   1.4621864e-02
   5.3500000e+01   9.5237431e-02   3.4449964e-03
   5.3600000e+01   6.9511783e-02  -2.0429119e-02
   5.3700000e+01   5.9894973e-02  -4.0021976e-02
   5.3800000e+01   7.7833877e-02  -3.8295945e-02
   5.3900000e+01   1.0341442e-01  -1.3410683e-02
   5.4000000e+01   1.0600498e-01   1.9203907e-02
   5.4100000e+01   7.4374214e-02   3.9055252e-02
   5.4200000e+01   2.8505722e-02   3.5393523e-02
   5.4300000e+01   2.7091440e-03   1.2488272e-02
   5.4400000e+01   1.5696994e-02  -1.6377116e-02
   5.4500000e+01   5.4955532e-02  -3.8391666e-02
   5.4600000e+01   8.9040971e-02  -4.6489704e-02
   5.4700000e+01   9.5052561e-02  -3.9777658e-02
   5.4800000e+01   7.5336578e-02  -2.2710246e-02
   5.4900000e+01   5.0155361e-02  -3.8149091e-03
   5.5000000e+01   3.7025831e-02   8.5246487e-03
   5.5100000e+01   3.7428097e-02   1.2361490e-02
   5.5200000e+01   4.0203716e-02   1.3893995e-02
   5.5300000e+01   3.4224140e-02   2.0326631e-02
   5.5400000e+01   1.8003462e-02   3.0346199e-02
   5.5500000e+01   4.0497097e-04   3.3831307e-02
   5.5600000e+01  -6.3930249e-03   2.2746732e-02
   5.5700000e+01   2.8590915e-03   1.3943175e-03
   5.5800000e+01   2.0109313e-02  -1.5781278e-02
   5.5900000e+01   2.8534731e-02  -1.6476654e-02
   5.6000000e+01   1.6850734e-02  -2.8369222e-04
   5.6100000e+01  -9.3765578e-03   2.1749576e-02
   5.6200000e+01  -3.2249663e-02   3.4652499e-02
   5.6300000e+01  -3.8538071e-02   2.8138068e-02
   5.6400000e+01  -3.1000472e-02   3.4039745e-03
   5.6500000e+01  -2.2033683e-02  -2.5113410e-02
   5.6600000e+01  -1.8615610e-02  -3.8007803e-02
   5.6700000e+01  -1.7144052e-02  -2.7060682e-02
   5.6800000e+01  -1.3074542e-02  -4.8735293e-03
   5.6900000e+01  -1.1227176e-02   5.2287578e-03
   5.7000000e+01  -2.2284061e-02  -8.0802875e-03
   5.7100000e+01  -4.8848661e-02  -3.2735382e-02
   5.7200000e+01  -7.8007881e-02  -4.6681421e-02
   5.7300000e+01  -9.0831701e-02  -4.1269034e-02
   5.7400000e+01  -8.0566787e-02  -2.8149281e-02
   5.7500000e+01  -6.0738667e-02  -2.3106028e-02
   5.7600000e+01  -5.3105273e-02  -2.7321274e-02
   5.7700000e+01  -6.5632263e-02  -2.8014265e-02
   5.7800000e+01  -8.2737027e-02  -1.6145470e-02
   5.7900000e+01  -7.9874658e-02   6.9947882e-04
   5.8000000e+01  -4.9420065e-02   5.1364090e-03
   5.8100000e+01  -1.0681496e-02  -1.1373566e-02
   5.8200000e+01   8.0393426e-03  -3.8028492e-02
   5.8300000e+01  -2.9191611e-03  -5.2767623e-02
   5.8400000e+01  -2.6681290e-02  -4.0911310e-02
   5.8500000e+01  -3.8920133e-02  -7.4179354e-03
   5.8600000e+01  -3.1413926e-02   2.7454163e-02
   5.8700000e+01  -1.5300498e-02   4.4695879e-02
   5.8800000e+01  -5.0153906e-03   4.0858437e-02
   5.8900000e+01  -4.2991612e-03   2.8054892e-02
   5.9000000e+01  -7.5935551e-03   2.0583566e-02
   5.9100000e+01  -8.7896159e-03   2.1461472e-02
   5.9200000e+01  -4.0052273e-03   2.1854153e-02
   5.9300000e+01   1.0901343e-02   1.3043409e-02
   5.9400000e+01   3.7952883e-02  -2.3380566e-03
   5.9500000e+01   6.9399277e-02  -1.1863812e-02
   5.9600000e+01   8.7489538e-02  -5.8637509e-03
   5.9700000e+01   7.8554737e-02   1.2225688e-02
   5.9800000e+01   4.8471125e-02   2.8151122e-02
   5.9900000e+01   2.0231514e-02   2.9270244e-02
   6.0000000e+01   1.3395997e-02   1.5228482e-02
   6.0100000e+01   2.7099026e-02  -2.3595395e-03
   6.0200000e+01   4.4477117e-02  -9.7588208e-03
   6.0300000e+01   5.0944863e-02  -1.0146306e-03
   6.0400000e+01   4.4248844e-02   1.9888123e-02
   6.0500000e+01   2.8430138e-02   4.3842923e-02
   6.0600000e+01   5.7625751e-03   6.1826364e-02
   6.0700000e+01  -2.0089431e-02   6.6761081e-02
   6.0800000e+01  -3.7272589e-02   5.4742614e-02
   6.0900000e+01  -3.1621387e-02   2.8460176e-02
   6.1000000e+01  -3.2815766e-03  -8.8895320e-04
   6.1100000e+01   2.7519451e-02  -1.8994995e-02
   6.1200000e+01   3.7559974e-02  -1.8666379e-02
   6.1300000e+01   2.3332519e-02  -4.4743341e-03
   6.1400000e+01   2.7130279e-03   1.3156644e-02
   6.1500000e+01  -5.9658844e-03   2.6527615e-02
   6.1600000e+01  -1.5961146e-03   3.2320361e-02
   6.1700000e+01   4.8669061e-03   2.8759263e-02
   6.1800000e+01   7.6625672e-03   1.7123019e-02
   6.1900000e+01   1.1587382e-02   5.9997247e-03
   6.2000000e+01   2.1016608e-02   6.6186181e-03
   6.2100000e+01   3.0858978e-02   1.8264350e-02
   6.2200000e+01   3.2451296e-02   2.2190045e-02
   6.2300000e+01   2.4623571e-02  -1.0208345e-03
   6.2400000e+01   1.3817449e-02  -4.5090887e-02
   6.2500000e+01   4.5993449e-03  -7.5262221e-02
   6.2600000e+01  -4.4135302e-03  -5.9503202e-02
   6.2700000e+01  -1.4120954e-02  -3.8997990e-03
   6.2800000e+01  -1.9817103e-02   4.6980053e-02
   6.2900000e+01  -1.6794486e-02   4.8647534e-02
   6.3000000e+01  -8.4596873e-03  -2.9978966e-03
   6.3100000e+01  -3.4801549e-03  -6.8669922e-02
   6.3200000e+01  -4.4555438e-03  -1.0140886e-01
   6.3300000e+01  -4.2403989e-03  -8.5818589e-02
   6.3400000e+01   3.6462890e-03  -4.5588780e-02
   6.3500000e+01   1.4072570e-02  -1.6809095e-02
   6.3600000e+01   1.4156441e-02  -1.5847462e-02
   6.3700000e+01  -2.0514722e-03  -3.1264040e-02
   6.3800000e+01  -2.6092401e-02  -4.2160939e-02
   6.3900000e+01  -4.3218192e-02  -3.9906119e-02
   6.4000000e+01  -4.5346387e-02  -3.1418508e-02
   6.4100000e+01  -3.4622878e-02  -2.5470718e-02
   6.4200000e+01  -1.7394803e-02  -2.1265075e-02
   6.4300000e+01   9.3540080e-04  -1.2323959e-02
   6.4400000e+01   1.5148994e-02   1.3663852e-03
   6.4500000e+01   1.9141664e-02   9.5506206e-03
   6.4600000e+01   9.9214247e-03   1.9899590e-03
   6.4700000e+01  -7.3930344e-03  -1.8642405e-02
   6.4800000e+01  -2.1478526e-02  -3.6587748e-02
   6.4900000e+01  -2.3674842e-02  -3.7318305e-02
   6.5000000e+01  -1.4792051e-02  -2.1743869e-02
   6.5100000e+01  -2.6253322e-03  -4.3916109e-03
   6.5200000e+01   6.4599039e-03   3.6930738e-03
   6.5300000e+01   1.2112696e-02   8.6453489e-03
   6.5400000e+01   1.6357331e-02   2.7045965e-02
   6.5500000e+01   1.7677742e-02   6.4120926e-02
   6.5600000e+01   1.1374738e-02   1.0143625e-01
   6.5700000e+01  -3.6577981e-03   1.1071398e-01
   6.5800000e+01  -2.0579779e-02   8.1631166e-02
   6.5900000e+01  -2.9455690e-02   3.4345804e-02
   6.6000000e+01  -2.6855938e-02   2.6991818e-03
   6.6100000e+01  -1.9178855e-02   4.7751241e-03
   6.6200000e+01  -1.5481408e-02   2.9491703e-02
   6.6300000e+01  -1.7960086e-02   4.9863527e-02
   6.6400000e+01  -2.0988701e-02   4.7610929e-02
   6.6500000e+01  -1.9313592e-02   2.6546334e-02
   6.6600000e+01  -1.5180775e-02   6.1049853e-03
   6.6700000e+01  -1.5799664e-02   3.6819147e-03
   6.6800000e+01  -2.4263330e-02   2.0493228e-02
   6.6900000e+01  -3.4594490e-02   4.0531054e-02
   6.7000000e+01  -3.6482285e-02   4.2790374e-02
   6.7100000e+01  -2.4441031e-02   1.8250950e-02
   6.7200000e+01  -2.3319231e-03  -2.1265909e-02
   6.7300000e+01   1.9673002e-02  -5.0910130e-02
   6.7400000e+01   3.1488165e-02  -5.2801282e-02
   6.7500000e+01   2.8277684e-02  -3.1560876e-02
   6.7600000e+01   1.3141151e-02  -1.0353468e-02
   6.7700000e+01  -3.4940021e-03  -9.6887925e-03
   6.7800000e+01  -9.8185318e-03  -2.8868410e-02
   6.7900000e+01  -2.2990262e-03  -4.8683144e-02
   6.8000000e+01   9.5565958e-03  -5.2371229e-02
   6.8100000e+01   1.1027969e-02  -4.1937188e-02
   6.8200000e+01  -2.4679438e-03  -3.2014141e-02
   6.8300000e+01  -1.8497095e-02  -2.9678780e-02
   6.8400000e+01  -1.8426254e-02  -2.5665647e-02
   6.8500000e+01   4.0798629e-03  -8.4238693e-03
   6.8600000e+01   3.6008615e-02   1.6823572e-02
   6.8700000e+01   5.6158329e-02   2.9678891e-02
   6.8800000e+01   5.2401773e-02   1.7368569e-02
   6.8900000e+01   2.9137975e-02  -8.1634547e-03
   6.9000000e+01   1.4713106e-03  -2.0574717e-02
   6.9100000e+01  -1.5712878e-02  -6.3987912e-03
   6.9200000e+01  -1.5684694e-02   2.1014466e-02
   6.9300000e+01  -2.3656159e-03   3.5624976e-02
   6.9400000e+01   1.2737438e-02   2.4854529e-02
   6.9500000e+01   1.8551147e-02   9.4350027e-04
   6.9600000e+01   1.2849474e-02  -1.1962284e-02
   6.9700000e+01   3.5395875e-03  -1.0950723e-03
   6.9800000e+01   7.8134818e-04   2.2558784e-02
   6.9900000e+01   7.9072445e-03   3.3365912e-02
   7.0000000e+01   2.0640341e-02   1.4419160e-02
   7.0100000e+01   3.3848498e-02  -2.4773362e-02
   7.0200000e+01   4.6127851e-02  -5.3895228e-02
   7.0300000e+01   5.6836429e-02  -4.8630840e-02
   7.0400000e+01   6.1475408e-02  -1.4377649e-02
   7.0500000e+01   5.3716042e-02   1.7689572e-02
   7.0600000e+01   3.2877743e-02   1.9606560e-02
   7.0700000e+01   7.6766514e-03  -8.8569266e-03
   7.0800000e+01  -8.9785565e-03  -4.4414482e-02
   7.0900000e+01  -9.4778998e-03  -6.4970843e-02
   7.1000000e+01   3.0532938e-03  -6.5614026e-02
   7.1100000e+01   1.7153084e-02  -5.1857601e-02
   7.1200000e+01   2.1261508e-02  -2.6044537e-02
   7.1300000e+01   1.2713157e-02   1.1654671e-02
   7.1400000e+01   8.4299942e-04   5.0711464e-02
   7.1500000e+01  -6.5280884e-04   6.9002561e-02
   7.1600000e+01   1.1833836e-02   5.2372501e-02
   7.1700000e+01   2.4560906e-02   1.4378815e-02
   7.1800000e+01   1.7410333e-02  -1.0829972e-02
   7.1900000e+01  -1.4672849e-02  -3.1733003e-04
   7.2000000e+01  -5.2543721e-02   3.4348725e-02
   7.2100000e+01  -6.8767573e-02   5.9243609e-02
   7.2200000e+01  -5.3799849e-02   5.3710727e-02
   7.2300000e+01  -2.4628552e-02   3.0629210e-02
   7.2400000e+01  -6.8444371e-03   1.9610440e-02
   7.2500000e+01  -1.0428992e-02   3.3201129e-02
   7.2600000e+01  -2.4819709e-02   5.4343094e-02
   7.2700000e+01  -3.5070087e-02   5.7584445e-02
   7.2800000e+01  -3.7939755e-02   3.7993183e-02
   7.2900000e+01  -4.0756066e-02   1.5087993e-02
   7.3000000e+01  -4.8484768e-02   9.7770183e-03
   7.3100000e+01  -5.6679616e-02   2.2292127e-02
   7.3200000e+01  -5.7507280e-02   3.4561707e-02
   7.3300000e+01  -4.9209621e-02   3.0800587e-02
   7.3400000e+01  -3.7140099e-02   1.2142848e-02
   7.3500000e+01  -2.6856941e-02  -7.5539739e-03
   7.3600000e+01  -1.9271163e-02  -1.5921948e-02
   7.3700000e+01  -1.3371024e-02  -1.1282765e-02
   7.3800000e+01  -1.1089430e-02  -1.9552582e-03
   7.3900000e+01  -1.6138468e-02   2.5307649e-04
   7.4000000e+01  -2.7330093e-02  -1.1689753e-02
   7.4100000e+01  -3.5525607e-02  -3.3418826e-02
   7.4200000e+01  -3.0283629e-02  -5.0451713e-02
   7.4300000e+01  -1.0354326e-02  -5.0642430e-02
   7.4400000e+01   1.4018655e-02  -3.8106974e-02
   7.4500000e+01   3.0710588e-02  -3.1626262e-02
   7.4600000e+01   3.7034115e-02  -4.4833971e-02
   7.4700000e+01   4.0036558e-02  -6.8921735e-02
   7.4800000e+01   4.5973435e-02  -8.0008276e-02
   7.4900000e+01   5.2126488e-02  -6.5412708e-02
   7.5000000e+01   5.0823125e-02  -3.8464209e-02
   7.5100000e+01   3.9956466e-02  -2.3305564e-02
   7.5200000e+01   2.6476219e-02  -2.7369429e-02
   7.5300000e+01   1.9055456e-02  -3.4714074e-02
   7.5400000e+01   1.9925202e-02  -2.7830942e-02
   7.5500000e+01   2.5351331e-02  -1.0600522e-02
   7.5600000e+01   3.1463760e-02  -4.2303558e-03
   7.5700000e+01   3.6026956e-02  -2.1369014e-02
   7.5800000e+01   3.5394554e-02  -4.9418290e-02
   7.5900000e+01   2.5012357e-02  -6.2186595e-02
   7.6000000e+01   6.3634812e-03  -4.6060875e-02
   7.6100000e+01  -9.2591522e-03  -1.2091031e-02
   7.6200000e+01  -9.3018744e-03   1.6995877e-02
   7.6300000e+01   5.9210043e-03   2.8923117e-02
   7.6400000e+01   2.0554716e-02   3.0350506e-02
   7.6500000e+01   1.7751393e-02   3.5774540e-02
   7.6600000e+01  -3.1963823e-03   5.0731186e-02
   7.6700000e+01  -2.5728003e-02   6.6359381e-02
   7.6800000e+01  -3.1825610e-02   6.8845666e-02
   7.6900000e+01  -1.7907397e-02   5.2794785e-02
   7.7000000e+01   3.9539686e-03   2.6011261e-02
   7.7100000e+01   1.7540078e-02   3.3566329e-03
   7.7200000e+01   1.4020049e-02  -3.2814058e-03
   7.7300000e+01  -4.7266270e-03   8.2265305e-03
   7.7400000e+01  -2.9273651e-02   2.8909844e-02
   7.7500000e+01  -4.7366920e-02   4.3027382e-02
   7.7600000e+01  -4.8674515e-02   3.8154141e-02
   7.7700000e+01  -2.9989368e-02   1.6272875e-02
   7.7800000e+01   1.2536110e-03  -5.0849299e-03
   7.7900000e+01   2.9378364e-02  -7.4713083e-03
   7.8000000e+01   3.9745865e-02   9.5977471e-03
   7.8100000e+01   2.9158601e-02   2.6386393e-02
   7.8200000e+01   8.4215614e-03   2.2768563e-02
   7.8300000e+01  -6.7527261e-03  -1.4980502e-04
   7.8400000e+01  -9.6164876e-03  -2.0843196e-02
   7.8500000e+01  -7.8787287e-03  -1.9653733e-02
   7.8600000e+01  -1.4137646e-02   2.5149004e-03
   7.8700000e+01  -2.9910478e-02   2.7991582e-02
   7.8800000e+01  -4.0486620e-02   4.0732696e-02
   7.8900000e+01  -2.8236233e-02   3.7927800e-02
   7.9000000e+01   7.7415917e-03   2.6301221e-02
   7.9100000e+01   4.6325975e-02   1.3047632e-02
   7.9200000e+01   6.0669116e-02   2.6463149e-03
   7.9300000e+01   4.1232907e-02  -1.2657788e-03
   7.9400000e+01   3.6183918e-03   3.8884155e-03
   7.9500000e+01  -2.5535383e-02   1.6102545e-02
   7.9600000e+01  -3.0370827e-02   2.7807392e-02
   7.9700000e+01  -1.5787537e-02   3.1026172e-02
   7.9800000e+01   7.0267521e-04   2.3975953e-02
   7.9900000e+01   5.3747383e-03   1.1316742e-02
   8.0000000e+01  -1.2337129e-03  -2.2119015e-03
