   1.0221618e+02   2.8602761e+01   2.5212700e+03
   1.0216000e+02   2.8530439e+01   1.8272900e+03
   0.0000000e+00   2.3582487e-01   2.3582487e-01
   1.0000000e-01   3.3476662e-01   1.6053821e-01
   2.0000000e-01   4.5784466e-01   1.0625548e-01
   3.0000000e-01   6.0096437e-01   6.4427548e-02
   4.0000000e-01   7.4965711e-01   1.7813344e-02
   5.0000000e-01   8.7938394e-01  -5.3809780e-02
   6.0000000e-01   9.6615307e-01  -1.6126382e-01
   7.0000000e-01   1.0000000e+00  -2.9690717e-01
   8.0000000e-01   9.8935068e-01  -4.3694186e-01
   9.0000000e-01   9.5230443e-01  -5.5392746e-01
   1.0000000e+00   9.0293609e-01  -6.3091495e-01
   1.1000000e+00   8.4443338e-01  -6.6806571e-01
   1.2000000e+00   7.7316980e-01  -6.7789209e-01
   1.3000000e+00   6.8715807e-01  -6.7306894e-01
   1.4000000e+00   5.8942236e-01  -6.5680903e-01
   1.5000000e+00   4.8393747e-01  -6.2445001e-01
   1.6000000e+00   3.7084236e-01  -5.7453706e-01
   1.7000000e+00   2.4852325e-01  -5.1697649e-01
   1.8000000e+00   1.2147538e-01  -4.6776734e-01
   1.9000000e+00   4.2756745e-03  -4.3502563e-01
   2.0000000e+00  -8.5648006e-02  -4.1252908e-01
   2.1000000e+00  -1.4148335e-01  -3.8914645e-01
   2.2000000e+00  -1.7312831e-01  -3.6289393e-01
   2.3000000e+00  -1.9858398e-01  -3.4162355e-01
   2.4000000e+00  -2.2893589e-01  -3.2897180e-01
   2.5000000e+00  -2.6233477e-01  -3.1427185e-01
   2.6000000e+00  -2.9190708e-01  -2.8185605e-01
   2.7000000e+00  -3.1654115e-01  -2.3046433e-01
   2.8000000e+00  -3.4147500e-01  -1.7823096e-01
   2.9000000e+00  -3.6964677e-01  -1.4411942e-01
   3.0000000e+00  -3.9632185e-01  -1.2542306e-01
   3.1000000e+00  -4.1379835e-01  -9.7471720e-02
   3.2000000e+00  -4.1894137e-01  -3.7070405e-02
   3.3000000e+00  -4.1377441e-01   5.5078850e-02
   3.4000000e+00  -4.0074730e-01   1.5494917e-01
   3.5000000e+00  -3.8150764e-01   2.3469105e-01
   3.6000000e+00  -3.6016825e-01   2.7990779e-01
   3.7000000e+00  -3.4265333e-01   2.9206401e-01
   3.8000000e+00  -3.2957507e-01   2.8127422e-01
   3.9000000e+00  -3.1333501e-01   2.5950328e-01
   4.0000000e+00  -2.8801659e-01   2.3653236e-01
   4.1000000e+00  -2.6186706e-01   2.1696870e-01
   4.2000000e+00  -2.5357036e-01   2.0027668e-01
   4.3000000e+00  -2.7175204e-01   1.8601289e-01
   4.4000000e+00  -3.0061409e-01   1.7894455e-01
   4.5000000e+00  -3.1060261e-01   1.8577212e-01
   4.6000000e+00  -2.8435958e-01   2.0531928e-01
   4.7000000e+00  -2.3108417e-01   2.2505159e-01
   4.8000000e+00  -1.7719876e-01   2.3130097e-01
   4.9000000e+00  -1.4642477e-01   2.2309254e-01
   5.0000000e+00  -1.4727716e-01   2.1300176e-01
   5.1000000e+00  -1.7159746e-01   2.1314809e-01
   5.2000000e+00  -1.9840962e-01   2.2227662e-01
   5.3000000e+00  -2.0185507e-01   2.2804981e-01
   5.4000000e+00  -1.6478109e-01   2.1979797e-01
   5.5000000e+00  -9.1144138e-02   1.9564718e-01
   5.6000000e+00  -4.4396641e-03   1.5823827e-01
   5.7000000e+00   6.9762146e-02   1.1008638e-01
   5.8000000e+00   1.2173353e-01   5.8689207e-02
   5.9000000e+00   1.5921356e-01   2.2909884e-02
   6.0000000e+00   1.9367528e-01   2.3270670e-02
   6.1000000e+00   2.2767043e-01   5.7858793e-02
   6.2000000e+00   2.5567493e-01   9.1555730e-02
   6.3000000e+00   2.7433708e-01   8.0590369e-02
   6.4000000e+00   2.8869898e-01   1.4494290e-02
   6.5000000e+00   3.0733961e-01  -6.9513184e-02
   6.6000000e+00   3.3239668e-01  -1.1901852e-01
   6.7000000e+00   3.5608412e-01  -1.1223237e-01
   6.8000000e+00   3.6843248e-01  -6.8770936e-02
   6.9000000e+00   3.6856425e-01  -2.0148151e-02
   7.0000000e+00   3.6675100e-01   1.9343309e-02
   7.1000000e+00   3.7347304e-01   4.9574460e-02
   7.2000000e+00   3.8642883e-01   6.4385595e-02
   7.3000000e+00   3.9012838e-01   4.8813879e-02
   7.4000000e+00   3.6948918e-01  -1.8155846e-03
   7.5000000e+00   3.2330599e-01  -6.9224845e-02
   7.6000000e+00   2.6418092e-01  -1.2446388e-01
   7.7000000e+00   2.0725021e-01  -1.4970448e-01
   7.8000000e+00   1.6098892e-01  -1.4463370e-01
   7.9000000e+00   1.2726342e-01  -1.1599283e-01
   8.0000000e+00   1.0532482e-01  -6.8639253e-02
   8.1000000e+00   9.2607024e-02  -8.4315453e-03
   8.2000000e+00   8.3554751e-02   5.1293586e-02
   8.3000000e+00   7.1557041e-02   9.0821710e-02
   8.4000000e+00   5.2952382e-02   9.2665316e-02
   8.5000000e+00   2.7254621e-02   5.0233310e-02
   8.6000000e+00  -6.8090977e-03  -2.8580133e-02
   8.7000000e+00  -5.2428262e-02  -1.2383618e-01
   8.8000000e+00  -1.0931390e-01  -2.1076848e-01
   8.9000000e+00  -1.6860743e-01  -2.6815195e-01
   9.0000000e+00  -2.1675038e-01  -2.8351309e-01
   9.1000000e+00  -2.4580304e-01  -2.5506310e-01
   9.2000000e+00  -2.5860968e-01  -1.9364533e-01
   9.3000000e+00  -2.6338851e-01  -1.2317941e-01
   9.4000000e+00  -2.6552316e-01  -7.2105249e-02
   9.5000000e+00  -2.6627588e-01  -5.5522672e-02
   9.6000000e+00  -2.6687514e-01  -6.3518014e-02
   9.7000000e+00  -2.6901842e-01  -7.1460004e-02
   9.8000000e+00  -2.7016148e-01  -6.4820980e-02
   9.9000000e+00  -2.6247904e-01  -5.1778204e-02
   1.0000000e+01  -2.4102739e-01  -4.9792521e-02
   1.0100000e+01  -2.1266675e-01  -6.3514182e-02
   1.0200000e+01  -1.9287503e-01  -7.9926231e-02
   1.0300000e+01  -1.9106900e-01  -8.2342080e-02
   1.0400000e+01  -1.9990516e-01  -6.2929761e-02
   1.0500000e+01  -2.0068611e-01  -2.2589754e-02
   1.0600000e+01  -1.7929535e-01   3.1836900e-02
   1.0700000e+01  -1.3672451e-01   8.4561893e-02
   1.0800000e+01  -8.6062080e-02   1.1244959e-01
   1.0900000e+01  -4.1819145e-02   1.0184255e-01
   1.1000000e+01  -1.1548287e-02   6.6517344e-02
   1.1100000e+01   6.3011509e-03   4.1268065e-02
   1.1200000e+01   1.9659500e-02   5.1570429e-02
   1.1300000e+01   3.7047439e-02   9.0997602e-02
   1.1400000e+01   6.1051945e-02   1.3016908e-01
   1.1500000e+01   8.5762612e-02   1.4355521e-01
   1.1600000e+01   1.0159337e-01   1.2405067e-01
   1.1700000e+01   1.0408731e-01   7.8055287e-02
   1.1800000e+01   9.8448985e-02   1.8321937e-02
   1.1900000e+01   9.5427135e-02  -3.5689161e-02
   1.2000000e+01   1.0249064e-01  -6.0981711e-02
   1.2100000e+01   1.1776062e-01  -4.5870422e-02
   1.2200000e+01   1.3098297e-01  -2.4523523e-03
   1.2300000e+01   1.3100427e-01   4.1692621e-02
   1.2400000e+01   1.1544317e-01   6.6937879e-02
   1.2500000e+01   9.5188644e-02   7.5091087e-02
   1.2600000e+01   8.7498953e-02   7.9998294e-02
   1.2700000e+01   1.0100835e-01   8.9011779e-02
   1.2800000e+01   1.2683155e-01   9.6083484e-02
   1.2900000e+01   1.4685793e-01   9.0329105e-02
   1.3000000e+01   1.5166490e-01   6.7915242e-02
   1.3100000e+01   1.4757232e-01   3.6276509e-02
   1.3200000e+01   1.4427958e-01   9.5188504e-03
   1.3300000e+01   1.3905906e-01  -5.1238706e-04
   1.3400000e+01   1.1883726e-01   8.0337445e-03
   1.3500000e+01   7.8685968e-02   2.6210785e-02
   1.3600000e+01   3.2976615e-02   4.2550506e-02
   1.3700000e+01   3.4217582e-03   5.3607014e-02
   1.3800000e+01  -2.9284733e-03   6.5029118e-02
   1.3900000e+01   2.8413005e-04   8.0359846e-02
   1.4000000e+01  -4.4925783e-03   9.0322796e-02
   1.4100000e+01  -1.9235753e-02   7.7820982e-02
   1.4200000e+01  -3.0352435e-02   3.6512220e-02
   1.4300000e+01  -2.6821911e-02  -1.7489911e-02
   1.4400000e+01  -1.4860574e-02  -5.6655312e-02
   1.4500000e+01  -1.2691751e-02  -6.6334835e-02
   1.4600000e+01  -3.1514320e-02  -5.6068598e-02
   1.4700000e+01  -6.3159110e-02  -4.5505455e-02
   1.4800000e+01  -8.7166843e-02  -4.2171935e-02
   1.4900000e+01  -8.9796355e-02  -3.7501784e-02
   1.5000000e+01  -7.5823114e-02  -2.4009336e-02
   1.5100000e+01  -6.2064286e-02  -9.7403456e-03
   1.5200000e+01  -6.0443165e-02  -1.0599497e-02
   1.5300000e+01  -6.8400768e-02  -3.0754738e-02
   1.5400000e+01  -7.5326263e-02  -5.6888294e-02
   1.5500000e+01  -7.5764930e-02  -7.3558903e-02
   1.5600000e+01  -7.3557211e-02  -7.9763307e-02
   1.5700000e+01  -7.3005356e-02  -8.6449526e-02
   1.5800000e+01  -6.9366202e-02  -9.9632169e-02
   1.5900000e+01  -5.2066696e-02  -1.1042752e-01
   1.6000000e+01  -1.8500527e-02  -1.0287352e-01
   1.6100000e+01   1.7616283e-02  -6.9831267e-02
   1.6200000e+01   3.4924010e-02  -2.1357434e-02
   1.6300000e+01   2.3399026e-02   2.0207940e-02
   1.6400000e+01  -5.0308186e-03   3.4018884e-02
   1.6500000e+01  -2.5328175e-02   1.5188468e-02
   1.6600000e+01  -1.9891120e-02  -1.9744910e-02
   1.6700000e+01   7.4898602e-03  -4.3860426e-02
   1.6800000e+01   3.5324066e-02  -4.2461558e-02
   1.6900000e+01   4.1003307e-02  -2.6896192e-02
   1.7000000e+01   1.6645874e-02  -2.2285490e-02
   1.7100000e+01  -2.6029759e-02  -3.8589637e-02
   1.7200000e+01  -6.3167815e-02  -5.6621029e-02
   1.7300000e+01  -7.3313014e-02  -4.7364576e-02
   1.7400000e+01  -5.0740516e-02  -4.8595902e-03
   1.7500000e+01  -9.2002698e-03   4.4664098e-02
   1.7600000e+01   2.7475573e-02   6.8186904e-02
   1.7700000e+01   4.1789043e-02   5.7216798e-02
   1.7800000e+01   3.3156156e-02   3.1679946e-02
   1.7900000e+01   1.4561594e-02   1.6409069e-02
   1.8000000e+01   1.8632719e-04   1.8851235e-02
   1.8100000e+01  -3.8859592e-03   2.8651136e-02
   1.8200000e+01   1.5178584e-04   3.2125114e-02
   1.8300000e+01   6.4491247e-03   2.3493748e-02
   1.8400000e+01   8.9176442e-03   6.5722132e-03
   1.8500000e+01   3.5643175e-03  -8.0342814e-03
   1.8600000e+01  -7.9848909e-03  -7.8278640e-03
   1.8700000e+01  -1.6819016e-02   1.2948316e-02
   1.8800000e+01  -1.2312439e-02   4.5517009e-02
   1.8900000e+01   7.6800849e-03   6.9897975e-02
   1.9000000e+01   3.3159418e-02   7.0517190e-02
   1.9100000e+01   5.0821635e-02   4.9963526e-02
   1.9200000e+01   5.6204426e-02   2.6605658e-02
   1.9300000e+01   5.4726575e-02   1.8737898e-02
   1.9400000e+01   5.0962649e-02   3.0931647e-02
   1.9500000e+01   4.1287408e-02   5.2950838e-02
   1.9600000e+01   2.0888392e-02   6.8164692e-02
   1.9700000e+01  -4.0950095e-03   6.3561440e-02
   1.9800000e+01  -1.7769839e-02   3.7337228e-02
   1.9900000e+01  -1.1131549e-02   1.8668425e-03
   2.0000000e+01   5.7382968e-03  -2.1704078e-02
   2.0100000e+01   1.3246376e-02  -1.7443934e-02
   2.0200000e+01   4.3881696e-03   1.1978360e-02
   2.0300000e+01  -7.0301583e-03   4.4958363e-02
   2.0400000e+01  -2.7697445e-03   5.5964981e-02
   2.0500000e+01   1.8007415e-02   3.4171918e-02
   2.0600000e+01   3.7024546e-02  -8.9898570e-03
   2.0700000e+01   3.6249633e-02  -4.8191892e-02
   2.0800000e+01   1.5301135e-02  -6.1585557e-02
   2.0900000e+01  -1.0804560e-02  -4.5546112e-02
   2.1000000e+01  -2.6969807e-02  -1.7273036e-02
   2.1100000e+01  -2.8307706e-02  -2.4334673e-03
   2.1200000e+01  -1.8766184e-02  -1.5327421e-02
   2.1300000e+01  -5.6644458e-03  -4.7321104e-02
   2.1400000e+01   3.2334763e-03  -7.4999652e-02
   2.1500000e+01   2.2260404e-03  -8.1456346e-02
   2.1600000e+01  -7.7652624e-03  -6.9643611e-02
   2.1700000e+01  -1.7218761e-02  -5.4528885e-02
   2.1800000e+01  -1.3960218e-02  -4.4731111e-02
   2.1900000e+01   6.4728686e-03  -3.5895845e-02
   2.2000000e+01   3.5682214e-02  -2.1992954e-02
   2.2100000e+01   5.7162694e-02  -7.2946114e-03
   2.2200000e+01   5.6702751e-02  -1.9506877e-03
   2.2300000e+01   3.1351375e-02  -7.5005709e-03
   2.2400000e+01  -7.4833769e-03  -1.3159242e-02
   2.2500000e+01  -3.8959644e-02  -9.1541623e-03
   2.2600000e+01  -4.5314421e-02   2.1729441e-04
   2.2700000e+01  -2.5199974e-02   1.3058971e-03
   2.2800000e+01   3.7790187e-03  -1.2157339e-02
   2.2900000e+01   1.8556163e-02  -3.1064394e-02
   2.3000000e+01   9.9478796e-03  -4.0160946e-02
   2.3100000e+01  -1.0168898e-02  -3.1869797e-02
   2.3200000e+01  -2.1115651e-02  -9.8055711e-03
   2.3300000e+01  -1.3230672e-02   1.7249127e-02
   2.3400000e+01   3.7086861e-03   4.0611622e-02
   2.3500000e+01   1.0521905e-02   5.3053956e-02
   2.3600000e+01  -3.4172593e-03   5.1404533e-02
   2.3700000e+01  -3.0926117e-02   4.0818957e-02
   2.3800000e+01  -5.3764601e-02   3.2906521e-02
   2.3900000e+01  -5.8161553e-02   3.4957498e-02
   2.4000000e+01  -4.5040152e-02   4.1261728e-02
   2.4100000e+01  -2.6817470e-02   3.8753818e-02
   2.4200000e+01  -1.5439346e-02   2.2483490e-02
   2.4300000e+01  -1.3756986e-02   2.8765737e-03
   2.4400000e+01  -1.7189605e-02  -4.3337140e-03
   2.4500000e+01  -2.0900707e-02   6.2409337e-03
   2.4600000e+01  -2.3085088e-02   2.6140145e-02
   2.4700000e+01  -2.2316512e-02   4.3578835e-02
   2.4800000e+01  -1.5712254e-02   5.3652163e-02
   2.4900000e+01  -2.7163045e-03   5.7370876e-02
   2.5000000e+01   1.0437929e-02   5.4746977e-02
   2.5100000e+01   1.3695346e-02   4.3538609e-02
   2.5200000e+01   2.7158173e-03   2.5117726e-02
   2.5300000e+01  -1.5395999e-02   7.7521797e-03
   2.5400000e+01  -2.7416914e-02   5.3106776e-04
   2.5500000e+01  -2.5175310e-02   3.6508036e-03
   2.5600000e+01  -1.1070826e-02   6.4892020e-03
   2.5700000e+01   6.3543962e-03  -3.0920565e-03
   2.5800000e+01   2.0189276e-02  -2.6926021e-02
   2.5900000e+01   2.8236030e-02  -5.3803027e-02
   2.6000000e+01   3.1140402e-02  -6.8489510e-02
   2.6100000e+01   3.0692085e-02  -6.4014032e-02
   2.6200000e+01   3.0091681e-02  -4.6282390e-02
   2.6300000e+01   3.2791810e-02  -2.7925306e-02
   2.6400000e+01   3.8457525e-02  -1.7992550e-02
   2.6500000e+01   4.1021793e-02  -1.6466878e-02
   2.6600000e+01   3.3919962e-02  -1.6788040e-02
   2.6700000e+01   1.8708904e-02  -1.2700069e-02
   2.6800000e+01   6.6482766e-03  -3.7651108e-03
   2.6900000e+01   9.0352853e-03   3.8503361e-03
   2.7000000e+01   2.5411363e-02   1.7344345e-03
   2.7100000e+01   4.2792554e-02  -1.3703832e-02
   2.7200000e+01   4.7651027e-02  -3.6750451e-02
   2.7300000e+01   3.8283173e-02  -5.5475075e-02
   2.7400000e+01   2.4861134e-02  -6.1075627e-02
   2.7500000e+01   1.8122016e-02  -5.4748527e-02
   2.7600000e+01   1.9551388e-02  -4.4537507e-02
   2.7700000e+01   2.3025478e-02  -3.5437227e-02
   2.7800000e+01   2.4198969e-02  -2.4275865e-02
   2.7900000e+01   2.5233030e-02  -5.5619434e-03
   2.8000000e+01   2.8708736e-02   1.8775346e-02
   2.8100000e+01   2.8822171e-02   3.7714644e-02
   2.8200000e+01   1.3251088e-02   4.0039500e-02
   2.8300000e+01  -2.2642575e-02   2.4330099e-02
   2.8400000e+01  -6.4272105e-02   7.7538460e-05
   2.8500000e+01  -8.4907531e-02  -2.0008215e-02
   2.8600000e+01  -6.8275570e-02  -2.8364027e-02
   2.8700000e+01  -2.4910821e-02  -2.5037391e-02
   2.8800000e+01   1.5086967e-02  -1.4494199e-02
   2.8900000e+01   2.6224850e-02  -1.0876507e-03
   2.9000000e+01   5.4893525e-03   1.3336408e-02
   2.9100000e+01  -3.0493557e-02   2.8871549e-02
   2.9200000e+01  -6.1563614e-02   4.5145472e-02
   2.9300000e+01  -7.6398777e-02   5.9302416e-02
   2.9400000e+01  -7.3864001e-02   6.6590824e-02
   2.9500000e+01  -5.8915245e-02   6.3794408e-02
   2.9600000e+01  -3.9735719e-02   5.2757959e-02
   2.9700000e+01  -2.5826652e-02   4.0375449e-02
   2.9800000e+01  -2.4096176e-02   3.4249659e-02
   2.9900000e+01  -3.4202314e-02   3.7268694e-02
   3.0000000e+01  -4.7723753e-02   4.5442292e-02
   3.0100000e+01  -5.3131824e-02   5.0570104e-02
   3.0200000e+01  -4.3524562e-02   4.5713083e-02
   3.0300000e+01  -2.1856616e-02   2.9982286e-02
   3.0400000e+01   1.9158152e-04   9.8259638e-03
   3.0500000e+01   9.9470788e-03  -4.4383520e-03
   3.0600000e+01   3.5451338e-03  -5.5853696e-03
   3.0700000e+01  -9.9834518e-03   4.5590602e-03
   3.0800000e+01  -1.5245333e-02   1.5572727e-02
   3.0900000e+01  -3.3243279e-03   1.6218398e-02
   3.1000000e+01   2.0627263e-02   3.3035992e-03
   3.1100000e+01   4.2593018e-02  -1.6555272e-02
   3.1200000e+01   5.2320123e-02  -3.3561706e-02
   3.1300000e+01   5.0218070e-02  -4.2420068e-02
   3.1400000e+01   4.2504915e-02  -4.3501572e-02
   3.1500000e+01   3.2680670e-02  -3.8321707e-02
   3.1600000e+01   2.0914306e-02  -2.6594087e-02
   3.1700000e+01   1.0874167e-02  -8.8432991e-03
   3.1800000e+01   1.1741836e-02   9.5060545e-03
   3.1900000e+01   2.8781993e-02   1.8961603e-02
   3.2000000e+01   5.3136898e-02   1.2332157e-02
   3.2100000e+01   6.6598645e-02  -9.0165247e-03
   3.2200000e+01   5.9776379e-02  -3.4661381e-02
   3.2300000e+01   4.2952504e-02  -5.1114661e-02
   3.2400000e+01   3.4796246e-02  -5.0446780e-02
   3.2500000e+01   4.0731243e-02  -3.5873452e-02
   3.2600000e+01   4.6832723e-02  -1.9808508e-02
   3.2700000e+01   3.7106586e-02  -1.4532046e-02
   3.2800000e+01   1.3457850e-02  -2.2242908e-02
   3.2900000e+01  -5.5216538e-03  -3.3669439e-02
   3.3000000e+01  -4.9552323e-03  -3.7486303e-02
   3.3100000e+01   1.0947191e-02  -3.1559492e-02
   3.3200000e+01   2.5075681e-02  -2.4207128e-02
   3.3300000e+01   2.5986470e-02  -2.4296963e-02
   3.3400000e+01   1.7562292e-02  -3.1730441e-02
   3.3500000e+01   1.1398077e-02  -3.9094768e-02
   3.3600000e+01   1.3029772e-02  -4.1276143e-02
   3.3700000e+01   1.7254583e-02  -4.0026330e-02
   3.3800000e+01   1.5527138e-02  -3.7733479e-02
   3.3900000e+01   5.6009253e-03  -2.9841809e-02
   3.4000000e+01  -7.0139058e-03  -8.2102950e-03
   3.4100000e+01  -1.6180227e-02   2.6590427e-02
   3.4200000e+01  -2.2019198e-02   5.9367229e-02
   3.4300000e+01  -2.9653087e-02   7.0472074e-02
   3.4400000e+01  -4.1567760e-02   5.3113577e-02
   3.4500000e+01  -5.2847470e-02   1.9992200e-02
   3.4600000e+01  -5.5168825e-02  -7.1659836e-03
   3.4700000e+01  -4.5214474e-02  -1.4095516e-02
   3.4800000e+01  -2.8417265e-02  -1.4847264e-03
   3.4900000e+01  -1.4874808e-02   2.0331267e-02
   3.5000000e+01  -1.2539154e-02   4.1568753e-02
   3.5100000e+01  -2.3409053e-02   5.8680628e-02
   3.5200000e+01  -4.3162489e-02   7.2328280e-02
   3.5300000e+01  -6.2463926e-02   8.1185492e-02
   3.5400000e+01  -7.0726909e-02   7.8726601e-02
   3.5500000e+01  -6.3024157e-02   5.8389315e-02
   3.5600000e+01  -4.5366360e-02   2.4078047e-02
   3.5700000e+01  -3.1183210e-02  -5.9467637e-03
   3.5800000e+01  -2.9606351e-02  -1.0885351e-02
   3.5900000e+01  -3.6582740e-02   1.2690593e-02
   3.6000000e+01  -3.8840111e-02   4.3508573e-02
   3.6100000e+01  -2.7315970e-02   5.2191234e-02
   3.6200000e+01  -6.2161779e-03   2.7934803e-02
   3.6300000e+01   1.1158560e-02  -1.1242290e-02
   3.6400000e+01   1.4584241e-02  -3.5238696e-02
   3.6500000e+01   4.9592967e-03  -2.8789915e-02
   3.6600000e+01  -7.6859006e-03  -2.9756749e-03
   3.6700000e+01  -1.2288905e-02   1.7063148e-02
   3.6800000e+01  -3.9914271e-03   1.4121934e-02
   3.6900000e+01   1.3255669e-02  -9.0499918e-03
   3.7000000e+01   2.9345132e-02  -3.5240492e-02
   3.7100000e+01   3.4924618e-02  -4.8184632e-02
   3.7200000e+01   2.8782403e-02  -4.4462121e-02
   3.7300000e+01   1.9470941e-02  -3.3392848e-02
   3.7400000e+01   1.8200738e-02  -2.6743384e-02
   3.7500000e+01   2.8506905e-02  -2.8154566e-02
   3.7600000e+01   4.2590155e-02  -3.1688241e-02
   3.7700000e+01   4.8020316e-02  -2.9694979e-02
   3.7800000e+01   3.8071376e-02  -2.1011140e-02
   3.7900000e+01   1.6390995e-02  -1.1091750e-02
   3.8000000e+01  -6.1375379e-03  -5.3303232e-03
   3.8100000e+01  -1.7674542e-02  -4.0979826e-03
   3.8200000e+01  -1.0932011e-02  -4.5838400e-03
   3.8300000e+01   1.2549610e-02  -5.5163028e-03
   3.8400000e+01   4.0889413e-02  -8.0768552e-03
   3.8500000e+01   5.7155088e-02  -1.2644085e-02
   3.8600000e+01   5.1174394e-02  -1.7030620e-02
   3.8700000e+01   2.8563602e-02  -1.9183434e-02
   3.8800000e+01   6.7218912e-03  -2.0102204e-02
   3.8900000e+01  -1.9134138e-04  -2.1824920e-02
   3.9000000e+01   7.2261819e-03  -2.2683570e-02
   3.9100000e+01   1.6985064e-02  -1.7246378e-02
   3.9200000e+01   1.9214271e-02  -2.9778530e-03
   3.9300000e+01   1.4897361e-02   1.4093197e-02
   3.9400000e+01   1.1957389e-02   2.2944679e-02
   3.9500000e+01   1.5243737e-02   1.7792364e-02
   3.9600000e+01   2.1735241e-02   3.6698284e-03
   3.9700000e+01   2.4265715e-02  -8.9201699e-03
   3.9800000e+01   1.8132778e-02  -1.3793976e-02
   3.9900000e+01   4.6123054e-03  -1.2382686e-02
   4.0000000e+01  -9.5827222e-03  -8.4377619e-03
   4.0100000e+01  -1.5480930e-02  -2.1884518e-03
   4.0200000e+01  -7.1976101e-03   8.8890370e-03
   4.0300000e+01   1.2086377e-02   2.4673976e-02
   4.0400000e+01   2.8770700e-02   3.9590814e-02
   4.0500000e+01   2.6945153e-02   4.5773929e-02
   4.0600000e+01   2.2636550e-03   3.9012088e-02
   4.0700000e+01  -3.1031572e-02   2.2301982e-02
   4.0800000e+01  -4.9472253e-02   4.5379917e-03
   4.0900000e+01  -4.0120711e-02  -4.7563192e-03
   4.1000000e+01  -1.2494981e-02  -1.5394503e-03
   4.1100000e+01   9.4638889e-03   9.9240062e-03
   4.1200000e+01   7.9626386e-03   2.0260104e-02
   4.1300000e+01  -1.4940534e-02   2.2432313e-02
   4.1400000e+01  -4.1655490e-02   1.7406098e-02
   4.1500000e+01  -5.4565643e-02   1.2974143e-02
   4.1600000e+01  -4.7959559e-02   1.6854261e-02
   4.1700000e+01  -2.9042736e-02   3.0297772e-02
   4.1800000e+01  -1.1240098e-02   4.7261199e-02
   4.1900000e+01  -5.8037053e-03   5.8653206e-02
   4.2000000e+01  -1.5352881e-02   5.7512884e-02
   4.2100000e+01  -3.2166104e-02   4.1958983e-02
   4.2200000e+01  -4.3520015e-02   1.5465369e-02
   4.2300000e+01  -4.1476633e-02  -1.4837221e-02
   4.2400000e+01  -2.8910355e-02  -4.1053341e-02
   4.2500000e+01  -1.5974679e-02  -5.7123553e-02
   4.2600000e+01  -1.0933002e-02  -5.9483184e-02
   4.2700000e+01  -1.4588661e-02  -4.6418753e-02
   4.2800000e+01  -2.1931350e-02  -1.9158387e-02
   4.2900000e+01  -2.6460634e-02   1.4503920e-02
   4.3000000e+01  -2.2711061e-02   3.9033615e-02
   4.3100000e+01  -8.1279753e-03   3.8354905e-02
   4.3200000e+01   1.3962125e-02   8.8171584e-03
   4.3300000e+01   3.3765959e-02  -3.4170439e-02
   4.3400000e+01   4.0971230e-02  -6.5130418e-02
   4.3500000e+01   3.3512327e-02  -6.7429270e-02
   4.3600000e+01   1.9725729e-02  -4.5407274e-02
   4.3700000e+01   1.0793869e-02  -1.9126409e-02
   4.3800000e+01   1.1683560e-02  -7.6607444e-03
   4.3900000e+01   1.9895204e-02  -1.5801954e-02
   4.4000000e+01   3.0828322e-02  -3.3118819e-02
   4.4100000e+01   4.1153408e-02  -4.3060210e-02
   4.4200000e+01   4.6990800e-02  -3.4543917e-02
   4.4300000e+01   4.2942541e-02  -9.5707350e-03
   4.4400000e+01   2.6931193e-02   1.7275610e-02
   4.4500000e+01   5.7583699e-03   2.8318650e-02
   4.4600000e+01  -7.7220384e-03   1.5915579e-02
   4.4700000e+01  -5.7431479e-03  -1.1060136e-02
   4.4800000e+01   6.2793857e-03  -3.3719289e-02
   4.4900000e+01   1.4547103e-02  -3.7489021e-02
   4.5000000e+01   1.0734571e-02  -2.1875520e-02
   4.5100000e+01   6.0074721e-04   1.6073052e-03
   4.5200000e+01  -2.2208320e-03   1.9260523e-02
   4.5300000e+01   8.4471333e-03   2.3597738e-02
   4.5400000e+01   2.2682685e-02   1.5625483e-02
   4.5500000e+01   2.2607201e-02   2.5524342e-03
   4.5600000e+01   6.8957133e-04  -6.3878217e-03
   4.5700000e+01  -2.9976995e-02  -5.0481183e-03
   4.5800000e+01  -4.5409696e-02   5.2610076e-03
   4.5900000e+01  -3.2728737e-02   1.6022073e-02
   4.6000000e+01  -2.8173623e-03   1.8246150e-02
   4.6100000e+01   1.9908144e-02   1.0789643e-02
   4.6200000e+01   2.0654943e-02   1.7100939e-03
   4.6300000e+01   6.3968542e-03   1.8384296e-04
   4.6400000e+01  -4.8208993e-03   7.1227454e-03
   4.6500000e+01  -3.9663935e-03   1.5019109e-02
   4.6600000e+01   2.1523397e-03   1.7252929e-02
   4.6700000e+01   2.5853587e-03   1.5612483e-02
   4.6800000e+01  -4.3054999e-03   1.6702657e-02
   4.6900000e+01  -1.1962988e-02   2.1880491e-02
   4.7000000e+01  -1.6932847e-02   2.4086594e-02
   4.7100000e+01  -2.3028323e-02   1.6663177e-02
   4.7200000e+01  -3.2422305e-02   3.6393411e-03
   4.7300000e+01  -3.6996837e-02  -2.1545966e-03
   4.7400000e+01  -2.4053741e-02   7.4053578e-03
   4.7500000e+01   8.1743868e-03   2.5710291e-02
   4.7600000e+01   4.3273082e-02   3.6912655e-02
   4.7700000e+01   5.7197873e-02   3.1472702e-02
   4.7800000e+01   3.7059039e-02   1.4873586e-02
   4.7900000e+01  -8.7478672e-03   5.5771766e-04
   4.8000000e+01  -5.6093868e-02  -4.1009373e-03
   4.8100000e+01  -8.0064539e-02  -3.0303152e-03
   4.8200000e+01  -6.8671036e-02  -3.4602253e-03
   4.8300000e+01  -2.8385241e-02  -5.8253236e-03
   4.8400000e+01   2.0239071e-02  -4.1091737e-03
   4.8500000e+01   5.4169668e-02   4.5860255e-03
   4.8600000e+01   6.0244100e-02   1.4106956e-02
   4.8700000e+01   4.1022399e-02   1.5067161e-02
   4.8800000e+01   1.1214540e-02   5.5825703e-03
   4.8900000e+01  -1.2019384e-02  -6.2332011e-03
   4.9000000e+01  -1.8704857e-02  -1.1112680e-02
   4.9100000e+01  -1.0738858e-02  -8.3271858e-03
   4.9200000e+01   5.7299367e-04  -5.3613593e-03
   4.9300000e+01   3.2031183e-03  -9.0484453e-03
   4.9400000e+01  -5.9009910e-03  -1.8773942e-02
   4.9500000e+01  -1.7963063e-02  -2.8078124e-02
   4.9600000e+01  -2.0044105e-02  -3.0770562e-02
   4.9700000e+01  -7.1303889e-03  -2.4683973e-02
   4.9800000e+01   1.2868283e-02  -1.1723118e-02
   4.9900000e+01   2.6289737e-02   2.9073384e-03
   5.0000000e+01   2.5780119e-02   1.1721129e-02
   5.0100000e+01   1.5323568e-02   8.4589668e-03
   5.0200000e+01   4.3871059e-03  -6.6531635e-03
   5.0300000e+01  -1.4654046e-03  -2.5328287e-02
   5.0400000e+01  -3.9522168e-03  -3.6761373e-02
   5.0500000e+01  -7.5708771e-03  -3.5804828e-02
   5.0600000e+01  -1.3255622e-02  -2.5579241e-02
   5.0700000e+01  -1.6715725e-02  -1.2385515e-02
   5.0800000e+01  -1.2552738e-02   5.7333723e-04
   5.0900000e+01  -1.6608280e-04   1.3594086e-02
   5.1000000e+01   1.3802316e-02   2.5746712e-02
   5.1100000e+01   1.9394391e-02   3.2016540e-02
   5.1200000e+01   1.1721682e-02   2.6717970e-02
   5.1300000e+01  -3.1014725e-03   9.8846655e-03
   5.1400000e+01  -1.1539588e-02  -1.0306026e-02
   5.1500000e+01  -4.7820460e-03  -2.2031994e-02
   5.1600000e+01   1.1735172e-02  -1.7620754e-02
   5.1700000e+01   2.2585735e-02   1.3717491e-03
   5.1800000e+01   1.7666775e-02   2.4787912e-02
   5.1900000e+01   2.4501674e-03   3.9024967e-02
   5.2000000e+01  -8.4850193e-03   3.3963620e-02
   5.2100000e+01  -7.1496027e-03   9.1643292e-03
   5.2200000e+01   1.1491249e-03  -2.3665980e-02
   5.2300000e+01   6.5947370e-03  -4.5424942e-02
   5.2400000e+01   6.3893688e-03  -4.1710176e-02
   5.2500000e+01   4.5861416e-03  -1.4942697e-02
   5.2600000e+01   3.0402206e-03   1.4901423e-02
   5.2700000e+01  -1.8464271e-03   2.5130232e-02
   5.2800000e+01  -1.1539914e-02   9.8091451e-03
   5.2900000e+01  -1.8643415e-02  -1.4580851e-02
   5.3000000e+01  -1.2534806e-02  -2.4487115e-02
   5.3100000e+01   8.0088256e-03  -1.1692096e-02
   5.3200000e+01   3.0763128e-02   9.5682904e-03
   5.3300000e+01   4.0061191e-02   1.7834867e-02
   5.3400000e+01   2.9938471e-02   5.6126085e-03
   5.3500000e+01   7.4751195e-03  -1.5423158e-02
   5.3600000e+01  -1.4336645e-02  -2.8589657e-02
   5.3700000e+01  -2.5453040e-02  -2.8173013e-02
   5.3800000e+01  -2.3141302e-02  -2.0292775e-02
   5.3900000e+01  -1.2010616e-02  -1.1465177e-02
   5.4000000e+01  -9.8133820e-04  -1.4167409e-03
   5.4100000e+01   2.7426164e-03   1.1633668e-02
   5.4200000e+01  -3.0682409e-04   2.2912554e-02
   5.4300000e+01  -2.3420275e-03   2.3495023e-02
   5.4400000e+01   2.8335636e-03   1.1519640e-02
   5.4500000e+01   1.1165455e-02  -2.4353173e-03
   5.4600000e+01   1.0877398e-02  -4.1068280e-03
   5.4700000e+01  -4.5814418e-03   1.0690890e-02
   5.4800000e+01  -2.7124690e-02   3.2419213e-02
   5.4900000e+01  -3.9612923e-02   4.7032387e-02
   5.5000000e+01  -3.1309771e-02   4.6735136e-02
   5.5100000e+01  -7.0745056e-03   3.2293581e-02
   5.5200000e+01   1.8272149e-02   9.1723140e-03
   5.5300000e+01   3.2750565e-02  -1.4784094e-02
   5.5400000e+01   3.3996285e-02  -2.9423139e-02
   5.5500000e+01   2.6231981e-02  -2.5965489e-02
   5.5600000e+01   1.4251212e-02  -4.9587230e-03
   5.5700000e+01   1.0377263e-03   2.0422412e-02
   5.5800000e+01  -1.1376384e-02   3.3123038e-02
   5.5900000e+01  -2.1287307e-02   2.6865967e-02
   5.6000000e+01  -2.7619726e-02   1.1655024e-02
   5.6100000e+01  -2.9778659e-02   3.3551317e-03
   5.6200000e+01  -2.7240446e-02   7.7268528e-03
   5.6300000e+01  -2.0088678e-02   1.5561692e-02
   5.6400000e+01  -9.8287070e-03   1.3567121e-02
   5.6500000e+01   1.1656163e-03  -1.1695261e-03
   5.6600000e+01   1.0863367e-02  -1.8474288e-02
   5.6700000e+01   1.7193744e-02  -2.6082358e-02
   5.6800000e+01   1.6714831e-02  -2.1525433e-02
   5.6900000e+01   5.9668848e-03  -1.2147557e-02
   5.7000000e+01  -1.3879014e-02  -4.7782687e-03
   5.7100000e+01  -3.4406634e-02   1.5240072e-03
   5.7200000e+01  -4.4346911e-02   1.0787614e-02
   5.7300000e+01  -3.8055744e-02   2.0317316e-02
   5.7400000e+01  -1.9764030e-02   2.0028828e-02
   5.7500000e+01   1.8688867e-04   4.0917325e-03
   5.7600000e+01   1.2447974e-02  -1.8813452e-02
   5.7700000e+01   1.2773769e-02  -3.1180234e-02
   5.7800000e+01   2.3528765e-03  -2.4532262e-02
   5.7900000e+01  -1.2893117e-02  -9.6560404e-03
   5.8000000e+01  -2.3930941e-02  -6.3031777e-03
   5.8100000e+01  -2.3298643e-02  -2.2472284e-02
   5.8200000e+01  -1.1074427e-02  -4.5487947e-02
   5.8300000e+01   4.3609702e-03  -5.4087293e-02
   5.8400000e+01   1.3738995e-02  -3.8339776e-02
   5.8500000e+01   1.5769656e-02  -7.7993155e-03
   5.8600000e+01   1.7417836e-02   1.7663763e-02
   5.8700000e+01   2.4695210e-02   2.3621251e-02
   5.8800000e+01   3.4455395e-02   1.0198100e-02
   5.8900000e+01   3.6944315e-02  -1.0130579e-02
   5.9000000e+01   2.6348861e-02  -2.2528669e-02
   5.9100000e+01   7.4846572e-03  -2.0567628e-02
   5.9200000e+01  -8.1896389e-03  -1.0174211e-02
   5.9300000e+01  -1.1907393e-02  -2.7255260e-03
   5.9400000e+01  -2.6578488e-03  -2.6704709e-03
   5.9500000e+01   1.4592920e-02  -2.6270421e-03
   5.9600000e+01   3.2561536e-02   7.1381810e-03
   5.9700000e+01   4.3486204e-02   2.4766049e-02
   5.9800000e+01   4.1192377e-02   3.5853468e-02
   5.9900000e+01   2.5576196e-02   2.8692361e-02
   6.0000000e+01   5.6968690e-03   8.2859854e-03
   6.0100000e+01  -4.6226579e-03  -8.4528971e-03
   6.0200000e+01   2.3363010e-03  -1.1316304e-02
   6.0300000e+01   2.0717031e-02  -6.7710803e-03
   6.0400000e+01   3.5523192e-02  -7.3640230e-03
   6.0500000e+01   3.5575110e-02  -1.4300770e-02
   6.0600000e+01   2.2194339e-02  -1.5194930e-02
   6.0700000e+01   5.2511004e-03   2.9759486e-04
   6.0800000e+01  -7.8644200e-03   2.6314286e-02
   6.0900000e+01  -1.7276566e-02   4.5125282e-02
   6.1000000e+01  -2.4666172e-02   4.4514371e-02
   6.1100000e+01  -2.5703368e-02   2.8256878e-02
   6.1200000e+01  -1.3000656e-02   9.4463482e-03
   6.1300000e+01   1.2019161e-02  -3.4217810e-03
   6.1400000e+01   3.3876907e-02  -1.1284089e-02
   6.1500000e+01   3.4976343e-02  -1.6883944e-02
   6.1600000e+01   1.4542662e-02  -1.6599915e-02
   6.1700000e+01  -7.3248009e-03  -3.3868549e-03
   6.1800000e+01  -8.1783723e-03   2.2015595e-02
   6.1900000e+01   1.3648109e-02   4.5741165e-02
   6.2000000e+01   3.6014218e-02   5.0124731e-02
   6.2100000e+01   3.3604783e-02   3.0038826e-02
   6.2200000e+01   1.0625167e-03  -5.9937980e-04
   6.2300000e+01  -4.3182368e-02  -1.9909422e-02
   6.2400000e+01  -7.2930463e-02  -1.6448173e-02
   6.2500000e+01  -7.3308785e-02   2.5954697e-03
   6.2600000e+01  -4.8578635e-02   1.9796691e-02
   6.2700000e+01  -1.7017512e-02   2.2509809e-02
   6.2800000e+01   1.2956776e-03   1.0711041e-02
   6.2900000e+01  -2.8453623e-03  -6.0467082e-03
   6.3000000e+01  -2.1873719e-02  -1.6454874e-02
   6.3100000e+01  -3.8160914e-02  -1.4035147e-02
   6.3200000e+01  -3.9837016e-02  -1.0040600e-03
   6.3300000e+01  -3.1245769e-02   1.1825711e-02
   6.3400000e+01  -2.6514343e-02   1.1830626e-02
   6.3500000e+01  -3.2812301e-02  -4.0151624e-03
   6.3600000e+01  -4.2394553e-02  -2.3398057e-02
   6.3700000e+01  -4.2386367e-02  -2.7596525e-02
   6.3800000e+01  -2.9978390e-02  -9.6721888e-03
   6.3900000e+01  -1.5010949e-02   1.5912480e-02
   6.4000000e+01  -8.3735899e-03   2.3969725e-02
   6.4100000e+01  -1.1226771e-02   1.0060021e-03
   6.4200000e+01  -1.6502241e-02  -4.1722604e-02
   6.4300000e+01  -1.7900780e-02  -7.6712937e-02
   6.4400000e+01  -1.4705926e-02  -8.1910223e-02
   6.4500000e+01  -9.2424211e-03  -5.6140615e-02
   6.4600000e+01  -3.1546673e-03  -1.6599841e-02
   6.4700000e+01   2.9030390e-03   1.6387632e-02
   6.4800000e+01   8.2031770e-03   3.2574523e-02
   6.4900000e+01   1.2310628e-02   3.3200956e-02
   6.5000000e+01   1.5559666e-02   2.3566232e-02
   6.5100000e+01   1.7904774e-02   7.0932242e-03
   6.5200000e+01   1.8355842e-02  -1.3450752e-02
   6.5300000e+01   1.7532231e-02  -3.2264381e-02
   6.5400000e+01   2.0253597e-02  -4.2211997e-02
   6.5500000e+01   3.2291038e-02  -4.1478107e-02
   6.5600000e+01   5.2106805e-02  -3.5904684e-02
   6.5700000e+01   6.7231962e-02  -3.1612395e-02
   6.5800000e+01   6.2802692e-02  -2.5959060e-02
   6.5900000e+01   3.6381018e-02  -9.7592370e-03
   6.6000000e+01   3.7716200e-03   1.9355938e-02
   6.6100000e+01  -1.2237244e-02   4.8479592e-02
   6.6200000e+01  -8.5543713e-04   5.8655775e-02
   6.6300000e+01   2.7924551e-02   4.3530507e-02
   6.6400000e+01   5.2681055e-02   1.6402972e-02
   6.6500000e+01   5.8318590e-02  -2.5232082e-03
   6.6600000e+01   4.5784803e-02  -4.0572251e-03
   6.6700000e+01   2.7160337e-02   5.7381802e-03
   6.6800000e+01   1.3749089e-02   1.5762252e-02
   6.6900000e+01   8.7667288e-03   1.9957338e-02
   6.7000000e+01   8.6644890e-03   1.8203435e-02
   6.7100000e+01   8.5439979e-03   1.3224630e-02
   6.7200000e+01   5.8773296e-03   1.0088554e-02
   6.7300000e+01   9.8094725e-04   1.5018388e-02
   6.7400000e+01  -4.1981759e-03   2.8851225e-02
   6.7500000e+01  -7.7346768e-03   4.1773504e-02
   6.7600000e+01  -9.3966762e-03   4.0192055e-02
   6.7700000e+01  -1.1206781e-02   2.1869243e-02
   6.7800000e+01  -1.5480413e-02   6.7554664e-04
   6.7900000e+01  -2.1366549e-02  -7.9585146e-03
   6.8000000e+01  -2.3955542e-02  -4.4581182e-03
   6.8100000e+01  -1.8770300e-02  -2.7557915e-03
   6.8200000e+01  -8.2023444e-03  -1.0378892e-02
   6.8300000e+01  -1.9522790e-03  -1.7338417e-02
   6.8400000e+01  -8.2088016e-03  -9.7075042e-03
   6.8500000e+01  -2.3425108e-02   9.3300590e-03
   6.8600000e+01  -3.3115251e-02   1.9680659e-02
   6.8700000e+01  -2.5727925e-02   7.6392905e-03
   6.8800000e+01  -5.9154749e-03  -1.6424598e-02
   6.8900000e+01   8.3804101e-03  -2.8584789e-02
   6.9000000e+01   3.6393261e-03  -1.7637424e-02
   6.9100000e+01  -1.5406326e-02   4.0628872e-03
   6.9200000e+01  -3.0920837e-02   1.6067766e-02
   6.9300000e+01  -2.9989864e-02   1.0844162e-02
   6.9400000e+01  -1.5626006e-02  -3.5135385e-03
   6.9500000e+01  -4.5383141e-04  -1.6958844e-02
   6.9600000e+01   7.0770900e-03  -2.6874980e-02
   6.9700000e+01   7.9006698e-03  -3.3182853e-02
   6.9800000e+01   5.9883532e-03  -3.1026980e-02
   6.9900000e+01   1.4691871e-03  -1.4975729e-02
   7.0000000e+01  -7.6179809e-03   1.0161602e-02
   7.0100000e+01  -1.8620050e-02   2.8683321e-02
   7.0200000e+01  -2.2892244e-02   2.7942338e-02
   7.0300000e+01  -1.3234945e-02   1.1340686e-02
   7.0400000e+01   7.2131333e-03  -5.5727298e-03
   7.0500000e+01   2.4542553e-02  -1.1551767e-02
   7.0600000e+01   2.4267744e-02  -9.3969288e-03
   7.0700000e+01   4.1254657e-03  -8.9009426e-03
   7.0800000e+01  -2.2058058e-02  -1.3663734e-02
   7.0900000e+01  -3.4339152e-02  -1.8373605e-02
   7.1000000e+01  -2.3243802e-02  -1.8012669e-02
   7.1100000e+01   1.4580054e-03  -1.5009629e-02
   7.1200000e+01   1.8526171e-02  -1.4516800e-02
   7.1300000e+01   1.3396890e-02  -1.5180455e-02
   7.1400000e+01  -9.5159193e-03  -9.4377367e-03
   7.1500000e+01  -3.1239681e-02   5.6639058e-03
   7.1600000e+01  -3.4613526e-02   2.1378968e-02
   7.1700000e+01  -1.7557794e-02   2.4616536e-02
   7.1800000e+01   7.3628326e-03   1.1939532e-02
   7.1900000e+01   2.4499901e-02  -6.7345654e-03
   7.2000000e+01   2.6573113e-02  -1.8984463e-02
   7.2100000e+01   1.7250786e-02  -2.1543967e-02
   7.2200000e+01   5.1287852e-03  -1.9341476e-02
   7.2300000e+01  -3.8962720e-03  -1.5813300e-02
   7.2400000e+01  -9.2690024e-03  -8.6571852e-03
   7.2500000e+01  -1.2590980e-02   4.6376892e-03
   7.2600000e+01  -1.3256976e-02   2.1417865e-02
   7.2700000e+01  -8.0529726e-03   3.6566077e-02
   7.2800000e+01   4.7805627e-03   4.7510247e-02
   7.2900000e+01   2.1619417e-02   5.2571468e-02
   7.3000000e+01   3.4545933e-02   4.6194612e-02
   7.3100000e+01   3.7242268e-02   2.2425003e-02
   7.3200000e+01   3.0118830e-02  -1.3616999e-02
   7.3300000e+01   1.9371501e-02  -4.2042264e-02
   7.3400000e+01   1.0821923e-02  -4.2662162e-02
   7.3500000e+01   5.1604729e-03  -1.5025995e-02
   7.3600000e+01  -1.3834906e-04   1.9050449e-02
   7.3700000e+01  -4.7681605e-03   3.5412196e-02
   7.3800000e+01  -3.5414983e-03   2.9199011e-02
   7.3900000e+01   7.6652339e-03   1.5593155e-02
   7.4000000e+01   2.4269171e-02   1.0827008e-02
   7.4100000e+01   3.3997709e-02   1.5324630e-02
   7.4200000e+01   2.8047255e-02   1.5993919e-02
   7.4300000e+01   1.1080441e-02   2.6094422e-03
   7.4400000e+01  -2.1434351e-03  -2.0551902e-02
   7.4500000e+01  -1.5967553e-03  -3.9285195e-02
   7.4600000e+01   7.3858028e-03  -4.3673513e-02
   7.4700000e+01   9.9516898e-03  -3.6139377e-02
   7.4800000e+01  -1.6897640e-03  -2.5615834e-02
   7.4900000e+01  -1.9152129e-02  -1.6044275e-02
   7.5000000e+01  -2.6617909e-02  -3.5223740e-03
   7.5100000e+01  -1.8069753e-02   1.4562813e-02
   7.5200000e+01  -4.0500824e-03   3.0661169e-02
   7.5300000e+01  -4.3127184e-04   3.1403537e-02
   7.5400000e+01  -1.1419323e-02   1.1737899e-02
   7.5500000e+01  -2.5208718e-02  -1.7850179e-02
   7.5600000e+01  -2.6747186e-02  -4.0125273e-02
   7.5700000e+01  -1.3604761e-02  -4.5640626e-02
   7.5800000e+01   1.8542667e-03  -3.6905394e-02
   7.5900000e+01   5.5386581e-03  -2.0765655e-02
   7.6000000e+01  -4.4657631e-03  -1.9029055e-03
   7.6100000e+01  -1.7140181e-02   1.5022083e-02
   7.6200000e+01  -2.0137285e-02   2.2412348e-02
   7.6300000e+01  -1.1023490e-02   1.5267763e-02
   7.6400000e+01   1.8933476e-03  -3.3843037e-04
   7.6500000e+01   7.6255083e-03  -9.6508505e-03
   7.6600000e+01   1.0337219e-03  -3.6634776e-03
   7.6700000e+01  -1.4032977e-02   1.0496174e-02
   7.6800000e+01  -2.7306289e-02   1.6680253e-02
   7.6900000e+01  -2.8304498e-02   7.1723405e-03
   7.7000000e+01  -1.3421425e-02  -9.1304468e-03
   7.7100000e+01   1.0520800e-02  -1.6405609e-02
   7.7200000e+01   3.0319359e-02  -8.0206082e-03
   7.7300000e+01   3.6169469e-02   7.8523477e-03
   7.7400000e+01   2.8608405e-02   1.7223015e-02
   7.7500000e+01   1.5860816e-02   1.3422502e-02
   7.7600000e+01   5.0382649e-03   2.0839296e-03
   7.7700000e+01  -2.7975447e-03  -5.1164700e-03
   7.7800000e+01  -9.4266530e-03  -1.3014129e-03
   7.7900000e+01  -1.4347195e-02   9.7292053e-03
   7.8000000e+01  -1.5190071e-02   1.7448367e-02
   7.8100000e+01  -1.2003066e-02   1.4722865e-02
   7.8200000e+01  -7.8008493e-03   4.6277612e-03
   7.8300000e+01  -3.7898844e-03  -2.8398274e-03
   7.8400000e+01   3.2261332e-03  -1.0752693e-03
   7.8500000e+01   1.5604320e-02   6.3555578e-03
   7.8600000e+01   2.7653046e-02   9.6838777e-03
   7.8700000e+01   2.7581011e-02   3.5622219e-03
   7.8800000e+01   9.7153322e-03  -6.9256540e-03
   7.8900000e+01  -1.5929664e-02  -1.1300734e-02
   7.9000000e+01  -2.9520539e-02  -4.4725298e-03
   7.9100000e+01  -1.9302400e-02   8.1328983e-03
   7.9200000e+01   6.2502412e-03   1.6505686e-02
   7.9300000e+01   2.5342088e-02   1.6624224e-02
   7.9400000e+01   2.2731284e-02   1.4150867e-02
   7.9500000e+01   2.9233903e-03   1.7190219e-02
   7.9600000e+01  -1.5975317e-02   2.6375226e-02
   7.9700000e+01  -2.0371586e-02   3.3767091e-02
   7.9800000e+01  -1.2184747e-02   3.1513400e-02
   7.9900000e+01  -2.4612440e-03   1.9168249e-02
   8.0000000e+01   3.0601274e-03   1.6541428e-03
