   1.0221618e+02   2.8602761e+01   2.5212700e+03
   1.0224592e+02   2.8321484e+01   1.6504900e+03
   0.0000000e+00  -1.4677026e-01  -1.4677026e-01
   1.0000000e-01  -1.0832304e-01  -2.1348106e-01
   2.0000000e-01  -8.8610886e-02  -2.9175707e-01
   3.0000000e-01  -6.2064003e-02  -3.4833518e-01
   4.0000000e-01  -3.4462168e-03  -3.5926186e-01
   5.0000000e-01   1.0002264e-01  -3.2902520e-01
   6.0000000e-01   2.4063917e-01  -2.8492329e-01
   7.0000000e-01   3.8822519e-01  -2.5408059e-01
   8.0000000e-01   5.0368988e-01  -2.4624097e-01
   9.0000000e-01   5.6777033e-01  -2.5468112e-01
   1.0000000e+00   6.0096366e-01  -2.6715764e-01
   1.1000000e+00   6.4814152e-01  -2.7393102e-01
   1.2000000e+00   7.3561897e-01  -2.7102440e-01
   1.3000000e+00   8.4308195e-01  -2.6360633e-01
   1.4000000e+00   9.2092353e-01  -2.6742707e-01
   1.5000000e+00   9.3412722e-01  -3.0018622e-01
   1.6000000e+00   8.8639692e-01  -3.6442018e-01
   1.7000000e+00   8.0581386e-01  -4.3896530e-01
   1.8000000e+00   7.1803434e-01  -4.9335376e-01
   1.9000000e+00   6.3800778e-01  -5.1507493e-01
   2.0000000e+00   5.7698126e-01  -5.2091331e-01
   2.1000000e+00   5.4081336e-01  -5.3718329e-01
   2.2000000e+00   5.1623342e-01  -5.6875497e-01
   2.3000000e+00   4.6928660e-01  -5.9247300e-01
   2.4000000e+00   3.7066642e-01  -5.8451973e-01
   2.5000000e+00   2.2624204e-01  -5.5076530e-01
   2.6000000e+00   7.7853140e-02  -5.2257527e-01
   2.7000000e+00  -3.0341755e-02  -5.1912466e-01
   2.8000000e+00  -8.7222901e-02  -5.1804577e-01
   2.9000000e+00  -1.1849289e-01  -4.7064337e-01
   3.0000000e+00  -1.5960577e-01  -3.4971093e-01
   3.1000000e+00  -2.2659841e-01  -1.8064369e-01
   3.2000000e+00  -3.0880436e-01  -2.2227883e-02
   3.3000000e+00  -3.8277929e-01   8.4618756e-02
   3.4000000e+00  -4.3092895e-01   1.4963213e-01
   3.5000000e+00  -4.5145159e-01   2.1733221e-01
   3.6000000e+00  -4.5676194e-01   3.2165349e-01
   3.7000000e+00  -4.6369777e-01   4.5679037e-01
   3.8000000e+00  -4.8093735e-01   5.8911775e-01
   3.9000000e+00  -5.0148314e-01   6.9215901e-01
   4.0000000e+00  -5.0781515e-01   7.6700457e-01
   4.1000000e+00  -4.8852269e-01   8.3142137e-01
   4.2000000e+00  -4.5236174e-01   8.9555990e-01
   4.3000000e+00  -4.2389074e-01   9.5233689e-01
   4.4000000e+00  -4.2162958e-01   9.8879741e-01
   4.5000000e+00  -4.4012181e-01   1.0000000e+00
   4.6000000e+00  -4.5643276e-01   9.8820634e-01
   4.7000000e+00  -4.5550309e-01   9.5228862e-01
   4.8000000e+00  -4.4541454e-01   8.8514188e-01
   4.9000000e+00  -4.4325633e-01   7.8454517e-01
   5.0000000e+00  -4.4771804e-01   6.6289262e-01
   5.1000000e+00  -4.3378100e-01   5.4057390e-01
   5.2000000e+00  -3.8082031e-01   4.2802833e-01
   5.3000000e+00  -3.0346632e-01   3.1703355e-01
   5.4000000e+00  -2.4608222e-01   1.9240033e-01
   5.5000000e+00  -2.4082541e-01   5.1282960e-02
   5.6000000e+00  -2.7215068e-01  -9.2545689e-02
   5.7000000e+00  -2.8669936e-01  -2.2497313e-01
   5.8000000e+00  -2.4038989e-01  -3.4873977e-01
   5.9000000e+00  -1.3690209e-01  -4.7894014e-01
   6.0000000e+00  -2.2657734e-02  -6.1961890e-01
   6.1000000e+00   5.3523133e-02  -7.4973020e-01
   6.2000000e+00   7.8779418e-02  -8.3968750e-01
   6.3000000e+00   8.2907332e-02  -8.8363704e-01
   6.4000000e+00   1.1217208e-01  -9.0905905e-01
   6.5000000e+00   1.9179010e-01  -9.4720791e-01
   6.6000000e+00   3.0453125e-01  -9.9477984e-01
   6.7000000e+00   4.0274104e-01  -1.0126656e+00
   6.8000000e+00   4.4781744e-01  -9.6740489e-01
   6.9000000e+00   4.4573514e-01  -8.6920205e-01
   7.0000000e+00   4.4336938e-01  -7.6120067e-01
   7.1000000e+00   4.8281759e-01  -6.7154558e-01
   7.2000000e+00   5.5588266e-01  -5.8525446e-01
   7.3000000e+00   6.0837452e-01  -4.6973906e-01
   7.4000000e+00   5.9503406e-01  -3.2221795e-01
   7.5000000e+00   5.2812807e-01  -1.7975952e-01
   7.6000000e+00   4.6479431e-01  -7.8290056e-02
   7.7000000e+00   4.4543998e-01  -1.0012056e-02
   7.8000000e+00   4.5262241e-01   6.8525868e-02
   7.9000000e+00   4.3662730e-01   1.8631846e-01
   8.0000000e+00   3.7528418e-01   3.2424009e-01
   8.1000000e+00   2.9657643e-01   4.3571633e-01
   8.2000000e+00   2.4082159e-01   4.9595355e-01
   8.3000000e+00   2.1287951e-01   5.2416303e-01
   8.4000000e+00   1.8185161e-01   5.5858013e-01
   8.5000000e+00   1.2206065e-01   6.1716530e-01
   8.6000000e+00   4.0333873e-02   6.8586253e-01
   8.7000000e+00  -3.9741474e-02   7.3902252e-01
   8.8000000e+00  -1.0758915e-01   7.6344851e-01
   8.9000000e+00  -1.6877748e-01   7.6303868e-01
   9.0000000e+00  -2.2439845e-01   7.4756980e-01
   9.1000000e+00  -2.6221891e-01   7.2143444e-01
   9.2000000e+00  -2.7349516e-01   6.8012612e-01
   9.3000000e+00  -2.6960351e-01   6.1376893e-01
   9.4000000e+00  -2.7255341e-01   5.1689467e-01
   9.5000000e+00  -2.9038688e-01   4.0086093e-01
   9.6000000e+00  -3.0878104e-01   2.9613057e-01
   9.7000000e+00  -3.0769390e-01   2.3297912e-01
   9.8000000e+00  -2.8059790e-01   2.1114788e-01
   9.9000000e+00  -2.3525261e-01   1.8961585e-01
   1.0000000e+01  -1.8186739e-01   1.1569761e-01
   1.0100000e+01  -1.2754239e-01  -2.7520037e-02
   1.0200000e+01  -8.0819330e-02  -2.0137243e-01
   1.0300000e+01  -5.3052908e-02  -3.4257411e-01
   1.0400000e+01  -4.9106560e-02  -4.1756449e-01
   1.0500000e+01  -5.8302155e-02  -4.4798074e-01
   1.0600000e+01  -5.9980055e-02  -4.8327635e-01
   1.0700000e+01  -4.0860956e-02  -5.4934079e-01
   1.0800000e+01  -6.2052901e-03  -6.2503319e-01
   1.0900000e+01   2.6943678e-02  -6.6850264e-01
   1.1000000e+01   4.6301979e-02  -6.6351625e-01
   1.1100000e+01   5.2795338e-02  -6.3642797e-01
   1.1200000e+01   5.3625803e-02  -6.2692820e-01
   1.1300000e+01   5.0035991e-02  -6.4509153e-01
   1.1400000e+01   3.4357443e-02  -6.6037636e-01
   1.1500000e+01  -8.6029071e-04  -6.3229126e-01
   1.1600000e+01  -5.2332941e-02  -5.4864623e-01
   1.1700000e+01  -1.0549374e-01  -4.3307829e-01
   1.1800000e+01  -1.4413116e-01  -3.1912451e-01
   1.1900000e+01  -1.6051372e-01  -2.2088358e-01
   1.2000000e+01  -1.5718641e-01  -1.2762873e-01
   1.2100000e+01  -1.4064620e-01  -2.2271992e-02
   1.2200000e+01  -1.1453969e-01   9.6712173e-02
   1.2300000e+01  -7.9320887e-02   2.0898469e-01
   1.2400000e+01  -3.7867926e-02   2.8671932e-01
   1.2500000e+01   4.2423243e-04   3.1956188e-01
   1.2600000e+01   2.3862143e-02   3.2967746e-01
   1.2700000e+01   2.8743693e-02   3.5911692e-01
   1.2800000e+01   2.4865162e-02   4.3383378e-01
   1.2900000e+01   2.8124753e-02   5.3545533e-01
   1.3000000e+01   4.5809674e-02   6.1203698e-01
   1.3100000e+01   6.9991751e-02   6.2285528e-01
   1.3200000e+01   8.7115462e-02   5.7478506e-01
   1.3300000e+01   9.3671381e-02   5.1349891e-01
   1.3400000e+01   9.9966546e-02   4.7923801e-01
   1.3500000e+01   1.1707606e-01   4.7273087e-01
   1.3600000e+01   1.4165319e-01   4.6237042e-01
   1.3700000e+01   1.5625774e-01   4.1863439e-01
   1.3800000e+01   1.4541111e-01   3.3816833e-01
   1.3900000e+01   1.0999201e-01   2.3896777e-01
   1.4000000e+01   6.5038687e-02   1.4038281e-01
   1.4100000e+01   2.5009342e-02   5.0551742e-02
   1.4200000e+01  -6.3503430e-03  -3.1832673e-02
   1.4300000e+01  -3.1871061e-02  -1.0954972e-01
   1.4400000e+01  -5.0962268e-02  -1.8101925e-01
   1.4500000e+01  -5.8418460e-02  -2.3908662e-01
   1.4600000e+01  -5.3624647e-02  -2.7500536e-01
   1.4700000e+01  -4.6397380e-02  -2.8675953e-01
   1.4800000e+01  -4.8785760e-02  -2.8508380e-01
   1.4900000e+01  -6.1047085e-02  -2.8814191e-01
   1.5000000e+01  -7.0135019e-02  -3.0589695e-01
   1.5100000e+01  -6.5004349e-02  -3.2918784e-01
   1.5200000e+01  -5.0857015e-02  -3.3710759e-01
   1.5300000e+01  -4.3461099e-02  -3.1699756e-01
   1.5400000e+01  -4.8975483e-02  -2.7636796e-01
   1.5500000e+01  -5.4584969e-02  -2.3462655e-01
   1.5600000e+01  -4.3569017e-02  -2.0480866e-01
   1.5700000e+01  -1.7448958e-02  -1.8485148e-01
   1.5800000e+01   3.2042183e-03  -1.6508448e-01
   1.5900000e+01   2.3584822e-03  -1.4112650e-01
   1.6000000e+01  -1.2014062e-02  -1.1850321e-01
   1.6100000e+01  -1.7857822e-02  -1.0581129e-01
   1.6200000e+01  -6.9766513e-03  -1.0361482e-01
   1.6300000e+01   4.7748847e-03  -9.9322911e-02
   1.6400000e+01  -9.2325934e-05  -7.4783185e-02
   1.6500000e+01  -1.3058210e-02  -2.3666707e-02
   1.6600000e+01  -3.7720965e-03   3.6335888e-02
   1.6700000e+01   4.4941153e-02   7.2574613e-02
   1.6800000e+01   1.1204553e-01   6.4908920e-02
   1.6900000e+01   1.5475310e-01   2.5861765e-02
   1.7000000e+01   1.4929276e-01  -9.4254256e-03
   1.7100000e+01   1.1033157e-01  -1.4744691e-02
   1.7200000e+01   6.9909260e-02   7.1464927e-03
   1.7300000e+01   4.4410822e-02   3.4692170e-02
   1.7400000e+01   2.8118470e-02   5.1083548e-02
   1.7500000e+01   1.4635467e-02   5.3342033e-02
   1.7600000e+01   1.2381056e-02   4.4224172e-02
   1.7700000e+01   3.1353178e-02   2.7404225e-02
   1.7800000e+01   5.9249913e-02   1.4711637e-02
   1.7900000e+01   6.2361575e-02   2.7724641e-02
   1.8000000e+01   1.7595490e-02   7.8390761e-02
   1.8100000e+01  -5.8131843e-02   1.4619253e-01
   1.8200000e+01  -1.1672193e-01   1.8568532e-01
   1.8300000e+01  -1.2092085e-01   1.6762802e-01
   1.8400000e+01  -7.7247210e-02   1.1275645e-01
   1.8500000e+01  -2.6146295e-02   7.7419540e-02
   1.8600000e+01  -1.0804679e-03   1.0106839e-01
   1.8700000e+01  -1.1086660e-04   1.6922133e-01
   1.8800000e+01   2.7759738e-03   2.2990058e-01
   1.8900000e+01   2.3982104e-02   2.4398147e-01
   1.9000000e+01   5.3794967e-02   2.1608699e-01
   1.9100000e+01   7.3017646e-02   1.7850863e-01
   1.9200000e+01   7.9241526e-02   1.5286371e-01
   1.9300000e+01   9.0164372e-02   1.3331062e-01
   1.9400000e+01   1.2072300e-01   1.0453022e-01
   1.9500000e+01   1.6186659e-01   6.7395034e-02
   1.9600000e+01   1.8582801e-01   4.0675577e-02
   1.9700000e+01   1.7194336e-01   3.8299566e-02
   1.9800000e+01   1.2518917e-01   4.9807633e-02
   1.9900000e+01   6.9463935e-02   4.6861194e-02
   2.0000000e+01   2.5048504e-02   9.9458301e-03
   2.0100000e+01  -6.0241597e-03  -5.1291465e-02
   2.0200000e+01  -3.4424351e-02  -1.0396281e-01
   2.0300000e+01  -6.7481457e-02  -1.1894509e-01
   2.0400000e+01  -1.0114898e-01  -9.4654141e-02
   2.0500000e+01  -1.2692267e-01  -5.6843451e-02
   2.0600000e+01  -1.4326723e-01  -3.6078229e-02
   2.0700000e+01  -1.5743344e-01  -4.4778870e-02
   2.0800000e+01  -1.7647604e-01  -7.4018938e-02
   2.0900000e+01  -1.9927524e-01  -1.0833948e-01
   2.1000000e+01  -2.1876247e-01  -1.3886816e-01
   2.1100000e+01  -2.2995987e-01  -1.6151768e-01
   2.1200000e+01  -2.3305710e-01  -1.6884313e-01
   2.1300000e+01  -2.2891623e-01  -1.5220722e-01
   2.1400000e+01  -2.1465973e-01  -1.1431222e-01
   2.1500000e+01  -1.8568051e-01  -7.4250691e-02
   2.1600000e+01  -1.4122685e-01  -5.4224369e-02
   2.1700000e+01  -8.7016534e-02  -6.0658485e-02
   2.1800000e+01  -3.3061617e-02  -8.0449668e-02
   2.1900000e+01   1.0832787e-02  -9.4808917e-02
   2.2000000e+01   3.9980047e-02  -9.3862955e-02
   2.2100000e+01   5.8282154e-02  -7.9090185e-02
   2.2200000e+01   7.6090249e-02  -5.7809353e-02
   2.2300000e+01   1.0077953e-01  -3.8836714e-02
   2.2400000e+01   1.2770081e-01  -2.9140653e-02
   2.2500000e+01   1.4310454e-01  -2.8193245e-02
   2.2600000e+01   1.3903776e-01  -2.5800133e-02
   2.2700000e+01   1.2435801e-01  -1.1466582e-02
   2.2800000e+01   1.1747085e-01   1.1633614e-02
   2.2900000e+01   1.2688914e-01   2.6644237e-02
   2.3000000e+01   1.4124119e-01   2.1528383e-02
   2.3100000e+01   1.4092154e-01   5.5052964e-03
   2.3200000e+01   1.1918050e-01   1.9715327e-03
   2.3300000e+01   8.9243937e-02   2.4528439e-02
   2.3400000e+01   6.9057963e-02   6.3423169e-02
   2.3500000e+01   6.0232863e-02   9.5807657e-02
   2.3600000e+01   4.5544889e-02   1.0495379e-01
   2.3700000e+01   1.0175837e-02   8.8429879e-02
   2.3800000e+01  -3.5737311e-02   5.4661241e-02
   2.3900000e+01  -6.1238622e-02   1.9120337e-02
   2.4000000e+01  -4.6161242e-02   1.2301204e-03
   2.4100000e+01  -7.2766046e-03   1.3955745e-02
   2.4200000e+01   1.3759742e-02   4.9834897e-02
   2.4300000e+01  -7.3197237e-03   8.1733914e-02
   2.4400000e+01  -5.0423169e-02   8.5361065e-02
   2.4500000e+01  -7.1864942e-02   6.2434225e-02
   2.4600000e+01  -5.1756344e-02   3.7263596e-02
   2.4700000e+01  -1.5232382e-02   2.8699665e-02
   2.4800000e+01  -4.3804848e-03   2.9187954e-02
   2.4900000e+01  -3.3816678e-02   1.5076762e-02
   2.5000000e+01  -7.8416567e-02  -2.3885224e-02
   2.5100000e+01  -1.0145156e-01  -6.9383547e-02
   2.5200000e+01  -8.7639570e-02  -9.0477437e-02
   2.5300000e+01  -4.8489991e-02  -7.3832403e-02
   2.5400000e+01  -4.3550650e-03  -3.7601613e-02
   2.5500000e+01   3.0987776e-02  -1.5575565e-02
   2.5600000e+01   5.1247843e-02  -2.6675028e-02
   2.5700000e+01   5.3652404e-02  -5.7892088e-02
   2.5800000e+01   4.0343682e-02  -7.6407046e-02
   2.5900000e+01   2.1614905e-02  -6.0329837e-02
   2.6000000e+01   1.2649184e-02  -2.0018891e-02
   2.6100000e+01   2.4083734e-02   1.0475580e-02
   2.6200000e+01   5.4228156e-02   4.8036390e-03
   2.6300000e+01   8.8892230e-02  -3.0764087e-02
   2.6400000e+01   1.0942572e-01  -6.2789200e-02
   2.6500000e+01   1.0561128e-01  -6.1388896e-02
   2.6600000e+01   8.5402676e-02  -2.6931836e-02
   2.6700000e+01   7.0906911e-02   1.2076569e-02
   2.6800000e+01   7.8842539e-02   2.6689888e-02
   2.6900000e+01   1.0163254e-01   1.4021030e-02
   2.7000000e+01   1.1108422e-01  -1.5340868e-03
   2.7100000e+01   8.5827622e-02   8.0075237e-03
   2.7200000e+01   3.5262871e-02   4.8337170e-02
   2.7300000e+01  -7.7595257e-03   9.8033847e-02
   2.7400000e+01  -1.9959208e-02   1.2759014e-01
   2.7500000e+01  -1.0724280e-02   1.2314889e-01
   2.7600000e+01  -9.8322309e-03   9.3009635e-02
   2.7700000e+01  -3.4215305e-02   5.3915634e-02
   2.7800000e+01  -7.1047967e-02   1.5329907e-02
   2.7900000e+01  -9.4266530e-02  -2.0055152e-02
   2.8000000e+01  -9.3681252e-02  -4.3414454e-02
   2.8100000e+01  -8.3976077e-02  -3.6403746e-02
   2.8200000e+01  -8.5698154e-02   1.1125082e-02
   2.8300000e+01  -1.0108911e-01   7.9824868e-02
   2.8400000e+01  -1.1128801e-01   1.2499659e-01
   2.8500000e+01  -9.7543478e-02   1.1042995e-01
   2.8600000e+01  -6.4203904e-02   4.1323015e-02
   2.8700000e+01  -3.9081432e-02  -3.7348551e-02
   2.8800000e+01  -4.8228284e-02  -7.6246886e-02
   2.8900000e+01  -8.7893797e-02  -5.7300431e-02
   2.9000000e+01  -1.2261182e-01  -3.5087456e-04
   2.9100000e+01  -1.1590261e-01   5.6833555e-02
   2.9200000e+01  -6.6735494e-02   8.2616369e-02
   2.9300000e+01  -1.4533374e-02   6.4877058e-02
   2.9400000e+01  -4.0465136e-03   1.4515816e-02
   2.9500000e+01  -4.3113433e-02  -3.8765823e-02
   2.9600000e+01  -9.5714682e-02  -6.1731290e-02
   2.9700000e+01  -1.1661049e-01  -4.0413983e-02
   2.9800000e+01  -9.1080228e-02   7.6876508e-03
   2.9900000e+01  -4.1457804e-02   4.7735204e-02
   3.0000000e+01  -7.3533549e-04   5.8114309e-02
   3.0100000e+01   1.4453049e-02   4.7336533e-02
   3.0200000e+01   7.8410236e-03   4.0060477e-02
   3.0300000e+01  -8.1255820e-03   4.8627261e-02
   3.0400000e+01  -2.0426388e-02   6.1283018e-02
   3.0500000e+01  -1.6802296e-02   5.7362874e-02
   3.0600000e+01   9.3299942e-03   2.9710731e-02
   3.0700000e+01   4.9622639e-02  -9.5685941e-03
   3.0800000e+01   8.1434379e-02  -4.1873826e-02
   3.0900000e+01   8.5557431e-02  -5.6643704e-02
   3.1000000e+01   6.5430059e-02  -5.4975684e-02
   3.1100000e+01   4.6001369e-02  -4.4672181e-02
   3.1200000e+01   5.2048443e-02  -3.4640120e-02
   3.1300000e+01   8.8336766e-02  -3.1140837e-02
   3.1400000e+01   1.3971818e-01  -3.4928264e-02
   3.1500000e+01   1.8617417e-01  -4.1198980e-02
   3.1600000e+01   2.1544353e-01  -4.4707906e-02
   3.1700000e+01   2.2468705e-01  -4.6175961e-02
   3.1800000e+01   2.1591663e-01  -5.2377274e-02
   3.1900000e+01   1.9223943e-01  -6.8768938e-02
   3.2000000e+01   1.5710600e-01  -9.2734739e-02
   3.2100000e+01   1.1577582e-01  -1.1487746e-01
   3.2200000e+01   7.6755052e-02  -1.2625993e-01
   3.2300000e+01   4.9131789e-02  -1.2386501e-01
   3.2400000e+01   3.4904606e-02  -1.1068552e-01
   3.2500000e+01   2.4452089e-02  -9.2940989e-02
   3.2600000e+01   4.8265872e-03  -7.7257898e-02
   3.2700000e+01  -2.4429014e-02  -6.8215603e-02
   3.2800000e+01  -4.7732669e-02  -6.6841827e-02
   3.2900000e+01  -5.1234355e-02  -7.1300077e-02
   3.3000000e+01  -4.2704098e-02  -7.8519712e-02
   3.3100000e+01  -4.6736329e-02  -8.3922465e-02
   3.3200000e+01  -7.7473476e-02  -8.0559129e-02
   3.3300000e+01  -1.2129945e-01  -6.2932922e-02
   3.3400000e+01  -1.5147372e-01  -3.5151214e-02
   3.3500000e+01  -1.5695650e-01  -1.2998840e-02
   3.3600000e+01  -1.5079885e-01  -1.1712175e-02
   3.3700000e+01  -1.5086271e-01  -2.8327737e-02
   3.3800000e+01  -1.5934705e-01  -3.8821640e-02
   3.3900000e+01  -1.6435968e-01  -1.7833015e-02
   3.4000000e+01  -1.5607371e-01   3.6052897e-02
   3.4100000e+01  -1.3527944e-01   9.4944343e-02
   3.4200000e+01  -1.0815132e-01   1.2335787e-01
   3.4300000e+01  -7.9315145e-02   1.0853639e-01
   3.4400000e+01  -5.1408460e-02   7.2902571e-02
   3.4500000e+01  -2.6052343e-02   5.6949137e-02
   3.4600000e+01  -1.7839700e-03   8.4894291e-02
   3.4700000e+01   2.5262361e-02   1.4122859e-01
   3.4800000e+01   5.3765794e-02   1.8114225e-01
   3.4900000e+01   7.2338932e-02   1.7061418e-01
   3.5000000e+01   6.9261516e-02   1.2171708e-01
   3.5100000e+01   5.0131311e-02   8.6652877e-02
   3.5200000e+01   4.1085348e-02   1.1072771e-01
   3.5300000e+01   6.7568486e-02   1.8749841e-01
   3.5400000e+01   1.2752517e-01   2.6118547e-01
   3.5500000e+01   1.8770401e-01   2.7532379e-01
   3.5600000e+01   2.0896437e-01   2.2022572e-01
   3.5700000e+01   1.7707922e-01   1.3502566e-01
   3.5800000e+01   1.1175745e-01   6.7602412e-02
   3.5900000e+01   4.9119235e-02   3.5075216e-02
   3.6000000e+01   1.5328460e-02   2.0192633e-02
   3.6100000e+01   1.1876714e-02  -9.2207629e-04
   3.6200000e+01   2.0135384e-02  -3.2463611e-02
   3.6300000e+01   1.8635825e-02  -5.8981004e-02
   3.6400000e+01  -6.9628455e-04  -6.6802441e-02
   3.6500000e+01  -2.9517843e-02  -6.1516333e-02
   3.6600000e+01  -5.4814828e-02  -6.2934834e-02
   3.6700000e+01  -7.3236308e-02  -8.3870266e-02
   3.6800000e+01  -9.2467159e-02  -1.1658901e-01
   3.6900000e+01  -1.1807246e-01  -1.4241263e-01
   3.7000000e+01  -1.4200151e-01  -1.5346700e-01
   3.7100000e+01  -1.4836998e-01  -1.6043863e-01
   3.7200000e+01  -1.3152810e-01  -1.7604258e-01
   3.7300000e+01  -1.0532892e-01  -1.9437836e-01
   3.7400000e+01  -9.1639874e-02  -1.9394875e-01
   3.7500000e+01  -9.9808212e-02  -1.6398107e-01
   3.7600000e+01  -1.1833966e-01  -1.2232480e-01
   3.7700000e+01  -1.2564296e-01  -9.9574365e-02
   3.7800000e+01  -1.0764083e-01  -1.0447413e-01
   3.7900000e+01  -6.7171643e-02  -1.1157039e-01
   3.8000000e+01  -2.0974719e-02  -8.8766208e-02
   3.8100000e+01   1.1167503e-02  -3.4882269e-02
   3.8200000e+01   1.9257691e-02   1.7017671e-02
   3.8300000e+01   1.1509455e-02   3.6088588e-02
   3.8400000e+01   1.0827263e-02   2.8304959e-02
   3.8500000e+01   3.7652955e-02   2.8674364e-02
   3.8600000e+01   9.0855346e-02   5.9975002e-02
   3.8700000e+01   1.4467984e-01   1.0629644e-01
   3.8800000e+01   1.6737953e-01   1.3186689e-01
   3.8900000e+01   1.4632216e-01   1.2201180e-01
   3.9000000e+01   9.7816864e-02   9.7941968e-02
   3.9100000e+01   5.4686977e-02   8.9787682e-02
   3.9200000e+01   4.3710243e-02   1.0195528e-01
   3.9300000e+01   6.9708006e-02   1.1136594e-01
   3.9400000e+01   1.1420807e-01   9.7168236e-02
   3.9500000e+01   1.4744297e-01   6.4040074e-02
   3.9600000e+01   1.4780510e-01   3.3720495e-02
   3.9700000e+01   1.1789535e-01   2.0435580e-02
   3.9800000e+01   8.3144709e-02   2.1476516e-02
   3.9900000e+01   6.9075800e-02   2.8652205e-02
   4.0000000e+01   7.5471359e-02   3.8909327e-02
   4.0100000e+01   7.5604022e-02   4.9768657e-02
   4.0200000e+01   4.6170781e-02   5.1928543e-02
   4.0300000e+01  -2.6606637e-03   3.6026647e-02
   4.0400000e+01  -3.3527160e-02   6.9272779e-03
   4.0500000e+01  -2.2187419e-02  -1.6414382e-02
   4.0600000e+01   1.1916294e-02  -2.0035299e-02
   4.0700000e+01   2.1559198e-02  -1.1054403e-02
   4.0800000e+01  -2.0534481e-02  -1.0654143e-02
   4.0900000e+01  -9.3265854e-02  -3.1757753e-02
   4.1000000e+01  -1.4784656e-01  -6.6155072e-02
   4.1100000e+01  -1.5362563e-01  -9.2266177e-02
   4.1200000e+01  -1.2092461e-01  -9.2010410e-02
   4.1300000e+01  -8.2506921e-02  -6.1287300e-02
   4.1400000e+01  -6.0419285e-02  -1.0997627e-02
   4.1500000e+01  -5.4091816e-02   3.7070805e-02
   4.1600000e+01  -5.4420359e-02   5.8855379e-02
   4.1700000e+01  -5.8773407e-02   4.1751032e-02
   4.1800000e+01  -6.7563506e-02  -3.8755083e-03
   4.1900000e+01  -7.1999645e-02  -4.7751945e-02
   4.2000000e+01  -5.5762770e-02  -5.9867037e-02
   4.2100000e+01  -1.4102599e-02  -3.3227459e-02
   4.2200000e+01   3.2470185e-02   1.0594460e-02
   4.2300000e+01   5.1304963e-02   3.9109161e-02
   4.2400000e+01   2.8844420e-02   3.5150392e-02
   4.2500000e+01  -1.2464271e-02   8.8974967e-03
   4.2600000e+01  -3.1948215e-02  -1.4760545e-02
   4.2700000e+01  -7.4141341e-03  -2.1260746e-02
   4.2800000e+01   4.5325939e-02  -1.9438857e-02
   4.2900000e+01   8.8489599e-02  -2.9720572e-02
   4.3000000e+01   9.6359693e-02  -5.9768061e-02
   4.3100000e+01   7.3987928e-02  -9.3403590e-02
   4.3200000e+01   4.6040775e-02  -1.0527119e-01
   4.3300000e+01   3.1803898e-02  -8.6810724e-02
   4.3400000e+01   3.2258353e-02  -5.7021821e-02
   4.3500000e+01   3.7499879e-02  -4.6596212e-02
   4.3600000e+01   4.0429327e-02  -7.0103557e-02
   4.3700000e+01   4.0158499e-02  -1.1201659e-01
   4.3800000e+01   3.5185604e-02  -1.3921872e-01
   4.3900000e+01   1.9649336e-02  -1.2890313e-01
   4.4000000e+01  -9.9884716e-03  -8.7523067e-02
   4.4100000e+01  -4.6283327e-02  -4.4261908e-02
   4.4200000e+01  -7.2924576e-02  -2.4742595e-02
   4.4300000e+01  -7.7631238e-02  -2.8802503e-02
   4.4400000e+01  -6.2683940e-02  -3.3225126e-02
   4.4500000e+01  -4.2691819e-02  -1.6812117e-02
   4.4600000e+01  -3.3120299e-02   1.7424165e-02
   4.4700000e+01  -4.0799191e-02   4.5924137e-02
   4.4800000e+01  -6.2359833e-02   5.0221338e-02
   4.4900000e+01  -8.8096969e-02   3.7134785e-02
   4.5000000e+01  -1.0701945e-01   3.1962521e-02
   4.5100000e+01  -1.1162315e-01   5.2117804e-02
   4.5200000e+01  -1.0146808e-01   8.8709363e-02
   4.5300000e+01  -8.3351991e-02   1.1415039e-01
   4.5400000e+01  -6.7322175e-02   1.0770121e-01
   4.5500000e+01  -6.1172423e-02   7.5368004e-02
   4.5600000e+01  -6.6596751e-02   4.7161636e-02
   4.5700000e+01  -7.7833047e-02   5.3373383e-02
   4.5800000e+01  -8.3102831e-02   9.7757516e-02
   4.5900000e+01  -7.0505040e-02   1.5025497e-01
   4.6000000e+01  -3.7577354e-02   1.6962034e-01
   4.6100000e+01   2.9291048e-03   1.4018166e-01
   4.6200000e+01   2.9836666e-02   8.8220091e-02
   4.6300000e+01   3.0875339e-02   5.7606286e-02
   4.6400000e+01   1.5109488e-02   6.5928113e-02
   4.6500000e+01   6.2771164e-03   8.7537440e-02
   4.6600000e+01   2.1339058e-02   8.3919469e-02
   4.6700000e+01   5.5071435e-02   4.8592942e-02
   4.6800000e+01   8.6530484e-02   1.5583322e-02
   4.6900000e+01   1.0070990e-01   2.1661143e-02
   4.7000000e+01   1.0301697e-01   6.5265033e-02
   4.7100000e+01   1.1225199e-01   1.0706753e-01
   4.7200000e+01   1.4014307e-01   1.0868758e-01
   4.7300000e+01   1.7811715e-01   6.6558312e-02
   4.7400000e+01   2.0339529e-01   9.9230467e-03
   4.7500000e+01   1.9798807e-01  -2.7065212e-02
   4.7600000e+01   1.6405258e-01  -2.9303616e-02
   4.7700000e+01   1.2351584e-01  -5.8398493e-03
   4.7800000e+01   1.0207069e-01   1.8438180e-02
   4.7900000e+01   1.0901505e-01   1.6952440e-02
   4.8000000e+01   1.2907085e-01  -2.0818330e-02
   4.8100000e+01   1.3520371e-01  -7.5983258e-02
   4.8200000e+01   1.1340085e-01  -1.0759547e-01
   4.8300000e+01   7.6077029e-02  -8.4899349e-02
   4.8400000e+01   4.8944402e-02  -1.9577767e-02
   4.8500000e+01   4.3831996e-02   3.7182423e-02
   4.8600000e+01   4.7128167e-02   3.7397203e-02
   4.8700000e+01   3.6833560e-02  -1.9917380e-02
   4.8800000e+01   7.6206861e-03  -8.7904410e-02
   4.8900000e+01  -2.6021973e-02  -1.1518717e-01
   4.9000000e+01  -5.0588051e-02  -8.9954409e-02
   4.9100000e+01  -7.0175002e-02  -4.3926432e-02
   4.9200000e+01  -9.7356823e-02  -1.8738232e-02
   4.9300000e+01  -1.3135370e-01  -3.1343875e-02
   4.9400000e+01  -1.5375939e-01  -6.7276272e-02
   4.9500000e+01  -1.4934121e-01  -9.8906660e-02
   4.9600000e+01  -1.2636401e-01  -1.0744926e-01
   4.9700000e+01  -1.1018560e-01  -9.3366039e-02
   4.9800000e+01  -1.1645443e-01  -7.2897915e-02
   4.9900000e+01  -1.3531852e-01  -6.4972067e-02
   5.0000000e+01  -1.4498255e-01  -7.6172477e-02
   5.0100000e+01  -1.3806402e-01  -9.5130411e-02
   5.0200000e+01  -1.2938043e-01  -1.0342711e-01
   5.0300000e+01  -1.3616041e-01  -9.4467836e-02
   5.0400000e+01  -1.5450168e-01  -8.0601376e-02
   5.0500000e+01  -1.6069087e-01  -7.9414186e-02
   5.0600000e+01  -1.3708454e-01  -9.3769257e-02
   5.0700000e+01  -9.3250431e-02  -1.0815064e-01
   5.0800000e+01  -5.7977887e-02  -1.0502410e-01
   5.0900000e+01  -5.0985869e-02  -8.2060255e-02
   5.1000000e+01  -6.5625753e-02  -5.1872267e-02
   5.1100000e+01  -7.9627543e-02  -2.7406705e-02
   5.1200000e+01  -7.8369541e-02  -1.0753111e-02
   5.1300000e+01  -6.3753858e-02   4.3946172e-03
   5.1400000e+01  -4.3050516e-02   2.2868049e-02
   5.1500000e+01  -1.6865087e-02   4.2433237e-02
   5.1600000e+01   1.7268093e-02   5.6574800e-02
   5.1700000e+01   5.3074309e-02   6.1288418e-02
   5.1800000e+01   7.5266679e-02   5.9611294e-02
   5.1900000e+01   7.5353011e-02   6.0024491e-02
   5.2000000e+01   6.5350028e-02   6.8917350e-02
   5.2100000e+01   7.0385825e-02   8.2903416e-02
   5.2200000e+01   1.0444847e-01   8.9779662e-02
   5.2300000e+01   1.5413431e-01   8.0315878e-02
   5.2400000e+01   1.8894704e-01   5.9808739e-02
   5.2500000e+01   1.8921458e-01   4.4477794e-02
   5.2600000e+01   1.6348543e-01   4.3118347e-02
   5.2700000e+01   1.3772636e-01   4.4178208e-02
   5.2800000e+01   1.2833697e-01   2.6526697e-02
   5.2900000e+01   1.2784725e-01  -1.4381895e-02
   5.3000000e+01   1.1746672e-01  -5.4641370e-02
   5.3100000e+01   9.0885970e-02  -6.1597924e-02
   5.3200000e+01   6.2442421e-02  -2.6888766e-02
   5.3300000e+01   5.1718770e-02   2.2880660e-02
   5.3400000e+01   6.2717471e-02   5.0577032e-02
   5.3500000e+01   7.9649468e-02   4.2811040e-02
   5.3600000e+01   8.1707191e-02   1.9109595e-02
   5.3700000e+01   6.0339904e-02   9.4621141e-03
   5.3800000e+01   2.3414208e-02   2.6074353e-02
   5.3900000e+01  -1.4195909e-02   5.6441732e-02
   5.4000000e+01  -4.2387602e-02   7.9015576e-02
   5.4100000e+01  -5.9971480e-02   8.2069848e-02
   5.4200000e+01  -7.0661160e-02   6.9888961e-02
   5.4300000e+01  -7.7907367e-02   5.6378032e-02
   5.4400000e+01  -8.4253024e-02   5.4722380e-02
   5.4500000e+01  -9.2807643e-02   6.9652876e-02
   5.4600000e+01  -1.0418841e-01   9.5454922e-02
   5.4700000e+01  -1.0969438e-01   1.2115690e-01
   5.4800000e+01  -9.2242014e-02   1.3978986e-01
   5.4900000e+01  -4.2532273e-02   1.5289651e-01
   5.5000000e+01   2.2616444e-02   1.6419152e-01
   5.5100000e+01   6.4558451e-02   1.6882568e-01
   5.5200000e+01   5.4985339e-02   1.5266827e-01
   5.5300000e+01   6.7594605e-03   1.0642546e-01
   5.5400000e+01  -3.2440095e-02   4.0804911e-02
   5.5500000e+01  -2.3260876e-02  -1.5927030e-02
   5.5600000e+01   2.7044639e-02  -3.9265480e-02
   5.5700000e+01   7.0730904e-02  -2.8818581e-02
   5.5800000e+01   6.4487794e-02  -7.5033787e-03
   5.5900000e+01   8.9626127e-03  -9.1514377e-04
   5.6000000e+01  -5.3440942e-02  -1.7734156e-02
   5.6100000e+01  -7.6848892e-02  -4.8605310e-02
   5.6200000e+01  -4.9557730e-02  -7.9978538e-02
   5.6300000e+01  -2.6522927e-04  -1.0528681e-01
   5.6400000e+01   2.7924927e-02  -1.2325941e-01
   5.6500000e+01   1.1974025e-02  -1.3099472e-01
   5.6600000e+01  -3.4833088e-02  -1.2501544e-01
   5.6700000e+01  -7.5799247e-02  -1.1031889e-01
   5.6800000e+01  -8.1800142e-02  -1.0310335e-01
   5.6900000e+01  -5.5115432e-02  -1.1767793e-01
   5.7000000e+01  -2.5906067e-02  -1.4850743e-01
   5.7100000e+01  -2.4259620e-02  -1.6908274e-01
   5.7200000e+01  -5.3328543e-02  -1.5398416e-01
   5.7300000e+01  -8.8550627e-02  -1.0423837e-01
   5.7400000e+01  -1.0242485e-01  -4.9565717e-02
   5.7500000e+01  -8.9154300e-02  -2.3671004e-02
   5.7600000e+01  -6.5438821e-02  -3.6016760e-02
   5.7700000e+01  -5.0155443e-02  -6.6062342e-02
   5.7800000e+01  -4.6698554e-02  -8.2863999e-02
   5.7900000e+01  -4.5004810e-02  -7.0113475e-02
   5.8000000e+01  -3.6510924e-02  -3.5513851e-02
   5.8100000e+01  -2.3290375e-02  -2.0315187e-04
   5.8200000e+01  -1.3576983e-02   1.9674496e-02
   5.8300000e+01  -1.2523520e-02   2.3535757e-02
   5.8400000e+01  -1.8895615e-02   2.2058076e-02
   5.8500000e+01  -2.7516742e-02   2.4279315e-02
   5.8600000e+01  -3.1256916e-02   2.9851322e-02
   5.8700000e+01  -2.1940543e-02   3.4019354e-02
   5.8800000e+01   5.1003292e-03   3.7344617e-02
   5.8900000e+01   4.3595322e-02   4.5143079e-02
   5.9000000e+01   7.5568281e-02   5.5035328e-02
   5.9100000e+01   8.3604914e-02   5.0466613e-02
   5.9200000e+01   6.7484171e-02   1.5612040e-02
   5.9300000e+01   4.7698804e-02  -4.0263093e-02
   5.9400000e+01   4.9291635e-02  -7.9780466e-02
   5.9500000e+01   7.9989620e-02  -6.7585929e-02
   5.9600000e+01   1.2358545e-01  -6.2573984e-03
   5.9700000e+01   1.5423348e-01   6.1095063e-02
   5.9800000e+01   1.5666763e-01   8.7270952e-02
   5.9900000e+01   1.3393921e-01   6.1048375e-02
   6.0000000e+01   9.9901360e-02   1.2939162e-02
   6.0100000e+01   6.8428572e-02  -1.5255839e-02
   6.0200000e+01   4.9143840e-02  -5.9959146e-03
   6.0300000e+01   4.7126287e-02   2.3403752e-02
   6.0400000e+01   6.0183851e-02   3.9393722e-02
   6.0500000e+01   7.5938853e-02   2.1656276e-02
   6.0600000e+01   7.7050000e-02  -1.9851012e-02
   6.0700000e+01   5.4720610e-02  -5.3039263e-02
   6.0800000e+01   1.8048169e-02  -5.1060329e-02
   6.0900000e+01  -1.1995734e-02  -1.6312243e-02
   6.1000000e+01  -1.9490919e-02   2.1261155e-02
   6.1100000e+01  -5.6363565e-03   3.1511956e-02
   6.1200000e+01   1.3679278e-02   1.1353420e-02
   6.1300000e+01   2.0074812e-02  -1.4433746e-02
   6.1400000e+01   4.1304019e-03  -1.7921881e-02
   6.1500000e+01  -2.9615196e-02   7.8834612e-03
   6.1600000e+01  -6.5122988e-02   4.7164471e-02
   6.1700000e+01  -8.4801586e-02   7.7370861e-02
   6.1800000e+01  -8.2849056e-02   8.4058290e-02
   6.1900000e+01  -7.0572035e-02   6.4727346e-02
   6.2000000e+01  -6.4833156e-02   2.7086234e-02
   6.2100000e+01  -6.8495556e-02  -1.2678264e-02
   6.2200000e+01  -6.5558304e-02  -3.5207310e-02
   6.2300000e+01  -4.0999373e-02  -2.9585598e-02
   6.2400000e+01  -5.0825454e-03  -2.2628127e-03
   6.2500000e+01   8.9947761e-03   2.8477250e-02
   6.2600000e+01  -2.2127996e-02   4.8886772e-02
   6.2700000e+01  -8.2075629e-02   5.8866620e-02
   6.2800000e+01  -1.2284942e-01   6.3966024e-02
   6.2900000e+01  -1.0701230e-01   6.2716068e-02
   6.3000000e+01  -4.2665269e-02   4.7851004e-02
   6.3100000e+01   2.3903226e-02   2.0139903e-02
   6.3200000e+01   5.0044689e-02  -5.5436083e-03
   6.3300000e+01   3.1569962e-02  -1.3286829e-02
   6.3400000e+01  -1.1495480e-03  -3.6149370e-03
   6.3500000e+01  -1.7110007e-02   6.9855351e-03
   6.3600000e+01  -1.1982173e-02   4.9645376e-03
   6.3700000e+01  -3.7258869e-03  -5.1544436e-03
   6.3800000e+01  -6.9690161e-03  -6.1612984e-03
   6.3900000e+01  -1.6759152e-02   1.3477563e-02
   6.4000000e+01  -1.7394314e-02   4.7823358e-02
   6.4100000e+01  -2.3800784e-03   7.7131754e-02
   6.4200000e+01   1.8263882e-02   8.1062053e-02
   6.4300000e+01   2.9171101e-02   5.2217931e-02
   6.4400000e+01   2.4291181e-02   3.4815914e-03
   6.4500000e+01   1.0091733e-02  -3.6999001e-02
   6.4600000e+01  -2.3178092e-03  -4.4738773e-02
   6.4700000e+01  -6.4873876e-03  -1.9264907e-02
   6.4800000e+01  -5.1939718e-03   1.4847570e-02
   6.4900000e+01  -9.1688682e-03   3.1131183e-02
   6.5000000e+01  -2.9310587e-02   2.5707637e-02
   6.5100000e+01  -6.4824628e-02   1.5927972e-02
   6.5200000e+01  -9.7732301e-02   1.5721668e-02
   6.5300000e+01  -1.0391329e-01   1.8785257e-02
   6.5400000e+01  -7.4465388e-02   1.0273601e-02
   6.5500000e+01  -2.5839023e-02  -9.9494153e-03
   6.5600000e+01   1.3932617e-02  -2.4911891e-02
   6.5700000e+01   2.8957088e-02  -2.3256283e-02
   6.5800000e+01   2.3873025e-02  -1.6406720e-02
   6.5900000e+01   1.1264201e-02  -2.5146050e-02
   6.6000000e+01  -2.4647272e-03  -5.1034911e-02
   6.6100000e+01  -1.5824251e-02  -7.0330047e-02
   6.6200000e+01  -2.3316994e-02  -6.1176293e-02
   6.6300000e+01  -1.7254365e-02  -3.2058821e-02
   6.6400000e+01  -2.7515903e-04  -1.5936883e-02
   6.6500000e+01   1.1265156e-02  -3.5458431e-02
   6.6600000e+01   3.3121270e-03  -7.8783094e-02
   6.6700000e+01  -1.7729927e-02  -1.1150508e-01
   6.6800000e+01  -2.8724836e-02  -1.0846499e-01
   6.6900000e+01  -1.3653360e-02  -7.1815267e-02
   6.7000000e+01   1.9632635e-02  -2.3833124e-02
   6.7100000e+01   4.8769762e-02   1.0170960e-02
   6.7200000e+01   6.0336901e-02   1.3473601e-02
   6.7300000e+01   6.0703654e-02  -1.6081382e-02
   6.7400000e+01   6.4903580e-02  -6.3274875e-02
   6.7500000e+01   7.8824349e-02  -1.0192244e-01
   6.7600000e+01   9.3346926e-02  -1.1276386e-01
   6.7700000e+01   9.3277966e-02  -9.7890949e-02
   6.7800000e+01   7.0995552e-02  -7.4109356e-02
   6.7900000e+01   3.4503366e-02  -5.1459514e-02
   6.8000000e+01   4.5957613e-03  -2.3837383e-02
   6.8100000e+01   9.9632801e-04   1.5430263e-02
   6.8200000e+01   2.5650764e-02   5.3887410e-02
   6.8300000e+01   5.8660755e-02   6.4942270e-02
   6.8400000e+01   7.5094883e-02   3.5665985e-02
   6.8500000e+01   6.9017177e-02  -1.4933170e-02
   6.8600000e+01   5.8756554e-02  -5.0263589e-02
   6.8700000e+01   6.5106227e-02  -4.8796208e-02
   6.8800000e+01   8.5720375e-02  -2.0677180e-02
   6.8900000e+01   9.5929804e-02   6.8064566e-03
   6.9000000e+01   7.6694401e-02   1.6777663e-02
   6.9100000e+01   3.8142376e-02   1.5081405e-02
   6.9200000e+01   1.1193155e-02   1.8693785e-02
   6.9300000e+01   1.5941477e-02   3.5906757e-02
   6.9400000e+01   4.1453847e-02   5.8616989e-02
   6.9500000e+01   5.8115883e-02   7.1825404e-02
   6.9600000e+01   4.7670849e-02   6.8663637e-02
   6.9700000e+01   1.8582874e-02   5.6238829e-02
   6.9800000e+01  -7.0873367e-03   4.7935286e-02
   6.9900000e+01  -1.7694512e-02   5.0158765e-02
   7.0000000e+01  -2.0306410e-02   5.5826220e-02
   7.0100000e+01  -2.7721587e-02   5.1126288e-02
   7.0200000e+01  -4.3071690e-02   3.0696879e-02
   7.0300000e+01  -6.0164377e-02   7.3807083e-03
   7.0400000e+01  -7.5158582e-02   4.7287650e-03
   7.0500000e+01  -9.0904186e-02   3.5495194e-02
   7.0600000e+01  -1.0777908e-01   8.5643189e-02
   7.0700000e+01  -1.1637262e-01   1.2200270e-01
   7.0800000e+01  -1.0682641e-01   1.1908373e-01
   7.0900000e+01  -8.5485305e-02   7.9307767e-02
   7.1000000e+01  -7.4685530e-02   2.7157540e-02
   7.1100000e+01  -8.9858297e-02  -1.3528891e-02
   7.1200000e+01  -1.1902365e-01  -3.3110347e-02
   7.1300000e+01  -1.3181557e-01  -3.0361512e-02
   7.1400000e+01  -1.1144967e-01  -3.4837694e-03
   7.1500000e+01  -7.3820347e-02   4.5359134e-02
   7.1600000e+01  -5.0872407e-02   9.9988594e-02
   7.1700000e+01  -5.6513999e-02   1.3527100e-01
   7.1800000e+01  -7.3270251e-02   1.3754383e-01
   7.1900000e+01  -7.3248453e-02   1.1552541e-01
   7.2000000e+01  -4.8215370e-02   8.5766225e-02
   7.2100000e+01  -1.5794325e-02   5.1306966e-02
   7.2200000e+01   2.1278981e-03   4.0670521e-03
   7.2300000e+01   2.7665590e-03  -5.0343964e-02
   7.2400000e+01   2.9386900e-03  -8.1575936e-02
   7.2500000e+01   1.8549054e-02  -6.0856323e-02
   7.2600000e+01   4.5663450e-02   1.1678832e-03
   7.2700000e+01   6.1889384e-02   5.3607330e-02
   7.2800000e+01   4.6511014e-02   5.1152440e-02
   7.2900000e+01   1.4892375e-03  -8.4860857e-04
   7.3000000e+01  -4.4847711e-02  -5.3473040e-02
   7.3100000e+01  -5.5884998e-02  -6.6949816e-02
   7.3200000e+01  -1.4079669e-02  -5.0158354e-02
   7.3300000e+01   6.2989409e-02  -4.3963623e-02
   7.3400000e+01   1.3126100e-01  -7.0685489e-02
   7.3500000e+01   1.4895382e-01  -1.0899797e-01
   7.3600000e+01   1.0550293e-01  -1.2051257e-01
   7.3700000e+01   2.9599758e-02  -9.3819027e-02
   7.3800000e+01  -3.0524702e-02  -5.5684865e-02
   7.3900000e+01  -4.1407366e-02  -4.1297572e-02
   7.4000000e+01  -7.9037712e-03  -6.0684855e-02
   7.4100000e+01   3.3363761e-02  -9.5473304e-02
   7.4200000e+01   4.6648436e-02  -1.2127847e-01
   7.4300000e+01   2.7885865e-02  -1.2709227e-01
   7.4400000e+01   4.7829476e-03  -1.1612237e-01
   7.4500000e+01   5.5313038e-03  -9.6582133e-02
   7.4600000e+01   2.7819266e-02  -7.5453168e-02
   7.4700000e+01   4.1062891e-02  -5.6734684e-02
   7.4800000e+01   2.0121076e-02  -4.0221913e-02
   7.4900000e+01  -2.5547160e-02  -2.2182114e-02
   7.5000000e+01  -5.8822705e-02  -1.0787075e-03
   7.5100000e+01  -5.0672094e-02   1.6182525e-02
   7.5200000e+01  -7.3919281e-03   1.6673686e-02
   7.5300000e+01   3.7156814e-02  -6.6126074e-03
   7.5400000e+01   5.3649320e-02  -4.4623295e-02
   7.5500000e+01   4.0697055e-02  -7.5474190e-02
   7.5600000e+01   1.9704902e-02  -7.9870430e-02
   7.5700000e+01   1.1439449e-02  -5.5804161e-02
   7.5800000e+01   1.9259181e-02  -2.0231859e-02
   7.5900000e+01   3.2350364e-02   3.6633354e-03
   7.6000000e+01   4.1029357e-02   3.8111738e-03
   7.6100000e+01   4.6995309e-02  -1.1996115e-02
   7.6200000e+01   5.9624142e-02  -2.2658826e-02
   7.6300000e+01   8.3561809e-02  -1.0527108e-02
   7.6400000e+01   1.0998328e-01   2.4844507e-02
   7.6500000e+01   1.2028583e-01   6.6541462e-02
   7.6600000e+01   1.0084777e-01   9.3152787e-02
   7.6700000e+01   5.7323961e-02   9.4179356e-02
   7.6800000e+01   1.4238786e-02   7.6673081e-02
   7.6900000e+01  -3.9061088e-03   5.9068636e-02
   7.7000000e+01   4.8681795e-03   5.7100833e-02
   7.7100000e+01   1.7108725e-02   7.1829964e-02
   7.7200000e+01   7.2098537e-03   8.8726759e-02
   7.7300000e+01  -2.5397018e-02   8.9539127e-02
   7.7400000e+01  -5.5213355e-02   6.8753395e-02
   7.7500000e+01  -5.8415749e-02   4.1038218e-02
   7.7600000e+01  -3.8598591e-02   3.1273967e-02
   7.7700000e+01  -2.1588108e-02   5.2938097e-02
   7.7800000e+01  -2.6885645e-02   9.2871935e-02
   7.7900000e+01  -4.9516418e-02   1.1835540e-01
   7.8000000e+01  -7.0248764e-02   1.0396110e-01
   7.8100000e+01  -7.7191554e-02   5.5348797e-02
   7.8200000e+01  -7.2903258e-02   6.2625647e-03
   7.8300000e+01  -6.4865938e-02  -1.0786087e-02
   7.8400000e+01  -5.6920672e-02   7.6083212e-03
   7.8500000e+01  -5.0464007e-02   3.6798939e-02
   7.8600000e+01  -4.6511031e-02   5.1011186e-02
   7.8700000e+01  -4.1920917e-02   4.5896702e-02
   7.8800000e+01  -2.8256480e-02   3.4561212e-02
   7.8900000e+01  -1.3677311e-03   2.7605057e-02
   7.9000000e+01   2.8348397e-02   2.3769416e-02
   7.9100000e+01   4.1707148e-02   1.8872017e-02
   7.9200000e+01   2.9924759e-02   1.5228274e-02
   7.9300000e+01   4.9754932e-03   1.6680272e-02
   7.9400000e+01  -1.2086442e-02   1.8636741e-02
   7.9500000e+01  -1.1173382e-02   1.0934078e-02
   7.9600000e+01   8.2111370e-04  -8.4543786e-03
   7.9700000e+01   1.1154627e-02  -2.8409852e-02
   7.9800000e+01   1.3359330e-02  -3.6101184e-02
   7.9900000e+01   8.6499297e-03  -2.9149274e-02
   8.0000000e+01   9.3093409e-04  -1.4077655e-02
