   1.0221618e+02   2.8602761e+01   2.5212700e+03
   1.0220448e+02   2.8493579e+01   1.9205200e+03
   0.0000000e+00   7.9507371e-01   7.9507371e-01
   1.0000000e-01   8.5868796e-01   7.3671401e-01
   2.0000000e-01   9.1856749e-01   6.9439114e-01
   3.0000000e-01   9.6992630e-01   6.5885766e-01
   4.0000000e-01   1.0000000e+00   5.9343871e-01
   5.0000000e-01   9.9039123e-01   4.6415694e-01
   6.0000000e-01   9.3831046e-01   2.7709410e-01
   7.0000000e-01   8.6767388e-01   7.4450346e-02
   8.0000000e-01   8.0950645e-01  -1.0760117e-01
   9.0000000e-01   7.7032788e-01  -2.6424528e-01
   1.0000000e+00   7.2429576e-01  -4.0092554e-01
   1.1000000e+00   6.3829666e-01  -5.0482344e-01
   1.2000000e+00   5.0291893e-01  -5.5747864e-01
   1.3000000e+00   3.3849111e-01  -5.7063855e-01
   1.4000000e+00   1.7443403e-01  -5.8522162e-01
   1.5000000e+00   2.6378829e-02  -6.2424225e-01
   1.6000000e+00  -1.0788826e-01  -6.6279488e-01
   1.7000000e+00  -2.3603310e-01  -6.6143596e-01
   1.8000000e+00  -3.5933457e-01  -6.2182003e-01
   1.9000000e+00  -4.7140135e-01  -5.9022778e-01
   2.0000000e+00  -5.6308544e-01  -6.0432057e-01
   2.1000000e+00  -6.2598305e-01  -6.5234032e-01
   2.2000000e+00  -6.5389286e-01  -6.9163691e-01
   2.3000000e+00  -6.4510591e-01  -6.9440635e-01
   2.4000000e+00  -6.0466456e-01  -6.6398942e-01
   2.5000000e+00  -5.4389077e-01  -6.1535457e-01
   2.6000000e+00  -4.7809303e-01  -5.5565605e-01
   2.7000000e+00  -4.2434639e-01  -4.8408964e-01
   2.8000000e+00  -3.9687549e-01  -3.9836324e-01
   2.9000000e+00  -3.9807946e-01  -2.9747309e-01
   3.0000000e+00  -4.1261090e-01  -1.8635000e-01
   3.1000000e+00  -4.1539797e-01  -8.0541170e-02
   3.2000000e+00  -3.9067928e-01   2.5509484e-03
   3.3000000e+00  -3.4360606e-01   6.1372370e-02
   3.4000000e+00  -2.9231095e-01   1.0982555e-01
   3.5000000e+00  -2.5071592e-01   1.5235767e-01
   3.6000000e+00  -2.2085711e-01   1.7033238e-01
   3.7000000e+00  -1.9818751e-01   1.4840634e-01
   3.8000000e+00  -1.7821976e-01   1.1030578e-01
   3.9000000e+00  -1.5766605e-01   1.0851983e-01
   4.0000000e+00  -1.3476681e-01   1.6999011e-01
   4.1000000e+00  -1.1172219e-01   2.6472602e-01
   4.2000000e+00  -9.3845044e-02   3.4025286e-01
   4.3000000e+00  -8.3451369e-02   3.7895719e-01
   4.4000000e+00  -7.6452868e-02   4.0551466e-01
   4.5000000e+00  -6.6669368e-02   4.3954187e-01
   4.6000000e+00  -5.0370231e-02   4.6121480e-01
   4.7000000e+00  -2.4371997e-02   4.3722169e-01
   4.8000000e+00   1.4351882e-02   3.7107081e-01
   4.9000000e+00   5.8831471e-02   3.0770301e-01
   5.0000000e+00   8.4184081e-02   2.8170383e-01
   5.1000000e+00   6.2535759e-02   2.7370103e-01
   5.2000000e+00  -5.6216156e-03   2.3383265e-01
   5.3000000e+00  -8.0257981e-02   1.4888191e-01
   5.4000000e+00  -1.1144786e-01   7.0974756e-02
   5.5000000e+00  -8.0657719e-02   6.6104242e-02
   5.6000000e+00  -7.2758798e-03   1.3711202e-01
   5.7000000e+00   8.3082593e-02   2.1191218e-01
   5.8000000e+00   1.8440898e-01   2.1433230e-01
   5.9000000e+00   2.9816949e-01   1.3748014e-01
   6.0000000e+00   4.0541619e-01   3.8308035e-02
   6.1000000e+00   4.6717297e-01  -3.1443043e-02
   6.2000000e+00   4.5796649e-01  -7.1163685e-02
   6.3000000e+00   3.9213420e-01  -1.0791557e-01
   6.4000000e+00   3.1126720e-01  -1.4845604e-01
   6.5000000e+00   2.4884384e-01  -1.7213156e-01
   6.6000000e+00   2.1128135e-01  -1.6405099e-01
   6.7000000e+00   1.8889904e-01  -1.3522142e-01
   6.8000000e+00   1.7568290e-01  -1.0438928e-01
   6.9000000e+00   1.7559627e-01  -7.3694993e-02
   7.0000000e+00   1.9631543e-01  -3.4126430e-02
   7.1000000e+00   2.4251629e-01   9.4035027e-03
   7.2000000e+00   3.1180137e-01   2.9879377e-02
   7.3000000e+00   3.8983706e-01  -4.5548791e-04
   7.4000000e+00   4.4872419e-01  -8.1563189e-02
   7.5000000e+00   4.5720491e-01  -1.7734789e-01
   7.6000000e+00   3.9944279e-01  -2.3511108e-01
   7.7000000e+00   2.8567407e-01  -2.1940745e-01
   7.8000000e+00   1.4419228e-01  -1.3619590e-01
   7.9000000e+00   3.8022821e-03  -2.7002800e-02
   8.0000000e+00  -1.1643496e-01   6.3893205e-02
   8.1000000e+00  -2.0587287e-01   1.1883952e-01
   8.2000000e+00  -2.5879148e-01   1.4439386e-01
   8.3000000e+00  -2.7587239e-01   1.4560680e-01
   8.4000000e+00  -2.6662243e-01   1.1327815e-01
   8.5000000e+00  -2.4595693e-01   4.0825359e-02
   8.6000000e+00  -2.2594531e-01  -5.4363904e-02
   8.7000000e+00  -2.1008856e-01  -1.3664698e-01
   8.8000000e+00  -1.9527089e-01  -1.7949991e-01
   8.9000000e+00  -1.7990955e-01  -1.8135978e-01
   9.0000000e+00  -1.7174875e-01  -1.5510801e-01
   9.1000000e+00  -1.8742240e-01  -1.1151729e-01
   9.2000000e+00  -2.4041646e-01  -5.9323930e-02
   9.3000000e+00  -3.2466801e-01  -1.4971397e-02
   9.4000000e+00  -4.0923074e-01   9.3989275e-04
   9.5000000e+00  -4.5321974e-01  -1.7172255e-02
   9.6000000e+00  -4.3166454e-01  -4.9625701e-02
   9.7000000e+00  -3.5119331e-01  -6.8183825e-02
   9.8000000e+00  -2.4369079e-01  -6.3806405e-02
   9.9000000e+00  -1.4587081e-01  -5.2681123e-02
   1.0000000e+01  -8.1232164e-02  -5.2661625e-02
   1.0100000e+01  -5.2833086e-02  -5.9359068e-02
   1.0200000e+01  -4.5436316e-02  -5.2320128e-02
   1.0300000e+01  -3.4595657e-02  -2.3274840e-02
   1.0400000e+01  -1.3237486e-03   1.0502343e-02
   1.0500000e+01   5.4404328e-02   2.5347910e-02
   1.0600000e+01   1.1267170e-01   1.8106205e-02
   1.0700000e+01   1.4833182e-01   7.1710088e-03
   1.0800000e+01   1.4909133e-01   9.2064484e-03
   1.0900000e+01   1.2123703e-01   2.2728039e-02
   1.1000000e+01   8.1568716e-02   3.5689421e-02
   1.1100000e+01   4.7759180e-02   4.1430771e-02
   1.1200000e+01   3.5150946e-02   4.2210190e-02
   1.1300000e+01   5.4525694e-02   4.2089452e-02
   1.1400000e+01   1.0436541e-01   4.3006314e-02
   1.1500000e+01   1.6465217e-01   4.6061918e-02
   1.1600000e+01   2.0543740e-01   5.0507782e-02
   1.1700000e+01   2.0856590e-01   5.1389747e-02
   1.1800000e+01   1.8222599e-01   4.3550554e-02
   1.1900000e+01   1.5194724e-01   2.8984699e-02
   1.2000000e+01   1.3676950e-01   1.5381630e-02
   1.2100000e+01   1.3538744e-01   5.9661659e-03
   1.2200000e+01   1.3423146e-01  -3.5402778e-03
   1.2300000e+01   1.2424903e-01  -1.4233046e-02
   1.2400000e+01   1.0665904e-01  -1.5748820e-02
   1.2500000e+01   8.5502083e-02   3.9586270e-03
   1.2600000e+01   6.1194278e-02   4.1243333e-02
   1.2700000e+01   3.3908976e-02   7.5165937e-02
   1.2800000e+01   8.8842103e-03   8.4926003e-02
   1.2900000e+01  -7.5057011e-03   6.6134048e-02
   1.3000000e+01  -1.7465247e-02   3.0986822e-02
   1.3100000e+01  -3.2690084e-02  -1.6746655e-03
   1.3200000e+01  -6.1335446e-02  -1.5512885e-02
   1.3300000e+01  -9.4917766e-02  -4.1564554e-03
   1.3400000e+01  -1.1238674e-01   2.3282070e-02
   1.3500000e+01  -9.9904257e-02   4.7332978e-02
   1.3600000e+01  -6.5747630e-02   5.5998500e-02
   1.3700000e+01  -3.3660651e-02   5.6846971e-02
   1.3800000e+01  -2.1383523e-02   6.4881091e-02
   1.3900000e+01  -2.7321941e-02   7.8632633e-02
   1.4000000e+01  -3.8722737e-02   7.7457401e-02
   1.4100000e+01  -5.0188020e-02   4.7621627e-02
   1.4200000e+01  -6.9826712e-02   4.0678495e-03
   1.4300000e+01  -1.0521294e-01  -2.2568291e-02
   1.4400000e+01  -1.4600535e-01  -1.8389358e-02
   1.4500000e+01  -1.6594985e-01   2.7561616e-03
   1.4600000e+01  -1.4579287e-01   2.0520126e-02
   1.4700000e+01  -9.3524442e-02   3.0338249e-02
   1.4800000e+01  -3.8981025e-02   3.9496063e-02
   1.4900000e+01  -7.3253668e-03   4.8946782e-02
   1.5000000e+01   7.2312687e-04   4.8824108e-02
   1.5100000e+01   2.3814401e-03   3.0364550e-02
   1.5200000e+01   1.0655377e-02  -6.0342575e-03
   1.5300000e+01   2.2942662e-02  -5.4733775e-02
   1.5400000e+01   3.0385492e-02  -1.0749648e-01
   1.5500000e+01   3.1956993e-02  -1.4829618e-01
   1.5600000e+01   3.4449222e-02  -1.5500970e-01
   1.5700000e+01   4.0780144e-02  -1.1796690e-01
   1.5800000e+01   4.4501509e-02  -5.6624050e-02
   1.5900000e+01   3.8604243e-02  -8.6911137e-03
   1.6000000e+01   2.6899275e-02   1.8122826e-03
   1.6100000e+01   2.3050664e-02  -1.7375645e-02
   1.6200000e+01   3.8145878e-02  -4.1103667e-02
   1.6300000e+01   7.0694431e-02  -5.2926708e-02
   1.6400000e+01   1.0821133e-01  -5.3399780e-02
   1.6500000e+01   1.3620942e-01  -4.9379515e-02
   1.6600000e+01   1.4545218e-01  -4.4900853e-02
   1.6700000e+01   1.3414125e-01  -4.2582985e-02
   1.6800000e+01   1.0751882e-01  -4.5246131e-02
   1.6900000e+01   7.6516064e-02  -5.1501860e-02
   1.7000000e+01   5.4091340e-02  -5.4494019e-02
   1.7100000e+01   4.8870780e-02  -4.9947041e-02
   1.7200000e+01   5.9451864e-02  -4.2535940e-02
   1.7300000e+01   7.4046367e-02  -3.8871379e-02
   1.7400000e+01   7.7091744e-02  -3.5506882e-02
   1.7500000e+01   5.9427174e-02  -2.0336432e-02
   1.7600000e+01   2.5102701e-02   1.1630893e-02
   1.7700000e+01  -1.1090052e-02   4.7399447e-02
   1.7800000e+01  -3.4583252e-02   6.3774940e-02
   1.7900000e+01  -4.1624955e-02   4.5519449e-02
   1.8000000e+01  -3.9885982e-02  -3.1798377e-03
   1.8100000e+01  -3.9272395e-02  -6.0442027e-02
   1.8200000e+01  -4.3589808e-02  -9.7591940e-02
   1.8300000e+01  -5.1580933e-02  -9.4073746e-02
   1.8400000e+01  -6.3005550e-02  -4.9898995e-02
   1.8500000e+01  -7.9084224e-02   1.4581848e-02
   1.8600000e+01  -9.6327406e-02   7.4830975e-02
   1.8700000e+01  -1.0496359e-01   1.1964750e-01
   1.8800000e+01  -9.8752719e-02   1.5088130e-01
   1.8900000e+01  -8.5837638e-02   1.6750280e-01
   1.9000000e+01  -8.4645822e-02   1.5767744e-01
   1.9100000e+01  -1.0548672e-01   1.1228984e-01
   1.9200000e+01  -1.3739519e-01   4.3028045e-02
   1.9300000e+01  -1.5586239e-01  -1.9975154e-02
   1.9400000e+01  -1.4418274e-01  -4.9868811e-02
   1.9500000e+01  -1.0691908e-01  -3.9489084e-02
   1.9600000e+01  -6.3958220e-02   1.8049253e-03
   1.9700000e+01  -3.3744121e-02   5.9053679e-02
   1.9800000e+01  -2.2002257e-02   1.1488977e-01
   1.9900000e+01  -2.3258629e-02   1.4882277e-01
   2.0000000e+01  -2.9796244e-02   1.4503756e-01
   2.0100000e+01  -3.8118837e-02   1.0536618e-01
   2.0200000e+01  -4.7522129e-02   5.0330571e-02
   2.0300000e+01  -5.3791497e-02   3.0886414e-03
   2.0400000e+01  -4.6724774e-02  -2.7095814e-02
   2.0500000e+01  -1.7274882e-02  -4.4637010e-02
   2.0600000e+01   3.0765713e-02  -5.4531885e-02
   2.0700000e+01   7.7698644e-02  -5.4198079e-02
   2.0800000e+01   1.0057760e-01  -3.8621339e-02
   2.0900000e+01   9.2103625e-02  -1.0064223e-02
   2.1000000e+01   6.7238728e-02   1.9547262e-02
   2.1100000e+01   4.9711095e-02   3.4982959e-02
   2.1200000e+01   5.1115533e-02   2.5850035e-02
   2.1300000e+01   6.3410395e-02  -9.1714582e-03
   2.1400000e+01   7.1678674e-02  -6.2444308e-02
   2.1500000e+01   7.2488881e-02  -1.1966442e-01
   2.1600000e+01   7.7331502e-02  -1.6275613e-01
   2.1700000e+01   9.7302697e-02  -1.7393662e-01
   2.1800000e+01   1.2662026e-01  -1.4297880e-01
   2.1900000e+01   1.4458770e-01  -7.6789763e-02
   2.2000000e+01   1.3503623e-01  -3.2065536e-03
   2.2100000e+01   1.0214724e-01   4.1038418e-02
   2.2200000e+01   6.5617894e-02   3.5620676e-02
   2.2300000e+01   4.1847686e-02  -5.5556455e-03
   2.2400000e+01   3.2675221e-02  -4.4740531e-02
   2.2500000e+01   3.1742395e-02  -5.3327006e-02
   2.2600000e+01   3.6497469e-02  -3.5509072e-02
   2.2700000e+01   4.9338032e-02  -1.7933131e-02
   2.2800000e+01   6.8395771e-02  -1.7695167e-02
   2.2900000e+01   8.2901784e-02  -2.5114687e-02
   2.3000000e+01   8.1108055e-02  -1.8882874e-02
   2.3100000e+01   6.1196741e-02   7.6711578e-03
   2.3200000e+01   3.1537570e-02   4.1026922e-02
   2.3300000e+01   6.8130209e-04   6.5344869e-02
   2.3400000e+01  -2.9745822e-02   7.7525687e-02
   2.3500000e+01  -6.0881424e-02   8.1615913e-02
   2.3600000e+01  -8.7931532e-02   7.5586743e-02
   2.3700000e+01  -9.9489698e-02   5.2553972e-02
   2.3800000e+01  -8.7403212e-02   1.4544519e-02
   2.3900000e+01  -5.6855238e-02  -2.3534483e-02
   2.4000000e+01  -2.5647616e-02  -4.8256762e-02
   2.4100000e+01  -1.2788037e-02  -6.0708644e-02
   2.4200000e+01  -2.6333806e-02  -6.8159065e-02
   2.4300000e+01  -5.9614416e-02  -6.4884689e-02
   2.4400000e+01  -9.6804193e-02  -3.1577694e-02
   2.4500000e+01  -1.2261026e-01   3.9270245e-02
   2.4600000e+01  -1.3036293e-01   1.2117973e-01
   2.4700000e+01  -1.2480620e-01   1.6623998e-01
   2.4800000e+01  -1.1767270e-01   1.4555588e-01
   2.4900000e+01  -1.1744468e-01   7.6810844e-02
   2.5000000e+01  -1.2027704e-01   9.5240892e-03
   2.5100000e+01  -1.1127919e-01  -1.7544199e-02
   2.5200000e+01  -7.7991794e-02  -5.0789626e-03
   2.5300000e+01  -2.5120300e-02   1.6693023e-02
   2.5400000e+01   2.4613471e-02   2.1393970e-02
   2.5500000e+01   4.6554090e-02   8.4852874e-03
   2.5600000e+01   3.2871528e-02  -3.9438334e-03
   2.5700000e+01  -3.3311553e-03  -2.0281275e-03
   2.5800000e+01  -4.0526436e-02   1.1054247e-02
   2.5900000e+01  -6.3662983e-02   2.2072220e-02
   2.6000000e+01  -6.8290488e-02   2.1939698e-02
   2.6100000e+01  -5.5282035e-02   1.0553893e-02
   2.6200000e+01  -2.6354562e-02  -9.0482896e-03
   2.6300000e+01   1.5053220e-02  -3.5296591e-02
   2.6400000e+01   6.1969647e-02  -6.4265995e-02
   2.6500000e+01   1.0529425e-01  -8.4693462e-02
   2.6600000e+01   1.3645649e-01  -8.2803969e-02
   2.6700000e+01   1.4851031e-01  -5.5225350e-02
   2.6800000e+01   1.3740982e-01  -1.5790388e-02
   2.6900000e+01   1.0556221e-01   1.3137859e-02
   2.7000000e+01   6.4013306e-02   1.7062497e-02
   2.7100000e+01   2.7845734e-02  -2.6293444e-03
   2.7200000e+01   6.8833480e-03  -3.4671422e-02
   2.7300000e+01   8.9119182e-04  -6.7968207e-02
   2.7400000e+01   4.2015277e-03  -9.4165442e-02
   2.7500000e+01   1.3855169e-02  -1.0398159e-01
   2.7600000e+01   3.1955278e-02  -8.7712440e-02
   2.7700000e+01   6.0423146e-02  -4.3872516e-02
   2.7800000e+01   9.4316356e-02   1.3178354e-02
   2.7900000e+01   1.2013753e-01   5.8005890e-02
   2.8000000e+01   1.2124167e-01   7.0246156e-02
   2.8100000e+01   8.8662498e-02   4.8278070e-02
   2.8200000e+01   3.1496013e-02   8.1230060e-03
   2.8300000e+01  -2.3134707e-02  -3.0381041e-02
   2.8400000e+01  -4.6446594e-02  -5.6410365e-02
   2.8500000e+01  -3.0996967e-02  -6.9229615e-02
   2.8600000e+01   1.5976585e-03  -7.0148577e-02
   2.8700000e+01   1.9515257e-02  -5.6866524e-02
   2.8800000e+01   9.6063342e-03  -2.7043856e-02
   2.8900000e+01  -1.3571736e-02   1.3850734e-02
   2.9000000e+01  -2.7706034e-02   5.0692747e-02
   2.9100000e+01  -2.8019165e-02   6.6813939e-02
   2.9200000e+01  -2.9021174e-02   5.5874158e-02
   2.9300000e+01  -4.3014846e-02   2.7660706e-02
   2.9400000e+01  -6.3153253e-02   2.9408583e-03
   2.9500000e+01  -7.1311635e-02   4.9358176e-04
   2.9600000e+01  -5.9738026e-02   2.4719743e-02
   2.9700000e+01  -4.0043655e-02   6.2232914e-02
   2.9800000e+01  -3.0472645e-02   9.0398737e-02
   2.9900000e+01  -3.8144937e-02   9.2538510e-02
   3.0000000e+01  -5.5832389e-02   6.9259675e-02
   3.0100000e+01  -7.3162678e-02   3.7862970e-02
   3.0200000e+01  -8.6546317e-02   2.0315804e-02
   3.0300000e+01  -9.7531714e-02   2.8158456e-02
   3.0400000e+01  -1.0508582e-01   5.4701806e-02
   3.0500000e+01  -1.0321229e-01   8.0253685e-02
   3.0600000e+01  -8.6741515e-02   8.7091711e-02
   3.0700000e+01  -5.7834739e-02   7.2536070e-02
   3.0800000e+01  -2.5650710e-02   4.8561649e-02
   3.0900000e+01   1.7780179e-04   2.8262688e-02
   3.1000000e+01   1.5559178e-02   1.3367420e-02
   3.1100000e+01   2.2603534e-02  -3.4310035e-03
   3.1200000e+01   2.5994688e-02  -2.4588444e-02
   3.1300000e+01   2.9240542e-02  -4.0027332e-02
   3.1400000e+01   3.3359215e-02  -3.6650954e-02
   3.1500000e+01   3.7609821e-02  -1.5024666e-02
   3.1600000e+01   4.0759082e-02   6.4412850e-03
   3.1700000e+01   4.1944958e-02   5.9786856e-03
   3.1800000e+01   4.0986293e-02  -2.2281266e-02
   3.1900000e+01   3.8504154e-02  -6.2288786e-02
   3.2000000e+01   3.6304264e-02  -8.7847744e-02
   3.2100000e+01   3.7635609e-02  -8.2036625e-02
   3.2200000e+01   4.5963954e-02  -5.0055279e-02
   3.2300000e+01   6.1917771e-02  -1.6484799e-02
   3.2400000e+01   8.0932219e-02  -7.5952353e-03
   3.2500000e+01   9.4863364e-02  -3.0394571e-02
   3.2600000e+01   9.7035807e-02  -6.5703256e-02
   3.2700000e+01   8.6031028e-02  -8.3578142e-02
   3.2800000e+01   6.5018332e-02  -6.9132610e-02
   3.2900000e+01   3.8988850e-02  -3.4920650e-02
   3.3000000e+01   1.3892598e-02  -8.0042787e-03
   3.3100000e+01  -3.0038138e-03  -5.0439813e-03
   3.3200000e+01  -5.5313663e-03  -1.9952121e-02
   3.3300000e+01   6.3976977e-03  -3.3879399e-02
   3.3400000e+01   2.5158291e-02  -3.4214317e-02
   3.3500000e+01   4.0561750e-02  -2.3219794e-02
   3.3600000e+01   4.6746421e-02  -1.1348847e-02
   3.3700000e+01   4.3504714e-02  -5.9098602e-03
   3.3800000e+01   3.2451630e-02  -6.3087301e-03
   3.3900000e+01   1.4970862e-02  -6.8963950e-03
   3.4000000e+01  -5.3307878e-03  -2.0843573e-03
   3.4100000e+01  -2.1147001e-02   9.6159427e-03
   3.4200000e+01  -2.5859212e-02   2.3413758e-02
   3.4300000e+01  -1.9943382e-02   3.0171814e-02
   3.4400000e+01  -1.1661754e-02   2.4078893e-02
   3.4500000e+01  -1.0751506e-02   1.0566065e-02
   3.4600000e+01  -2.1241593e-02   4.2706431e-03
   3.4700000e+01  -3.8892600e-02   1.5542139e-02
   3.4800000e+01  -5.3737593e-02   3.8980971e-02
   3.4900000e+01  -5.6195471e-02   5.8244820e-02
   3.5000000e+01  -4.4736770e-02   6.2827868e-02
   3.5100000e+01  -2.9709523e-02   5.7145380e-02
   3.5200000e+01  -2.6764897e-02   5.1658544e-02
   3.5300000e+01  -4.2253634e-02   4.8883226e-02
   3.5400000e+01  -6.5037880e-02   4.2850620e-02
   3.5500000e+01  -7.6391673e-02   3.1037996e-02
   3.5600000e+01  -6.9731637e-02   2.0445161e-02
   3.5700000e+01  -5.7996335e-02   1.8658707e-02
   3.5800000e+01  -5.8926640e-02   2.2858011e-02
   3.5900000e+01  -7.4614144e-02   2.2998891e-02
   3.6000000e+01  -8.8964947e-02   1.5420086e-02
   3.6100000e+01  -8.5305091e-02   8.3637608e-03
   3.6200000e+01  -6.2991546e-02   1.1723850e-02
   3.6300000e+01  -3.5210165e-02   2.4149293e-02
   3.6400000e+01  -1.3938302e-02   3.3427589e-02
   3.6500000e+01  -1.3731953e-03   2.8812673e-02
   3.6600000e+01   4.6782077e-03   1.0371969e-02
   3.6700000e+01   2.6792765e-03  -1.3690381e-02
   3.6800000e+01  -1.0942504e-02  -3.5853453e-02
   3.6900000e+01  -3.3056056e-02  -5.3397839e-02
   3.7000000e+01  -5.1046942e-02  -6.5291933e-02
   3.7100000e+01  -5.1409757e-02  -6.8475145e-02
   3.7200000e+01  -3.0766848e-02  -5.9692269e-02
   3.7300000e+01   2.4118889e-03  -4.1057665e-02
   3.7400000e+01   3.6042827e-02  -2.1843654e-02
   3.7500000e+01   6.2870006e-02  -1.2264838e-02
   3.7600000e+01   8.1359591e-02  -1.4358496e-02
   3.7700000e+01   9.1219055e-02  -2.0032749e-02
   3.7800000e+01   9.0829251e-02  -1.9654540e-02
   3.7900000e+01   7.9525492e-02  -1.2289955e-02
   3.8000000e+01   6.1063029e-02  -5.9101310e-03
   3.8100000e+01   4.3714398e-02  -7.6442543e-03
   3.8200000e+01   3.6485055e-02  -1.6380976e-02
   3.8300000e+01   4.4048805e-02  -2.6333776e-02
   3.8400000e+01   6.3151489e-02  -3.5123074e-02
   3.8500000e+01   8.2758428e-02  -4.4298606e-02
   3.8600000e+01   8.9557211e-02  -5.2128437e-02
   3.8700000e+01   7.7114296e-02  -5.0869137e-02
   3.8800000e+01   5.2049067e-02  -3.5195422e-02
   3.8900000e+01   3.0368589e-02  -1.1984725e-02
   3.9000000e+01   2.4911844e-02   2.6448556e-03
   3.9100000e+01   3.4109020e-02  -1.6828929e-03
   3.9200000e+01   4.2688309e-02  -1.8485900e-02
   3.9300000e+01   3.4844571e-02  -2.9560074e-02
   3.9400000e+01   9.0145279e-03  -2.1362017e-02
   3.9500000e+01  -1.8761877e-02   3.3970145e-03
   3.9600000e+01  -2.6921642e-02   2.9090094e-02
   3.9700000e+01  -6.8890249e-03   4.1020396e-02
   3.9800000e+01   2.7646924e-02   3.6673877e-02
   3.9900000e+01   4.9965275e-02   2.5122691e-02
   4.0000000e+01   4.1400592e-02   1.7006693e-02
   4.0100000e+01   6.0133344e-03   1.5982399e-02
   4.0200000e+01  -3.4108829e-02   1.9410062e-02
   4.0300000e+01  -5.7459335e-02   2.4766037e-02
   4.0400000e+01  -5.7799629e-02   3.2332719e-02
   4.0500000e+01  -4.3782228e-02   4.1657037e-02
   4.0600000e+01  -2.8746887e-02   4.9070175e-02
   4.0700000e+01  -2.2322788e-02   5.1501722e-02
   4.0800000e+01  -2.7589412e-02   5.0826057e-02
   4.0900000e+01  -4.0122830e-02   5.0798651e-02
   4.1000000e+01  -4.8662358e-02   5.0271655e-02
   4.1100000e+01  -4.2059318e-02   4.3951728e-02
   4.1200000e+01  -2.0866789e-02   3.1574211e-02
   4.1300000e+01  -1.1938746e-03   2.2098001e-02
   4.1400000e+01  -2.0500910e-03   2.4307660e-02
   4.1500000e+01  -2.6350084e-02   3.4681206e-02
   4.1600000e+01  -5.6521626e-02   3.9472923e-02
   4.1700000e+01  -7.1086418e-02   3.0111247e-02
   4.1800000e+01  -6.4339140e-02   1.3227453e-02
   4.1900000e+01  -4.7835122e-02   3.3609435e-03
   4.2000000e+01  -3.4505476e-02   7.8199746e-03
   4.2100000e+01  -2.5706191e-02   2.0751611e-02
   4.2200000e+01  -1.4777638e-02   3.0182289e-02
   4.2300000e+01   8.9648664e-04   2.7910630e-02
   4.2400000e+01   1.5246340e-02   1.3420145e-02
   4.2500000e+01   1.9652730e-02  -7.9020018e-03
   4.2600000e+01   1.0463413e-02  -2.8347519e-02
   4.2700000e+01  -9.0735377e-03  -4.1348196e-02
   4.2800000e+01  -3.0670914e-02  -4.3730338e-02
   4.2900000e+01  -4.4066388e-02  -3.5656357e-02
   4.3000000e+01  -4.2422411e-02  -1.9588978e-02
   4.3100000e+01  -2.8176558e-02  -1.0009802e-03
   4.3200000e+01  -1.1770964e-02   1.0541406e-02
   4.3300000e+01  -1.2072065e-03   5.1339743e-03
   4.3400000e+01   6.1341137e-03  -1.8751254e-02
   4.3500000e+01   1.7516883e-02  -4.9682400e-02
   4.3600000e+01   3.1205876e-02  -7.0742292e-02
   4.3700000e+01   3.4557580e-02  -7.3551601e-02
   4.3800000e+01   1.9381804e-02  -6.4299470e-02
   4.3900000e+01  -4.2370002e-03  -5.5489486e-02
   4.4000000e+01  -1.5032099e-02  -5.2997825e-02
   4.4100000e+01  -1.8326712e-03  -5.2119483e-02
   4.4200000e+01   2.5841753e-02  -4.4914920e-02
   4.4300000e+01   4.9010225e-02  -2.9378347e-02
   4.4400000e+01   5.7324831e-02  -1.1422081e-02
   4.4500000e+01   5.4333041e-02   3.2275853e-04
   4.4600000e+01   4.8717955e-02   8.4298867e-04
   4.4700000e+01   4.4852173e-02  -8.5437455e-03
   4.4800000e+01   4.1204388e-02  -2.1664423e-02
   4.4900000e+01   3.3960745e-02  -3.1289618e-02
   4.5000000e+01   2.1176950e-02  -3.2998716e-02
   4.5100000e+01   6.2090576e-03  -2.7102734e-02
   4.5200000e+01  -1.6884173e-03  -1.7504855e-02
   4.5300000e+01   6.6221093e-03  -8.3502846e-03
   4.5400000e+01   2.9886525e-02  -1.2122214e-03
   4.5500000e+01   5.2822615e-02   4.7729476e-03
   4.5600000e+01   5.6642794e-02   1.0347160e-02
   4.5700000e+01   3.5866405e-02   1.4426000e-02
   4.5800000e+01   4.3224584e-03   1.5618614e-02
   4.5900000e+01  -1.6907049e-02   1.5138352e-02
   4.6000000e+01  -1.8123819e-02   1.6774252e-02
   4.6100000e+01  -8.0876596e-03   2.2762464e-02
   4.6200000e+01  -3.5092830e-03   3.0063879e-02
   4.6300000e+01  -1.2224899e-02   3.2210423e-02
   4.6400000e+01  -2.6412878e-02   2.5623229e-02
   4.6500000e+01  -3.1505098e-02   1.3561235e-02
   4.6600000e+01  -2.1328088e-02   3.2092305e-03
   4.6700000e+01  -4.7182718e-03  -7.9660136e-04
   4.6800000e+01   2.3928485e-03   4.8520290e-04
   4.6900000e+01  -8.4203637e-03   2.9418721e-03
   4.7000000e+01  -3.0346242e-02   4.1353119e-03
   4.7100000e+01  -4.6949859e-02   5.5027164e-03
   4.7200000e+01  -4.5566959e-02   1.0807237e-02
   4.7300000e+01  -2.7162312e-02   2.2383689e-02
   4.7400000e+01  -5.3796303e-03   3.7650456e-02
   4.7500000e+01   3.9064045e-03   4.8913672e-02
   4.7600000e+01  -5.2667874e-03   4.8332177e-02
   4.7700000e+01  -2.4143134e-02   3.5109769e-02
   4.7800000e+01  -3.6170084e-02   1.7712489e-02
   4.7900000e+01  -3.1133081e-02   7.3542974e-03
   4.8000000e+01  -1.4654470e-02   8.5658785e-03
   4.8100000e+01  -3.3215258e-03   1.6665890e-02
   4.8200000e+01  -8.4020009e-03   2.4034834e-02
   4.8300000e+01  -2.3598841e-02   2.6960991e-02
   4.8400000e+01  -3.0448851e-02   2.5876243e-02
   4.8500000e+01  -1.7566073e-02   2.1776280e-02
   4.8600000e+01   6.1658746e-03   1.5674894e-02
   4.8700000e+01   2.0062509e-02   1.0789721e-02
   4.8800000e+01   1.4136198e-02   1.1051383e-02
   4.8900000e+01   5.2956752e-04   1.5191267e-02
   4.9000000e+01  -6.6747067e-04   1.4897679e-02
   4.9100000e+01   1.3945551e-02   2.8438436e-03
   4.9200000e+01   2.5551736e-02  -1.6909007e-02
   4.9300000e+01   1.5252651e-02  -2.9403875e-02
   4.9400000e+01  -1.1320615e-02  -2.2116370e-02
   4.9500000e+01  -2.7019151e-02   2.1138906e-03
   4.9600000e+01  -1.1715973e-02   2.6079648e-02
   4.9700000e+01   2.6396215e-02   3.2101616e-02
   4.9800000e+01   6.0519234e-02   1.5528730e-02
   4.9900000e+01   7.2585125e-02  -1.3357793e-02
   5.0000000e+01   6.6090499e-02  -3.8697138e-02
   5.0100000e+01   5.3463481e-02  -5.0527712e-02
   5.0200000e+01   3.8442510e-02  -4.9325787e-02
   5.0300000e+01   1.6115086e-02  -4.1517791e-02
   5.0400000e+01  -1.2759458e-02  -3.1966847e-02
   5.0500000e+01  -3.4883197e-02  -2.1725021e-02
   5.0600000e+01  -3.5631904e-02  -1.2552849e-02
   5.0700000e+01  -1.5362977e-02  -1.0396935e-02
   5.0800000e+01   8.6301238e-03  -2.0411906e-02
   5.0900000e+01   1.7558659e-02  -3.7990659e-02
   5.1000000e+01   8.1432990e-03  -4.8565912e-02
   5.1100000e+01  -5.9102443e-03  -4.0170706e-02
   5.1200000e+01  -8.9780153e-03  -1.6013580e-02
   5.1300000e+01   3.5988632e-04   7.9034114e-03
   5.1400000e+01   8.4069908e-03   1.8003648e-02
   5.1500000e+01   1.2140724e-03   1.4139962e-02
   5.1600000e+01  -2.0628243e-02   5.6813996e-03
   5.1700000e+01  -4.2743668e-02   2.5789416e-04
   5.1800000e+01  -5.1514366e-02  -1.0513551e-03
   5.1900000e+01  -4.5835253e-02   3.2670862e-04
   5.2000000e+01  -3.4126980e-02   4.6588459e-03
   5.2100000e+01  -2.2614228e-02   1.2550354e-02
   5.2200000e+01  -1.0086910e-02   2.1736571e-02
   5.2300000e+01   5.6076195e-03   2.7424860e-02
   5.2400000e+01   1.9539977e-02   2.5667302e-02
   5.2500000e+01   2.1834808e-02   1.5950357e-02
   5.2600000e+01   8.4173802e-03   1.6044806e-03
   5.2700000e+01  -1.2072334e-02  -1.1288637e-02
   5.2800000e+01  -2.3618074e-02  -1.6679639e-02
   5.2900000e+01  -1.5810309e-02  -1.2704081e-02
   5.3000000e+01   7.4501708e-03  -3.7972369e-03
   5.3100000e+01   3.0878448e-02   2.6251097e-03
   5.3200000e+01   3.9510574e-02   2.6876306e-03
   5.3300000e+01   2.9759728e-02  -9.1038086e-04
   5.3400000e+01   1.1392849e-02  -2.5921845e-03
   5.3500000e+01  -1.0529088e-03  -5.4061257e-05
   5.3600000e+01  -5.7729415e-04   3.7002593e-03
   5.3700000e+01   6.7525476e-03   3.9461082e-03
   5.3800000e+01   8.3724219e-03  -7.9827102e-04
   5.3900000e+01  -1.8403640e-03  -7.3056391e-03
   5.4000000e+01  -1.6763308e-02  -1.0849409e-02
   5.4100000e+01  -2.2454724e-02  -1.0066087e-02
   5.4200000e+01  -1.1697902e-02  -8.6112795e-03
   5.4300000e+01   8.7888575e-03  -1.1126928e-02
   5.4400000e+01   2.4355794e-02  -1.7024327e-02
   5.4500000e+01   2.5134630e-02  -1.9453060e-02
   5.4600000e+01   1.3073538e-02  -1.2209233e-02
   5.4700000e+01  -2.0672502e-03   2.5724669e-03
   5.4800000e+01  -1.1876320e-02   1.5757179e-02
   5.4900000e+01  -1.4250838e-02   2.1001969e-02
   5.5000000e+01  -1.1270303e-02   2.1030329e-02
   5.5100000e+01  -4.9996355e-03   2.2101544e-02
   5.5200000e+01   3.1322350e-03   2.4008434e-02
   5.5300000e+01   9.9025713e-03   1.9651370e-02
   5.5400000e+01   1.0088789e-02   5.6866707e-03
   5.5500000e+01   9.9821997e-04  -9.8719431e-03
   5.5600000e+01  -1.2692774e-02  -1.4291643e-02
   5.5700000e+01  -2.0363648e-02  -3.8971536e-03
   5.5800000e+01  -1.3524454e-02   1.1583405e-02
   5.5900000e+01   6.7242555e-03   1.9111106e-02
   5.6000000e+01   3.0035891e-02   1.4877261e-02
   5.6100000e+01   4.4350485e-02   5.9708941e-03
   5.6200000e+01   4.3538814e-02   1.4713761e-03
   5.6300000e+01   2.9535546e-02   3.7510727e-03
   5.6400000e+01   9.3729594e-03   7.8963499e-03
   5.6500000e+01  -9.1422318e-03   7.9031697e-03
   5.6600000e+01  -2.0532451e-02   3.1161052e-03
   5.6700000e+01  -2.3023711e-02  -6.6668717e-04
   5.6800000e+01  -1.8365645e-02   3.3632350e-03
   5.6900000e+01  -1.0507228e-02   1.5504869e-02
   5.7000000e+01  -3.8553116e-03   2.7612664e-02
   5.7100000e+01  -1.5128684e-03   2.9947141e-02
   5.7200000e+01  -3.6095384e-03   2.0269213e-02
   5.7300000e+01  -6.8857424e-03   5.1898514e-03
   5.7400000e+01  -7.2383940e-03  -7.3414289e-03
   5.7500000e+01  -4.0472261e-03  -1.4962564e-02
   5.7600000e+01  -1.3863599e-03  -1.9720304e-02
   5.7700000e+01  -3.4148306e-03  -2.2693925e-02
   5.7800000e+01  -9.0067728e-03  -2.2834758e-02
   5.7900000e+01  -1.3375243e-02  -2.0433531e-02
   5.8000000e+01  -1.5609433e-02  -1.8248318e-02
   5.8100000e+01  -2.1260636e-02  -1.7727214e-02
   5.8200000e+01  -3.3973069e-02  -1.6272747e-02
   5.8300000e+01  -4.6171050e-02  -1.0437132e-02
   5.8400000e+01  -4.3732969e-02  -1.0196277e-03
   5.8500000e+01  -2.2736422e-02   7.0042463e-03
   5.8600000e+01   2.1314854e-03   9.6082553e-03
   5.8700000e+01   1.1100101e-02   7.1306144e-03
   5.8800000e+01   1.1576141e-03   2.0946913e-03
   5.8900000e+01  -1.0289903e-02  -4.9196160e-03
   5.9000000e+01  -5.6898377e-03  -1.5558413e-02
   5.9100000e+01   1.2392533e-02  -2.9401910e-02
   5.9200000e+01   2.5252464e-02  -4.0328664e-02
   5.9300000e+01   2.0458826e-02  -3.9335843e-02
   5.9400000e+01   5.0350508e-03  -2.3371029e-02
   5.9500000e+01  -4.7840114e-03  -1.5101753e-03
   5.9600000e+01  -1.9613183e-03   1.0730803e-02
   5.9700000e+01   7.1975584e-03   6.3017110e-03
   5.9800000e+01   1.4369204e-02  -5.0352143e-03
   5.9900000e+01   1.8476394e-02  -6.5987574e-03
   6.0000000e+01   2.2468449e-02   6.5060550e-03
   6.0100000e+01   2.6115621e-02   2.1862839e-02
   6.0200000e+01   2.6541072e-02   2.4331996e-02
   6.0300000e+01   2.4148346e-02   1.2483015e-02
   6.0400000e+01   2.3233997e-02  -2.8565168e-03
   6.0500000e+01   2.5678364e-02  -1.3016421e-02
   6.0600000e+01   2.7389674e-02  -1.7841676e-02
   6.0700000e+01   2.3251859e-02  -1.7655759e-02
   6.0800000e+01   1.3688429e-02  -7.0064850e-03
   6.0900000e+01   3.8127173e-03   1.7291695e-02
   6.1000000e+01  -2.8867758e-03   4.5205563e-02
   6.1100000e+01  -7.1742762e-03   5.8398898e-02
   6.1200000e+01  -1.0561395e-02   4.8514501e-02
   6.1300000e+01  -1.2515397e-02   2.6759449e-02
   6.1400000e+01  -1.2758358e-02   1.2672055e-02
   6.1500000e+01  -1.3597756e-02   1.5242355e-02
   6.1600000e+01  -1.6628978e-02   2.6775153e-02
   6.1700000e+01  -1.7939725e-02   3.2985485e-02
   6.1800000e+01  -1.0489169e-02   2.6226131e-02
   6.1900000e+01   6.9482244e-03   1.0159966e-02
   6.2000000e+01   2.5330677e-02  -4.6454022e-03
   6.2100000e+01   3.2309621e-02  -8.6748907e-03
   6.2200000e+01   2.3510946e-02   8.4276444e-05
   6.2300000e+01   5.9062656e-03   1.4869501e-02
   6.2400000e+01  -9.0854407e-03   2.5271767e-02
   6.2500000e+01  -1.4254576e-02   2.4861410e-02
   6.2600000e+01  -9.6256865e-03   1.4678817e-02
   6.2700000e+01  -5.1710200e-04   5.5422143e-04
   6.2800000e+01   5.8847169e-03  -1.1296191e-02
   6.2900000e+01   4.7627468e-03  -1.6374707e-02
   6.3000000e+01  -2.1528212e-03  -1.2979989e-02
   6.3100000e+01  -6.9662740e-03  -4.1605777e-03
   6.3200000e+01  -3.0574322e-03   2.2773676e-03
   6.3300000e+01   6.8861313e-03  -1.0872654e-03
   6.3400000e+01   1.2286446e-02  -1.4825106e-02
   6.3500000e+01   5.6991620e-03  -3.2540805e-02
   6.3600000e+01  -8.6460588e-03  -4.7582253e-02
   6.3700000e+01  -1.8807256e-02  -5.7954274e-02
   6.3800000e+01  -1.6924090e-02  -6.3593176e-02
   6.3900000e+01  -5.6381692e-03  -6.1641173e-02
   6.4000000e+01   6.2746836e-03  -4.8591560e-02
   6.4100000e+01   1.1903643e-02  -2.7489411e-02
   6.4200000e+01   9.2518716e-03  -9.1251696e-03
   6.4300000e+01  -6.0630098e-04  -2.9985620e-03
   6.4400000e+01  -1.5043622e-02  -8.2981062e-03
   6.4500000e+01  -2.9574895e-02  -1.6388427e-02
   6.4600000e+01  -3.8677857e-02  -2.1266579e-02
   6.4700000e+01  -3.8912072e-02  -2.3870082e-02
   6.4800000e+01  -3.1529587e-02  -2.5548614e-02
   6.4900000e+01  -2.1998822e-02  -2.2345305e-02
   6.5000000e+01  -1.6900411e-02  -1.0690960e-02
   6.5100000e+01  -1.9813635e-02   3.0790672e-03
   6.5200000e+01  -2.7835312e-02   5.7154406e-03
   6.5300000e+01  -3.1924555e-02  -7.0167414e-03
   6.5400000e+01  -2.3847377e-02  -2.1127742e-02
   6.5500000e+01  -5.6468228e-03  -1.6529292e-02
   6.5600000e+01   9.1660354e-03   1.1115964e-02
   6.5700000e+01   7.6918781e-03   4.3881842e-02
   6.5800000e+01  -8.1227139e-03   5.8047346e-02
   6.5900000e+01  -2.2259668e-02   4.5233536e-02
   6.6000000e+01  -2.1583502e-02   1.7219957e-02
   6.6100000e+01  -9.6647831e-03  -6.2626965e-03
   6.6200000e+01  -6.1875764e-04  -1.1837494e-02
   6.6300000e+01  -6.9564174e-04   1.6668614e-03
   6.6400000e+01  -9.2409792e-04   2.4837898e-02
   6.6500000e+01   1.0092685e-02   4.3180126e-02
   6.6600000e+01   2.9923212e-02   4.5730628e-02
   6.6700000e+01   4.3411384e-02   3.3367664e-02
   6.6800000e+01   3.9778190e-02   1.8712586e-02
   6.6900000e+01   2.4719411e-02   1.4861402e-02
   6.7000000e+01   1.3376029e-02   2.3134335e-02
   6.7100000e+01   1.3377067e-02   3.3155557e-02
   6.7200000e+01   1.8046008e-02   3.4927360e-02
   6.7300000e+01   1.6670879e-02   2.8507568e-02
   6.7400000e+01   8.6396453e-03   2.0837398e-02
   6.7500000e+01   4.6180044e-03   1.5888500e-02
   6.7600000e+01   1.3690149e-02   1.1541473e-02
   6.7700000e+01   3.1629754e-02   5.8012454e-03
   6.7800000e+01   4.3953986e-02   1.9249343e-03
   6.7900000e+01   4.0533784e-02   4.4987424e-03
   6.8000000e+01   2.5755753e-02   1.2009418e-02
   6.8100000e+01   1.3611683e-02   1.6740606e-02
   6.8200000e+01   1.3657325e-02   1.2870880e-02
   6.8300000e+01   2.2650727e-02   2.6332770e-03
   6.8400000e+01   2.9255053e-02  -6.7608946e-03
   6.8500000e+01   2.5448077e-02  -1.0711833e-02
   6.8600000e+01   1.3074775e-02  -1.0067600e-02
   6.8700000e+01   5.7424242e-04  -7.8431142e-03
   6.8800000e+01  -5.3969616e-03  -6.2385383e-03
   6.8900000e+01  -5.0760269e-03  -7.2584668e-03
   6.9000000e+01  -3.2771868e-03  -1.2799310e-02
   6.9100000e+01  -2.9810206e-03  -2.1166860e-02
   6.9200000e+01  -2.2111981e-03  -2.5130980e-02
   6.9300000e+01   2.0622286e-03  -1.7715512e-02
   6.9400000e+01   7.6376697e-03  -1.5183082e-03
   6.9500000e+01   6.8949120e-03   1.0370939e-02
   6.9600000e+01  -5.2806384e-03   5.7789732e-03
   6.9700000e+01  -2.3736519e-02  -1.4170561e-02
   6.9800000e+01  -3.5236479e-02  -3.5538246e-02
   6.9900000e+01  -3.0104938e-02  -4.4353583e-02
   7.0000000e+01  -1.2113247e-02  -3.7832295e-02
   7.0100000e+01   3.6370374e-03  -2.3716183e-02
   7.0200000e+01   3.5089330e-03  -1.1434021e-02
   7.0300000e+01  -1.2650812e-02  -5.4756223e-03
   7.0400000e+01  -3.1060999e-02  -5.4643961e-03
   7.0500000e+01  -3.5777811e-02  -9.4496369e-03
   7.0600000e+01  -2.2616810e-02  -1.5971670e-02
   7.0700000e+01  -2.8526426e-03  -2.3936815e-02
   7.0800000e+01   6.9192635e-03  -3.1410864e-02
   7.0900000e+01  -4.2712826e-04  -3.4814202e-02
   7.1000000e+01  -1.6888009e-02  -3.0300384e-02
   7.1100000e+01  -2.7577466e-02  -1.7591826e-02
   7.1200000e+01  -2.4056418e-02  -2.6862683e-03
   7.1300000e+01  -1.0145486e-02   5.1528947e-03
   7.1400000e+01   3.2688349e-03   1.0454632e-03
   7.1500000e+01   7.3840901e-03  -1.0622559e-02
   7.1600000e+01   4.9725861e-04  -1.9429853e-02
   7.1700000e+01  -1.2813464e-02  -1.6923673e-02
   7.1800000e+01  -2.5387914e-02  -1.8567683e-03
   7.1900000e+01  -3.1347942e-02   2.0171385e-02
   7.2000000e+01  -2.8635561e-02   3.9907465e-02
   7.2100000e+01  -1.9027325e-02   4.8269721e-02
   7.2200000e+01  -6.0091746e-03   4.1008122e-02
   7.2300000e+01   6.7494611e-03   2.2372726e-02
   7.2400000e+01   1.4814241e-02   3.3617458e-03
   7.2500000e+01   1.3234713e-02  -5.8219245e-03
   7.2600000e+01   7.9482112e-04  -2.4452111e-03
   7.2700000e+01  -1.5379966e-02   8.9995881e-03
   7.2800000e+01  -2.2871967e-02   2.1700744e-02
   7.2900000e+01  -1.5172557e-02   2.9817481e-02
   7.3000000e+01   5.1595704e-04   2.9302246e-02
   7.3100000e+01   9.6118665e-03   2.0057170e-02
   7.3200000e+01   5.2538653e-03   8.6234641e-03
   7.3300000e+01  -4.9530095e-03   5.1040352e-03
   7.3400000e+01  -8.4816142e-03   1.3625193e-02
   7.3500000e+01  -1.9803921e-03   2.6482607e-02
   7.3600000e+01   6.7721646e-03   3.0885504e-02
   7.3700000e+01   9.7536679e-03   2.2228415e-02
   7.3800000e+01   7.4925249e-03   8.5288270e-03
   7.3900000e+01   5.5795675e-03   7.4434172e-04
   7.4000000e+01   5.9049194e-03   7.7648698e-04
   7.4100000e+01   5.4828912e-03   1.1680177e-03
   7.4200000e+01   3.4593258e-03  -4.2862503e-03
   7.4300000e+01   4.8259598e-03  -1.2434035e-02
   7.4400000e+01   1.4345590e-02  -1.4507240e-02
   7.4500000e+01   2.8550059e-02  -6.8514676e-03
   7.4600000e+01   3.7078657e-02   3.7916025e-03
   7.4700000e+01   3.2618763e-02   6.6350810e-03
   7.4800000e+01   1.7883557e-02  -1.5402794e-03
   7.4900000e+01   2.3483142e-03  -1.1991458e-02
   7.5000000e+01  -6.1272000e-03  -1.2566043e-02
   7.5100000e+01  -5.6088350e-03  -1.1151326e-03
   7.5200000e+01   1.4347070e-03   1.0930741e-02
   7.5300000e+01   1.0572057e-02   1.0002634e-02
   7.5400000e+01   1.6315189e-02  -4.8951900e-03
   7.5500000e+01   1.4212967e-02  -2.0743424e-02
   7.5600000e+01   5.1960868e-03  -2.4324360e-02
   7.5700000e+01  -2.7242069e-03  -1.5706646e-02
   7.5800000e+01  -1.2269670e-04  -6.4115942e-03
   7.5900000e+01   1.4412854e-02  -5.4157194e-03
   7.6000000e+01   3.0838015e-02  -9.7770347e-03
   7.6100000e+01   3.5178770e-02  -1.0020096e-02
   7.6200000e+01   2.1963599e-02  -2.7302294e-03
   7.6300000e+01   1.1985534e-04   4.7173855e-03
   7.6400000e+01  -1.3506049e-02   2.3711424e-03
   7.6500000e+01  -8.0410256e-03  -1.0755289e-02
   7.6600000e+01   1.1614504e-02  -2.4634983e-02
   7.6700000e+01   2.7802588e-02  -2.7922563e-02
   7.6800000e+01   2.4442946e-02  -1.9130215e-02
   7.6900000e+01   1.1232070e-03  -7.4944752e-03
   7.7000000e+01  -2.5590724e-02  -2.6916888e-03
   7.7100000e+01  -3.5589022e-02  -4.6135764e-03
   7.7200000e+01  -2.1961503e-02  -4.5023301e-03
   7.7300000e+01   3.6587822e-03   3.7529694e-03
   7.7400000e+01   2.1422566e-02   1.4852224e-02
   7.7500000e+01   1.9562101e-02   1.6054205e-02
   7.7600000e+01   2.5526986e-03   3.3885938e-04
   7.7700000e+01  -1.4883545e-02  -2.4607597e-02
   7.7800000e+01  -2.1594389e-02  -4.0872674e-02
   7.7900000e+01  -1.9047743e-02  -3.4735799e-02
   7.8000000e+01  -1.7607431e-02  -8.5611155e-03
   7.8100000e+01  -2.3964007e-02   2.0247818e-02
   7.8200000e+01  -3.2766807e-02   3.2965841e-02
   7.8300000e+01  -3.1992249e-02   2.4592287e-02
   7.8400000e+01  -1.6984376e-02   6.7562723e-03
   7.8500000e+01   2.5175670e-03  -4.3342772e-03
   7.8600000e+01   1.1317796e-02  -2.7852823e-03
   7.8700000e+01   4.5404940e-03   4.4465953e-03
   7.8800000e+01  -7.3822056e-03   8.5068255e-03
   7.8900000e+01  -1.0223513e-02   8.7511762e-03
   7.9000000e+01  -9.9393500e-04   1.0235522e-02
   7.9100000e+01   1.0047387e-02   1.4192546e-02
   7.9200000e+01   1.1711222e-02   1.5853899e-02
   7.9300000e+01   4.0047521e-03   1.2308444e-02
   7.9400000e+01  -3.1616345e-03   8.0681946e-03
   7.9500000e+01  -2.0542160e-03   9.4852552e-03
   7.9600000e+01   4.6060453e-03   1.5865548e-02
   7.9700000e+01   8.4300665e-03   2.0194828e-02
   7.9800000e+01   6.2162141e-03   1.8214705e-02
   7.9900000e+01   2.4328953e-03   1.2507669e-02
   8.0000000e+01   9.5378303e-04   6.7733085e-03
