   1.0221618e+02   2.8602761e+01   2.5212700e+03
   1.0223381e+02   2.8440259e+01   2.1201400e+03
   0.0000000e+00   6.9193013e-01   6.9193013e-01
   1.0000000e-01   8.2475989e-01   5.6175746e-01
   2.0000000e-01   9.3146817e-01   4.5177572e-01
   3.0000000e-01   9.9010013e-01   3.5968307e-01
   4.0000000e-01   1.0000000e+00   2.6904100e-01
   5.0000000e-01   9.8146423e-01   1.6254772e-01
   6.0000000e-01   9.6017706e-01   3.2102616e-02
   7.0000000e-01   9.4848567e-01  -1.1847915e-01
   8.0000000e-01   9.3919777e-01  -2.7452804e-01
   9.0000000e-01   9.1663246e-01  -4.1335588e-01
   1.0000000e+00   8.7251022e-01  -5.1301959e-01
   1.1000000e+00   8.0949022e-01  -5.6780023e-01
   1.2000000e+00   7.3037533e-01  -5.9806776e-01
   1.3000000e+00   6.2926516e-01  -6.3897791e-01
   1.4000000e+00   4.9857600e-01  -7.1174061e-01
   1.5000000e+00   3.4413428e-01  -8.0411598e-01
   1.6000000e+00   1.8753774e-01  -8.8194500e-01
   1.7000000e+00   4.9542598e-02  -9.2092824e-01
   1.8000000e+00  -6.7103765e-02  -9.2554508e-01
   1.9000000e+00  -1.7479800e-01  -9.1828667e-01
   2.0000000e+00  -2.8196555e-01  -9.1632604e-01
   2.1000000e+00  -3.8129455e-01  -9.2121049e-01
   2.2000000e+00  -4.5881617e-01  -9.2389175e-01
   2.3000000e+00  -5.1097556e-01  -9.0965537e-01
   2.4000000e+00  -5.4808615e-01  -8.5920632e-01
   2.5000000e+00  -5.8100735e-01  -7.5835626e-01
   2.6000000e+00  -6.0841983e-01  -6.1680093e-01
   2.7000000e+00  -6.1953560e-01  -4.7198174e-01
   2.8000000e+00  -6.0744803e-01  -3.6132805e-01
   2.9000000e+00  -5.7720386e-01  -2.8657904e-01
   3.0000000e+00  -5.4125802e-01  -2.1269512e-01
   3.1000000e+00  -5.0944281e-01  -1.0667526e-01
   3.2000000e+00  -4.8383306e-01   2.8335942e-02
   3.3000000e+00  -4.6101293e-01   1.6331042e-01
   3.4000000e+00  -4.3710504e-01   2.8127846e-01
   3.5000000e+00  -4.1071278e-01   3.9277662e-01
   3.6000000e+00  -3.8220939e-01   5.1181852e-01
   3.7000000e+00  -3.5071595e-01   6.2842727e-01
   3.8000000e+00  -3.1239091e-01   7.1538038e-01
   3.9000000e+00  -2.6370358e-01   7.5905598e-01
   4.0000000e+00  -2.0821259e-01   7.7438545e-01
   4.1000000e+00  -1.5872631e-01   7.8817107e-01
   4.2000000e+00  -1.2877006e-01   8.1424214e-01
   4.3000000e+00  -1.1980586e-01   8.4655430e-01
   4.4000000e+00  -1.1888916e-01   8.6878867e-01
   4.5000000e+00  -1.1143226e-01   8.6472436e-01
   4.6000000e+00  -9.5021819e-02   8.2497045e-01
   4.7000000e+00  -7.7764476e-02   7.5420881e-01
   4.8000000e+00  -6.4409737e-02   6.7356409e-01
   4.9000000e+00  -5.0002262e-02   6.0740391e-01
   5.0000000e+00  -2.9960153e-02   5.6092958e-01
   5.1000000e+00  -1.0607556e-02   5.1251102e-01
   5.2000000e+00  -1.1695990e-03   4.3265922e-01
   5.3000000e+00   5.1273274e-03   3.1107100e-01
   5.4000000e+00   3.2698512e-02   1.6446112e-01
   5.5000000e+00   9.7968723e-02   2.1767497e-02
   5.6000000e+00   1.8423877e-01  -9.3817923e-02
   5.7000000e+00   2.5167961e-01  -1.7239386e-01
   5.8000000e+00   2.7783295e-01  -2.1905736e-01
   5.9000000e+00   2.8415631e-01  -2.5474282e-01
   6.0000000e+00   3.1535887e-01  -3.0827389e-01
   6.1000000e+00   3.9135433e-01  -3.9484642e-01
   6.2000000e+00   4.8434832e-01  -4.9800373e-01
   6.3000000e+00   5.4602950e-01  -5.7906806e-01
   6.4000000e+00   5.5397256e-01  -6.1089836e-01
   6.5000000e+00   5.2733078e-01  -6.0207503e-01
   6.6000000e+00   4.9958894e-01  -5.8505996e-01
   6.7000000e+00   4.8357267e-01  -5.8188680e-01
   6.8000000e+00   4.6658685e-01  -5.8497471e-01
   6.9000000e+00   4.3390464e-01  -5.7065095e-01
   7.0000000e+00   3.8773802e-01  -5.2598769e-01
   7.1000000e+00   3.4055129e-01  -4.5950346e-01
   7.2000000e+00   2.9564327e-01  -3.8909236e-01
   7.3000000e+00   2.4097089e-01  -3.2445225e-01
   7.4000000e+00   1.6281216e-01  -2.6162333e-01
   7.5000000e+00   6.2509598e-02  -1.9127823e-01
   7.6000000e+00  -4.0914794e-02  -1.1044667e-01
   7.7000000e+00  -1.2275830e-01  -2.7406643e-02
   7.8000000e+00  -1.6833723e-01   4.3348360e-02
   7.9000000e+00  -1.8273678e-01   9.1217131e-02
   8.0000000e+00  -1.8919588e-01   1.1610516e-01
   8.1000000e+00  -2.1384183e-01   1.2696366e-01
   8.2000000e+00  -2.6338861e-01   1.3565106e-01
   8.3000000e+00  -3.1467844e-01   1.5171949e-01
   8.4000000e+00  -3.3188219e-01   1.7843989e-01
   8.5000000e+00  -3.0089556e-01   2.0859973e-01
   8.6000000e+00  -2.4663505e-01   2.2540048e-01
   8.7000000e+00  -2.1128948e-01   2.1535909e-01
   8.8000000e+00  -2.1359400e-01   1.8529876e-01
   8.9000000e+00  -2.3266648e-01   1.6175767e-01
   9.0000000e+00  -2.3346906e-01   1.6529696e-01
   9.1000000e+00  -2.0399433e-01   1.8489181e-01
   9.2000000e+00  -1.6326420e-01   1.8501434e-01
   9.3000000e+00  -1.3601621e-01   1.4228849e-01
   9.4000000e+00  -1.2737261e-01   7.1456912e-02
   9.5000000e+00  -1.2466930e-01   1.1380117e-02
   9.6000000e+00  -1.1744652e-01  -1.1497102e-02
   9.7000000e+00  -1.0822237e-01  -1.8933970e-03
   9.8000000e+00  -1.0437194e-01   1.7115745e-02
   9.9000000e+00  -1.0632647e-01   2.6055404e-02
   1.0000000e+01  -1.0779829e-01   1.7100589e-02
   1.0100000e+01  -1.0500487e-01  -9.4096604e-03
   1.0200000e+01  -1.0121985e-01  -4.6486712e-02
   1.0300000e+01  -1.0127909e-01  -7.9407347e-02
   1.0400000e+01  -1.0369199e-01  -9.1157249e-02
   1.0500000e+01  -1.0006220e-01  -7.4108427e-02
   1.0600000e+01  -8.2995461e-02  -3.6111078e-02
   1.0700000e+01  -5.4866122e-02   5.8248538e-03
   1.0800000e+01  -2.8307660e-02   3.7519359e-02
   1.0900000e+01  -1.6119919e-02   5.4535193e-02
   1.1000000e+01  -1.8593461e-02   6.0287042e-02
   1.1100000e+01  -2.0670709e-02   5.8846579e-02
   1.1200000e+01  -3.4329803e-03   4.8907512e-02
   1.1300000e+01   3.9747991e-02   2.5286275e-02
   1.1400000e+01   9.7291675e-02  -1.1479379e-02
   1.1500000e+01   1.4847629e-01  -4.7643496e-02
   1.1600000e+01   1.7805758e-01  -6.3278360e-02
   1.1700000e+01   1.8413348e-01  -5.0343437e-02
   1.1800000e+01   1.7602190e-01  -2.1193306e-02
   1.1900000e+01   1.6742345e-01   5.0474820e-03
   1.2000000e+01   1.7005143e-01   2.2820437e-02
   1.2100000e+01   1.8877227e-01   4.1271244e-02
   1.2200000e+01   2.1841186e-01   6.5176081e-02
   1.2300000e+01   2.4442584e-01   8.2725005e-02
   1.2400000e+01   2.4949799e-01   7.8644727e-02
   1.2500000e+01   2.2419709e-01   5.6293735e-02
   1.2600000e+01   1.7534969e-01   3.9097130e-02
   1.2700000e+01   1.2485930e-01   4.7994933e-02
   1.2800000e+01   9.6606170e-02   8.1260801e-02
   1.2900000e+01   9.8568927e-02   1.1797623e-01
   1.3000000e+01   1.1447972e-01   1.3744691e-01
   1.3100000e+01   1.1485553e-01   1.3285545e-01
   1.3200000e+01   8.0753603e-02   1.1052100e-01
   1.3300000e+01   1.9655339e-02   8.2524305e-02
   1.3400000e+01  -4.1820626e-02   6.0681096e-02
   1.3500000e+01  -8.1441336e-02   5.2109003e-02
   1.3600000e+01  -9.7955713e-02   5.5604286e-02
   1.3700000e+01  -1.0591897e-01   6.1606124e-02
   1.3800000e+01  -1.1776050e-01   5.7270451e-02
   1.3900000e+01  -1.3416526e-01   3.3595385e-02
   1.4000000e+01  -1.5088667e-01  -9.1475694e-03
   1.4100000e+01  -1.6909689e-01  -5.9506657e-02
   1.4200000e+01  -1.9342938e-01  -9.8838384e-02
   1.4300000e+01  -2.1996377e-01  -1.1275250e-01
   1.4400000e+01  -2.3193092e-01  -1.0360869e-01
   1.4500000e+01  -2.1331436e-01  -9.0712117e-02
   1.4600000e+01  -1.6801326e-01  -9.3419179e-02
   1.4700000e+01  -1.2212391e-01  -1.1199412e-01
   1.4800000e+01  -1.0289164e-01  -1.2740920e-01
   1.4900000e+01  -1.1352158e-01  -1.2223210e-01
   1.5000000e+01  -1.2981180e-01  -1.0061136e-01
   1.5100000e+01  -1.2352098e-01  -8.5212355e-02
   1.5200000e+01  -8.9617598e-02  -9.3799945e-02
   1.5300000e+01  -4.9679344e-02  -1.2007820e-01
   1.5400000e+01  -2.8184659e-02  -1.3894673e-01
   1.5500000e+01  -2.7013849e-02  -1.3110875e-01
   1.5600000e+01  -2.4978912e-02  -1.0197307e-01
   1.5700000e+01  -1.4121414e-03  -7.5159373e-02
   1.5800000e+01   4.3099610e-02  -6.7280128e-02
   1.5900000e+01   9.0386657e-02  -7.1526498e-02
   1.6000000e+01   1.2517215e-01  -6.8631120e-02
   1.6100000e+01   1.4738712e-01  -5.1891366e-02
   1.6200000e+01   1.6510303e-01  -3.5058858e-02
   1.6300000e+01   1.8134941e-01  -3.2802202e-02
   1.6400000e+01   1.9181928e-01  -3.9292656e-02
   1.6500000e+01   1.9245560e-01  -3.3994404e-02
   1.6600000e+01   1.8371197e-01  -7.9024180e-03
   1.6700000e+01   1.6728322e-01   2.4302929e-02
   1.6800000e+01   1.4429736e-01   4.1799307e-02
   1.6900000e+01   1.1995954e-01   4.0645386e-02
   1.7000000e+01   1.0563836e-01   3.2695361e-02
   1.7100000e+01   1.0957173e-01   2.6106910e-02
   1.7200000e+01   1.2461943e-01   1.7590011e-02
   1.7300000e+01   1.3061968e-01   6.0457417e-03
   1.7400000e+01   1.1320411e-01   3.7685358e-03
   1.7500000e+01   7.8919787e-02   2.4568089e-02
   1.7600000e+01   4.8430203e-02   6.2802503e-02
   1.7700000e+01   3.5121288e-02   9.2774268e-02
   1.7800000e+01   3.3476940e-02   9.2319732e-02
   1.7900000e+01   2.8592522e-02   6.3806391e-02
   1.8000000e+01   1.2656102e-02   3.0413822e-02
   1.8100000e+01  -1.1252879e-02   1.5508363e-02
   1.8200000e+01  -3.8446527e-02   2.7736535e-02
   1.8300000e+01  -6.8891778e-02   6.0729837e-02
   1.8400000e+01  -1.0178739e-01   9.9159948e-02
   1.8500000e+01  -1.2847596e-01   1.2415195e-01
   1.8600000e+01  -1.3675381e-01   1.2087875e-01
   1.8700000e+01  -1.2343146e-01   8.9543085e-02
   1.8800000e+01  -9.9693374e-02   5.0124220e-02
   1.8900000e+01  -8.2173000e-02   3.0731149e-02
   1.9000000e+01  -7.9792401e-02   4.5282399e-02
   1.9100000e+01  -8.9843220e-02   8.0601636e-02
   1.9200000e+01  -1.0415394e-01   1.0675301e-01
   1.9300000e+01  -1.1582852e-01   1.0202817e-01
   1.9400000e+01  -1.2087080e-01   6.9329780e-02
   1.9500000e+01  -1.1792797e-01   2.9883919e-02
   1.9600000e+01  -1.0962829e-01   3.1994106e-03
   1.9700000e+01  -1.0252684e-01  -6.1106447e-03
   1.9800000e+01  -1.0198917e-01  -5.1924851e-03
   1.9900000e+01  -1.0587627e-01  -2.8415591e-03
   2.0000000e+01  -1.0508008e-01  -5.2133950e-03
   2.0100000e+01  -9.2028547e-02  -1.6869124e-02
   2.0200000e+01  -6.8529239e-02  -3.8047416e-02
   2.0300000e+01  -4.4681892e-02  -5.8530609e-02
   2.0400000e+01  -3.0543462e-02  -6.0687077e-02
   2.0500000e+01  -2.9088338e-02  -3.6513033e-02
   2.0600000e+01  -3.5615138e-02  -1.8103932e-03
   2.0700000e+01  -4.1688111e-02   1.3554673e-02
   2.0800000e+01  -3.9864146e-02  -5.5819981e-03
   2.0900000e+01  -2.7806539e-02  -4.2983727e-02
   2.1000000e+01  -1.0541664e-02  -6.7414481e-02
   2.1100000e+01   2.1989328e-03  -6.4921713e-02
   2.1200000e+01   4.1859361e-03  -5.0291054e-02
   2.1300000e+01   2.0696928e-04  -4.5995190e-02
   2.1400000e+01   4.2936606e-03  -5.5795975e-02
   2.1500000e+01   2.7972267e-02  -6.4239391e-02
   2.1600000e+01   6.8551239e-02  -5.8933690e-02
   2.1700000e+01   1.0860872e-01  -4.4879732e-02
   2.1800000e+01   1.2781543e-01  -3.3734260e-02
   2.1900000e+01   1.1765939e-01  -2.5585607e-02
   2.2000000e+01   8.8104386e-02  -9.9927056e-03
   2.2100000e+01   6.1857001e-02   1.4741025e-02
   2.2200000e+01   6.0015181e-02   3.1795160e-02
   2.2300000e+01   8.7999043e-02   2.2285713e-02
   2.2400000e+01   1.3124843e-01  -1.0468712e-02
   2.2500000e+01   1.6482043e-01  -4.0036626e-02
   2.2600000e+01   1.7099533e-01  -4.2744027e-02
   2.2700000e+01   1.5157361e-01  -2.0521992e-02
   2.2800000e+01   1.2483571e-01   5.0458205e-03
   2.2900000e+01   1.0996256e-01   1.7716855e-02
   2.3000000e+01   1.1242155e-01   1.9963348e-02
   2.3100000e+01   1.2200978e-01   2.2630499e-02
   2.3200000e+01   1.2313595e-01   2.8873463e-02
   2.3300000e+01   1.0685228e-01   3.2282788e-02
   2.3400000e+01   7.5202321e-02   2.5815766e-02
   2.3500000e+01   3.7442747e-02   6.2839090e-03
   2.3600000e+01   4.0713941e-03  -2.7160362e-02
   2.3700000e+01  -1.7072125e-02  -6.9779998e-02
   2.3800000e+01  -2.3091549e-02  -1.0404158e-01
   2.3900000e+01  -1.7610856e-02  -1.0490227e-01
   2.4000000e+01  -9.5489321e-03  -6.2575013e-02
   2.4100000e+01  -7.6638305e-03   5.2571650e-04
   2.4200000e+01  -1.5025816e-02   4.4148823e-02
   2.4300000e+01  -2.9599213e-02   4.6038013e-02
   2.4400000e+01  -4.9971046e-02   2.0291213e-02
   2.4500000e+01  -7.7513667e-02  -2.2019071e-03
   2.4600000e+01  -1.1048482e-01  -6.6732261e-03
   2.4700000e+01  -1.3828458e-01  -2.5304357e-03
   2.4800000e+01  -1.4703604e-01  -2.5840267e-03
   2.4900000e+01  -1.3353196e-01  -4.8246939e-03
   2.5000000e+01  -1.1103961e-01   7.4025401e-04
   2.5100000e+01  -9.7768438e-02   1.4384256e-02
   2.5200000e+01  -9.9878066e-02   2.5151717e-02
   2.5300000e+01  -1.0818219e-01   2.6940966e-02
   2.5400000e+01  -1.1080477e-01   2.8224894e-02
   2.5500000e+01  -1.0516663e-01   4.1212545e-02
   2.5600000e+01  -9.6306843e-02   6.4987370e-02
   2.5700000e+01  -8.7797340e-02   8.4529072e-02
   2.5800000e+01  -7.9103545e-02   8.5807586e-02
   2.5900000e+01  -7.0598857e-02   6.7820851e-02
   2.6000000e+01  -6.5303160e-02   3.9613189e-02
   2.6100000e+01  -6.2933664e-02   1.0223377e-02
   2.6200000e+01  -5.6026572e-02  -1.5220287e-02
   2.6300000e+01  -3.6945209e-02  -3.2416462e-02
   2.6400000e+01  -8.6268096e-03  -3.6625917e-02
   2.6500000e+01   1.5707077e-02  -2.6857870e-02
   2.6600000e+01   2.5569914e-02  -9.4959881e-03
   2.6700000e+01   2.3992304e-02   4.6634399e-03
   2.6800000e+01   2.3465223e-02   7.9718373e-03
   2.6900000e+01   3.2468624e-02   1.3481852e-03
   2.7000000e+01   4.8041677e-02  -6.4981165e-03
   2.7100000e+01   6.0722485e-02  -5.1839406e-03
   2.7200000e+01   6.4020300e-02   9.6196477e-03
   2.7300000e+01   5.8664048e-02   3.1814508e-02
   2.7400000e+01   5.0429709e-02   4.7997202e-02
   2.7500000e+01   4.5990352e-02   4.7140004e-02
   2.7600000e+01   4.9543343e-02   2.9235295e-02
   2.7700000e+01   6.0729875e-02   4.9335617e-03
   2.7800000e+01   7.5072957e-02  -1.3390347e-02
   2.7900000e+01   8.7353426e-02  -2.0294938e-02
   2.8000000e+01   9.4588549e-02  -1.8220860e-02
   2.8100000e+01   9.5025069e-02  -1.2337581e-02
   2.8200000e+01   8.5612244e-02  -6.2624560e-03
   2.8300000e+01   6.4128729e-02  -1.9594653e-03
   2.8400000e+01   3.5660171e-02  -1.0219951e-03
   2.8500000e+01   1.4124754e-02  -4.2120189e-03
   2.8600000e+01   1.2626723e-02  -1.0394050e-02
   2.8700000e+01   3.0685952e-02  -1.7525084e-02
   2.8800000e+01   5.3239742e-02  -2.4825898e-02
   2.8900000e+01   6.4351500e-02  -3.2429972e-02
   2.9000000e+01   6.1287761e-02  -3.7937678e-02
   2.9100000e+01   5.4007622e-02  -3.5003181e-02
   2.9200000e+01   5.2246783e-02  -1.8791384e-02
   2.9300000e+01   5.5745530e-02   5.3030105e-03
   2.9400000e+01   5.7017010e-02   2.0503177e-02
   2.9500000e+01   5.0177695e-02   1.0833690e-02
   2.9600000e+01   3.4440258e-02  -2.2501267e-02
   2.9700000e+01   1.0936154e-02  -5.7784432e-02
   2.9800000e+01  -1.9219377e-02  -6.8867996e-02
   2.9900000e+01  -5.1744708e-02  -4.6762025e-02
   3.0000000e+01  -7.6947465e-02  -6.0012452e-03
   3.0100000e+01  -8.4917673e-02   2.9370323e-02
   3.0200000e+01  -7.4450332e-02   4.4733445e-02
   3.0300000e+01  -5.5545783e-02   4.0850560e-02
   3.0400000e+01  -4.2037575e-02   2.5658527e-02
   3.0500000e+01  -4.1989265e-02   5.2474780e-03
   3.0600000e+01  -5.4642972e-02  -1.6325360e-02
   3.0700000e+01  -7.3818019e-02  -3.2785240e-02
   3.0800000e+01  -9.1815127e-02  -3.6614182e-02
   3.0900000e+01  -1.0166497e-01  -2.6017908e-02
   3.1000000e+01  -1.0037041e-01  -8.8650960e-03
   3.1100000e+01  -9.2640034e-02   2.9225044e-03
   3.1200000e+01  -8.9086140e-02   3.6140675e-03
   3.1300000e+01  -9.6522584e-02  -2.2671440e-03
   3.1400000e+01  -1.0887244e-01  -6.0029204e-03
   3.1500000e+01  -1.1008722e-01  -3.5468612e-03
   3.1600000e+01  -8.8598320e-02   2.3904393e-03
   3.1700000e+01  -4.9299654e-02   7.7138092e-03
   3.1800000e+01  -1.0622152e-02   1.1664543e-02
   3.1900000e+01   1.0516769e-02   1.4882247e-02
   3.2000000e+01   1.1475005e-02   1.4597938e-02
   3.2100000e+01   3.5347594e-03   5.2219841e-03
   3.2200000e+01   6.5719162e-04  -1.4404203e-02
   3.2300000e+01   8.4171033e-03  -3.5565563e-02
   3.2400000e+01   2.2092215e-02  -4.4343373e-02
   3.2500000e+01   3.3628287e-02  -3.3799921e-02
   3.2600000e+01   3.9493727e-02  -1.1621408e-02
   3.2700000e+01   4.1919655e-02   5.7286051e-03
   3.2800000e+01   4.3973535e-02   7.9206502e-03
   3.2900000e+01   4.5673730e-02   2.0120698e-04
   3.3000000e+01   4.5786712e-02  -2.7880947e-03
   3.3100000e+01   4.5392556e-02   6.9272303e-03
   3.3200000e+01   4.6918334e-02   2.1739885e-02
   3.3300000e+01   5.0143343e-02   2.6812547e-02
   3.3400000e+01   5.2801587e-02   1.6417119e-02
   3.3500000e+01   5.6715758e-02  -7.2752198e-04
   3.3600000e+01   6.9438346e-02  -1.2823975e-02
   3.3700000e+01   9.4507581e-02  -1.7609531e-02
   3.3800000e+01   1.2030769e-01  -1.9445389e-02
   3.3900000e+01   1.2478417e-01  -1.6140515e-02
   3.4000000e+01   9.6308444e-02   3.1966133e-03
   3.4100000e+01   4.8663535e-02   4.2246589e-02
   3.4200000e+01   1.1031659e-02   8.3998447e-02
   3.4300000e+01   1.9336343e-03   1.0189570e-01
   3.4400000e+01   1.5019790e-02   8.7033444e-02
   3.4500000e+01   3.0152834e-02   5.9147913e-02
   3.4600000e+01   3.3999981e-02   4.6468992e-02
   3.4700000e+01   2.7226606e-02   5.7543067e-02
   3.4800000e+01   1.6217833e-02   7.7253605e-02
   3.4900000e+01   5.3054588e-03   8.7787255e-02
   3.5000000e+01  -1.9692628e-03   8.5703266e-02
   3.5100000e+01  -1.2213491e-03   7.6656241e-02
   3.5200000e+01   7.0361518e-03   6.1846958e-02
   3.5300000e+01   1.2852756e-02   3.8529408e-02
   3.5400000e+01   5.3817660e-03   1.1882609e-02
   3.5500000e+01  -1.2402297e-02  -3.7582157e-03
   3.5600000e+01  -2.3385240e-02  -8.5858641e-04
   3.5700000e+01  -1.5399435e-02   9.0922511e-03
   3.5800000e+01   2.3214901e-03   6.4271372e-03
   3.5900000e+01   7.5766586e-03  -1.3919091e-02
   3.6000000e+01  -9.9389128e-03  -3.6379199e-02
   3.6100000e+01  -3.7807538e-02  -4.3831914e-02
   3.6200000e+01  -5.7275125e-02  -3.8444185e-02
   3.6300000e+01  -6.5142169e-02  -3.9265846e-02
   3.6400000e+01  -7.3131234e-02  -6.0798073e-02
   3.6500000e+01  -8.7281292e-02  -9.8316268e-02
   3.6600000e+01  -9.6348561e-02  -1.3429708e-01
   3.6700000e+01  -8.5385802e-02  -1.5451675e-01
   3.6800000e+01  -5.6504078e-02  -1.5547682e-01
   3.6900000e+01  -2.9325838e-02  -1.4045472e-01
   3.7000000e+01  -2.0738787e-02  -1.1467359e-01
   3.7100000e+01  -2.9928391e-02  -8.5250011e-02
   3.7200000e+01  -4.5393440e-02  -6.1009270e-02
   3.7300000e+01  -6.0400205e-02  -4.8089395e-02
   3.7400000e+01  -7.4643582e-02  -4.5883640e-02
   3.7500000e+01  -8.3388403e-02  -4.8887297e-02
   3.7600000e+01  -7.5458971e-02  -5.1717701e-02
   3.7700000e+01  -4.7773225e-02  -5.0626942e-02
   3.7800000e+01  -1.6191250e-02  -4.1567337e-02
   3.7900000e+01  -2.6814177e-03  -2.1194199e-02
   3.8000000e+01  -1.0545782e-02   7.6664915e-03
   3.8100000e+01  -1.9093958e-02   3.3750551e-02
   3.8200000e+01  -6.7875517e-03   4.4869836e-02
   3.8300000e+01   2.4530860e-02   3.9836696e-02
   3.8400000e+01   5.3214493e-02   3.1691570e-02
   3.8500000e+01   6.2558361e-02   3.6421393e-02
   3.8600000e+01   5.5215141e-02   5.6613888e-02
   3.8700000e+01   4.3100459e-02   7.6433298e-02
   3.8800000e+01   3.1538322e-02   7.5020044e-02
   3.8900000e+01   1.9735732e-02   4.7669354e-02
   3.9000000e+01   1.2304733e-02   1.4405787e-02
   3.9100000e+01   1.9735733e-02   4.9631521e-03
   3.9200000e+01   4.3212340e-02   3.1692127e-02
   3.9300000e+01   6.5026003e-02   7.6090651e-02
   3.9400000e+01   6.2379694e-02   1.0347764e-01
   3.9500000e+01   3.2372249e-02   9.2554599e-02
   3.9600000e+01  -1.3167647e-03   5.1502698e-02
   3.9700000e+01  -1.0401432e-02   7.0786428e-03
   3.9800000e+01   1.0178217e-02  -1.8938519e-02
   3.9900000e+01   3.8546327e-02  -2.2167213e-02
   4.0000000e+01   4.8995169e-02  -9.9548086e-03
   4.0100000e+01   3.5418508e-02   9.6910830e-03
   4.0200000e+01   1.1252985e-02   3.1808553e-02
   4.0300000e+01  -8.7262045e-03   5.1820022e-02
   4.0400000e+01  -2.0374999e-02   6.4363195e-02
   4.0500000e+01  -2.4644947e-02   6.5687832e-02
   4.0600000e+01  -1.8682614e-02   5.5739437e-02
   4.0700000e+01  -3.1567553e-04   3.8012323e-02
   4.0800000e+01   2.0537241e-02   1.8480223e-02
   4.0900000e+01   2.4862285e-02   3.2995179e-03
   4.1000000e+01   5.3636014e-03  -5.6775200e-03
   4.1100000e+01  -1.9997290e-02  -1.3304589e-02
   4.1200000e+01  -2.4073821e-02  -2.4995411e-02
   4.1300000e+01  -1.9681601e-03  -3.5751061e-02
   4.1400000e+01   2.0593850e-02  -2.9678427e-02
   4.1500000e+01   1.6231331e-02   2.4710685e-03
   4.1600000e+01  -9.9450251e-03   4.4620227e-02
   4.1700000e+01  -2.3034489e-02   6.1929244e-02
   4.1800000e+01   2.5060357e-03   3.3709533e-02
   4.1900000e+01   5.1743337e-02  -2.0770603e-02
   4.2000000e+01   8.2229615e-02  -5.5943607e-02
   4.2100000e+01   6.6608377e-02  -4.3286135e-02
   4.2200000e+01   1.8484029e-02   9.7449492e-04
   4.2300000e+01  -2.3234904e-02   3.3803894e-02
   4.2400000e+01  -3.0818412e-02   2.8646894e-02
   4.2500000e+01  -7.2689545e-03  -2.8178266e-03
   4.2600000e+01   2.4766139e-02  -3.0061273e-02
   4.2700000e+01   4.6606063e-02  -3.7254820e-02
   4.2800000e+01   5.5234256e-02  -3.3066126e-02
   4.2900000e+01   5.6798922e-02  -3.1891815e-02
   4.3000000e+01   5.4223690e-02  -3.4761670e-02
   4.3100000e+01   4.3402647e-02  -3.2544344e-02
   4.3200000e+01   2.0687232e-02  -2.2556953e-02
   4.3300000e+01  -8.1062391e-03  -1.4462552e-02
   4.3400000e+01  -2.8648485e-02  -1.8652277e-02
   4.3500000e+01  -2.9834579e-02  -3.3747434e-02
   4.3600000e+01  -1.4650479e-02  -4.9001573e-02
   4.3700000e+01   1.7319792e-03  -5.6615258e-02
   4.3800000e+01   5.0131918e-03  -5.7386850e-02
   4.3900000e+01  -7.5636455e-03  -5.4278392e-02
   4.4000000e+01  -2.8423444e-02  -4.5066382e-02
   4.4100000e+01  -4.8016759e-02  -2.5150049e-02
   4.4200000e+01  -5.9780487e-02   3.1942069e-03
   4.4300000e+01  -5.9577401e-02   2.7746470e-02
   4.4400000e+01  -4.5930613e-02   3.4492207e-02
   4.4500000e+01  -2.3580822e-02   1.9014930e-02
   4.4600000e+01  -4.4861005e-03  -9.4704836e-03
   4.4700000e+01  -1.6808468e-03  -3.3764953e-02
   4.4800000e+01  -2.0624721e-02  -3.8797208e-02
   4.4900000e+01  -5.5551442e-02  -2.0585709e-02
   4.5000000e+01  -9.1637826e-02   9.6382182e-03
   4.5100000e+01  -1.0973043e-01   3.0016418e-02
   4.5200000e+01  -9.4410669e-02   2.2809772e-02
   4.5300000e+01  -4.6622775e-02  -8.9401462e-03
   4.5400000e+01   8.5001712e-03  -3.9366806e-02
   4.5500000e+01   3.3914978e-02  -4.0402182e-02
   4.5600000e+01   1.1421627e-02  -9.3587971e-03
   4.5700000e+01  -3.7173623e-02   2.5651107e-02
   4.5800000e+01  -6.6069971e-02   3.2761095e-02
   4.5900000e+01  -4.9043382e-02   9.8979355e-03
   4.6000000e+01  -6.5425768e-03  -1.2749429e-02
   4.6100000e+01   1.4813422e-02  -6.5527614e-03
   4.6200000e+01  -9.4406593e-03   2.2823082e-02
   4.6300000e+01  -5.6680096e-02   4.2281905e-02
   4.6400000e+01  -8.1509539e-02   3.0624448e-02
   4.6500000e+01  -6.1756565e-02   3.8728798e-03
   4.6600000e+01  -1.7423549e-02  -3.9870416e-03
   4.6700000e+01   1.3791766e-02   1.8251170e-02
   4.6800000e+01   1.4548604e-02   4.6059180e-02
   4.6900000e+01   8.0827073e-05   4.9226797e-02
   4.7000000e+01  -2.7903504e-03   2.7667059e-02
   4.7100000e+01   1.6637679e-02   9.7217458e-03
   4.7200000e+01   4.5986447e-02   1.6848656e-02
   4.7300000e+01   6.5150494e-02   3.9176181e-02
   4.7400000e+01   6.4621020e-02   5.0452604e-02
   4.7500000e+01   5.0233798e-02   4.0803028e-02
   4.7600000e+01   3.4592055e-02   2.5776380e-02
   4.7700000e+01   2.6367289e-02   2.3455892e-02
   4.7800000e+01   2.6412009e-02   3.2045200e-02
   4.7900000e+01   3.1122566e-02   3.5935231e-02
   4.8000000e+01   3.7756322e-02   2.8238026e-02
   4.8100000e+01   4.6504033e-02   1.7577513e-02
   4.8200000e+01   5.8271824e-02   1.1876943e-02
   4.8300000e+01   7.1474461e-02   4.8560748e-03
   4.8400000e+01   8.1721118e-02  -1.4100494e-02
   4.8500000e+01   8.4583585e-02  -4.0583349e-02
   4.8600000e+01   7.8210119e-02  -5.4886940e-02
   4.8700000e+01   6.3649771e-02  -4.3723555e-02
   4.8800000e+01   4.4174254e-02  -1.6614764e-02
   4.8900000e+01   2.5093023e-02   3.8006436e-03
   4.9000000e+01   1.2569678e-02   4.8525731e-03
   4.9100000e+01   9.7389109e-03  -7.4758894e-03
   4.9200000e+01   1.2982115e-02  -2.0963293e-02
   4.9300000e+01   1.3812405e-02  -3.1115002e-02
   4.9400000e+01   6.5841190e-03  -3.9874401e-02
   4.9500000e+01  -5.4837443e-03  -4.5826060e-02
   4.9600000e+01  -1.3006507e-02  -4.2674256e-02
   4.9700000e+01  -9.3814719e-03  -2.8094294e-02
   4.9800000e+01   3.5295916e-03  -9.3574664e-03
   4.9900000e+01   1.8183049e-02   2.8728493e-03
   5.0000000e+01   2.7883725e-02   4.8130599e-03
   5.0100000e+01   2.9488298e-02   1.5810673e-03
   5.0200000e+01   2.1592317e-02  -7.8905462e-05
   5.0300000e+01   3.8313566e-03   9.3757354e-04
   5.0400000e+01  -2.0064241e-02  -4.2936973e-05
   5.0500000e+01  -4.0403677e-02  -7.7634172e-03
   5.0600000e+01  -4.6537598e-02  -2.0972390e-02
   5.0700000e+01  -3.6020242e-02  -3.0772798e-02
   5.0800000e+01  -1.8237958e-02  -2.6014104e-02
   5.0900000e+01  -7.1274437e-03  -3.7804305e-03
   5.1000000e+01  -9.3652339e-03   2.4001502e-02
   5.1100000e+01  -1.9954451e-02   3.7687981e-02
   5.1200000e+01  -2.9425738e-02   2.8152772e-02
   5.1300000e+01  -3.4249572e-02   8.1001570e-03
   5.1400000e+01  -3.8816747e-02   1.0654982e-03
   5.1500000e+01  -4.7306420e-02   1.6357254e-02
   5.1600000e+01  -5.5755552e-02   3.7092353e-02
   5.1700000e+01  -5.4808587e-02   3.7019997e-02
   5.1800000e+01  -4.1097061e-02   9.5657400e-03
   5.1900000e+01  -2.3965125e-02  -2.3068626e-02
   5.2000000e+01  -1.8071549e-02  -3.1683289e-02
   5.2100000e+01  -2.8306847e-02  -9.3620440e-03
   5.2200000e+01  -4.3445232e-02   2.2650218e-02
   5.2300000e+01  -4.6426778e-02   3.6493639e-02
   5.2400000e+01  -3.1076568e-02   2.2059791e-02
   5.2500000e+01  -8.1645204e-03  -8.9441298e-03
   5.2600000e+01   4.5162357e-03  -3.7141444e-02
   5.2700000e+01  -2.7282654e-03  -4.9242120e-02
   5.2800000e+01  -2.4905099e-02  -4.1149455e-02
   5.2900000e+01  -4.7685505e-02  -1.6358102e-02
   5.3000000e+01  -5.7979619e-02   1.3327135e-02
   5.3100000e+01  -5.1595864e-02   2.9321903e-02
   5.3200000e+01  -3.4000666e-02   1.7460819e-02
   5.3300000e+01  -1.4737641e-02  -1.7263755e-02
   5.3400000e+01  -1.4919502e-05  -4.9816933e-02
   5.3500000e+01   1.0165078e-02  -5.4983912e-02
   5.3600000e+01   1.7910132e-02  -3.1074278e-02
   5.3700000e+01   2.1861634e-02  -2.2032554e-03
   5.3800000e+01   1.7898903e-02   5.7306919e-03
   5.3900000e+01   5.8688939e-03  -8.2521950e-03
   5.4000000e+01  -6.6026396e-03  -1.9048488e-02
   5.4100000e+01  -9.3055020e-03  -2.1818390e-03
   5.4200000e+01   1.5740883e-03   3.8654223e-02
   5.4300000e+01   2.0636062e-02   7.1960135e-02
   5.4400000e+01   3.8821497e-02   6.7416417e-02
   5.4500000e+01   5.0270682e-02   2.5280743e-02
   5.4600000e+01   5.4006635e-02  -2.2466470e-02
   5.4700000e+01   5.1321916e-02  -3.9916613e-02
   5.4800000e+01   4.3448138e-02  -1.6991673e-02
   5.4900000e+01   3.1583718e-02   2.5749273e-02
   5.5000000e+01   1.8216407e-02   5.8270581e-02
   5.5100000e+01   7.9941773e-03   6.5346032e-02
   5.5200000e+01   6.4810167e-03   5.2585506e-02
   5.5300000e+01   1.6057096e-02   3.4271013e-02
   5.5400000e+01   3.1829907e-02   1.9489415e-02
   5.5500000e+01   4.3298318e-02   9.1630219e-03
   5.5600000e+01   4.3007235e-02   1.6252094e-03
   5.5700000e+01   3.3919103e-02  -2.9383361e-03
   5.5800000e+01   2.5661569e-02  -3.3020950e-03
   5.5900000e+01   2.2187149e-02   4.1560802e-04
   5.6000000e+01   1.5994203e-02   6.7333360e-03
   5.6100000e+01  -1.4737789e-03   1.4231367e-02
   5.6200000e+01  -2.4062314e-02   2.1512669e-02
   5.6300000e+01  -3.0858442e-02   2.5578420e-02
   5.6400000e+01  -7.0041154e-03   2.1393211e-02
   5.6500000e+01   3.5563342e-02   4.8073017e-03
   5.6600000e+01   6.2948012e-02  -2.2299252e-02
   5.6700000e+01   4.9440186e-02  -4.9071612e-02
   5.6800000e+01   3.7137102e-03  -5.9736909e-02
   5.6900000e+01  -3.6979181e-02  -4.4655424e-02
   5.7000000e+01  -4.0438435e-02  -1.0460720e-02
   5.7100000e+01  -7.8014114e-03   2.1320578e-02
   5.7200000e+01   3.0777332e-02   2.9073585e-02
   5.7300000e+01   4.6069275e-02   7.7160590e-03
   5.7400000e+01   3.3380713e-02  -2.7749427e-02
   5.7500000e+01   8.4507518e-03  -5.4595107e-02
   5.7600000e+01  -1.3819963e-02  -5.8990769e-02
   5.7700000e+01  -3.1186953e-02  -4.3567821e-02
   5.7800000e+01  -4.6038749e-02  -2.2860149e-02
   5.7900000e+01  -5.3289770e-02  -1.2555516e-02
   5.8000000e+01  -4.3321610e-02  -1.9421893e-02
   5.8100000e+01  -1.6966823e-02  -3.6657032e-02
   5.8200000e+01   8.5350935e-03  -4.8311291e-02
   5.8300000e+01   1.3706353e-02  -4.2242769e-02
   5.8400000e+01  -3.5435773e-03  -2.2238820e-02
   5.8500000e+01  -2.6014433e-02  -6.4275446e-03
   5.8600000e+01  -3.5803359e-02  -1.0333192e-02
   5.8700000e+01  -3.1862862e-02  -3.0248801e-02
   5.8800000e+01  -2.7022275e-02  -4.5185157e-02
   5.8900000e+01  -3.0264898e-02  -3.7017697e-02
   5.9000000e+01  -3.6649125e-02  -8.2390562e-03
   5.9100000e+01  -3.5505500e-02   2.1256004e-02
   5.9200000e+01  -2.4383072e-02   3.4218350e-02
   5.9300000e+01  -1.1303859e-02   3.1257363e-02
   5.9400000e+01  -4.8006026e-03   2.6476951e-02
   5.9500000e+01  -5.6806256e-03   3.0677577e-02
   5.9600000e+01  -9.0152105e-03   4.0824166e-02
   5.9700000e+01  -1.0506946e-02   4.4885187e-02
   5.9800000e+01  -8.5356296e-03   3.4313667e-02
   5.9900000e+01  -2.5427576e-03   1.1443309e-02
   6.0000000e+01   6.5252144e-03  -1.2326444e-02
   6.0100000e+01   1.4229398e-02  -2.3092391e-02
   6.0200000e+01   1.5086740e-02  -1.1507227e-02
   6.0300000e+01   9.4375692e-03   2.0734200e-02
   6.0400000e+01   5.6509169e-03   5.8044190e-02
   6.0500000e+01   1.1754491e-02   7.7831100e-02
   6.0600000e+01   2.4431663e-02   6.7035755e-02
   6.0700000e+01   2.9511333e-02   3.5155561e-02
   6.0800000e+01   1.6183969e-02   8.0184805e-03
   6.0900000e+01  -9.7599464e-03   4.1728931e-03
   6.1000000e+01  -2.9195841e-02   1.6960832e-02
   6.1100000e+01  -2.7173927e-02   2.2877526e-02
   6.1200000e+01  -6.3539436e-03   8.4993346e-03
   6.1300000e+01   1.7242877e-02  -1.4261955e-02
   6.1400000e+01   2.9846561e-02  -2.2425516e-02
   6.1500000e+01   2.9247809e-02  -8.6984983e-03
   6.1600000e+01   2.0327863e-02   1.1279596e-02
   6.1700000e+01   6.9797545e-03   1.8850226e-02
   6.1800000e+01  -7.4902621e-03   1.3624941e-02
   6.1900000e+01  -1.4936773e-02   1.0213120e-02
   6.2000000e+01  -5.5262420e-03   1.6935302e-02
   6.2100000e+01   1.8792013e-02   2.5382253e-02
   6.2200000e+01   3.7891314e-02   2.3477995e-02
   6.2300000e+01   2.9072629e-02   1.2952290e-02
   6.2400000e+01  -7.0928536e-03   7.1882694e-03
   6.2500000e+01  -4.0775378e-02   1.2543157e-02
   6.2600000e+01  -3.9138785e-02   1.8390150e-02
   6.2700000e+01  -7.2933624e-06   9.5696134e-03
   6.2800000e+01   4.3882604e-02  -1.4000920e-02
   6.2900000e+01   5.6275056e-02  -3.4753063e-02
   6.3000000e+01   3.1603989e-02  -3.5311106e-02
   6.3100000e+01  -3.0952349e-03  -1.6600217e-02
   6.3200000e+01  -1.7648635e-02   3.0217883e-03
   6.3300000e+01  -6.6442193e-03   5.4830549e-03
   6.3400000e+01   1.1086455e-02  -1.1083331e-02
   6.3500000e+01   1.5833164e-02  -3.2910657e-02
   6.3600000e+01   6.6519522e-03  -4.5212293e-02
   6.3700000e+01  -4.3971735e-04  -4.5766937e-02
   6.3800000e+01   9.6655816e-03  -4.4672639e-02
   6.3900000e+01   3.5470653e-02  -5.1274894e-02
   6.4000000e+01   5.8611197e-02  -6.2024550e-02
   6.4100000e+01   5.8433146e-02  -6.2672389e-02
   6.4200000e+01   2.9398225e-02  -4.3887932e-02
   6.4300000e+01  -1.3008217e-02  -1.4505760e-02
   6.4400000e+01  -4.3423076e-02   2.7685130e-03
   6.4500000e+01  -4.5868680e-02  -8.8079670e-03
   6.4600000e+01  -2.4653822e-02  -4.3141493e-02
   6.4700000e+01   1.5895263e-03  -7.4175222e-02
   6.4800000e+01   1.5243168e-02  -7.6791119e-02
   6.4900000e+01   1.0042646e-02  -4.7261962e-02
   6.5000000e+01  -9.4361765e-03  -5.5249746e-03
   6.5100000e+01  -3.3283394e-02   2.2033147e-02
   6.5200000e+01  -5.0044897e-02   2.3911703e-02
   6.5300000e+01  -4.9769624e-02   1.0719500e-02
   6.5400000e+01  -2.9910158e-02   2.8711525e-03
   6.5500000e+01  -8.3128971e-04   1.0893363e-02
   6.5600000e+01   1.7512371e-02   2.7206664e-02
   6.5700000e+01   9.4813052e-03   3.6874334e-02
   6.5800000e+01  -2.2460014e-02   3.5189182e-02
   6.5900000e+01  -5.7567758e-02   3.2457965e-02
   6.6000000e+01  -7.1968361e-02   4.0620653e-02
   6.6100000e+01  -5.6460277e-02   5.7592120e-02
   6.6200000e+01  -2.2112305e-02   6.8432132e-02
   6.6300000e+01   9.7010062e-03   6.2558905e-02
   6.6400000e+01   2.2904121e-02   4.6576352e-02
   6.6500000e+01   1.5061241e-02   3.7141771e-02
   6.6600000e+01  -5.8817489e-03   4.2104565e-02
   6.6700000e+01  -2.9952788e-02   5.1875261e-02
   6.6800000e+01  -4.9541650e-02   5.0505742e-02
   6.6900000e+01  -5.8210599e-02   3.3375251e-02
   6.7000000e+01  -5.0500926e-02   1.2265039e-02
   6.7100000e+01  -2.7416166e-02   3.6300346e-03
   6.7200000e+01  -1.6413292e-03   1.2880814e-02
   6.7300000e+01   8.3022044e-03   2.9323382e-02
   6.7400000e+01  -5.2346712e-03   3.5130210e-02
   6.7500000e+01  -2.7801901e-02   2.0146209e-02
   6.7600000e+01  -3.2792496e-02  -9.3761020e-03
   6.7700000e+01  -6.4519312e-03  -3.5334712e-02
   6.7800000e+01   3.7270985e-02  -4.2687071e-02
   6.7900000e+01   6.8884571e-02  -3.2387390e-02
   6.8000000e+01   7.0616925e-02  -2.0256499e-02
   6.8100000e+01   5.0741490e-02  -2.1972377e-02
   6.8200000e+01   3.2009841e-02  -3.7999968e-02
   6.8300000e+01   2.8890856e-02  -5.2794043e-02
   6.8400000e+01   3.7025946e-02  -4.8875332e-02
   6.8500000e+01   4.1981054e-02  -2.2643138e-02
   6.8600000e+01   3.5164042e-02   1.1789212e-02
   6.8700000e+01   2.1982465e-02   3.3282660e-02
   6.8800000e+01   1.7354393e-02   2.9817868e-02
   6.8900000e+01   3.3010633e-02   7.4515934e-03
   6.9000000e+01   6.5268580e-02  -1.5080261e-02
   6.9100000e+01   9.3337804e-02  -2.2358447e-02
   6.9200000e+01   9.3659489e-02  -1.5618104e-02
   6.9300000e+01   6.1824885e-02  -1.0675351e-02
   6.9400000e+01   2.0993007e-02  -2.0870448e-02
   6.9500000e+01   3.3467874e-03  -4.0944605e-02
   6.9600000e+01   1.8737397e-02  -4.9184331e-02
   6.9700000e+01   4.3173458e-02  -2.8225455e-02
   6.9800000e+01   4.2667822e-02   1.4798513e-02
   6.9900000e+01   9.0066197e-03   4.9814784e-02
   7.0000000e+01  -3.1827893e-02   4.8294681e-02
   7.0100000e+01  -4.8268453e-02   9.0798084e-03
   7.0200000e+01  -3.5994669e-02  -3.8997651e-02
   7.0300000e+01  -1.7998984e-02  -6.1215844e-02
   7.0400000e+01  -1.4862345e-02  -4.5881251e-02
   7.0500000e+01  -2.2998538e-02  -1.1491356e-02
   7.0600000e+01  -2.5432645e-02   1.2977213e-02
   7.0700000e+01  -1.7237584e-02   1.3674155e-02
   7.0800000e+01  -1.1397347e-02  -1.2815699e-03
   7.0900000e+01  -1.9614233e-02  -1.6483831e-02
   7.1000000e+01  -3.5766638e-02  -2.5800571e-02
   7.1100000e+01  -4.3738889e-02  -3.2927799e-02
   7.1200000e+01  -3.7533385e-02  -3.9573533e-02
   7.1300000e+01  -2.6999467e-02  -3.9125625e-02
   7.1400000e+01  -2.4132460e-02  -2.4456534e-02
   7.1500000e+01  -2.9938087e-02   6.8965918e-04
   7.1600000e+01  -3.7174537e-02   2.2146158e-02
   7.1700000e+01  -4.0826962e-02   2.8496574e-02
   7.1800000e+01  -4.0404922e-02   2.2443576e-02
   7.1900000e+01  -3.3984996e-02   1.7687951e-02
   7.2000000e+01  -1.7296085e-02   2.4721264e-02
   7.2100000e+01   7.6017769e-03   4.0574431e-02
   7.2200000e+01   2.6562755e-02   5.2477788e-02
   7.2300000e+01   2.2776313e-02   5.0347139e-02
   7.2400000e+01  -5.4340703e-03   3.4863870e-02
   7.2500000e+01  -3.8702086e-02   1.4590490e-02
   7.2600000e+01  -5.2315546e-02  -2.0733676e-03
   7.2700000e+01  -3.9264512e-02  -1.0907814e-02
   7.2800000e+01  -1.6411213e-02  -1.0651030e-02
   7.2900000e+01  -6.3037474e-03  -2.4097276e-03
   7.3000000e+01  -1.3478191e-02   8.1903030e-03
   7.3100000e+01  -2.0789485e-02   1.2005288e-02
   7.3200000e+01  -9.7568586e-03   4.5837834e-03
   7.3300000e+01   1.7591353e-02  -5.9834713e-03
   7.3400000e+01   3.9409985e-02  -3.6831839e-03
   7.3500000e+01   3.6132772e-02   1.9063931e-02
   7.3600000e+01   9.9228068e-03   5.0216043e-02
   7.3700000e+01  -1.8008292e-02   6.6237118e-02
   7.3800000e+01  -2.7257223e-02   5.2526703e-02
   7.3900000e+01  -1.4611583e-02   1.5123721e-02
   7.4000000e+01   6.2571641e-03  -2.6569286e-02
   7.4100000e+01   1.7531821e-02  -5.4926872e-02
   7.4200000e+01   1.0143835e-02  -6.1138595e-02
   7.4300000e+01  -1.0944850e-02  -4.3294277e-02
   7.4400000e+01  -2.9957521e-02  -6.2145304e-03
   7.4500000e+01  -2.9760226e-02   3.4433844e-02
   7.4600000e+01  -3.3511886e-03   5.4738317e-02
   7.4700000e+01   3.9312336e-02   3.8487099e-02
   7.4800000e+01   7.5038447e-02  -6.1663877e-03
   7.4900000e+01   8.1051984e-02  -4.9055746e-02
   7.5000000e+01   5.0284747e-02  -6.0915393e-02
   7.5100000e+01  -2.1250158e-03  -3.5739859e-02
   7.5200000e+01  -4.6536325e-02   7.6765793e-03
   7.5300000e+01  -5.7284816e-02   4.2729269e-02
   7.5400000e+01  -3.0415591e-02   5.1999238e-02
   7.5500000e+01   1.3004785e-02   3.2428414e-02
   7.5600000e+01   4.3120563e-02  -7.4224784e-03
   7.5700000e+01   4.5586290e-02  -5.0646176e-02
   7.5800000e+01   3.2132748e-02  -7.6626875e-02
   7.5900000e+01   2.5862724e-02  -7.0762828e-02
   7.6000000e+01   3.5090777e-02  -3.4837765e-02
   7.6100000e+01   4.3792548e-02   1.2225214e-02
   7.6200000e+01   3.0685609e-02   4.6198507e-02
   7.6300000e+01  -3.1185147e-03   5.2737583e-02
   7.6400000e+01  -2.9899331e-02   3.4386329e-02
   7.6500000e+01  -2.2115747e-02   6.3962645e-03
   7.6600000e+01   1.7253683e-02  -1.3720319e-02
   7.6700000e+01   5.3970727e-02  -1.6760748e-02
   7.6800000e+01   5.3673738e-02  -7.4055422e-03
   7.6900000e+01   1.3870048e-02  -2.0146310e-04
   7.7000000e+01  -3.4151937e-02  -6.2754285e-03
   7.7100000e+01  -5.3308359e-02  -2.1177226e-02
   7.7200000e+01  -3.0755436e-02  -2.7749336e-02
   7.7300000e+01   1.5663883e-02  -1.4649741e-02
   7.7400000e+01   5.5375138e-02   8.1987208e-03
   7.7500000e+01   6.8006572e-02   1.6982574e-02
   7.7600000e+01   5.2861284e-02  -2.3536357e-04
   7.7700000e+01   2.2215252e-02  -2.7591157e-02
   7.7800000e+01  -1.0966168e-02  -3.6130058e-02
   7.7900000e+01  -3.9467295e-02  -1.5374329e-02
   7.8000000e+01  -5.9705255e-02   1.3998167e-02
   7.8100000e+01  -6.7011499e-02   2.2550521e-02
   7.8200000e+01  -5.5666181e-02   4.9976574e-03
   7.8300000e+01  -2.5057407e-02  -1.4321504e-02
   7.8400000e+01   1.4152700e-02  -9.8300405e-03
   7.8500000e+01   4.2027256e-02   1.6043442e-02
   7.8600000e+01   4.1576372e-02   3.5947674e-02
   7.8700000e+01   1.3029520e-02   2.8050741e-02
   7.8800000e+01  -2.3288808e-02  -1.0620764e-03
   7.8900000e+01  -4.1807379e-02  -2.4286847e-02
   7.9000000e+01  -3.3963776e-02  -2.0962428e-02
   7.9100000e+01  -1.6583708e-02   5.5050890e-03
   7.9200000e+01  -1.4827408e-02   3.2981348e-02
   7.9300000e+01  -3.4040354e-02   3.9711407e-02
   7.9400000e+01  -5.0411196e-02   2.0464593e-02
   7.9500000e+01  -3.3850982e-02  -1.0505508e-02
   7.9600000e+01   1.8754305e-02  -3.0908987e-02
   7.9700000e+01   7.5741672e-02  -2.8724721e-02
   7.9800000e+01   9.7199568e-02  -1.2037325e-02
   7.9900000e+01   6.7307986e-02   1.1657505e-03
   8.0000000e+01   2.5014531e-03   3.9621834e-03
