   1.0221618e+02   2.8602761e+01   2.5212700e+03
   1.0223085e+02   2.8402579e+01   1.9763100e+03
   0.0000000e+00   6.2584681e-01   6.2584681e-01
   1.0000000e-01   6.7512418e-01   5.6091502e-01
   2.0000000e-01   7.2851678e-01   4.5916443e-01
   3.0000000e-01   7.8466914e-01   3.2915810e-01
   4.0000000e-01   8.3281882e-01   2.1048244e-01
   5.0000000e-01   8.7321462e-01   1.3674798e-01
   6.0000000e-01   9.1609791e-01   9.9861739e-02
   7.0000000e-01   9.6266465e-01   5.7098323e-02
   8.0000000e-01   9.9678983e-01  -2.5968671e-02
   9.0000000e-01   1.0000000e+00  -1.4356880e-01
   1.0000000e+00   9.6997233e-01  -2.6000075e-01
   1.1000000e+00   9.1936210e-01  -3.4430413e-01
   1.2000000e+00   8.5862328e-01  -3.8988955e-01
   1.3000000e+00   7.8507075e-01  -4.0632191e-01
   1.4000000e+00   6.8847067e-01  -4.0535680e-01
   1.5000000e+00   5.6196912e-01  -4.0190410e-01
   1.6000000e+00   4.0537655e-01  -4.2092440e-01
   1.7000000e+00   2.2278080e-01  -4.8836088e-01
   1.8000000e+00   2.3328131e-02  -6.0698717e-01
   1.9000000e+00  -1.7545717e-01  -7.4465313e-01
   2.0000000e+00  -3.5084064e-01  -8.5438741e-01
   2.1000000e+00  -4.8637723e-01  -9.1009605e-01
   2.2000000e+00  -5.8057519e-01  -9.2199581e-01
   2.3000000e+00  -6.4212117e-01  -9.1729865e-01
   2.4000000e+00  -6.7674828e-01  -9.0917571e-01
   2.5000000e+00  -6.8218877e-01  -8.8727999e-01
   2.6000000e+00  -6.5864600e-01  -8.3605526e-01
   2.7000000e+00  -6.2165646e-01  -7.5585979e-01
   2.8000000e+00  -5.9768114e-01  -6.6218786e-01
   2.9000000e+00  -6.0190310e-01  -5.6701315e-01
   3.0000000e+00  -6.2203674e-01  -4.6757519e-01
   3.1000000e+00  -6.2971280e-01  -3.5649173e-01
   3.2000000e+00  -6.0992286e-01  -2.3836560e-01
   3.3000000e+00  -5.7534506e-01  -1.2919875e-01
   3.4000000e+00  -5.4834389e-01  -3.8115909e-02
   3.5000000e+00  -5.3254956e-01   4.3822119e-02
   3.6000000e+00  -5.0908458e-01   1.3061457e-01
   3.7000000e+00  -4.6131437e-01   2.2017609e-01
   3.8000000e+00  -3.9597125e-01   2.9532678e-01
   3.9000000e+00  -3.3458888e-01   3.4928647e-01
   4.0000000e+00  -2.8857541e-01   4.0202450e-01
   4.1000000e+00  -2.5083041e-01   4.8045270e-01
   4.2000000e+00  -2.1159048e-01   5.8212396e-01
   4.3000000e+00  -1.7292256e-01   6.6901084e-01
   4.4000000e+00  -1.4132723e-01   7.0485116e-01
   4.5000000e+00  -1.1234410e-01   6.9434666e-01
   4.6000000e+00  -7.4046263e-02   6.7701317e-01
   4.7000000e+00  -2.7867753e-02   6.8305064e-01
   4.8000000e+00   4.2852043e-03   7.0415260e-01
   4.9000000e+00   3.5611980e-03   7.1026357e-01
   5.0000000e+00  -1.7119486e-02   6.8490625e-01
   5.1000000e+00  -1.7661615e-02   6.3464250e-01
   5.2000000e+00   3.0778319e-02   5.7009318e-01
   5.3000000e+00   1.1566063e-01   4.9298599e-01
   5.4000000e+00   1.9540942e-01   4.0538267e-01
   5.5000000e+00   2.3884919e-01   3.1818988e-01
   5.6000000e+00   2.4724554e-01   2.3946390e-01
   5.7000000e+00   2.4012954e-01   1.6159946e-01
   5.8000000e+00   2.3005462e-01   7.4074103e-02
   5.9000000e+00   2.1759916e-01  -1.2997913e-02
   6.0000000e+00   2.0445115e-01  -7.4603311e-02
   6.1000000e+00   1.9900963e-01  -1.0691741e-01
   6.2000000e+00   2.0562906e-01  -1.4351086e-01
   6.3000000e+00   2.1675464e-01  -2.1981901e-01
   6.4000000e+00   2.2409435e-01  -3.2585416e-01
   6.5000000e+00   2.3542280e-01  -4.1088345e-01
   6.6000000e+00   2.7139155e-01  -4.3905865e-01
   6.7000000e+00   3.4135545e-01  -4.2754202e-01
   6.8000000e+00   4.2633391e-01  -4.2130638e-01
   6.9000000e+00   4.9135429e-01  -4.3942897e-01
   7.0000000e+00   5.1523423e-01  -4.5742926e-01
   7.1000000e+00   5.0610065e-01  -4.3730987e-01
   7.2000000e+00   4.8844769e-01  -3.6180512e-01
   7.3000000e+00   4.7876045e-01  -2.4044704e-01
   7.4000000e+00   4.7494375e-01  -9.8920135e-02
   7.5000000e+00   4.6491545e-01   2.8310952e-02
   7.6000000e+00   4.3920345e-01   1.0693356e-01
   7.7000000e+00   3.9403774e-01   1.2246364e-01
   7.8000000e+00   3.2800164e-01   9.4355253e-02
   7.9000000e+00   2.4314919e-01   6.1387158e-02
   8.0000000e+00   1.5133143e-01   4.8242449e-02
   8.1000000e+00   7.3664672e-02   5.0020110e-02
   8.2000000e+00   2.5402565e-02   4.9430784e-02
   8.3000000e+00  -1.9469416e-03   4.0130718e-02
   8.4000000e+00  -3.8981088e-02   2.7482205e-02
   8.5000000e+00  -1.1189096e-01   1.4606752e-02
   8.6000000e+00  -2.1536499e-01   2.9105917e-04
   8.7000000e+00  -3.1548784e-01  -9.7021594e-03
   8.8000000e+00  -3.8259403e-01  -2.5098565e-03
   8.9000000e+00  -4.1889744e-01   2.2435930e-02
   9.0000000e+00  -4.4994190e-01   4.1220714e-02
   9.1000000e+00  -4.9106935e-01   2.5019940e-02
   9.2000000e+00  -5.2945171e-01  -2.6465229e-02
   9.3000000e+00  -5.4144673e-01  -7.9850864e-02
   9.4000000e+00  -5.2074827e-01  -1.0196832e-01
   9.5000000e+00  -4.8236506e-01  -9.5102829e-02
   9.6000000e+00  -4.4221434e-01  -9.3185889e-02
   9.7000000e+00  -4.0262719e-01  -1.2446898e-01
   9.8000000e+00  -3.5995496e-01  -1.8242181e-01
   9.9000000e+00  -3.1638188e-01  -2.3252283e-01
   1.0000000e+01  -2.7529305e-01  -2.4257492e-01
   1.0100000e+01  -2.2991039e-01  -2.0632580e-01
   1.0200000e+01  -1.6925739e-01  -1.4489493e-01
   1.0300000e+01  -9.9187464e-02  -9.0951862e-02
   1.0400000e+01  -4.8048276e-02  -6.7708409e-02
   1.0500000e+01  -4.1754174e-02  -7.4208117e-02
   1.0600000e+01  -7.4262852e-02  -8.6558864e-02
   1.0700000e+01  -1.0935590e-01  -7.6092069e-02
   1.0800000e+01  -1.1278186e-01  -3.0874855e-02
   1.0900000e+01  -7.8766824e-02   3.7086581e-02
   1.1000000e+01  -2.5813456e-02   1.0215516e-01
   1.1100000e+01   2.5404209e-02   1.4028336e-01
   1.1200000e+01   6.4877164e-02   1.3849917e-01
   1.1300000e+01   9.0414205e-02   9.9779284e-02
   1.1400000e+01   1.0300295e-01   4.5119520e-02
   1.1500000e+01   1.0811735e-01   6.0040433e-03
   1.1600000e+01   1.1522971e-01   4.2434164e-03
   1.1700000e+01   1.3005930e-01   3.4528784e-02
   1.1800000e+01   1.4872444e-01   7.0475223e-02
   1.1900000e+01   1.6391695e-01   9.1456703e-02
   1.2000000e+01   1.7650331e-01   1.0146155e-01
   1.2100000e+01   1.9632620e-01   1.1866515e-01
   1.2200000e+01   2.2923037e-01   1.4922440e-01
   1.2300000e+01   2.6615928e-01   1.7738991e-01
   1.2400000e+01   2.8870466e-01   1.8312023e-01
   1.2500000e+01   2.8560553e-01   1.6518749e-01
   1.2600000e+01   2.6230912e-01   1.4298130e-01
   1.2700000e+01   2.3497650e-01   1.3665979e-01
   1.2800000e+01   2.1707388e-01   1.4879347e-01
   1.2900000e+01   2.1090286e-01   1.6534932e-01
   1.3000000e+01   2.0803328e-01   1.7066696e-01
   1.3100000e+01   1.9566781e-01   1.5877439e-01
   1.3200000e+01   1.6568375e-01   1.3288473e-01
   1.3300000e+01   1.2239031e-01   1.0019061e-01
   1.3400000e+01   8.1988681e-02   7.0504683e-02
   1.3500000e+01   6.0201802e-02   5.6108445e-02
   1.3600000e+01   5.7013235e-02   6.4947467e-02
   1.3700000e+01   5.4516638e-02   8.9701410e-02
   1.3800000e+01   3.2463598e-02   1.0688958e-01
   1.3900000e+01  -1.3354359e-02   9.3196074e-02
   1.4000000e+01  -6.8400067e-02   4.5293524e-02
   1.4100000e+01  -1.1349239e-01  -1.8019810e-02
   1.4200000e+01  -1.3992650e-01  -7.3368491e-02
   1.4300000e+01  -1.5261358e-01  -1.0912114e-01
   1.4400000e+01  -1.6313286e-01  -1.2354854e-01
   1.4500000e+01  -1.8140923e-01  -1.1394011e-01
   1.4600000e+01  -2.1000065e-01  -7.7925889e-02
   1.4700000e+01  -2.4171911e-01  -2.8557963e-02
   1.4800000e+01  -2.6366923e-01   2.0586354e-04
   1.4900000e+01  -2.6790870e-01  -2.5057512e-02
   1.5000000e+01  -2.5856874e-01  -1.0468853e-01
   1.5100000e+01  -2.4446634e-01  -1.9738615e-01
   1.5200000e+01  -2.2421003e-01  -2.4956707e-01
   1.5300000e+01  -1.8550124e-01  -2.3668031e-01
   1.5400000e+01  -1.2509568e-01  -1.7696551e-01
   1.5500000e+01  -6.4672581e-02  -1.0703367e-01
   1.5600000e+01  -3.5553340e-02  -4.8420822e-02
   1.5700000e+01  -4.3718924e-02  -7.7665471e-04
   1.5800000e+01  -5.7807961e-02   3.6374946e-02
   1.5900000e+01  -3.9660048e-02   4.5986972e-02
   1.6000000e+01   1.6138626e-02   6.6745311e-03
   1.6100000e+01   8.0489530e-02  -7.6833239e-02
   1.6200000e+01   1.2587379e-01  -1.6482428e-01
   1.6300000e+01   1.5442190e-01  -2.1121308e-01
   1.6400000e+01   1.8636913e-01  -2.0077601e-01
   1.6500000e+01   2.2922680e-01  -1.5522390e-01
   1.6600000e+01   2.6751647e-01  -1.0534135e-01
   1.6700000e+01   2.8037636e-01  -6.4558325e-02
   1.6800000e+01   2.6062903e-01  -3.1175373e-02
   1.6900000e+01   2.1639600e-01  -6.1472265e-03
   1.7000000e+01   1.6320547e-01   3.7449844e-03
   1.7100000e+01   1.1872656e-01   5.1902955e-04
   1.7200000e+01   9.6952095e-02   8.4575711e-04
   1.7300000e+01   9.7599822e-02   1.8182879e-02
   1.7400000e+01   1.0238006e-01   4.2997316e-02
   1.7500000e+01   9.0191787e-02   5.0610811e-02
   1.7600000e+01   5.8965888e-02   3.0512971e-02
   1.7700000e+01   2.7855864e-02   1.7095904e-04
   1.7800000e+01   1.5371352e-02  -1.5189410e-02
   1.7900000e+01   1.9475444e-02  -1.0789269e-02
   1.8000000e+01   2.2410711e-02  -2.1920715e-03
   1.8100000e+01   1.1203491e-02   1.1503984e-03
   1.8200000e+01  -1.1794473e-02   1.1913846e-02
   1.8300000e+01  -3.6771745e-02   4.8692691e-02
   1.8400000e+01  -5.8683642e-02   1.0883210e-01
   1.8500000e+01  -8.0559834e-02   1.6503966e-01
   1.8600000e+01  -1.0898267e-01   1.8952882e-01
   1.8700000e+01  -1.4738914e-01   1.7731511e-01
   1.8800000e+01  -1.8888786e-01   1.4587083e-01
   1.8900000e+01  -2.1321988e-01   1.1761939e-01
   1.9000000e+01  -1.9758534e-01   1.0549706e-01
   1.9100000e+01  -1.3980342e-01   1.0997533e-01
   1.9200000e+01  -7.1007177e-02   1.2198999e-01
   1.9300000e+01  -3.6342124e-02   1.2714413e-01
   1.9400000e+01  -5.5831544e-02   1.1288021e-01
   1.9500000e+01  -1.0556296e-01   7.7999273e-02
   1.9600000e+01  -1.4158451e-01   3.6689835e-02
   1.9700000e+01  -1.4159804e-01   1.0112248e-02
   1.9800000e+01  -1.1990984e-01   9.6404686e-03
   1.9900000e+01  -1.0371145e-01   2.5782427e-02
   2.0000000e+01  -1.0271769e-01   3.4310062e-02
   2.0100000e+01  -1.0615801e-01   1.6271810e-02
   2.0200000e+01  -1.0304990e-01  -2.5941839e-02
   2.0300000e+01  -9.4679742e-02  -7.2354596e-02
   2.0400000e+01  -8.4489382e-02  -1.0472307e-01
   2.0500000e+01  -6.4338751e-02  -1.1994341e-01
   2.0600000e+01  -2.1056321e-02  -1.2440355e-01
   2.0700000e+01   4.2455217e-02  -1.2143406e-01
   2.0800000e+01   1.0079717e-01  -1.1164484e-01
   2.0900000e+01   1.2788956e-01  -1.0330158e-01
   2.1000000e+01   1.2394824e-01  -1.1041377e-01
   2.1100000e+01   1.1436226e-01  -1.3345377e-01
   2.1200000e+01   1.1943697e-01  -1.4982506e-01
   2.1300000e+01   1.3034320e-01  -1.3617348e-01
   2.1400000e+01   1.2068666e-01  -1.0012517e-01
   2.1500000e+01   8.0037534e-02  -7.7082704e-02
   2.1600000e+01   2.8801590e-02  -8.8094625e-02
   2.1700000e+01  -2.5401790e-03  -1.0906111e-01
   2.1800000e+01  -2.7975592e-03  -9.3309079e-02
   2.1900000e+01   1.6509260e-02  -2.3793445e-02
   2.2000000e+01   4.1374007e-02   6.6760415e-02
   2.2100000e+01   6.7472035e-02   1.2962429e-01
   2.2200000e+01   9.0296346e-02   1.4548196e-01
   2.2300000e+01   9.5652616e-02   1.3244669e-01
   2.2400000e+01   7.2564029e-02   1.1866548e-01
   2.2500000e+01   3.3279570e-02   1.1822128e-01
   2.2600000e+01   7.8378905e-03   1.3070376e-01
   2.2700000e+01   1.3439828e-02   1.4946817e-01
   2.2800000e+01   3.6498246e-02   1.6216631e-01
   2.2900000e+01   5.1228748e-02   1.5118931e-01
   2.3000000e+01   5.0099933e-02   1.0663912e-01
   2.3100000e+01   4.6896143e-02   4.1773747e-02
   2.3200000e+01   5.2728392e-02  -1.1605893e-02
   2.3300000e+01   6.1259208e-02  -2.8967654e-02
   2.3400000e+01   6.1523731e-02  -1.3414467e-02
   2.3500000e+01   5.5155617e-02   1.1208310e-02
   2.3600000e+01   5.1695549e-02   2.4119934e-02
   2.3700000e+01   5.1776880e-02   2.0500011e-02
   2.3800000e+01   4.5890606e-02   3.8440707e-03
   2.3900000e+01   3.0475339e-02  -2.4791502e-02
   2.4000000e+01   1.5784222e-02  -6.3505637e-02
   2.4100000e+01   1.2971560e-02  -9.9572511e-02
   2.4200000e+01   1.9049425e-02  -1.1272058e-01
   2.4300000e+01   2.0306830e-02  -9.3758189e-02
   2.4400000e+01   7.6941692e-03  -5.6756201e-02
   2.4500000e+01  -1.6248778e-02  -2.7268050e-02
   2.4600000e+01  -4.3545732e-02  -1.8185126e-02
   2.4700000e+01  -6.8067986e-02  -2.1005681e-02
   2.4800000e+01  -8.7451904e-02  -2.1381275e-02
   2.4900000e+01  -1.0412409e-01  -1.7711187e-02
   2.5000000e+01  -1.2564080e-01  -1.9318755e-02
   2.5100000e+01  -1.5718821e-01  -2.8729931e-02
   2.5200000e+01  -1.8910240e-01  -3.3462145e-02
   2.5300000e+01  -1.9709075e-01  -1.9470895e-02
   2.5400000e+01  -1.6340927e-01   1.0424385e-02
   2.5500000e+01  -9.8897131e-02   3.6249158e-02
   2.5600000e+01  -3.8173545e-02   3.9120356e-02
   2.5700000e+01  -9.7145793e-03   1.7355942e-02
   2.5800000e+01  -1.3196888e-02  -1.4546168e-02
   2.5900000e+01  -2.7777948e-02  -3.8330841e-02
   2.6000000e+01  -3.7696145e-02  -4.2059528e-02
   2.6100000e+01  -4.3432951e-02  -2.3907770e-02
   2.6200000e+01  -4.8709921e-02   5.9833342e-03
   2.6300000e+01  -4.5099191e-02   2.6355143e-02
   2.6400000e+01  -1.7300673e-02   1.5208315e-02
   2.6500000e+01   3.6042069e-02  -3.1470794e-02
   2.6600000e+01   9.2486311e-02  -8.8559586e-02
   2.6700000e+01   1.2220701e-01  -1.1420333e-01
   2.6800000e+01   1.1566395e-01  -8.1278387e-02
   2.6900000e+01   9.2934012e-02  -2.3388316e-03
   2.7000000e+01   8.3374446e-02   7.5673081e-02
   2.7100000e+01   9.6111991e-02   1.0520640e-01
   2.7200000e+01   1.1229014e-01   7.2998048e-02
   2.7300000e+01   1.0669762e-01   7.3089095e-03
   2.7400000e+01   7.4751871e-02  -4.6766229e-02
   2.7500000e+01   3.6357413e-02  -6.0786120e-02
   2.7600000e+01   1.5096953e-02  -3.7605680e-02
   2.7700000e+01   1.7169818e-02  -4.2086330e-04
   2.7800000e+01   3.0324138e-02   2.7624560e-02
   2.7900000e+01   3.8025875e-02   3.5208914e-02
   2.8000000e+01   3.0903242e-02   2.3594972e-02
   2.8100000e+01   8.1752563e-03   4.2963127e-03
   2.8200000e+01  -2.4308741e-02  -4.3062378e-03
   2.8300000e+01  -5.5101383e-02   1.3251623e-02
   2.8400000e+01  -7.2019635e-02   5.5035791e-02
   2.8500000e+01  -7.1954973e-02   9.6924246e-02
   2.8600000e+01  -6.4804969e-02   1.0824167e-01
   2.8700000e+01  -6.2891195e-02   7.7261319e-02
   2.8800000e+01  -6.6167206e-02   2.2360691e-02
   2.8900000e+01  -6.2555205e-02  -2.2605681e-02
   2.9000000e+01  -4.4540759e-02  -3.4545114e-02
   2.9100000e+01  -2.0017093e-02  -1.5174797e-02
   2.9200000e+01  -1.3340436e-03   1.6233039e-02
   2.9300000e+01   1.3132954e-02   4.0444148e-02
   2.9400000e+01   3.7491266e-02   4.9967827e-02
   2.9500000e+01   7.5166042e-02   4.8467052e-02
   2.9600000e+01   1.0442015e-01   4.2948775e-02
   2.9700000e+01   9.6340261e-02   3.7296178e-02
   2.9800000e+01   4.8314907e-02   3.1485726e-02
   2.9900000e+01  -7.0914074e-03   2.4461038e-02
   3.0000000e+01  -3.1499079e-02   1.5876494e-02
   3.0100000e+01  -1.6920308e-02   5.0504794e-03
   3.0200000e+01   1.0832613e-02  -9.6912552e-03
   3.0300000e+01   2.2995090e-02  -2.8519755e-02
   3.0400000e+01   1.6577934e-02  -4.7354207e-02
   3.0500000e+01   1.0787741e-02  -5.9950717e-02
   3.0600000e+01   1.9860988e-02  -6.3779773e-02
   3.0700000e+01   3.5144394e-02  -6.2326266e-02
   3.0800000e+01   3.4288195e-02  -6.0246472e-02
   3.0900000e+01   4.3512720e-03  -5.7642816e-02
   3.1000000e+01  -4.5723201e-02  -5.1406177e-02
   3.1100000e+01  -9.2800527e-02  -4.1782101e-02
   3.1200000e+01  -1.1748614e-01  -3.4528016e-02
   3.1300000e+01  -1.1700571e-01  -3.4533182e-02
   3.1400000e+01  -1.0487708e-01  -3.8443610e-02
   3.1500000e+01  -9.8905004e-02  -3.6182347e-02
   3.1600000e+01  -1.0651603e-01  -2.1213663e-02
   3.1700000e+01  -1.1917767e-01   9.8887788e-04
   3.1800000e+01  -1.2110663e-01   1.6077460e-02
   3.1900000e+01  -1.0396612e-01   1.4258485e-02
   3.2000000e+01  -7.2847575e-02   1.4889365e-03
   3.2100000e+01  -3.9179694e-02  -4.3851404e-03
   3.2200000e+01  -1.1386173e-02   8.3359454e-03
   3.2300000e+01   6.2574617e-03   3.0549010e-02
   3.2400000e+01   1.0865164e-02   3.8971392e-02
   3.2500000e+01   4.3592266e-03   2.0281303e-02
   3.2600000e+01  -3.8084451e-04  -1.2818678e-02
   3.2700000e+01   1.4625373e-02  -3.3015659e-02
   3.2800000e+01   5.3232068e-02  -2.5775295e-02
   3.2900000e+01   9.4503093e-02  -2.1928775e-03
   3.3000000e+01   1.0976497e-01   1.5743844e-02
   3.3100000e+01   9.3648284e-02   1.8128858e-02
   3.3200000e+01   7.3275324e-02   1.2206280e-02
   3.3300000e+01   8.1358374e-02   8.2228238e-03
   3.3400000e+01   1.2145106e-01   6.8089387e-03
   3.3500000e+01   1.6436753e-01   1.5589918e-03
   3.3600000e+01   1.7927428e-01  -1.1013523e-02
   3.3700000e+01   1.6382794e-01  -2.7973468e-02
   3.3800000e+01   1.4104797e-01  -4.4126003e-02
   3.3900000e+01   1.3004111e-01  -5.5627099e-02
   3.4000000e+01   1.2567273e-01  -5.9804391e-02
   3.4100000e+01   1.0863461e-01  -5.5082558e-02
   3.4200000e+01   7.1455122e-02  -4.2419703e-02
   3.4300000e+01   2.9445522e-02  -2.4472271e-02
   3.4400000e+01   4.5015304e-03  -1.7682689e-03
   3.4500000e+01   7.0866179e-04   2.8282518e-02
   3.4600000e+01  -3.6391061e-04   6.6021173e-02
   3.4700000e+01  -1.8775873e-02   1.0394841e-01
   3.4800000e+01  -5.2556147e-02   1.2955333e-01
   3.4900000e+01  -7.8188027e-02   1.3532231e-01
   3.5000000e+01  -7.6100766e-02   1.2524176e-01
   3.5100000e+01  -5.3454393e-02   1.1084745e-01
   3.5200000e+01  -3.7876781e-02   1.0159134e-01
   3.5300000e+01  -4.7733565e-02   9.9013706e-02
   3.5400000e+01  -7.1932297e-02   9.7987021e-02
   3.5500000e+01  -8.2666696e-02   9.1399834e-02
   3.5600000e+01  -6.7146623e-02   7.4849707e-02
   3.5700000e+01  -4.2231260e-02   5.0542379e-02
   3.5800000e+01  -3.5557513e-02   2.8069779e-02
   3.5900000e+01  -5.5335826e-02   1.8039543e-02
   3.6000000e+01  -8.2809528e-02   2.0559213e-02
   3.6100000e+01  -9.3522569e-02   2.0173126e-02
   3.6200000e+01  -8.0978585e-02  -2.7720621e-03
   3.6300000e+01  -5.7416111e-02  -5.1321346e-02
   3.6400000e+01  -3.6142147e-02  -1.0317474e-01
   3.6500000e+01  -1.9369620e-02  -1.2720400e-01
   3.6600000e+01  -3.3792709e-03  -1.1218722e-01
   3.6700000e+01   1.0700220e-02  -7.9283306e-02
   3.6800000e+01   1.6216760e-02  -6.4294540e-02
   3.6900000e+01   9.4790103e-03  -8.5876424e-02
   3.7000000e+01  -5.6445598e-03  -1.2950152e-01
   3.7100000e+01  -2.2660370e-02  -1.6087578e-01
   3.7200000e+01  -3.8719558e-02  -1.5496484e-01
   3.7300000e+01  -5.3317208e-02  -1.1488474e-01
   3.7400000e+01  -6.2483351e-02  -6.6584170e-02
   3.7500000e+01  -5.8823720e-02  -3.6497070e-02
   3.7600000e+01  -4.0310865e-02  -3.1822616e-02
   3.7700000e+01  -1.7849325e-02  -3.8864103e-02
   3.7800000e+01  -9.8435517e-03  -3.8767445e-02
   3.7900000e+01  -2.5427033e-02  -2.5111019e-02
   3.8000000e+01  -5.2877778e-02  -7.0897765e-03
   3.8100000e+01  -6.7952610e-02   3.0572794e-03
   3.8200000e+01  -5.6625984e-02   3.7690104e-03
   3.8300000e+01  -2.8785763e-02   4.5750312e-03
   3.8400000e+01  -6.7735924e-03   1.4542015e-02
   3.8500000e+01  -8.4179268e-04   3.2766462e-02
   3.8600000e+01  -1.1392284e-05   5.0332947e-02
   3.8700000e+01   1.1191646e-02   5.9107609e-02
   3.8800000e+01   3.1957033e-02   5.7171722e-02
   3.8900000e+01   4.7205361e-02   4.7803982e-02
   3.9000000e+01   4.8796583e-02   3.6407380e-02
   3.9100000e+01   4.6403030e-02   2.8526197e-02
   3.9200000e+01   5.2976342e-02   2.7643007e-02
   3.9300000e+01   6.5525512e-02   3.2306688e-02
   3.9400000e+01   6.9066175e-02   3.5940354e-02
   3.9500000e+01   5.8980854e-02   3.1465678e-02
   3.9600000e+01   5.0004774e-02   1.7082938e-02
   3.9700000e+01   5.7694041e-02  -2.3981093e-03
   3.9800000e+01   7.7021290e-02  -1.9190570e-02
   3.9900000e+01   8.8036305e-02  -2.6480604e-02
   4.0000000e+01   8.1615064e-02  -1.9535936e-02
   4.0100000e+01   7.0088663e-02   4.0100860e-03
   4.0200000e+01   6.7837130e-02   4.1631026e-02
   4.0300000e+01   6.8383214e-02   8.2734879e-02
   4.0400000e+01   5.0167929e-02   1.1019379e-01
   4.0500000e+01   5.2089287e-03   1.0877083e-01
   4.0600000e+01  -4.5508287e-02   7.5163524e-02
   4.0700000e+01  -6.9376264e-02   2.1125992e-02
   4.0800000e+01  -5.2078817e-02  -3.3391364e-02
   4.0900000e+01  -8.2692322e-03  -7.1235134e-02
   4.1000000e+01   3.3038524e-02  -8.4486243e-02
   4.1100000e+01   4.8977217e-02  -7.3550218e-02
   4.1200000e+01   3.2879108e-02  -4.3467625e-02
   4.1300000e+01  -5.5346800e-03  -2.6031343e-03
   4.1400000e+01  -4.4675606e-02   3.6725179e-02
   4.1500000e+01  -6.1355558e-02   6.0153574e-02
   4.1600000e+01  -4.5818572e-02   5.7698001e-02
   4.1700000e+01  -1.0150945e-02   3.0737763e-02
   4.1800000e+01   2.0674235e-02  -6.9685126e-03
   4.1900000e+01   2.8893399e-02  -3.6654488e-02
   4.2000000e+01   1.6410211e-02  -4.5264671e-02
   4.2100000e+01  -4.2784279e-04  -3.1103687e-02
   4.2200000e+01  -5.5220178e-03  -1.1782880e-03
   4.2300000e+01   6.4161731e-03   3.4366134e-02
   4.2400000e+01   2.7940469e-02   6.4124747e-02
   4.2500000e+01   4.3009724e-02   7.5556830e-02
   4.2600000e+01   3.6065935e-02   6.0746085e-02
   4.2700000e+01   4.4184130e-03   2.6466459e-02
   4.2800000e+01  -3.4984612e-02  -5.1713764e-03
   4.2900000e+01  -5.4828108e-02  -1.3688125e-02
   4.3000000e+01  -3.9419181e-02  -4.8267017e-04
   4.3100000e+01  -2.1022170e-04   1.1788973e-02
   4.3200000e+01   3.1351442e-02   3.1162455e-03
   4.3300000e+01   2.8696231e-02  -2.3185454e-02
   4.3400000e+01  -8.7455350e-03  -4.6571003e-02
   4.3500000e+01  -5.5166121e-02  -5.2588020e-02
   4.3600000e+01  -7.7707143e-02  -4.4272169e-02
   4.3700000e+01  -6.0469728e-02  -3.1775241e-02
   4.3800000e+01  -1.6301984e-02  -1.9679734e-02
   4.3900000e+01   2.2493134e-02  -9.5347106e-03
   4.4000000e+01   2.9216795e-02  -8.1180772e-03
   4.4100000e+01   4.6185333e-03  -2.2487376e-02
   4.4200000e+01  -2.4135516e-02  -4.5676372e-02
   4.4300000e+01  -2.8314772e-02  -5.6458106e-02
   4.4400000e+01  -3.7934162e-03  -4.0579346e-02
   4.4500000e+01   2.6537759e-02  -9.4875878e-03
   4.4600000e+01   3.5245446e-02   8.9456109e-03
   4.4700000e+01   1.3907802e-02  -5.1309376e-04
   4.4800000e+01  -2.4097177e-02  -2.5128075e-02
   4.4900000e+01  -5.8750041e-02  -3.9615350e-02
   4.5000000e+01  -7.6930372e-02  -3.2611564e-02
   4.5100000e+01  -7.3769153e-02  -1.4049445e-02
   4.5200000e+01  -4.9772116e-02   5.9909960e-04
   4.5300000e+01  -1.3539073e-02   6.5985489e-03
   4.5400000e+01   1.5204523e-02   9.0311147e-03
   4.5500000e+01   1.4821491e-02   1.1744051e-02
   4.5600000e+01  -1.8899883e-02   1.3267975e-02
   4.5700000e+01  -6.3785174e-02   1.2442210e-02
   4.5800000e+01  -8.7717741e-02   1.1889938e-02
   4.5900000e+01  -7.7691749e-02   1.3237980e-02
   4.6000000e+01  -5.1128618e-02   1.2823286e-02
   4.6100000e+01  -3.5909848e-02   6.7716359e-03
   4.6200000e+01  -4.0115857e-02  -6.5886457e-04
   4.6300000e+01  -4.4813051e-02   1.2514313e-03
   4.6400000e+01  -2.7717275e-02   1.7272157e-02
   4.6500000e+01   9.3050968e-03   3.7724746e-02
   4.6600000e+01   4.0120294e-02   4.5280083e-02
   4.6700000e+01   4.1590328e-02   3.0558439e-02
   4.6800000e+01   1.7648922e-02   4.9359004e-04
   4.6900000e+01  -5.6088348e-03  -2.7474949e-02
   4.7000000e+01  -6.3509430e-03  -3.8022425e-02
   4.7100000e+01   1.4953519e-02  -2.6703472e-02
   4.7200000e+01   4.2568047e-02  -1.0431078e-03
   4.7300000e+01   6.3970921e-02   2.3977001e-02
   4.7400000e+01   7.6429537e-02   3.3407855e-02
   4.7500000e+01   7.8670803e-02   2.0562391e-02
   4.7600000e+01   6.5665953e-02  -7.7245396e-03
   4.7700000e+01   3.7589134e-02  -3.3153038e-02
   4.7800000e+01   9.7961245e-03  -3.6546178e-02
   4.7900000e+01   4.6426824e-03  -1.1986410e-02
   4.8000000e+01   2.9070727e-02   2.5876663e-02
   4.8100000e+01   6.3865843e-02   5.0317233e-02
   4.8200000e+01   8.0115157e-02   4.3888245e-02
   4.8300000e+01   6.6671227e-02   1.4817644e-02
   4.8400000e+01   3.9091660e-02  -9.5824573e-03
   4.8500000e+01   2.1931028e-02  -8.9700630e-03
   4.8600000e+01   2.5245984e-02   1.0826479e-02
   4.8700000e+01   3.8947693e-02   2.6551648e-02
   4.8800000e+01   4.6340548e-02   2.3736912e-02
   4.8900000e+01   3.9766705e-02   9.5825744e-03
   4.9000000e+01   2.4428044e-02  -5.2426631e-04
   4.9100000e+01   1.1124206e-02  -2.4221952e-03
   4.9200000e+01   7.0806843e-03  -3.1456775e-03
   4.9300000e+01   1.2032003e-02  -5.2278604e-03
   4.9400000e+01   2.0748066e-02  -8.9431372e-04
   4.9500000e+01   2.8328945e-02   1.4238590e-02
   4.9600000e+01   3.2925530e-02   2.8447938e-02
   4.9700000e+01   3.3900751e-02   2.3276999e-02
   4.9800000e+01   2.9528312e-02  -4.3343230e-03
   4.9900000e+01   1.9163857e-02  -3.5613217e-02
   5.0000000e+01   7.3620730e-03  -4.8820715e-02
   5.0100000e+01   1.7249285e-03  -4.1346325e-02
   5.0200000e+01   3.3220579e-03  -2.9567834e-02
   5.0300000e+01   1.3254096e-03  -2.8537232e-02
   5.0400000e+01  -1.7355489e-02  -3.6203000e-02
   5.0500000e+01  -5.0941434e-02  -3.8780350e-02
   5.0600000e+01  -7.9071827e-02  -2.8405814e-02
   5.0700000e+01  -8.1127275e-02  -1.2083443e-02
   5.0800000e+01  -5.8612793e-02  -2.9925236e-03
   5.0900000e+01  -3.5725579e-02  -5.0674566e-03
   5.1000000e+01  -3.5458597e-02  -8.0995367e-03
   5.1100000e+01  -5.6687244e-02   1.3107490e-03
   5.1200000e+01  -7.7093284e-02   2.4556612e-02
   5.1300000e+01  -7.7982043e-02   4.7852404e-02
   5.1400000e+01  -6.3488945e-02   5.4740198e-02
   5.1500000e+01  -5.4263782e-02   4.1109507e-02
   5.1600000e+01  -6.4011350e-02   1.7279105e-02
   5.1700000e+01  -8.4454271e-02  -3.0789670e-03
   5.1800000e+01  -9.3733004e-02  -1.2973246e-02
   5.1900000e+01  -7.8632287e-02  -1.1207551e-02
   5.2000000e+01  -4.8057640e-02   2.8493508e-03
   5.2100000e+01  -2.5046550e-02   2.7258163e-02
   5.2200000e+01  -2.5778419e-02   5.0757777e-02
   5.2300000e+01  -4.5794414e-02   5.5801605e-02
   5.2400000e+01  -6.5506823e-02   3.5107374e-02
   5.2500000e+01  -6.7926382e-02   3.6640230e-03
   5.2600000e+01  -5.0751389e-02  -1.2752035e-02
   5.2700000e+01  -2.3032771e-02  -4.4636605e-03
   5.2800000e+01   6.1974688e-03   1.0301677e-02
   5.2900000e+01   3.3233949e-02   5.1691574e-03
   5.3000000e+01   5.5366418e-02  -2.3731988e-02
   5.3100000e+01   6.6820636e-02  -5.1859945e-02
   5.3200000e+01   6.3733022e-02  -5.3000647e-02
   5.3300000e+01   5.2785740e-02  -2.8278848e-02
   5.3400000e+01   5.0120927e-02  -4.4181317e-03
   5.3500000e+01   6.7192532e-02  -4.3220286e-03
   5.3600000e+01   9.7110625e-02  -2.4226530e-02
   5.3700000e+01   1.1776361e-01  -4.1548026e-02
   5.3800000e+01   1.1142089e-01  -4.0706371e-02
   5.3900000e+01   8.2098324e-02  -2.6033383e-02
   5.4000000e+01   5.2382292e-02  -1.0762890e-02
   5.4100000e+01   4.1660783e-02  -7.3076899e-04
   5.4200000e+01   4.7389959e-02   6.4980292e-03
   5.4300000e+01   4.9011037e-02   1.0718598e-02
   5.4400000e+01   3.1028433e-02   5.9434578e-03
   5.4500000e+01   1.1180328e-03  -8.7507180e-03
   5.4600000e+01  -1.6297426e-02  -2.0685735e-02
   5.4700000e+01  -4.6202092e-03  -1.3154409e-02
   5.4800000e+01   2.7767418e-02   1.5025652e-02
   5.4900000e+01   5.4710546e-02   4.3749245e-02
   5.5000000e+01   5.5101369e-02   4.9274599e-02
   5.5100000e+01   2.8802920e-02   2.7656633e-02
   5.5200000e+01  -6.3373496e-03  -1.0244404e-03
   5.5300000e+01  -2.9638254e-02  -1.1825991e-02
   5.5400000e+01  -3.1319237e-02   2.6563230e-03
   5.5500000e+01  -1.7060262e-02   2.8285298e-02
   5.5600000e+01  -2.4998933e-03   4.5049690e-02
   5.5700000e+01  -7.4495678e-04   4.4843543e-02
   5.5800000e+01  -1.0817017e-02   3.4687853e-02
   5.5900000e+01  -1.7676533e-02   2.5412442e-02
   5.6000000e+01  -6.3436089e-03   1.9959189e-02
   5.6100000e+01   2.2595251e-02   1.3635905e-02
   5.6200000e+01   5.2640352e-02   4.1071246e-03
   5.6300000e+01   6.6606508e-02  -2.4982049e-03
   5.6400000e+01   5.9838892e-02   1.5384867e-03
   5.6500000e+01   3.7618438e-02   1.2877592e-02
   5.6600000e+01   4.3722269e-03   1.5410795e-02
   5.6700000e+01  -3.7647876e-02  -4.2914646e-03
   5.6800000e+01  -7.8479833e-02  -3.9097595e-02
   5.6900000e+01  -9.7659028e-02  -6.2618618e-02
   5.7000000e+01  -8.0821937e-02  -5.2890880e-02
   5.7100000e+01  -4.0258415e-02  -1.6039375e-02
   5.7200000e+01  -1.1436217e-02   1.5855074e-02
   5.7300000e+01  -2.1764576e-02   1.3207075e-02
   5.7400000e+01  -6.2665341e-02  -2.3537815e-02
   5.7500000e+01  -9.7000810e-02  -6.4365261e-02
   5.7600000e+01  -9.5805604e-02  -7.6890931e-02
   5.7700000e+01  -6.5213976e-02  -5.2984058e-02
   5.7800000e+01  -3.6247281e-02  -1.0848276e-02
   5.7900000e+01  -3.1998978e-02   2.4634182e-02
   5.8000000e+01  -4.8473526e-02   4.0768525e-02
   5.8100000e+01  -6.4578668e-02   3.9242390e-02
   5.8200000e+01  -6.3812410e-02   2.6669990e-02
   5.8300000e+01  -4.4351677e-02   8.0009128e-03
   5.8400000e+01  -1.4602975e-02  -1.2162031e-02
   5.8500000e+01   1.3863344e-02  -2.7395919e-02
   5.8600000e+01   3.0008635e-02  -3.2399066e-02
   5.8700000e+01   2.7670907e-02  -2.7362157e-02
   5.8800000e+01   1.1382776e-02  -1.7297592e-02
   5.8900000e+01  -3.8682237e-03  -7.1959485e-03
   5.9000000e+01  -3.1057449e-03   5.0578413e-04
   5.9100000e+01   1.6263919e-02   4.0388339e-03
   5.9200000e+01   4.2304629e-02   1.0897965e-03
   5.9300000e+01   5.8174027e-02  -7.8783434e-03
   5.9400000e+01   5.3970836e-02  -1.6087828e-02
   5.9500000e+01   3.2028378e-02  -1.3920388e-02
   5.9600000e+01   4.7000232e-03   1.3937265e-03
   5.9700000e+01  -1.2467876e-02   2.0227004e-02
   5.9800000e+01  -9.8578739e-03   2.7545550e-02
   5.9900000e+01   8.8168161e-03   1.7490162e-02
   6.0000000e+01   2.7778777e-02   5.3185951e-04
   6.0100000e+01   3.1580343e-02  -5.7106262e-03
   6.0200000e+01   1.9096448e-02   6.4670634e-03
   6.0300000e+01   4.3064429e-03   2.7771527e-02
   6.0400000e+01   1.2158171e-03   4.2111297e-02
   6.0500000e+01   8.8488544e-03   4.2026766e-02
   6.0600000e+01   1.4065155e-02   3.2176693e-02
   6.0700000e+01   9.4544894e-03   1.9458316e-02
   6.0800000e+01   4.1126649e-03   5.0426048e-03
   6.0900000e+01   1.2377878e-02  -1.0751522e-02
   6.1000000e+01   3.3351223e-02  -1.9593266e-02
   6.1100000e+01   4.7909128e-02  -8.8345228e-03
   6.1200000e+01   3.9887117e-02   2.2481420e-02
   6.1300000e+01   1.6923969e-02   5.5292720e-02
   6.1400000e+01   4.0409479e-03   6.4435799e-02
   6.1500000e+01   1.5266798e-02   4.2751786e-02
   6.1600000e+01   3.6660952e-02   8.7730805e-03
   6.1700000e+01   4.1874635e-02  -1.1344236e-02
   6.1800000e+01   2.2466790e-02  -8.0163336e-03
   6.1900000e+01  -2.6434755e-03   6.7834312e-03
   6.2000000e+01  -8.8483533e-03   1.5818836e-02
   6.2100000e+01   7.9849994e-03   1.3393940e-02
   6.2200000e+01   3.0679889e-02   5.7546631e-03
   6.2300000e+01   4.2569364e-02   7.4363478e-05
   6.2400000e+01   4.3206496e-02  -2.1191789e-03
   6.2500000e+01   4.0902508e-02  -2.0823842e-03
   6.2600000e+01   3.6408365e-02  -4.3164939e-04
   6.2700000e+01   2.1566048e-02   6.0444653e-04
   6.2800000e+01  -6.0265232e-03  -4.5514555e-03
   6.2900000e+01  -3.4129814e-02  -1.8737406e-02
   6.3000000e+01  -4.6862613e-02  -3.4168677e-02
   6.3100000e+01  -4.2570621e-02  -3.6053547e-02
   6.3200000e+01  -3.5522003e-02  -1.8200894e-02
   6.3300000e+01  -3.8655574e-02   6.4923723e-03
   6.3400000e+01  -4.8566074e-02   1.5090604e-02
   6.3500000e+01  -5.0889000e-02  -4.4827985e-03
   6.3600000e+01  -3.8810486e-02  -4.2311826e-02
   6.3700000e+01  -2.1863106e-02  -7.5238443e-02
   6.3800000e+01  -1.4762951e-02  -8.4560995e-02
   6.3900000e+01  -1.9939221e-02  -6.6704564e-02
   6.4000000e+01  -2.3987540e-02  -3.2785810e-02
   6.4100000e+01  -1.1762183e-02  -2.0369044e-03
   6.4200000e+01   1.7229220e-02   8.0661474e-03
   6.4300000e+01   4.6757351e-02  -6.6881396e-03
   6.4400000e+01   5.7555830e-02  -3.2265581e-02
   6.4500000e+01   4.3528328e-02  -4.6882744e-02
   6.4600000e+01   1.6202227e-02  -4.0755897e-02
   6.4700000e+01  -5.5371668e-03  -2.4337926e-02
   6.4800000e+01  -1.0680306e-02  -1.4194557e-02
   6.4900000e+01  -3.0167555e-03  -1.2693020e-02
   6.5000000e+01   5.2111534e-03  -6.8277071e-03
   6.5100000e+01   5.3896482e-03   1.2246680e-02
   6.5200000e+01  -1.6105180e-03   3.4573877e-02
   6.5300000e+01  -9.6535082e-03   4.1453439e-02
   6.5400000e+01  -1.4479624e-02   2.7979107e-02
   6.5500000e+01  -1.5774092e-02   9.5286013e-03
   6.5600000e+01  -1.4997672e-02   4.2355408e-03
   6.5700000e+01  -1.4768617e-02   1.3602341e-02
   6.5800000e+01  -1.9878543e-02   2.4408367e-02
   6.5900000e+01  -3.4339054e-02   2.7216317e-02
   6.6000000e+01  -5.4680669e-02   2.6864294e-02
   6.6100000e+01  -6.9136133e-02   3.2766211e-02
   6.6200000e+01  -6.7986566e-02   4.3701634e-02
   6.6300000e+01  -5.4313836e-02   4.8100138e-02
   6.6400000e+01  -4.0158858e-02   3.9608293e-02
   6.6500000e+01  -3.1201201e-02   2.7209871e-02
   6.6600000e+01  -2.0441451e-02   2.5727313e-02
   6.6700000e+01  -1.0253240e-03   3.7565655e-02
   6.6800000e+01   1.8807570e-02   4.8224474e-02
   6.6900000e+01   2.1468298e-02   4.1710512e-02
   6.7000000e+01   2.2438226e-03   1.8044958e-02
   6.7100000e+01  -2.0652490e-02  -6.9947490e-03
   6.7200000e+01  -2.3669400e-02  -1.8329359e-02
   6.7300000e+01  -3.3522112e-03  -1.4823713e-02
   6.7400000e+01   2.0850543e-02  -6.3908022e-03
   6.7500000e+01   2.8851671e-02  -2.0455494e-03
   6.7600000e+01   1.9979257e-02  -3.7474087e-03
   6.7700000e+01   9.2326001e-03  -9.5555358e-03
   6.7800000e+01   8.4371447e-03  -1.7534884e-02
   6.7900000e+01   1.5985210e-02  -2.4792678e-02
   6.8000000e+01   2.3583854e-02  -2.6363882e-02
   6.8100000e+01   2.7223265e-02  -1.9256228e-02
   6.8200000e+01   2.8637276e-02  -7.3472274e-03
   6.8300000e+01   2.8800600e-02   1.0209782e-03
   6.8400000e+01   2.4341066e-02   1.6256475e-03
   6.8500000e+01   1.1776290e-02  -1.3937147e-03
   6.8600000e+01  -6.1065279e-03  -1.4199891e-03
   6.8700000e+01  -1.9774974e-02   1.9148630e-03
   6.8800000e+01  -1.9825095e-02   2.0748015e-03
   6.8900000e+01  -5.1579282e-03  -6.4341959e-03
   6.9000000e+01   1.5072442e-02  -2.1130246e-02
   6.9100000e+01   2.8000595e-02  -3.2770132e-02
   6.9200000e+01   2.7035671e-02  -3.2133716e-02
   6.9300000e+01   1.7205124e-02  -1.5804201e-02
   6.9400000e+01   1.1473848e-02   1.1747271e-02
   6.9500000e+01   2.0513058e-02   3.9080879e-02
   6.9600000e+01   4.2980999e-02   5.2101682e-02
   6.9700000e+01   6.3571691e-02   4.2274761e-02
   6.9800000e+01   6.2252367e-02   1.4544976e-02
   6.9900000e+01   3.0558347e-02  -1.3073516e-02
   7.0000000e+01  -1.7273223e-02  -2.1570450e-02
   7.0100000e+01  -5.0596786e-02  -6.8253367e-03
   7.0200000e+01  -4.4916595e-02   1.4917434e-02
   7.0300000e+01  -2.4050219e-03   1.9304002e-02
   7.0400000e+01   4.9320101e-02  -4.8273688e-03
   7.0500000e+01   7.9914985e-02  -4.4230133e-02
   7.0600000e+01   7.8877948e-02  -7.2018920e-02
   7.0700000e+01   5.7715203e-02  -7.1554925e-02
   7.0800000e+01   3.4017585e-02  -5.0467853e-02
   7.0900000e+01   1.6949354e-02  -3.1052184e-02
   7.1000000e+01   6.9070246e-03  -2.7932625e-02
   7.1100000e+01   2.9836890e-03  -3.6813756e-02
   7.1200000e+01   5.1335552e-03  -4.4146956e-02
   7.1300000e+01   9.5119404e-03  -4.3493048e-02
   7.1400000e+01   7.2302767e-03  -3.9126568e-02
   7.1500000e+01  -7.7160809e-03  -3.5607039e-02
   7.1600000e+01  -2.9718728e-02  -2.9159807e-02
   7.1700000e+01  -4.4352220e-02  -1.2147855e-02
   7.1800000e+01  -4.2155704e-02   1.5726882e-02
   7.1900000e+01  -2.8659192e-02   4.3487174e-02
   7.2000000e+01  -1.8776871e-02   5.6846573e-02
   7.2100000e+01  -2.1481445e-02   5.0108079e-02
   7.2200000e+01  -3.2152222e-02   3.1308802e-02
   7.2300000e+01  -4.0601334e-02   1.6322221e-02
   7.2400000e+01  -4.3696124e-02   1.6152434e-02
   7.2500000e+01  -4.6695605e-02   2.7736071e-02
   7.2600000e+01  -5.3040308e-02   3.7725403e-02
   7.2700000e+01  -5.7718496e-02   3.7490615e-02
   7.2800000e+01  -5.3773517e-02   3.3806483e-02
   7.2900000e+01  -4.2610039e-02   4.1112406e-02
   7.3000000e+01  -3.2893003e-02   6.2113134e-02
   7.3100000e+01  -2.8784753e-02   8.0557818e-02
   7.3200000e+01  -2.3981034e-02   7.8041171e-02
   7.3300000e+01  -1.0789309e-02   5.6090814e-02
   7.3400000e+01   7.4911058e-03   3.5050305e-02
   7.3500000e+01   1.8140858e-02   2.9049820e-02
   7.3600000e+01   1.3465466e-02   2.8169748e-02
   7.3700000e+01  -2.7842163e-04   1.1834468e-02
   7.3800000e+01  -1.0468747e-02  -2.2147518e-02
   7.3900000e+01  -1.1533542e-02  -5.0008846e-02
   7.4000000e+01  -7.2202789e-03  -4.7378233e-02
   7.4100000e+01  -1.3485189e-03  -1.7967923e-02
   7.4200000e+01   7.9576537e-03   8.6563014e-03
   7.4300000e+01   2.2474434e-02   7.5303501e-03
   7.4400000e+01   3.6463441e-02  -1.7865532e-02
   7.4500000e+01   4.0341884e-02  -4.2952123e-02
   7.4600000e+01   3.1821465e-02  -4.8541917e-02
   7.4700000e+01   1.9170497e-02  -3.6244480e-02
   7.4800000e+01   1.1329375e-02  -2.0130520e-02
   7.4900000e+01   7.7946500e-03  -9.5969169e-03
   7.5000000e+01   1.9299450e-03  -3.9196797e-03
   7.5100000e+01  -7.0600966e-03  -9.4917537e-04
   7.5200000e+01  -1.0772550e-02  -5.2616694e-03
   7.5300000e+01  -2.8657427e-03  -2.3732725e-02
   7.5400000e+01   9.8542047e-03  -5.3423024e-02
   7.5500000e+01   1.3200245e-02  -7.7546263e-02
   7.5600000e+01   3.3623839e-03  -7.7504216e-02
   7.5700000e+01  -5.9579140e-03  -5.0476417e-02
   7.5800000e+01   1.2104389e-03  -1.3624585e-02
   7.5900000e+01   2.2101580e-02   1.1046559e-02
   7.6000000e+01   3.5141914e-02   1.5843437e-02
   7.6100000e+01   2.3768251e-02   1.0682352e-02
   7.6200000e+01  -3.1995342e-03   9.3399571e-03
   7.6300000e+01  -2.0120377e-02   1.6496884e-02
   7.6400000e+01  -1.3108697e-02   2.8767623e-02
   7.6500000e+01   5.4488954e-03   4.2345166e-02
   7.6600000e+01   1.3696951e-02   5.3201415e-02
   7.6700000e+01   6.7503598e-03   5.1977192e-02
   7.6800000e+01  -5.3270363e-04   2.8473587e-02
   7.6900000e+01   3.4561621e-03  -1.2854436e-02
   7.7000000e+01   9.9661692e-03  -4.7051090e-02
   7.7100000e+01   2.0979183e-03  -4.7908173e-02
   7.7200000e+01  -1.9970685e-02  -1.5676919e-02
   7.7300000e+01  -3.5467318e-02   2.0027532e-02
   7.7400000e+01  -2.7719438e-02   2.9457985e-02
   7.7500000e+01  -5.5911686e-03   1.2407876e-02
   7.7600000e+01   6.7932808e-03  -5.2371248e-03
   7.7700000e+01  -2.6022917e-04  -2.4268864e-03
   7.7800000e+01  -1.0378505e-02   1.5672409e-02
   7.7900000e+01  -1.9274650e-03   2.8309093e-02
   7.8000000e+01   2.5011781e-02   2.4614134e-02
   7.8100000e+01   4.7957491e-02   1.2251784e-02
   7.8200000e+01   4.6542287e-02   2.8408338e-03
   7.8300000e+01   2.2609899e-02  -3.1933156e-03
   7.8400000e+01  -4.0655873e-03  -1.3112362e-02
   7.8500000e+01  -1.4853023e-02  -2.7692836e-02
   7.8600000e+01  -5.3225749e-03  -3.7591673e-02
   7.8700000e+01   1.4912408e-02  -3.5074208e-02
   7.8800000e+01   2.9399060e-02  -2.4379215e-02
   7.8900000e+01   2.4297025e-02  -1.6347448e-02
   7.9000000e+01  -1.2755235e-03  -1.4481858e-02
   7.9100000e+01  -3.0895825e-02  -1.0681236e-02
   7.9200000e+01  -4.1607262e-02   4.1651438e-03
   7.9300000e+01  -2.4703696e-02   2.7974156e-02
   7.9400000e+01   4.5630725e-03   4.7424738e-02
   7.9500000e+01   2.1418730e-02   4.8969532e-02
   7.9600000e+01   1.5569675e-02   2.9813520e-02
   7.9700000e+01  -1.8905222e-03   1.0051951e-03
   7.9800000e+01  -1.4015827e-02  -1.8528060e-02
   7.9900000e+01  -1.4503422e-02  -1.4821080e-02
   8.0000000e+01  -7.8568494e-03   8.8076038e-03
