   1.0221618e+02   2.8602761e+01   2.5212700e+03
   1.0220101e+02   2.8385089e+01   1.7025000e+03
   0.0000000e+00   3.7836781e-02   3.7836781e-02
   1.0000000e-01   1.1655512e-01   3.3657210e-03
   2.0000000e-01   2.3303587e-01  -7.5072028e-03
   3.0000000e-01   3.5596452e-01  -2.4956346e-02
   4.0000000e-01   4.5215143e-01  -6.7709151e-02
   5.0000000e-01   5.1166522e-01  -1.3394301e-01
   6.0000000e-01   5.5396486e-01  -2.0650605e-01
   7.0000000e-01   6.1078343e-01  -2.6512059e-01
   8.0000000e-01   7.0083328e-01  -2.9736533e-01
   9.0000000e-01   8.1553754e-01  -3.0376950e-01
   1.0000000e+00   9.2393896e-01  -2.9579438e-01
   1.1000000e+00   9.9141984e-01  -2.8900512e-01
   1.2000000e+00   1.0000000e+00  -2.9657129e-01
   1.3000000e+00   9.5812019e-01  -3.2655404e-01
   1.4000000e+00   8.9350165e-01  -3.8088625e-01
   1.5000000e+00   8.3311981e-01  -4.5257063e-01
   1.6000000e+00   7.8423433e-01  -5.2428771e-01
   1.7000000e+00   7.3073721e-01  -5.7630571e-01
   1.8000000e+00   6.4754563e-01  -6.0265163e-01
   1.9000000e+00   5.2179832e-01  -6.1960425e-01
   2.0000000e+00   3.6478884e-01  -6.5210773e-01
   2.1000000e+00   2.0554518e-01  -7.0710486e-01
   2.2000000e+00   7.0178583e-02  -7.6172598e-01
   2.3000000e+00  -3.7197312e-02  -7.8149925e-01
   2.4000000e+00  -1.3460217e-01  -7.5046613e-01
   2.5000000e+00  -2.4044706e-01  -6.8141375e-01
   2.6000000e+00  -3.4941139e-01  -5.9806322e-01
   2.7000000e+00  -4.3246370e-01  -5.1276155e-01
   2.8000000e+00  -4.6495251e-01  -4.2432680e-01
   2.9000000e+00  -4.5461078e-01  -3.3261359e-01
   3.0000000e+00  -4.3800636e-01  -2.4648184e-01
   3.1000000e+00  -4.4766005e-01  -1.7375886e-01
   3.2000000e+00  -4.8464309e-01  -1.0728205e-01
   3.3000000e+00  -5.2387160e-01  -2.7086165e-02
   3.4000000e+00  -5.4193962e-01   8.0897482e-02
   3.5000000e+00  -5.3615561e-01   2.0960071e-01
   3.6000000e+00  -5.1994797e-01   3.3615653e-01
   3.7000000e+00  -5.0716909e-01   4.4270483e-01
   3.8000000e+00  -5.0248791e-01   5.3068380e-01
   3.9000000e+00  -5.0034611e-01   6.1342043e-01
   4.0000000e+00  -4.8731531e-01   6.9550036e-01
   4.1000000e+00  -4.4885127e-01   7.6274196e-01
   4.2000000e+00  -3.8282473e-01   7.9572414e-01
   4.3000000e+00  -3.1025158e-01   7.9275648e-01
   4.4000000e+00  -2.6702603e-01   7.7511983e-01
   4.5000000e+00  -2.7642784e-01   7.6575533e-01
   4.6000000e+00  -3.2617463e-01   7.6378911e-01
   4.7000000e+00  -3.7481796e-01   7.4462620e-01
   4.8000000e+00  -3.8437169e-01   6.8741356e-01
   4.9000000e+00  -3.4895409e-01   5.9947210e-01
   5.0000000e+00  -2.9341733e-01   5.0945582e-01
   5.1000000e+00  -2.4664621e-01   4.3643003e-01
   5.2000000e+00  -2.1773999e-01   3.6958718e-01
   5.3000000e+00  -1.9590458e-01   2.8089745e-01
   5.4000000e+00  -1.6786317e-01   1.5601477e-01
   5.5000000e+00  -1.3083173e-01   1.0186926e-02
   5.6000000e+00  -8.9481766e-02  -1.2537498e-01
   5.7000000e+00  -4.6015606e-02  -2.2967942e-01
   5.8000000e+00   1.7832169e-03  -3.0434407e-01
   5.9000000e+00   5.3343909e-02  -3.6420330e-01
   6.0000000e+00   1.0122189e-01  -4.1998551e-01
   6.1000000e+00   1.3804931e-01  -4.7031579e-01
   6.2000000e+00   1.6671320e-01  -5.0727132e-01
   6.3000000e+00   1.9993777e-01  -5.2690490e-01
   6.4000000e+00   2.4744578e-01  -5.3419891e-01
   6.5000000e+00   3.0423196e-01  -5.3860328e-01
   6.6000000e+00   3.5330590e-01  -5.4423484e-01
   6.7000000e+00   3.8047034e-01  -5.4299824e-01
   6.8000000e+00   3.8561746e-01  -5.1750495e-01
   6.9000000e+00   3.7954943e-01  -4.5378346e-01
   7.0000000e+00   3.7187206e-01  -3.5478835e-01
   7.1000000e+00   3.6471479e-01  -2.4214543e-01
   7.2000000e+00   3.5826831e-01  -1.4160973e-01
   7.3000000e+00   3.5833763e-01  -6.3295005e-02
   7.4000000e+00   3.7329751e-01   4.2150386e-03
   7.5000000e+00   4.0235711e-01   7.8108173e-02
   7.6000000e+00   4.3061076e-01   1.5877741e-01
   7.7000000e+00   4.4021599e-01   2.2470544e-01
   7.8000000e+00   4.2717377e-01   2.5178434e-01
   7.9000000e+00   4.0459722e-01   2.3738987e-01
   8.0000000e+00   3.8813824e-01   2.0414991e-01
   8.1000000e+00   3.7987316e-01   1.8063692e-01
   8.2000000e+00   3.6818523e-01   1.7954061e-01
   8.3000000e+00   3.4215089e-01   1.9249220e-01
   8.4000000e+00   3.0320696e-01   2.0101198e-01
   8.5000000e+00   2.6204079e-01   1.9054183e-01
   8.6000000e+00   2.2620150e-01   1.5850510e-01
   8.7000000e+00   1.9281954e-01   1.1473801e-01
   8.8000000e+00   1.5314707e-01   7.4163979e-02
   8.9000000e+00   1.0247342e-01   4.4276690e-02
   9.0000000e+00   4.4525411e-02   1.7733686e-02
   9.1000000e+00  -1.3585744e-02  -1.9569951e-02
   9.2000000e+00  -6.9733686e-02  -7.0597111e-02
   9.3000000e+00  -1.2890016e-01  -1.1984709e-01
   9.4000000e+00  -1.9600746e-01  -1.4742120e-01
   9.5000000e+00  -2.6696734e-01  -1.4932497e-01
   9.6000000e+00  -3.2902914e-01  -1.4022968e-01
   9.7000000e+00  -3.7249616e-01  -1.3639148e-01
   9.8000000e+00  -4.0227734e-01  -1.3993230e-01
   9.9000000e+00  -4.3523323e-01  -1.4104212e-01
   1.0000000e+01  -4.8337122e-01  -1.3115688e-01
   1.0100000e+01  -5.3950904e-01  -1.1035810e-01
   1.0200000e+01  -5.8132503e-01  -8.4715602e-02
   1.0300000e+01  -5.9053729e-01  -6.1481178e-02
   1.0400000e+01  -5.6756421e-01  -4.6542215e-02
   1.0500000e+01  -5.2768307e-01  -4.1505607e-02
   1.0600000e+01  -4.8550815e-01  -4.0977116e-02
   1.0700000e+01  -4.4546544e-01  -3.5448701e-02
   1.0800000e+01  -4.0522442e-01  -1.8989384e-02
   1.0900000e+01  -3.6268700e-01   7.3669480e-03
   1.1000000e+01  -3.1623431e-01   3.9799358e-02
   1.1100000e+01  -2.6080982e-01   7.4306395e-02
   1.1200000e+01  -1.8930539e-01   1.0189738e-01
   1.1300000e+01  -1.0058545e-01   1.0710411e-01
   1.1400000e+01  -5.0889747e-03   8.1406142e-02
   1.1500000e+01   7.9447021e-02   3.9810736e-02
   1.1600000e+01   1.3943712e-01   1.5063755e-02
   1.1700000e+01   1.7531693e-01   2.7931106e-02
   1.1800000e+01   2.0273843e-01   6.6396608e-02
   1.1900000e+01   2.4254763e-01   1.0068193e-01
   1.2000000e+01   3.0339095e-01   1.1636901e-01
   1.2100000e+01   3.6960765e-01   1.2412562e-01
   1.2200000e+01   4.0920535e-01   1.3644605e-01
   1.2300000e+01   4.0115321e-01   1.4649095e-01
   1.2400000e+01   3.5793880e-01   1.3920028e-01
   1.2500000e+01   3.1735083e-01   1.1765156e-01
   1.2600000e+01   3.0748075e-01   1.0527547e-01
   1.2700000e+01   3.2021450e-01   1.1827990e-01
   1.2800000e+01   3.2171684e-01   1.4431901e-01
   1.2900000e+01   2.8801963e-01   1.5536624e-01
   1.3000000e+01   2.2689014e-01   1.3802388e-01
   1.3100000e+01   1.6513003e-01   1.0463867e-01
   1.3200000e+01   1.1981950e-01   7.6429899e-02
   1.3300000e+01   8.5792986e-02   6.3381410e-02
   1.3400000e+01   4.8185417e-02   6.2240953e-02
   1.3500000e+01   1.1024747e-03   6.6331926e-02
   1.3600000e+01  -4.7464203e-02   7.0112497e-02
   1.3700000e+01  -8.4763348e-02   6.6616833e-02
   1.3800000e+01  -1.0374543e-01   4.8600573e-02
   1.3900000e+01  -1.0654930e-01   1.5808148e-02
   1.4000000e+01  -1.0215043e-01  -2.2263722e-02
   1.4100000e+01  -1.0166905e-01  -5.4321099e-02
   1.4200000e+01  -1.1280874e-01  -7.6691928e-02
   1.4300000e+01  -1.3550972e-01  -9.2191346e-02
   1.4400000e+01  -1.6249889e-01  -1.0129499e-01
   1.4500000e+01  -1.8538178e-01  -9.9705745e-02
   1.4600000e+01  -2.0105607e-01  -8.7157068e-02
   1.4700000e+01  -2.1215708e-01  -7.4833706e-02
   1.4800000e+01  -2.2116242e-01  -7.8252236e-02
   1.4900000e+01  -2.2433336e-01  -1.0156231e-01
   1.5000000e+01  -2.1228873e-01  -1.3256783e-01
   1.5100000e+01  -1.7843732e-01  -1.5565250e-01
   1.5200000e+01  -1.2894691e-01  -1.6694800e-01
   1.5300000e+01  -8.3868210e-02  -1.7349380e-01
   1.5400000e+01  -6.3838771e-02  -1.7998366e-01
   1.5500000e+01  -7.0507503e-02  -1.8272095e-01
   1.5600000e+01  -7.9847290e-02  -1.7804017e-01
   1.5700000e+01  -6.0100466e-02  -1.7014747e-01
   1.5800000e+01  -1.4398625e-03  -1.6466653e-01
   1.5900000e+01   7.2192171e-02  -1.5773467e-01
   1.6000000e+01   1.2405736e-01  -1.4009138e-01
   1.6100000e+01   1.3906199e-01  -1.1395126e-01
   1.6200000e+01   1.3653596e-01  -9.7814793e-02
   1.6300000e+01   1.4886087e-01  -1.0655789e-01
   1.6400000e+01   1.8943700e-01  -1.2858930e-01
   1.6500000e+01   2.4225199e-01  -1.3144288e-01
   1.6600000e+01   2.7963460e-01  -9.4963467e-02
   1.6700000e+01   2.8648319e-01  -3.5929829e-02
   1.6800000e+01   2.6805131e-01   5.5594291e-03
   1.6900000e+01   2.3927734e-01   5.5569384e-03
   1.7000000e+01   2.1032471e-01  -1.9658330e-02
   1.7100000e+01   1.8135018e-01  -2.9818829e-02
   1.7200000e+01   1.4766372e-01  -8.2247734e-05
   1.7300000e+01   1.0785987e-01   5.6027506e-02
   1.7400000e+01   6.6795260e-02   1.0136920e-01
   1.7500000e+01   3.0543623e-02   1.1086573e-01
   1.7600000e+01  -1.5598734e-03   9.2699131e-02
   1.7700000e+01  -3.7985514e-02   7.7024907e-02
   1.7800000e+01  -8.4955010e-02   8.7294538e-02
   1.7900000e+01  -1.3437044e-01   1.2326288e-01
   1.8000000e+01  -1.6493702e-01   1.6784545e-01
   1.8100000e+01  -1.5960014e-01   2.0452009e-01
   1.8200000e+01  -1.2304087e-01   2.2634738e-01
   1.8300000e+01  -8.0025130e-02   2.3306845e-01
   1.8400000e+01  -5.5270582e-02   2.2599391e-01
   1.8500000e+01  -5.5665293e-02   2.0708042e-01
   1.8600000e+01  -7.1498190e-02   1.7943657e-01
   1.8700000e+01  -9.0433702e-02   1.4660579e-01
   1.8800000e+01  -1.0563148e-01   1.1334500e-01
   1.8900000e+01  -1.1203751e-01   8.8292987e-02
   1.9000000e+01  -1.0295935e-01   8.1867195e-02
   1.9100000e+01  -7.6761876e-02   9.6282434e-02
   1.9200000e+01  -4.4975646e-02   1.1825672e-01
   1.9300000e+01  -2.6465930e-02   1.2739842e-01
   1.9400000e+01  -2.9501264e-02   1.1474221e-01
   1.9500000e+01  -4.2039050e-02   8.9520668e-02
   1.9600000e+01  -4.3645327e-02   6.4441631e-02
   1.9700000e+01  -2.6877115e-02   3.8292633e-02
   1.9800000e+01  -4.1050575e-03   1.5100811e-04
   1.9900000e+01   7.0542002e-03  -4.9264231e-02
   2.0000000e+01   2.0224170e-03  -8.8972956e-02
   2.0100000e+01  -8.4637842e-03  -9.7298552e-02
   2.0200000e+01  -1.1349217e-02  -7.7758223e-02
   2.0300000e+01  -2.7295296e-03  -5.8806055e-02
   2.0400000e+01   1.2911326e-02  -6.5951320e-02
   2.0500000e+01   2.9815538e-02  -9.7554002e-02
   2.0600000e+01   4.3570772e-02  -1.2967507e-01
   2.0700000e+01   4.8500364e-02  -1.4130346e-01
   2.0800000e+01   3.7879219e-02  -1.3184401e-01
   2.0900000e+01   1.0380509e-02  -1.1635020e-01
   2.1000000e+01  -2.4433613e-02  -1.0840060e-01
   2.1100000e+01  -5.0085020e-02  -1.0858200e-01
   2.1200000e+01  -5.4863237e-02  -1.0676017e-01
   2.1300000e+01  -4.0345396e-02  -9.3663301e-02
   2.1400000e+01  -1.8737306e-02  -7.1074377e-02
   2.1500000e+01  -2.1118659e-03  -5.1112415e-02
   2.1600000e+01   6.2247374e-03  -4.3778489e-02
   2.1700000e+01   1.1011461e-02  -4.4233318e-02
   2.1800000e+01   1.6591036e-02  -3.4817911e-02
   2.1900000e+01   1.9194349e-02  -3.3635837e-03
   2.2000000e+01   8.3221386e-03   3.9609461e-02
   2.2100000e+01  -2.1878560e-02   6.4488541e-02
   2.2200000e+01  -6.0808771e-02   4.6987465e-02
   2.2300000e+01  -8.2671260e-02  -7.8980272e-03
   2.2400000e+01  -6.4346118e-02  -6.4307926e-02
   2.2500000e+01  -6.1423507e-03  -7.8813464e-02
   2.2600000e+01   6.4599153e-02  -3.1292847e-02
   2.2700000e+01   1.1241595e-01   5.8597027e-02
   2.2800000e+01   1.1872378e-01   1.4104164e-01
   2.2900000e+01   9.1274649e-02   1.6681026e-01
   2.3000000e+01   5.2888828e-02   1.1987055e-01
   2.3100000e+01   2.3025198e-02   2.9058269e-02
   2.3200000e+01   7.8015283e-03  -5.1400128e-02
   2.3300000e+01   2.2133652e-03  -7.9681584e-02
   2.3400000e+01  -1.5528274e-03  -5.4246934e-02
   2.3500000e+01  -6.5667854e-03  -1.0799930e-02
   2.3600000e+01  -8.4082681e-03   7.7949603e-03
   2.3700000e+01   6.8434457e-04  -1.6027479e-02
   2.3800000e+01   2.2433875e-02  -6.3917118e-02
   2.3900000e+01   4.5590832e-02  -9.8357789e-02
   2.4000000e+01   5.0318567e-02  -9.2177482e-02
   2.4100000e+01   2.3932507e-02  -4.8655223e-02
   2.4200000e+01  -2.4322210e-02   2.0449656e-03
   2.4300000e+01  -6.4645705e-02   2.6926148e-02
   2.4400000e+01  -6.7432595e-02   1.5573942e-02
   2.4500000e+01  -2.8556910e-02  -1.4105076e-02
   2.4600000e+01   2.3523245e-02  -3.4363417e-02
   2.4700000e+01   4.9023896e-02  -3.2615554e-02
   2.4800000e+01   3.0958739e-02  -1.9252855e-02
   2.4900000e+01  -8.8608807e-03  -1.2531803e-02
   2.5000000e+01  -2.9133062e-02  -1.8334278e-02
   2.5100000e+01  -6.8886364e-03  -2.6078993e-02
   2.5200000e+01   4.2715219e-02  -2.2658674e-02
   2.5300000e+01   8.3300117e-02  -7.1491405e-03
   2.5400000e+01   9.1743681e-02   9.0609407e-03
   2.5500000e+01   7.4898996e-02   1.4440161e-02
   2.5600000e+01   5.5385805e-02   7.7186897e-03
   2.5700000e+01   4.6358966e-02  -2.7128464e-03
   2.5800000e+01   4.2175621e-02  -7.3273319e-03
   2.5900000e+01   2.9887810e-02  -2.7604359e-03
   2.6000000e+01   4.7625147e-03   7.7984548e-03
   2.6100000e+01  -2.5949526e-02   1.9632841e-02
   2.6200000e+01  -5.0637133e-02   3.0858970e-02
   2.6300000e+01  -6.1914031e-02   4.1346377e-02
   2.6400000e+01  -5.9372796e-02   4.8169986e-02
   2.6500000e+01  -4.7776907e-02   4.5276436e-02
   2.6600000e+01  -3.4616228e-02   3.1114279e-02
   2.6700000e+01  -2.8250460e-02   1.5964762e-02
   2.6800000e+01  -3.5352158e-02   1.6091901e-02
   2.6900000e+01  -5.7261816e-02   3.5733978e-02
   2.7000000e+01  -8.7742255e-02   5.6957394e-02
   2.7100000e+01  -1.1540302e-01   5.4615599e-02
   2.7200000e+01  -1.3031671e-01   2.5276774e-02
   2.7300000e+01  -1.2931222e-01  -2.7817452e-03
   2.7400000e+01  -1.1491333e-01   4.8447808e-03
   2.7500000e+01  -9.0085168e-02   5.1645781e-02
   2.7600000e+01  -5.6192942e-02   1.0286693e-01
   2.7700000e+01  -1.6807650e-02   1.1836746e-01
   2.7800000e+01   1.9330247e-02   9.1150768e-02
   2.7900000e+01   4.3164647e-02   5.0547231e-02
   2.8000000e+01   5.4035294e-02   2.8823243e-02
   2.8100000e+01   6.0784005e-02   2.9522475e-02
   2.8200000e+01   7.1643530e-02   3.0651502e-02
   2.8300000e+01   8.3692619e-02   1.4966949e-02
   2.8400000e+01   8.4712223e-02  -8.8048182e-03
   2.8500000e+01   6.6523204e-02  -1.6457751e-02
   2.8600000e+01   3.5938334e-02   3.1611762e-03
   2.8700000e+01   1.2106242e-02   3.3458479e-02
   2.8800000e+01   1.2703886e-02   4.4516185e-02
   2.8900000e+01   4.0786836e-02   2.1291651e-02
   2.9000000e+01   8.2001860e-02  -2.2487214e-02
   2.9100000e+01   1.1349457e-01  -5.7233758e-02
   2.9200000e+01   1.1843430e-01  -6.3516339e-02
   2.9300000e+01   9.6602945e-02  -4.6409557e-02
   2.9400000e+01   6.3401542e-02  -2.6659488e-02
   2.9500000e+01   3.7582647e-02  -1.9995651e-02
   2.9600000e+01   2.7386128e-02  -2.5404638e-02
   2.9700000e+01   2.6546476e-02  -3.1208000e-02
   2.9800000e+01   2.2657612e-02  -2.8887468e-02
   2.9900000e+01   9.1601490e-03  -1.9375854e-02
   3.0000000e+01  -9.8869525e-03  -8.4980980e-03
   3.0100000e+01  -2.5040351e-02  -8.9804485e-04
   3.0200000e+01  -3.0619721e-02   1.2854280e-04
   3.0300000e+01  -2.9807256e-02  -9.1531814e-03
   3.0400000e+01  -3.2193576e-02  -2.9449400e-02
   3.0500000e+01  -4.6111849e-02  -5.2505936e-02
   3.0600000e+01  -7.1826839e-02  -6.3489559e-02
   3.0700000e+01  -1.0112585e-01  -5.4130667e-02
   3.0800000e+01  -1.2341381e-01  -3.3190327e-02
   3.0900000e+01  -1.3218231e-01  -1.9753821e-02
   3.1000000e+01  -1.2596157e-01  -2.3870819e-02
   3.1100000e+01  -1.0526646e-01  -3.5928900e-02
   3.1200000e+01  -7.2043997e-02  -3.8089640e-02
   3.1300000e+01  -3.3063920e-02  -2.5503173e-02
   3.1400000e+01  -4.2596723e-04  -1.2519192e-02
   3.1500000e+01   1.5834742e-02  -1.5980220e-02
   3.1600000e+01   1.6655742e-02  -3.4635748e-02
   3.1700000e+01   1.2956882e-02  -4.8694824e-02
   3.1800000e+01   1.3892648e-02  -4.0464565e-02
   3.1900000e+01   1.7253836e-02  -1.3039162e-02
   3.2000000e+01   1.3600725e-02   1.3176771e-02
   3.2100000e+01  -8.7258952e-05   2.0969776e-02
   3.2200000e+01  -1.2755090e-02   1.0820643e-02
   3.2300000e+01  -6.8943566e-03  -4.4462610e-03
   3.2400000e+01   2.5231777e-02  -1.5390293e-02
   3.2500000e+01   7.1953939e-02  -2.3048427e-02
   3.2600000e+01   1.0818702e-01  -3.1802635e-02
   3.2700000e+01   1.1254029e-01  -4.0118285e-02
   3.2800000e+01   8.2163727e-02  -4.1675119e-02
   3.2900000e+01   3.4258549e-02  -3.4367987e-02
   3.3000000e+01  -5.9919489e-03  -2.4572137e-02
   3.3100000e+01  -2.1249787e-02  -2.0887016e-02
   3.3200000e+01  -1.0647388e-02  -2.5019533e-02
   3.3300000e+01   1.2561576e-02  -3.0371735e-02
   3.3400000e+01   3.0619982e-02  -2.9064809e-02
   3.3500000e+01   3.2215209e-02  -1.8860077e-02
   3.3600000e+01   1.9593110e-02  -3.2179741e-03
   3.3700000e+01   7.2587865e-03   1.3536512e-02
   3.3800000e+01   1.0816925e-02   2.9434370e-02
   3.3900000e+01   3.2781008e-02   4.3690646e-02
   3.4000000e+01   5.8425218e-02   5.4332647e-02
   3.4100000e+01   6.7994853e-02   5.8768564e-02
   3.4200000e+01   5.4630581e-02   5.7139008e-02
   3.4300000e+01   2.9193670e-02   5.4485555e-02
   3.4400000e+01   6.5325212e-03   5.8804342e-02
   3.4500000e+01  -1.0697749e-02   7.6231639e-02
   3.4600000e+01  -3.1167231e-02   1.0694453e-01
   3.4700000e+01  -5.8337907e-02   1.4392455e-01
   3.4800000e+01  -7.9963598e-02   1.7452012e-01
   3.4900000e+01  -7.8878015e-02   1.8465723e-01
   3.5000000e+01  -5.3617376e-02   1.6580911e-01
   3.5100000e+01  -2.3539970e-02   1.2216567e-01
   3.5200000e+01  -1.0597110e-02   7.1733726e-02
   3.5300000e+01  -1.8081287e-02   3.6742338e-02
   3.5400000e+01  -3.0482678e-02   2.7609947e-02
   3.5500000e+01  -3.3084198e-02   3.3146778e-02
   3.5600000e+01  -2.7043483e-02   2.7602629e-02
   3.5700000e+01  -2.3541678e-02  -8.0382588e-03
   3.5800000e+01  -2.7636113e-02  -6.6737242e-02
   3.5900000e+01  -3.3514946e-02  -1.1578133e-01
   3.6000000e+01  -3.5231120e-02  -1.2057029e-01
   3.6100000e+01  -3.5895388e-02  -7.5219208e-02
   3.6200000e+01  -4.1829876e-02  -1.3490757e-02
   3.6300000e+01  -5.0091374e-02   1.3903565e-02
   3.6400000e+01  -4.7650011e-02  -1.9402811e-02
   3.6500000e+01  -2.5420789e-02  -9.1172533e-02
   3.6600000e+01   9.1668121e-03  -1.4789249e-01
   3.6700000e+01   3.6264804e-02  -1.5074923e-01
   3.6800000e+01   4.0479688e-02  -1.0850077e-01
   3.6900000e+01   2.3504077e-02  -6.6335705e-02
   3.7000000e+01   1.7288036e-03  -6.1852674e-02
   3.7100000e+01  -6.9156746e-03  -9.0544964e-02
   3.7200000e+01   4.5052000e-03  -1.1234493e-01
   3.7300000e+01   2.7807355e-02  -9.0459427e-02
   3.7400000e+01   4.5374281e-02  -2.5108612e-02
   3.7500000e+01   4.2421903e-02   4.6654875e-02
   3.7600000e+01   1.8584680e-02   8.1270048e-02
   3.7700000e+01  -1.0294830e-02   6.1330400e-02
   3.7800000e+01  -2.3772241e-02   5.5729910e-03
   3.7900000e+01  -1.3594965e-02  -4.7528909e-02
   3.8000000e+01   9.3696393e-03  -6.6921814e-02
   3.8100000e+01   2.5435381e-02  -4.6882658e-02
   3.8200000e+01   2.4357175e-02  -5.5873475e-03
   3.8300000e+01   1.3705196e-02   3.1115432e-02
   3.8400000e+01   9.0030887e-03   4.7091176e-02
   3.8500000e+01   1.5972171e-02   4.2532669e-02
   3.8600000e+01   2.3829982e-02   2.7829382e-02
   3.8700000e+01   1.7443848e-02   1.2624344e-02
   3.8800000e+01  -4.0619638e-03   3.6811697e-05
   3.8900000e+01  -2.2797153e-02  -1.0658828e-02
   3.9000000e+01  -1.8466253e-02  -1.8237892e-02
   3.9100000e+01   1.0208660e-02  -1.8195759e-02
   3.9200000e+01   4.1939874e-02  -7.4478759e-03
   3.9300000e+01   5.2353733e-02   1.0848622e-02
   3.9400000e+01   3.6918041e-02   2.8572300e-02
   3.9500000e+01   1.3614911e-02   3.8869810e-02
   3.9600000e+01   3.6577887e-03   4.0206088e-02
   3.9700000e+01   1.1880839e-02   3.4343038e-02
   3.9800000e+01   2.6406965e-02   2.2671938e-02
   3.9900000e+01   3.3706908e-02   7.0218055e-03
   4.0000000e+01   2.9662205e-02  -6.7452923e-03
   4.0100000e+01   1.7134880e-02  -9.8820960e-03
   4.0200000e+01  -4.0399701e-04   1.8985634e-03
   4.0300000e+01  -1.7812133e-02   2.3606568e-02
   4.0400000e+01  -2.4019436e-02   4.5704285e-02
   4.0500000e+01  -7.0142627e-03   6.2323928e-02
   4.0600000e+01   3.2225259e-02   7.1630077e-02
   4.0700000e+01   7.3234726e-02   6.9212272e-02
   4.0800000e+01   8.8830873e-02   4.7775096e-02
   4.0900000e+01   6.7267927e-02   8.2214660e-03
   4.1000000e+01   2.1854675e-02  -3.2224060e-02
   4.1100000e+01  -2.1290937e-02  -5.0397687e-02
   4.1200000e+01  -4.4379582e-02  -3.8554475e-02
   4.1300000e+01  -4.7884969e-02  -1.2268333e-02
   4.1400000e+01  -4.2850071e-02   5.2001112e-03
   4.1500000e+01  -3.6936161e-02   4.1695970e-03
   4.1600000e+01  -2.9406778e-02  -7.2512677e-03
   4.1700000e+01  -1.8296178e-02  -1.5936416e-02
   4.1800000e+01  -8.8878149e-03  -1.5400430e-02
   4.1900000e+01  -1.1267167e-02  -6.2383959e-03
   4.2000000e+01  -2.8069607e-02   7.9719038e-03
   4.2100000e+01  -4.7249485e-02   2.1939992e-02
   4.2200000e+01  -5.1605854e-02   3.0215027e-02
   4.2300000e+01  -3.7539846e-02   3.2281300e-02
   4.2400000e+01  -2.1816559e-02   3.4354600e-02
   4.2500000e+01  -2.5776677e-02   4.1463540e-02
   4.2600000e+01  -5.2023085e-02   4.8352939e-02
   4.2700000e+01  -7.9300522e-02   4.3795496e-02
   4.2800000e+01  -8.2681808e-02   2.6024561e-02
   4.2900000e+01  -5.8367951e-02   8.9921483e-03
   4.3000000e+01  -2.6958009e-02   8.1912877e-03
   4.3100000e+01  -1.2009813e-02   2.1790948e-02
   4.3200000e+01  -1.6618921e-02   3.0975345e-02
   4.3300000e+01  -2.2163577e-02   1.9974393e-02
   4.3400000e+01  -9.8567204e-03  -8.0608686e-03
   4.3500000e+01   1.7856786e-02  -3.6667445e-02
   4.3600000e+01   3.8803229e-02  -5.3421644e-02
   4.3700000e+01   3.4390704e-02  -5.7852350e-02
   4.3800000e+01   1.0320339e-02  -5.4875540e-02
   4.3900000e+01  -7.7598815e-03  -4.7177262e-02
   4.4000000e+01   3.0761799e-04  -3.6774403e-02
   4.4100000e+01   2.9566765e-02  -3.0019814e-02
   4.4200000e+01   5.6668774e-02  -3.5804999e-02
   4.4300000e+01   6.4458324e-02  -5.7593260e-02
   4.4400000e+01   5.7331379e-02  -8.8410722e-02
   4.4500000e+01   5.2636158e-02  -1.1350902e-01
   4.4600000e+01   6.0539565e-02  -1.1754608e-01
   4.4700000e+01   7.4898622e-02  -9.2356972e-02
   4.4800000e+01   8.2171169e-02  -4.3464913e-02
   4.4900000e+01   7.5714064e-02   8.8789354e-03
   4.5000000e+01   6.0516139e-02   3.9677777e-02
   4.5100000e+01   4.6177405e-02   3.7085881e-02
   4.5200000e+01   3.7000805e-02   1.3195846e-02
   4.5300000e+01   2.8454436e-02  -5.1139169e-03
   4.5400000e+01   1.2615966e-02   6.8365547e-04
   4.5500000e+01  -1.2352269e-02   2.5000569e-02
   4.5600000e+01  -3.7945700e-02   4.4747778e-02
   4.5700000e+01  -5.2087799e-02   4.1602412e-02
   4.5800000e+01  -5.1378716e-02   1.8920108e-02
   4.5900000e+01  -4.4943085e-02  -1.5941239e-03
   4.6000000e+01  -4.3549358e-02   2.7120736e-04
   4.6100000e+01  -4.5957667e-02   2.4612877e-02
   4.6200000e+01  -4.0688804e-02   5.0458793e-02
   4.6300000e+01  -2.3791902e-02   5.3897854e-02
   4.6400000e+01  -1.1024216e-02   2.9657030e-02
   4.6500000e+01  -2.5577273e-02  -3.8142929e-03
   4.6600000e+01  -7.0755991e-02  -2.1399782e-02
   4.6700000e+01  -1.1818221e-01  -1.4871602e-02
   4.6800000e+01  -1.2904657e-01   2.1681359e-05
   4.6900000e+01  -9.0838132e-02   3.2885495e-04
   4.7000000e+01  -3.2963669e-02  -1.9906696e-02
   4.7100000e+01  -3.0568745e-03  -4.2204853e-02
   4.7200000e+01  -2.3934954e-02  -4.0480693e-02
   4.7300000e+01  -7.1654947e-02  -5.5843676e-03
   4.7400000e+01  -9.7165096e-02   4.5972720e-02
   4.7500000e+01  -7.2787651e-02   8.6052960e-02
   4.7600000e+01  -1.8916589e-02   9.6608940e-02
   4.7700000e+01   1.6586550e-02   7.9195564e-02
   4.7800000e+01   6.8707507e-03   4.7648305e-02
   4.7900000e+01  -2.6966211e-02   1.5842223e-02
   4.8000000e+01  -3.8724214e-02  -7.3919755e-03
   4.8100000e+01  -5.2869168e-03  -1.6783120e-02
   4.8200000e+01   5.1203664e-02  -1.0558838e-02
   4.8300000e+01   8.8904654e-02   6.4338104e-03
   4.8400000e+01   8.8919099e-02   2.3226005e-02
   4.8500000e+01   6.8993127e-02   3.0579922e-02
   4.8600000e+01   5.8501396e-02   2.8925610e-02
   4.8700000e+01   6.7333423e-02   2.6431018e-02
   4.8800000e+01   8.1861172e-02   2.8416931e-02
   4.8900000e+01   8.5781784e-02   3.0385567e-02
   4.9000000e+01   7.7961893e-02   2.3044394e-02
   4.9100000e+01   6.9772615e-02   3.4197225e-03
   4.9200000e+01   7.0884645e-02  -2.0608482e-02
   4.9300000e+01   8.1522064e-02  -3.6679091e-02
   4.9400000e+01   9.5722398e-02  -3.7754550e-02
   4.9500000e+01   1.0676459e-01  -2.6571507e-02
   4.9600000e+01   1.0858662e-01  -1.3519855e-02
   4.9700000e+01   9.6780359e-02  -1.1335726e-02
   4.9800000e+01   7.3092833e-02  -2.8007278e-02
   4.9900000e+01   4.8485115e-02  -5.8917700e-02
   5.0000000e+01   3.6897356e-02  -8.4672402e-02
   5.0100000e+01   4.2240141e-02  -8.2559930e-02
   5.0200000e+01   5.2363732e-02  -4.7546607e-02
   5.0300000e+01   4.9256552e-02  -2.9641958e-03
   5.0400000e+01   2.6792782e-02   1.5805696e-02
   5.0500000e+01  -2.9910047e-03  -5.3885835e-03
   5.0600000e+01  -2.2605432e-02  -4.2341152e-02
   5.0700000e+01  -2.6931554e-02  -5.3223085e-02
   5.0800000e+01  -2.6369315e-02  -1.9518831e-02
   5.0900000e+01  -3.2722477e-02   3.4782922e-02
   5.1000000e+01  -4.5119227e-02   6.6467398e-02
   5.1100000e+01  -5.2113755e-02   5.4448731e-02
   5.1200000e+01  -4.6174762e-02   1.6698969e-02
   5.1300000e+01  -3.2885505e-02  -1.1209796e-02
   5.1400000e+01  -2.5285527e-02  -9.3561106e-03
   5.1500000e+01  -3.1824623e-02   1.5101888e-02
   5.1600000e+01  -5.1451735e-02   4.2853095e-02
   5.1700000e+01  -7.7503114e-02   6.1230907e-02
   5.1800000e+01  -1.0162412e-01   6.8186207e-02
   5.1900000e+01  -1.1386481e-01   6.5242099e-02
   5.2000000e+01  -1.0542023e-01   5.3830044e-02
   5.2100000e+01  -7.7855701e-02   3.8838793e-02
   5.2200000e+01  -4.8908256e-02   2.9932392e-02
   5.2300000e+01  -4.1965868e-02   3.3552777e-02
   5.2400000e+01  -6.4122805e-02   4.2597446e-02
   5.2500000e+01  -9.5741370e-02   3.7892108e-02
   5.2600000e+01  -1.0651396e-01   5.2487285e-03
   5.2700000e+01  -8.4477475e-02  -4.6390159e-02
   5.2800000e+01  -4.8739482e-02  -8.6240845e-02
   5.2900000e+01  -3.3004731e-02  -8.6568922e-02
   5.3000000e+01  -5.6091260e-02  -4.9967238e-02
   5.3100000e+01  -1.0574655e-01  -1.0528780e-02
   5.3200000e+01  -1.4714926e-01  -3.7901055e-03
   5.3300000e+01  -1.4741962e-01  -3.3570144e-02
   5.3400000e+01  -9.8754434e-02  -7.0180189e-02
   5.3500000e+01  -2.5057537e-02  -8.2605898e-02
   5.3600000e+01   3.4054437e-02  -6.9841140e-02
   5.3700000e+01   5.2661421e-02  -5.6992280e-02
   5.3800000e+01   3.8228649e-02  -6.2101103e-02
   5.3900000e+01   2.2717656e-02  -7.3658245e-02
   5.4000000e+01   3.2007724e-02  -6.5342745e-02
   5.4100000e+01   6.3189264e-02  -2.9139787e-02
   5.4200000e+01   9.1539311e-02   1.3815887e-02
   5.4300000e+01   9.7332325e-02   3.6726753e-02
   5.4400000e+01   8.3148069e-02   3.4629217e-02
   5.4500000e+01   6.6370786e-02   2.3133319e-02
   5.4600000e+01   5.9804703e-02   1.4498279e-02
   5.4700000e+01   6.2265412e-02   5.1204925e-03
   5.4800000e+01   6.4807884e-02  -1.0490765e-02
   5.4900000e+01   6.1070287e-02  -2.2470632e-02
   5.5000000e+01   5.1228371e-02  -1.2940983e-02
   5.5100000e+01   4.0470566e-02   1.9292102e-02
   5.5200000e+01   3.6766621e-02   5.0316031e-02
   5.5300000e+01   4.7325150e-02   5.3769674e-02
   5.5400000e+01   7.1676471e-02   2.9584464e-02
   5.5500000e+01   9.6621272e-02   4.7100692e-03
   5.5600000e+01   1.0218956e-01   4.5439295e-03
   5.5700000e+01   7.7821891e-02   2.7227932e-02
   5.5800000e+01   3.3923974e-02   4.7908262e-02
   5.5900000e+01  -4.7668994e-03   4.5833064e-02
   5.6000000e+01  -1.8916326e-02   2.4474813e-02
   5.6100000e+01  -7.8516705e-03   5.6380446e-03
   5.6200000e+01   1.5211277e-02   6.3706859e-03
   5.6300000e+01   3.6906379e-02   2.2723778e-02
   5.6400000e+01   5.0184367e-02   3.5224639e-02
   5.6500000e+01   5.0981959e-02   2.9289383e-02
   5.6600000e+01   3.6269381e-02   1.0131760e-02
   5.6700000e+01   9.1584546e-03  -2.3429770e-03
   5.6800000e+01  -1.7945064e-02   6.5851616e-03
   5.6900000e+01  -3.1195098e-02   3.1761757e-02
   5.7000000e+01  -2.7210412e-02   5.3232212e-02
   5.7100000e+01  -1.4167024e-02   5.5249256e-02
   5.7200000e+01  -7.9999057e-04   3.9514431e-02
   5.7300000e+01   1.1693388e-02   2.0281540e-02
   5.7400000e+01   2.4864708e-02   8.5255630e-03
   5.7500000e+01   3.4532549e-02   2.4862349e-03
   5.7600000e+01   3.2754620e-02  -6.9578275e-03
   5.7700000e+01   1.7850818e-02  -2.3851419e-02
   5.7800000e+01  -2.8639344e-03  -4.1615042e-02
   5.7900000e+01  -2.2388071e-02  -4.9797922e-02
   5.8000000e+01  -4.1619487e-02  -4.5396560e-02
   5.8100000e+01  -6.3249766e-02  -3.6369486e-02
   5.8200000e+01  -8.0596954e-02  -3.3166958e-02
   5.8300000e+01  -7.9422784e-02  -3.7169803e-02
   5.8400000e+01  -5.3958414e-02  -3.9161681e-02
   5.8500000e+01  -1.7613341e-02  -3.0304084e-02
   5.8600000e+01   6.9009635e-03  -1.3197002e-02
   5.8700000e+01   8.4445378e-03   4.9783899e-04
   5.8800000e+01  -4.0271440e-03   3.4967756e-03
   5.8900000e+01  -1.4210436e-02   9.2824969e-04
   5.9000000e+01  -1.7070694e-02   2.8191364e-03
   5.9100000e+01  -2.2490495e-02   1.0577276e-02
   5.9200000e+01  -4.0992667e-02   1.4734822e-02
   5.9300000e+01  -6.7968170e-02   6.7832645e-03
   5.9400000e+01  -8.3457626e-02  -9.6579716e-03
   5.9500000e+01  -6.8390416e-02  -2.1362186e-02
   5.9600000e+01  -2.2732861e-02  -1.7570022e-02
   5.9700000e+01   3.0548653e-02   2.0783826e-03
   5.9800000e+01   6.0058685e-02   2.9463150e-02
   5.9900000e+01   4.8480041e-02   5.3950733e-02
   6.0000000e+01   5.5024648e-03   6.6541488e-02
   6.0100000e+01  -3.9491651e-02   6.3113465e-02
   6.0200000e+01  -5.9449309e-02   4.7935708e-02
   6.0300000e+01  -4.8601227e-02   3.2766797e-02
   6.0400000e+01  -2.3606824e-02   2.7750886e-02
   6.0500000e+01  -7.7626172e-03   3.1007979e-02
   6.0600000e+01  -1.2501781e-02   2.9614911e-02
   6.0700000e+01  -3.0239754e-02   1.3778843e-02
   6.0800000e+01  -4.1983492e-02  -1.0706440e-02
   6.0900000e+01  -3.2832415e-02  -2.7070317e-02
   6.1000000e+01  -4.5760184e-03  -2.5293727e-02
   6.1100000e+01   2.3527182e-02  -1.2708599e-02
   6.1200000e+01   2.8002014e-02  -5.1202894e-03
   6.1300000e+01   3.5146107e-04  -9.5172721e-03
   6.1400000e+01  -4.3098891e-02  -1.9177476e-02
   6.1500000e+01  -7.1066911e-02  -2.5621324e-02
   6.1600000e+01  -6.1010794e-02  -3.0501815e-02
   6.1700000e+01  -1.7497542e-02  -4.1720139e-02
   6.1800000e+01   3.0548339e-02  -5.9675596e-02
   6.1900000e+01   5.1871391e-02  -7.2794156e-02
   6.2000000e+01   3.6502003e-02  -6.9203586e-02
   6.2100000e+01   2.5285125e-03  -5.0354098e-02
   6.2200000e+01  -1.8719801e-02  -2.9980026e-02
   6.2300000e+01  -7.2082643e-03  -2.0157761e-02
   6.2400000e+01   3.0562721e-02  -2.1056368e-02
   6.2500000e+01   6.7138185e-02  -2.4603138e-02
   6.2600000e+01   7.5553762e-02  -2.5063102e-02
   6.2700000e+01   4.9485449e-02  -2.3502595e-02
   6.2800000e+01   7.1774782e-03  -2.3169834e-02
   6.2900000e+01  -2.2007109e-02  -2.3743045e-02
   6.3000000e+01  -1.7236326e-02  -2.1323502e-02
   6.3100000e+01   2.0860537e-02  -1.2631675e-02
   6.3200000e+01   7.0575794e-02   1.8307389e-03
   6.3300000e+01   1.0214700e-01   1.7504167e-02
   6.3400000e+01   9.6724264e-02   2.7235485e-02
   6.3500000e+01   5.9457955e-02   2.4480574e-02
   6.3600000e+01   1.5494466e-02   8.5303965e-03
   6.3700000e+01  -1.0336639e-02  -1.1916365e-02
   6.3800000e+01  -1.3026426e-02  -2.2707238e-02
   6.3900000e+01  -6.9308804e-03  -1.5338600e-02
   6.4000000e+01  -5.9258230e-03   4.6064923e-03
   6.4100000e+01  -6.7363588e-03   2.1407456e-02
   6.4200000e+01   4.9525635e-03   2.3118997e-02
   6.4300000e+01   3.3259228e-02   1.2022809e-02
   6.4400000e+01   6.2551587e-02   1.3364079e-03
   6.4500000e+01   7.2528075e-02   1.7881569e-03
   6.4600000e+01   6.0261996e-02   1.1282678e-02
   6.4700000e+01   4.2611484e-02   1.7266202e-02
   6.4800000e+01   3.6362624e-02   9.4110102e-03
   6.4900000e+01   3.9807606e-02  -9.1042711e-03
   6.5000000e+01   3.6104649e-02  -2.2711487e-02
   6.5100000e+01   1.2546659e-02  -1.7157408e-02
   6.5200000e+01  -2.5920926e-02   6.7073766e-03
   6.5300000e+01  -6.0544379e-02   3.3399743e-02
   6.5400000e+01  -7.3085690e-02   4.7958884e-02
   6.5500000e+01  -5.8033237e-02   4.9707985e-02
   6.5600000e+01  -2.6177171e-02   4.9541114e-02
   6.5700000e+01   1.5778691e-03   5.5126986e-02
   6.5800000e+01   8.2357348e-03   6.2780676e-02
   6.5900000e+01  -5.7360640e-03   6.5015347e-02
   6.6000000e+01  -2.2255273e-02   6.1634066e-02
   6.6100000e+01  -2.2684965e-02   5.8458796e-02
   6.6200000e+01  -7.0724365e-03   5.6404178e-02
   6.6300000e+01   5.3985827e-03   4.8024740e-02
   6.6400000e+01  -3.1101994e-03   2.8191791e-02
   6.6500000e+01  -2.9563590e-02   4.8982789e-03
   6.6600000e+01  -5.3282028e-02  -5.5244775e-03
   6.6700000e+01  -5.8185294e-02   5.2789570e-03
   6.6800000e+01  -4.9077854e-02   2.8540203e-02
   6.6900000e+01  -4.4574842e-02   4.6236242e-02
   6.7000000e+01  -5.5793439e-02   4.6573260e-02
   6.7100000e+01  -7.4652554e-02   3.1758378e-02
   6.7200000e+01  -8.3385787e-02   1.3492264e-02
   6.7300000e+01  -7.3428030e-02   3.0457654e-03
   6.7400000e+01  -5.3294670e-02   3.9749176e-03
   6.7500000e+01  -3.8702431e-02   1.0807874e-02
   6.7600000e+01  -3.7117201e-02   1.3458038e-02
   6.7700000e+01  -4.2919908e-02   4.6538210e-03
   6.7800000e+01  -4.6263922e-02  -1.4772061e-02
   6.7900000e+01  -4.4207497e-02  -3.6827195e-02
   6.8000000e+01  -4.1955730e-02  -5.1841462e-02
   6.8100000e+01  -4.4055177e-02  -5.2972340e-02
   6.8200000e+01  -4.6234559e-02  -3.7820659e-02
   6.8300000e+01  -3.7281641e-02  -1.0256388e-02
   6.8400000e+01  -9.4490377e-03   1.7193811e-02
   6.8500000e+01   3.2781970e-02   2.6683718e-02
   6.8600000e+01   7.3897770e-02   7.5631916e-03
   6.8700000e+01   9.7401910e-02  -3.1640690e-02
   6.8800000e+01   9.6371421e-02  -6.6948816e-02
   6.8900000e+01   7.7052593e-02  -7.8721323e-02
   6.9000000e+01   5.4140895e-02  -6.8006921e-02
   6.9100000e+01   4.1404229e-02  -5.1707305e-02
   6.9200000e+01   4.3075498e-02  -4.3171480e-02
   6.9300000e+01   5.1476932e-02  -4.1739160e-02
   6.9400000e+01   5.3921921e-02  -4.1821003e-02
   6.9500000e+01   4.4949063e-02  -4.6026935e-02
   6.9600000e+01   3.2761864e-02  -6.2418762e-02
   6.9700000e+01   3.1618085e-02  -8.9152528e-02
   6.9800000e+01   4.6296481e-02  -1.0902587e-01
   6.9900000e+01   6.5368270e-02  -1.0496370e-01
   7.0000000e+01   7.1626602e-02  -7.9550344e-02
   7.0100000e+01   5.8412674e-02  -5.4090489e-02
   7.0200000e+01   3.3999912e-02  -4.6324534e-02
   7.0300000e+01   1.1334592e-02  -5.1858829e-02
   7.0400000e+01  -2.8342444e-03  -5.0588134e-02
   7.0500000e+01  -8.5055889e-03  -3.0376383e-02
   7.0600000e+01  -7.5097595e-03  -6.5577212e-04
   7.0700000e+01  -2.5971738e-03   1.8866579e-02
   7.0800000e+01   1.0120161e-03   2.0045302e-02
   7.0900000e+01  -4.8872373e-04   1.3069364e-02
   7.1000000e+01  -2.4086948e-03   1.1833904e-02
   7.1100000e+01   6.5038956e-03   1.7441168e-02
   7.1200000e+01   3.0378025e-02   2.0280970e-02
   7.1300000e+01   5.6547085e-02   1.6539188e-02
   7.1400000e+01   6.5132870e-02   1.6260160e-02
   7.1500000e+01   4.9853313e-02   3.1278313e-02
   7.1600000e+01   2.5654249e-02   5.8085363e-02
   7.1700000e+01   1.2739422e-02   7.8269238e-02
   7.1800000e+01   1.4717692e-02   7.7481855e-02
   7.1900000e+01   1.5625306e-02   6.0748380e-02
   7.2000000e+01  -1.6920699e-03   4.6495530e-02
   7.2100000e+01  -3.6857273e-02   4.7155280e-02
   7.2200000e+01  -7.1848490e-02   5.8499503e-02
   7.2300000e+01  -8.7130870e-02   6.7430602e-02
   7.2400000e+01  -7.7367045e-02   6.6634744e-02
   7.2500000e+01  -5.4601854e-02   5.9512922e-02
   7.2600000e+01  -3.9069903e-02   5.2539687e-02
   7.2700000e+01  -4.4671733e-02   4.6387904e-02
   7.2800000e+01  -6.7715905e-02   3.6875482e-02
   7.2900000e+01  -8.7421517e-02   2.4376926e-02
   7.3000000e+01  -8.1290981e-02   1.9454440e-02
   7.3100000e+01  -4.5599697e-02   3.4804601e-02
   7.3200000e+01  -2.2798113e-03   6.8779865e-02
   7.3300000e+01   1.7232960e-02   9.8917240e-02
   7.3400000e+01  -1.7126099e-03   9.7740301e-02
   7.3500000e+01  -4.4836312e-02   5.9099365e-02
   7.3600000e+01  -8.1637345e-02   7.2980517e-03
   7.3700000e+01  -8.9867053e-02  -2.3917738e-02
   7.3800000e+01  -6.9917470e-02  -2.2285489e-02
   7.3900000e+01  -3.9600244e-02  -5.0593336e-03
   7.4000000e+01  -1.7211894e-02   3.1561837e-03
   7.4100000e+01  -7.7345458e-03  -4.0668577e-03
   7.4200000e+01  -2.1122498e-03  -1.4344275e-02
   7.4300000e+01   1.1068590e-02  -1.7136676e-02
   7.4400000e+01   3.2348512e-02  -1.7668686e-02
   7.4500000e+01   4.9783314e-02  -2.8059636e-02
   7.4600000e+01   5.1350625e-02  -4.9671030e-02
   7.4700000e+01   3.8142486e-02  -6.9969856e-02
   7.4800000e+01   2.3218425e-02  -7.6624902e-02
   7.4900000e+01   1.7914234e-02  -6.9818199e-02
   7.5000000e+01   2.2688017e-02  -5.7925904e-02
   7.5100000e+01   3.2257757e-02  -4.4235154e-02
   7.5200000e+01   4.4475115e-02  -2.3670793e-02
   7.5300000e+01   5.8315781e-02   5.2438547e-03
   7.5400000e+01   6.5085793e-02   2.9156622e-02
   7.5500000e+01   5.0541508e-02   2.7123475e-02
   7.5600000e+01   1.1605236e-02  -7.4071670e-03
   7.5700000e+01  -3.2430863e-02  -5.3720684e-02
   7.5800000e+01  -5.2865078e-02  -7.7638146e-02
   7.5900000e+01  -3.8670499e-02  -6.1278275e-02
   7.6000000e+01  -7.9911828e-03  -1.9015791e-02
   7.6100000e+01   9.8911459e-03   1.7013391e-02
   7.6200000e+01   3.1776991e-03   2.6467721e-02
   7.6300000e+01  -1.3279605e-02   1.4825635e-02
   7.6400000e+01  -1.6261427e-02  -2.9896996e-05
   7.6500000e+01   7.8798680e-04  -9.9756887e-03
   7.6600000e+01   2.1696785e-02  -2.1493510e-02
   7.6700000e+01   2.5273332e-02  -4.0053352e-02
   7.6800000e+01   7.7888658e-03  -5.5816050e-02
   7.6900000e+01  -1.2756272e-02  -5.0138920e-02
   7.7000000e+01  -1.5075632e-02  -1.6681804e-02
   7.7100000e+01   2.8963128e-03   2.7333414e-02
   7.7200000e+01   2.1171203e-02   5.3878673e-02
   7.7300000e+01   1.8820488e-02   4.8497073e-02
   7.7400000e+01  -2.2377061e-03   2.1259984e-02
   7.7500000e+01  -1.6465827e-02  -5.8305034e-03
   7.7600000e+01   6.2999205e-04  -1.9964932e-02
   7.7700000e+01   4.6940759e-02  -2.4685587e-02
   7.7800000e+01   9.3174317e-02  -2.8175482e-02
   7.7900000e+01   1.0752094e-01  -2.9442641e-02
   7.8000000e+01   8.1371475e-02  -1.9909523e-02
   7.8100000e+01   3.3503939e-02   2.3530223e-03
   7.8200000e+01  -7.2568409e-03   2.4822688e-02
   7.8300000e+01  -2.2884866e-02   3.0525785e-02
   7.8400000e+01  -1.4613290e-02   1.5098990e-02
   7.8500000e+01   2.5951925e-03  -8.7426237e-03
   7.8600000e+01   1.1470457e-02  -2.3858687e-02
   7.8700000e+01   2.2728807e-03  -2.3395758e-02
   7.8800000e+01  -2.2117958e-02  -1.2644177e-02
   7.8900000e+01  -4.7305968e-02  -4.2472705e-04
   7.9000000e+01  -5.5489650e-02   7.3480001e-03
   7.9100000e+01  -3.7826922e-02   7.6671871e-03
   7.9200000e+01  -3.1031434e-03   8.6665719e-04
   7.9300000e+01   2.5677893e-02  -5.7689508e-03
   7.9400000e+01   2.7098018e-02   2.6443712e-04
   7.9500000e+01  -1.6717007e-03   2.4521223e-02
   7.9600000e+01  -4.1647037e-02   5.5301127e-02
   7.9700000e+01  -6.6930410e-02   7.1642910e-02
   7.9800000e+01  -6.4522829e-02   6.3843748e-02
   7.9900000e+01  -3.9905445e-02   4.0653544e-02
   8.0000000e+01  -5.6573733e-03   1.4178114e-02
