   1.0221618e+02   2.8602761e+01   2.5212700e+03
   1.0215930e+02   2.8566448e+01   1.8198600e+03
   0.0000000e+00   4.0230424e-01   4.0230424e-01
   1.0000000e-01   4.5265819e-01   3.3635120e-01
   2.0000000e-01   5.0903323e-01   2.3306364e-01
   3.0000000e-01   5.8169981e-01   8.9883666e-02
   4.0000000e-01   6.7383752e-01  -7.3092459e-02
   5.0000000e-01   7.8389767e-01  -2.3042149e-01
   6.0000000e-01   8.9613648e-01  -3.6780397e-01
   7.0000000e-01   9.7762567e-01  -4.8058044e-01
   8.0000000e-01   1.0000000e+00  -5.6427488e-01
   9.0000000e-01   9.6799314e-01  -6.1634823e-01
   1.0000000e+00   9.1754289e-01  -6.4692063e-01
   1.1000000e+00   8.7962160e-01  -6.7748359e-01
   1.2000000e+00   8.5034289e-01  -7.2017397e-01
   1.3000000e+00   8.0060667e-01  -7.5907204e-01
   1.4000000e+00   7.0886926e-01  -7.5884739e-01
   1.5000000e+00   5.7755980e-01  -6.9665005e-01
   1.6000000e+00   4.2413354e-01  -5.8605215e-01
   1.7000000e+00   2.7019563e-01  -4.6994338e-01
   1.8000000e+00   1.3999579e-01  -3.9109968e-01
   1.9000000e+00   5.2465673e-02  -3.6676369e-01
   2.0000000e+00   1.3996109e-03  -3.8254150e-01
   2.1000000e+00  -4.8810097e-02  -4.0295973e-01
   2.2000000e+00  -1.3103335e-01  -3.9156996e-01
   2.3000000e+00  -2.3609611e-01  -3.3421889e-01
   2.4000000e+00  -3.1691995e-01  -2.5165572e-01
   2.5000000e+00  -3.3794546e-01  -1.8508825e-01
   2.6000000e+00  -3.1343094e-01  -1.6018101e-01
   2.7000000e+00  -2.9144903e-01  -1.6364289e-01
   2.8000000e+00  -3.0783430e-01  -1.5940703e-01
   2.9000000e+00  -3.6415307e-01  -1.2647299e-01
   3.0000000e+00  -4.4208926e-01  -7.3809643e-02
   3.1000000e+00  -5.2099015e-01  -1.8880006e-02
   3.2000000e+00  -5.7820946e-01   3.5268988e-02
   3.3000000e+00  -5.9067250e-01   9.2392288e-02
   3.4000000e+00  -5.5331296e-01   1.4230695e-01
   3.5000000e+00  -4.9260334e-01   1.6531416e-01
   3.6000000e+00  -4.4800620e-01   1.5985439e-01
   3.7000000e+00  -4.3639677e-01   1.5172786e-01
   3.8000000e+00  -4.4100134e-01   1.6690573e-01
   3.9000000e+00  -4.3472404e-01   2.0311711e-01
   4.0000000e+00  -4.0437272e-01   2.3749662e-01
   4.1000000e+00  -3.5032120e-01   2.5558683e-01
   4.2000000e+00  -2.7750442e-01   2.6013777e-01
   4.3000000e+00  -2.0058698e-01   2.5477060e-01
   4.4000000e+00  -1.5056263e-01   2.3673062e-01
   4.5000000e+00  -1.5577628e-01   2.1245445e-01
   4.6000000e+00  -2.0833235e-01   2.0518134e-01
   4.7000000e+00  -2.6035216e-01   2.3128513e-01
   4.8000000e+00  -2.6494266e-01   2.7398982e-01
   4.9000000e+00  -2.1845448e-01   2.9662601e-01
   5.0000000e+00  -1.5579811e-01   2.8446234e-01
   5.1000000e+00  -1.0859954e-01   2.6038280e-01
   5.2000000e+00  -7.8318082e-02   2.5268954e-01
   5.3000000e+00  -4.9168365e-02   2.5828801e-01
   5.4000000e+00  -1.2639328e-02   2.4899456e-01
   5.5000000e+00   3.0386511e-02   2.0831126e-01
   5.6000000e+00   8.3375243e-02   1.4816482e-01
   5.7000000e+00   1.5456874e-01   8.9308385e-02
   5.8000000e+00   2.3999310e-01   3.9486192e-02
   5.9000000e+00   3.1551714e-01  -1.9908907e-03
   6.0000000e+00   3.5451775e-01  -2.9413802e-02
   6.1000000e+00   3.5299319e-01  -3.4460212e-02
   6.2000000e+00   3.3340271e-01  -2.2729511e-02
   6.3000000e+00   3.2398367e-01  -1.3504327e-02
   6.4000000e+00   3.3631709e-01  -1.8409624e-02
   6.5000000e+00   3.6090732e-01  -2.8599548e-02
   6.6000000e+00   3.7935920e-01  -2.9443490e-02
   6.7000000e+00   3.7942255e-01  -2.2029876e-02
   6.8000000e+00   3.6274121e-01  -2.1510253e-02
   6.9000000e+00   3.4278115e-01  -3.6195061e-02
   7.0000000e+00   3.3486614e-01  -5.7549138e-02
   7.1000000e+00   3.4415467e-01  -7.3161995e-02
   7.2000000e+00   3.6033825e-01  -8.2054594e-02
   7.3000000e+00   3.6392148e-01  -9.1763352e-02
   7.4000000e+00   3.3904081e-01  -1.0473141e-01
   7.5000000e+00   2.8246184e-01  -1.1394236e-01
   7.6000000e+00   2.0364777e-01  -1.1037940e-01
   7.7000000e+00   1.1907773e-01  -8.9245706e-02
   7.8000000e+00   4.5560818e-02  -5.0313864e-02
   7.9000000e+00  -6.0348058e-03  -2.3916302e-04
   8.0000000e+00  -3.5340836e-02   4.2821376e-02
   8.1000000e+00  -5.1351704e-02   5.4943863e-02
   8.2000000e+00  -6.4244227e-02   2.5791354e-02
   8.3000000e+00  -7.7063255e-02  -2.7882520e-02
   8.4000000e+00  -8.6486818e-02  -7.3811943e-02
   8.5000000e+00  -9.1813852e-02  -9.1240664e-02
   8.6000000e+00  -1.0035597e-01  -8.4670983e-02
   8.7000000e+00  -1.2111138e-01  -7.3003748e-02
   8.8000000e+00  -1.5368818e-01  -7.1555727e-02
   8.9000000e+00  -1.8623064e-01  -8.5908103e-02
   9.0000000e+00  -2.0528314e-01  -1.1476422e-01
   9.1000000e+00  -2.0653428e-01  -1.4993920e-01
   9.2000000e+00  -1.9619744e-01  -1.7535233e-01
   9.3000000e+00  -1.8508557e-01  -1.7528885e-01
   9.4000000e+00  -1.8320075e-01  -1.4819216e-01
   9.5000000e+00  -1.9643869e-01  -1.0888703e-01
   9.6000000e+00  -2.2226033e-01  -7.4373793e-02
   9.7000000e+00  -2.4677777e-01  -5.0420803e-02
   9.8000000e+00  -2.5066839e-01  -3.4562548e-02
   9.9000000e+00  -2.2321714e-01  -2.7314936e-02
   1.0000000e+01  -1.7164233e-01  -3.2823816e-02
   1.0100000e+01  -1.1581896e-01  -4.7987383e-02
   1.0200000e+01  -7.5055738e-02  -5.7743023e-02
   1.0300000e+01  -6.0792666e-02  -4.6086106e-02
   1.0400000e+01  -7.6921533e-02  -1.0680695e-02
   1.0500000e+01  -1.1772621e-01   3.4902958e-02
   1.0600000e+01  -1.6197115e-01   7.0873049e-02
   1.0700000e+01  -1.7721096e-01   8.1612683e-02
   1.0800000e+01  -1.4239440e-01   6.2113000e-02
   1.0900000e+01  -7.1012427e-02   2.2582554e-02
   1.1000000e+01  -6.8498113e-03  -1.2182993e-02
   1.1100000e+01   1.0202112e-02  -1.5975868e-02
   1.1200000e+01  -2.2640807e-02   1.8380077e-02
   1.1300000e+01  -7.0182368e-02   7.1169774e-02
   1.1400000e+01  -8.8959704e-02   1.1178035e-01
   1.1500000e+01  -5.8382739e-02   1.2342550e-01
   1.1600000e+01   1.0107391e-02   1.1105552e-01
   1.1700000e+01   8.4960335e-02   8.7695200e-02
   1.1800000e+01   1.3348106e-01   5.9731996e-02
   1.1900000e+01   1.3791241e-01   2.8785709e-02
   1.2000000e+01   1.0449307e-01   2.7375473e-03
   1.2100000e+01   6.1042485e-02  -3.7985322e-03
   1.2200000e+01   4.1016653e-02   1.6463474e-02
   1.2300000e+01   6.2189190e-02   5.1698107e-02
   1.2400000e+01   1.1535181e-01   7.6745884e-02
   1.2500000e+01   1.7154228e-01   7.1877881e-02
   1.2600000e+01   2.0135709e-01   3.7318877e-02
   1.2700000e+01   1.9238776e-01  -7.2734138e-03
   1.2800000e+01   1.5540436e-01  -3.5721632e-02
   1.2900000e+01   1.1783421e-01  -3.1540358e-02
   1.3000000e+01   1.0769738e-01   1.4282372e-03
   1.3100000e+01   1.3513654e-01   4.0985809e-02
   1.3200000e+01   1.8329191e-01   6.2288541e-02
   1.3300000e+01   2.1803875e-01   5.6822379e-02
   1.3400000e+01   2.1229002e-01   3.7713150e-02
   1.3500000e+01   1.6607148e-01   2.5316036e-02
   1.3600000e+01   1.0537490e-01   2.7328407e-02
   1.3700000e+01   6.1486528e-02   3.3820805e-02
   1.3800000e+01   4.9000165e-02   3.0775119e-02
   1.3900000e+01   5.8931574e-02   1.5837291e-02
   1.4000000e+01   6.8379843e-02   2.8681437e-04
   1.4100000e+01   5.6836382e-02  -1.7529659e-03
   1.4200000e+01   1.8781614e-02   1.5311061e-02
   1.4300000e+01  -3.3149480e-02   4.4399672e-02
   1.4400000e+01  -7.5745094e-02   6.8878583e-02
   1.4500000e+01  -8.9649831e-02   7.1805051e-02
   1.4600000e+01  -7.1586449e-02   4.8891344e-02
   1.4700000e+01  -3.6123430e-02   1.5434214e-02
   1.4800000e+01  -6.8695912e-03  -4.0592124e-03
   1.4900000e+01  -3.9683009e-03   1.2783565e-03
   1.5000000e+01  -3.3974351e-02   1.6824755e-02
   1.5100000e+01  -8.4753200e-02   1.7929164e-02
   1.5200000e+01  -1.2894926e-01  -2.5635599e-03
   1.5300000e+01  -1.3962822e-01  -2.7278247e-02
   1.5400000e+01  -1.1176018e-01  -3.7003348e-02
   1.5500000e+01  -7.0678472e-02  -3.5043359e-02
   1.5600000e+01  -5.3836522e-02  -4.2501620e-02
   1.5700000e+01  -7.7950731e-02  -7.0654670e-02
   1.5800000e+01  -1.2268800e-01  -1.0530895e-01
   1.5900000e+01  -1.4841323e-01  -1.2177271e-01
   1.6000000e+01  -1.3113254e-01  -1.1076476e-01
   1.6100000e+01  -8.1326434e-02  -8.5009265e-02
   1.6200000e+01  -3.2234819e-02  -6.3079906e-02
   1.6300000e+01  -1.2960943e-02  -5.2603761e-02
   1.6400000e+01  -3.0051827e-02  -4.8935160e-02
   1.6500000e+01  -6.6773023e-02  -4.3592821e-02
   1.6600000e+01  -9.5100003e-02  -3.0602467e-02
   1.6700000e+01  -9.2979520e-02  -9.5287942e-03
   1.6800000e+01  -5.9344139e-02   1.1695400e-02
   1.6900000e+01  -1.6209946e-02   1.8910579e-02
   1.7000000e+01   8.1728944e-03   4.2109132e-03
   1.7100000e+01   3.5061242e-03  -2.0985168e-02
   1.7200000e+01  -1.4592252e-02  -3.0854563e-02
   1.7300000e+01  -2.2221837e-02  -9.2761719e-03
   1.7400000e+01  -1.1307542e-02   3.1480790e-02
   1.7500000e+01   6.6225505e-03   6.0494691e-02
   1.7600000e+01   1.8761329e-02   5.7676572e-02
   1.7700000e+01   2.6364198e-02   3.1091326e-02
   1.7800000e+01   3.7969117e-02   5.0111101e-03
   1.7900000e+01   5.1927056e-02  -4.6729669e-03
   1.8000000e+01   5.4144331e-02  -3.5995749e-04
   1.8100000e+01   3.6197124e-02   7.3009515e-03
   1.8200000e+01   1.0631586e-02   1.1659966e-02
   1.8300000e+01   1.7408847e-03   1.0680511e-02
   1.8400000e+01   1.9977183e-02   1.8791160e-03
   1.8500000e+01   4.9010939e-02  -1.6169451e-02
   1.8600000e+01   6.0922097e-02  -3.6893128e-02
   1.8700000e+01   4.3850552e-02  -4.5568980e-02
   1.8800000e+01   1.3585542e-02  -3.0633550e-02
   1.8900000e+01  -1.6161926e-03   4.1852294e-03
   1.9000000e+01   1.3118344e-02   4.0170328e-02
   1.9100000e+01   4.7127759e-02   5.6970420e-02
   1.9200000e+01   7.4946371e-02   4.7350987e-02
   1.9300000e+01   7.7890299e-02   2.1728845e-02
   1.9400000e+01   5.6632480e-02  -3.3863200e-05
   1.9500000e+01   2.5454628e-02  -3.2620930e-03
   1.9600000e+01  -3.0850267e-03   1.0790175e-02
   1.9700000e+01  -2.6010912e-02   2.6497606e-02
   1.9800000e+01  -4.3369480e-02   2.7563610e-02
   1.9900000e+01  -4.8577510e-02   1.1582598e-02
   2.0000000e+01  -3.1833675e-02  -8.5105294e-03
   2.0100000e+01   4.2411232e-03  -1.8023058e-02
   2.0200000e+01   3.7072452e-02  -1.4876042e-02
   2.0300000e+01   4.0144080e-02  -9.2278475e-03
   2.0400000e+01   9.9648584e-03  -9.8051902e-03
   2.0500000e+01  -2.6256627e-02  -1.4087621e-02
   2.0600000e+01  -3.4431422e-02  -1.4214836e-02
   2.0700000e+01  -5.6522412e-03  -1.0224436e-02
   2.0800000e+01   3.7041894e-02  -1.2450821e-02
   2.0900000e+01   6.2544442e-02  -2.8492577e-02
   2.1000000e+01   5.8804518e-02  -5.0393573e-02
   2.1100000e+01   3.6796948e-02  -5.9007287e-02
   2.1200000e+01   1.4500095e-02  -4.2656453e-02
   2.1300000e+01   3.2911658e-03  -1.0022089e-02
   2.1400000e+01   7.6357820e-03   1.6890009e-02
   2.1500000e+01   2.8139698e-02   2.2291376e-02
   2.1600000e+01   5.7784872e-02   9.0201693e-03
   2.1700000e+01   7.8390381e-02  -6.4888936e-03
   2.1800000e+01   7.0379713e-02  -9.0378148e-03
   2.1900000e+01   3.2130055e-02   5.0111919e-03
   2.2000000e+01  -1.2106143e-02   2.8092185e-02
   2.2100000e+01  -2.8985119e-02   4.8388056e-02
   2.2200000e+01  -4.6212722e-03   5.7135942e-02
   2.2300000e+01   4.2063670e-02   5.3174970e-02
   2.2400000e+01   7.3818329e-02   4.3163812e-02
   2.2500000e+01   6.3905560e-02   3.6323207e-02
   2.2600000e+01   1.5072959e-02   3.6314803e-02
   2.2700000e+01  -4.4123715e-02   3.7585560e-02
   2.2800000e+01  -7.9931807e-02   3.1173423e-02
   2.2900000e+01  -7.5543621e-02   1.5011983e-02
   2.3000000e+01  -4.0984994e-02  -2.4984454e-03
   2.3100000e+01  -4.9981354e-03  -1.0176992e-02
   2.3200000e+01   5.9352015e-03  -4.6646082e-03
   2.3300000e+01  -1.3314077e-02   7.5971256e-03
   2.3400000e+01  -4.4345571e-02   1.7974645e-02
   2.3500000e+01  -6.1955297e-02   2.3006728e-02
   2.3600000e+01  -5.5085705e-02   2.3970674e-02
   2.3700000e+01  -3.3832696e-02   2.2018277e-02
   2.3800000e+01  -1.8434438e-02   1.6667718e-02
   2.3900000e+01  -2.2780625e-02   8.6581860e-03
   2.4000000e+01  -4.6808092e-02   1.3603883e-03
   2.4100000e+01  -8.0049576e-02  -2.0876018e-03
   2.4200000e+01  -1.0869937e-01  -1.5807460e-03
   2.4300000e+01  -1.2069349e-01   1.3346029e-03
   2.4400000e+01  -1.1008268e-01   6.1007597e-03
   2.4500000e+01  -8.1754684e-02   1.2014168e-02
   2.4600000e+01  -5.1601159e-02   1.5217428e-02
   2.4700000e+01  -3.7078275e-02   1.0632806e-02
   2.4800000e+01  -4.2864783e-02  -9.3519783e-04
   2.4900000e+01  -5.5004615e-02  -9.9858338e-03
   2.5000000e+01  -5.1878347e-02  -6.4365782e-03
   2.5100000e+01  -2.4200971e-02   8.8155789e-03
   2.5200000e+01   1.4388214e-02   2.2842396e-02
   2.5300000e+01   3.7376266e-02   2.2513496e-02
   2.5400000e+01   2.8229927e-02   6.1914197e-03
   2.5500000e+01  -4.2381682e-03  -1.6890666e-02
   2.5600000e+01  -3.1844033e-02  -3.6628953e-02
   2.5700000e+01  -2.8953551e-02  -4.9367148e-02
   2.5800000e+01   8.8058091e-03  -5.7072218e-02
   2.5900000e+01   6.3823697e-02  -6.2970537e-02
   2.6000000e+01   1.1128123e-01  -6.8490494e-02
   2.6100000e+01   1.3438029e-01  -7.1349181e-02
   2.6200000e+01   1.2886573e-01  -6.5239863e-02
   2.6300000e+01   9.9390938e-02  -4.4808158e-02
   2.6400000e+01   5.6882338e-02  -1.4648236e-02
   2.6500000e+01   1.8738939e-02   8.4263599e-03
   2.6600000e+01   4.4106318e-03   7.7575167e-03
   2.6700000e+01   2.2725847e-02  -1.5821425e-02
   2.6800000e+01   6.1134135e-02  -4.1776136e-02
   2.6900000e+01   9.1399110e-02  -4.8444069e-02
   2.7000000e+01   9.1298376e-02  -3.3651223e-02
   2.7100000e+01   6.3118694e-02  -1.5079993e-02
   2.7200000e+01   3.0612087e-02  -1.0884753e-02
   2.7300000e+01   1.7541208e-02  -2.2358583e-02
   2.7400000e+01   2.8788199e-02  -3.5636255e-02
   2.7500000e+01   4.9804278e-02  -3.7214057e-02
   2.7600000e+01   6.0600012e-02  -2.5612542e-02
   2.7700000e+01   4.9818834e-02  -9.4654846e-03
   2.7800000e+01   2.0471689e-02   2.8634811e-03
   2.7900000e+01  -1.1833817e-02   1.1101973e-02
   2.8000000e+01  -2.6467430e-02   2.1775393e-02
   2.8100000e+01  -1.0943764e-02   3.9331773e-02
   2.8200000e+01   2.6388029e-02   5.7800683e-02
   2.8300000e+01   5.7009112e-02   6.2286893e-02
   2.8400000e+01   5.1796602e-02   4.1860212e-02
   2.8500000e+01   5.4645079e-03   2.9246295e-03
   2.8600000e+01  -5.7271428e-02  -3.1552559e-02
   2.8700000e+01  -1.0092277e-01  -3.8887063e-02
   2.8800000e+01  -1.0576982e-01  -1.4504479e-02
   2.8900000e+01  -7.8162421e-02   2.5754214e-02
   2.9000000e+01  -4.0205368e-02   5.9021872e-02
   2.9100000e+01  -1.3582916e-02   7.0236646e-02
   2.9200000e+01  -1.0558957e-02   5.7393189e-02
   2.9300000e+01  -3.1490085e-02   2.9029822e-02
   2.9400000e+01  -6.4132998e-02   9.0513604e-05
   2.9500000e+01  -8.7529756e-02  -1.3751108e-02
   2.9600000e+01  -8.4681591e-02  -5.2467742e-03
   2.9700000e+01  -5.6803524e-02   1.7541536e-02
   2.9800000e+01  -2.4322075e-02   3.6350849e-02
   2.9900000e+01  -1.0766379e-02   3.8562174e-02
   3.0000000e+01  -2.4014849e-02   2.8209019e-02
   3.0100000e+01  -5.1950800e-02   1.9701974e-02
   3.0200000e+01  -7.3812375e-02   2.1575056e-02
   3.0300000e+01  -7.4665426e-02   2.9273582e-02
   3.0400000e+01  -5.2589908e-02   3.3815999e-02
   3.0500000e+01  -1.7898175e-02   3.2871733e-02
   3.0600000e+01   1.2626608e-02   2.9470995e-02
   3.0700000e+01   2.4752601e-02   2.2500799e-02
   3.0800000e+01   1.5391187e-02   5.5279309e-03
   3.0900000e+01  -5.8148697e-03  -2.1731414e-02
   3.1000000e+01  -2.3848502e-02  -4.5243410e-02
   3.1100000e+01  -2.7629431e-02  -4.6701529e-02
   3.1200000e+01  -1.3709782e-02  -2.3211111e-02
   3.1300000e+01   1.4403051e-02   7.1216326e-03
   3.1400000e+01   4.6122728e-02   2.2315801e-02
   3.1500000e+01   6.5004937e-02   1.7423531e-02
   3.1600000e+01   5.8000207e-02   5.7411015e-03
   3.1700000e+01   2.9050279e-02   1.2148666e-03
   3.1800000e+01   1.1508998e-03   4.4530811e-03
   3.1900000e+01  -1.1496550e-03   6.7434336e-03
   3.2000000e+01   2.6200212e-02   2.3969808e-03
   3.2100000e+01   6.3440074e-02  -7.4785301e-03
   3.2200000e+01   8.5681082e-02  -2.0601134e-02
   3.2300000e+01   8.2984328e-02  -3.6071225e-02
   3.2400000e+01   6.3137547e-02  -4.9472983e-02
   3.2500000e+01   4.0494302e-02  -5.0766470e-02
   3.2600000e+01   2.6061984e-02  -3.2822736e-02
   3.2700000e+01   2.4533266e-02  -2.2709508e-03
   3.2800000e+01   3.3097217e-02   2.1720067e-02
   3.2900000e+01   4.0934827e-02   2.2017097e-02
   3.3000000e+01   3.5457466e-02  -2.2729525e-03
   3.3100000e+01   1.4452468e-02  -3.4992357e-02
   3.3200000e+01  -9.0402358e-03  -5.5532719e-02
   3.3300000e+01  -1.7984826e-02  -5.4217015e-02
   3.3400000e+01  -7.9701025e-03  -3.8610473e-02
   3.3500000e+01   9.7351564e-03  -2.5473747e-02
   3.3600000e+01   2.1114768e-02  -2.4315806e-02
   3.3700000e+01   2.1349848e-02  -2.7755226e-02
   3.3800000e+01   1.2886027e-02  -1.9970823e-02
   3.3900000e+01  -2.7883730e-03   3.9891586e-03
   3.4000000e+01  -2.5085323e-02   2.9562472e-02
   3.4100000e+01  -4.6948372e-02   3.6351615e-02
   3.4200000e+01  -5.4876280e-02   2.0011686e-02
   3.4300000e+01  -4.1633548e-02  -2.3859396e-03
   3.4400000e+01  -1.7298033e-02  -9.4871854e-03
   3.4500000e+01  -2.8808755e-03   4.1135515e-03
   3.4600000e+01  -1.1004349e-02   2.5515127e-02
   3.4700000e+01  -3.3913842e-02   3.8485153e-02
   3.4800000e+01  -5.0787268e-02   3.8228813e-02
   3.4900000e+01  -4.5633427e-02   3.2969619e-02
   3.5000000e+01  -1.8825376e-02   3.4593521e-02
   3.5100000e+01   1.4839327e-02   4.8225238e-02
   3.5200000e+01   3.6364681e-02   6.7762846e-02
   3.5300000e+01   3.3423397e-02   7.9365216e-02
   3.5400000e+01   7.4392416e-03   7.1189155e-02
   3.5500000e+01  -2.6290203e-02   4.3359601e-02
   3.5600000e+01  -4.7250088e-02   9.6686991e-03
   3.5700000e+01  -4.2992153e-02  -1.2272904e-02
   3.5800000e+01  -1.7308118e-02  -1.4830792e-02
   3.5900000e+01   1.3063385e-02  -5.4706186e-03
   3.6000000e+01   2.9618861e-02   1.5102011e-03
   3.6100000e+01   2.2554234e-02  -1.7776102e-03
   3.6200000e+01  -4.3726893e-03  -1.1343613e-02
   3.6300000e+01  -3.5124378e-02  -1.7715073e-02
   3.6400000e+01  -4.9483796e-02  -1.6555676e-02
   3.6500000e+01  -3.6823039e-02  -1.2954923e-02
   3.6600000e+01  -6.5040250e-03  -1.6192017e-02
   3.6700000e+01   1.7314350e-02  -3.0665922e-02
   3.6800000e+01   1.5917538e-02  -5.0964672e-02
   3.6900000e+01  -7.2671712e-03  -6.4689372e-02
   3.7000000e+01  -3.1305579e-02  -6.0912110e-02
   3.7100000e+01  -3.8508470e-02  -3.8780747e-02
   3.7200000e+01  -2.8189275e-02  -1.0382888e-02
   3.7300000e+01  -1.0678103e-02   5.2297607e-03
   3.7400000e+01   6.3937693e-03  -5.8764398e-03
   3.7500000e+01   2.1221173e-02  -4.2367979e-02
   3.7600000e+01   3.0604426e-02  -8.6797791e-02
   3.7700000e+01   2.7923848e-02  -1.1454905e-01
   3.7800000e+01   1.2251789e-02  -1.0677109e-01
   3.7900000e+01  -4.5994633e-03  -6.1000509e-02
   3.8000000e+01  -6.1044524e-03   4.6851095e-03
   3.8100000e+01   1.2745572e-02   5.7751436e-02
   3.8200000e+01   3.9654873e-02   6.8979212e-02
   3.8300000e+01   5.6176881e-02   3.3695689e-02
   3.8400000e+01   5.3225344e-02  -2.1271468e-02
   3.8500000e+01   3.6216249e-02  -5.5852340e-02
   3.8600000e+01   1.8709049e-02  -4.7771203e-02
   3.8700000e+01   1.2985872e-02  -8.3685410e-03
   3.8800000e+01   2.3205914e-02   3.1299118e-02
   3.8900000e+01   4.2114552e-02   4.8543667e-02
   3.9000000e+01   5.3656680e-02   4.3436081e-02
   3.9100000e+01   4.3830807e-02   3.0123075e-02
   3.9200000e+01   1.3749419e-02   2.0625773e-02
   3.9300000e+01  -1.8298124e-02   1.8874771e-02
   3.9400000e+01  -3.1162209e-02   2.4888504e-02
   3.9500000e+01  -1.9348621e-02   3.7528663e-02
   3.9600000e+01   2.5307003e-03   5.1773910e-02
   3.9700000e+01   1.3272417e-02   5.8004525e-02
   3.9800000e+01   2.3055658e-03   4.8728916e-02
   3.9900000e+01  -2.4756613e-02   2.6600521e-02
   4.0000000e+01  -5.3202058e-02   3.7698881e-03
   4.0100000e+01  -6.9171602e-02  -7.9695211e-03
   4.0200000e+01  -6.5728014e-02  -6.4821423e-03
   4.0300000e+01  -4.5508297e-02   6.0985704e-04
   4.0400000e+01  -2.0468386e-02   3.7694343e-03
   4.0500000e+01  -5.8919629e-03  -7.9548093e-04
   4.0600000e+01  -9.3425513e-03  -9.6112947e-03
   4.0700000e+01  -2.3464426e-02  -1.5914512e-02
   4.0800000e+01  -3.1452659e-02  -1.4707731e-02
   4.0900000e+01  -2.1842750e-02  -5.4109276e-03
   4.1000000e+01   1.3733532e-03   8.6829542e-03
   4.1100000e+01   2.2776254e-02   2.3055288e-02
   4.1200000e+01   2.8499192e-02   3.4718175e-02
   4.1300000e+01   1.5426504e-02   4.3053187e-02
   4.1400000e+01  -9.3763792e-03   4.8258511e-02
   4.1500000e+01  -3.4505245e-02   4.9459389e-02
   4.1600000e+01  -4.9052615e-02   4.5081352e-02
   4.1700000e+01  -4.5717781e-02   3.5081007e-02
   4.1800000e+01  -2.4185529e-02   2.1597830e-02
   4.1900000e+01   6.7107013e-03   6.4813272e-03
   4.2000000e+01   3.2162931e-02  -1.0614681e-02
   4.2100000e+01   4.0064914e-02  -2.9288901e-02
   4.2200000e+01   2.9007809e-02  -4.3412134e-02
   4.2300000e+01   8.8501544e-03  -4.2560538e-02
   4.2400000e+01  -6.5047645e-03  -2.2144828e-02
   4.2500000e+01  -8.0977591e-03   8.1618791e-03
   4.2600000e+01   3.6487149e-03   2.9732798e-02
   4.2700000e+01   2.0730748e-02   3.0917750e-02
   4.2800000e+01   3.3141889e-02   1.6381961e-02
   4.2900000e+01   3.4861613e-02  -6.6031252e-04
   4.3000000e+01   2.7592395e-02  -1.3147150e-02
   4.3100000e+01   2.0075548e-02  -2.3817623e-02
   4.3200000e+01   2.2168457e-02  -3.5468709e-02
   4.3300000e+01   3.6578512e-02  -4.3255855e-02
   4.3400000e+01   5.4820983e-02  -4.0207514e-02
   4.3500000e+01   6.2423560e-02  -2.7624487e-02
   4.3600000e+01   5.0597461e-02  -1.5071573e-02
   4.3700000e+01   2.4412190e-02  -9.4352852e-03
   4.3800000e+01  -6.0910556e-04  -7.5187134e-03
   4.3900000e+01  -1.1014349e-02  -1.3600149e-03
   4.4000000e+01  -5.7843640e-03   1.1323861e-02
   4.4100000e+01   4.5644858e-03   2.4242765e-02
   4.4200000e+01   8.3409643e-03   2.8823495e-02
   4.4300000e+01   2.3349793e-03   2.1369194e-02
   4.4400000e+01  -7.4532354e-03   5.3218148e-03
   4.4500000e+01  -1.3106957e-02  -1.0356229e-02
   4.4600000e+01  -1.2298584e-02  -1.5233759e-02
   4.4700000e+01  -9.2917438e-03  -4.3627381e-03
   4.4800000e+01  -9.5798213e-03   1.5367866e-02
   4.4900000e+01  -1.4140201e-02   2.7680363e-02
   4.5000000e+01  -1.9077996e-02   2.0180707e-02
   4.5100000e+01  -2.0715586e-02  -3.1678477e-03
   4.5200000e+01  -2.0414161e-02  -2.4789504e-02
   4.5300000e+01  -2.3377344e-02  -3.0409640e-02
   4.5400000e+01  -3.1978183e-02  -2.2548975e-02
   4.5500000e+01  -4.0747009e-02  -1.6264237e-02
   4.5600000e+01  -3.9704023e-02  -2.2561151e-02
   4.5700000e+01  -2.4415902e-02  -3.7618787e-02
   4.5800000e+01  -2.9353066e-03  -4.7807318e-02
   4.5900000e+01   8.9698631e-03  -4.3087043e-02
   4.6000000e+01   1.7356432e-03  -2.4858430e-02
   4.6100000e+01  -1.7874779e-02  -2.9480697e-03
   4.6200000e+01  -3.1365090e-02   1.2557186e-02
   4.6300000e+01  -2.4782280e-02   1.6803403e-02
   4.6400000e+01  -1.5548682e-03   1.0450028e-02
   4.6500000e+01   2.0371448e-02  -2.9889810e-03
   4.6600000e+01   2.4067028e-02  -1.9643296e-02
   4.6700000e+01   7.0494082e-03  -3.5900064e-02
   4.6800000e+01  -1.8595478e-02  -4.7249110e-02
   4.6900000e+01  -3.7040291e-02  -4.7511502e-02
   4.7000000e+01  -3.9545112e-02  -3.1355642e-02
   4.7100000e+01  -2.7741673e-02  -1.9217750e-04
   4.7200000e+01  -1.0194422e-02   3.3568701e-02
   4.7300000e+01   3.2993617e-03   5.0552934e-02
   4.7400000e+01   6.8730878e-03   3.7411196e-02
   4.7500000e+01   1.7126441e-03  -3.1804918e-04
   4.7600000e+01  -4.9233745e-03  -3.8069144e-02
   4.7700000e+01  -5.2264788e-03  -4.8680683e-02
   4.7800000e+01   3.1766377e-03  -2.4043229e-02
   4.7900000e+01   1.6316861e-02   1.6749944e-02
   4.8000000e+01   2.8268436e-02   4.1728572e-02
   4.8100000e+01   3.5092836e-02   3.1899743e-02
   4.8200000e+01   3.4526625e-02  -3.7123762e-03
   4.8300000e+01   2.4913178e-02  -3.6834160e-02
   4.8400000e+01   8.1731293e-03  -4.3722947e-02
   4.8500000e+01  -6.3449482e-03  -2.2420220e-02
   4.8600000e+01  -5.5670666e-03   9.7920980e-03
   4.8700000e+01   1.5536339e-02   3.2826207e-02
   4.8800000e+01   4.6096722e-02   3.8003415e-02
   4.8900000e+01   6.6202670e-02   3.0234578e-02
   4.9000000e+01   6.2978411e-02   2.0778286e-02
   4.9100000e+01   3.9368565e-02   1.8646960e-02
   4.9200000e+01   8.2084910e-03   2.5793668e-02
   4.9300000e+01  -1.8761942e-02   3.7017153e-02
   4.9400000e+01  -3.4800693e-02   4.3872245e-02
   4.9500000e+01  -3.6047594e-02   4.0577823e-02
   4.9600000e+01  -2.2436601e-02   2.8043812e-02
   4.9700000e+01  -2.1670728e-03   1.2864397e-02
   4.9800000e+01   9.9260943e-03   2.4772046e-03
   4.9900000e+01   3.9360689e-03   9.2915972e-04
   5.0000000e+01  -1.4684324e-02   7.7992928e-03
   5.0100000e+01  -2.8935336e-02   1.9035332e-02
   5.0200000e+01  -2.5892871e-02   2.8374317e-02
   5.0300000e+01  -8.1396280e-03   3.0402915e-02
   5.0400000e+01   9.8667814e-03   2.5049261e-02
   5.0500000e+01   1.5127261e-02   1.8714371e-02
   5.0600000e+01   5.8221262e-03   1.7959941e-02
   5.0700000e+01  -9.4344253e-03   2.0833565e-02
   5.0800000e+01  -1.9359628e-02   1.7266186e-02
   5.0900000e+01  -1.7671297e-02   1.4069869e-03
   5.1000000e+01  -6.2746359e-03  -1.7480027e-02
   5.1100000e+01   6.6232550e-03  -2.1070993e-02
   5.1200000e+01   1.1696890e-02  -1.4511366e-03
   5.1300000e+01   4.0976073e-03   2.7980790e-02
   5.1400000e+01  -1.3324229e-02   4.4744730e-02
   5.1500000e+01  -3.0847331e-02   4.0099114e-02
   5.1600000e+01  -3.7001304e-02   2.6225095e-02
   5.1700000e+01  -2.6171085e-02   1.9669549e-02
   5.1800000e+01  -3.9840354e-03   2.1339382e-02
   5.1900000e+01   1.5022435e-02   1.7022008e-02
   5.2000000e+01   1.7880002e-02  -2.8507656e-03
   5.2100000e+01   3.9093443e-03  -2.8436482e-02
   5.2200000e+01  -1.4489667e-02  -3.8584087e-02
   5.2300000e+01  -2.2566925e-02  -2.3149528e-02
   5.2400000e+01  -1.5688245e-02   4.5046140e-03
   5.2500000e+01  -2.0825164e-03   1.7677713e-02
   5.2600000e+01   5.8959056e-03  -8.6040500e-04
   5.2700000e+01   3.3541061e-03  -4.4059658e-02
   5.2800000e+01  -2.7964214e-03  -8.5435160e-02
   5.2900000e+01  -4.2747691e-05  -9.8360404e-02
   5.3000000e+01   1.8022437e-02  -7.4672722e-02
   5.3100000e+01   4.4161248e-02  -2.9823503e-02
   5.3200000e+01   6.1716302e-02   7.7486633e-03
   5.3300000e+01   5.8756469e-02   1.4816049e-02
   5.3400000e+01   3.9599819e-02  -1.2992234e-02
   5.3500000e+01   2.1143246e-02  -5.9770962e-02
   5.3600000e+01   1.6134249e-02  -9.9319098e-02
   5.3700000e+01   2.0797546e-02  -1.0968685e-01
   5.3800000e+01   2.0883529e-02  -8.4679996e-02
   5.3900000e+01   9.3988505e-03  -3.7004065e-02
   5.4000000e+01  -4.8306069e-03   9.0560188e-03
   5.4100000e+01  -7.8707947e-03   3.2655897e-02
   5.4200000e+01   2.4305066e-03   3.0220049e-02
   5.4300000e+01   1.3561551e-02   1.7221855e-02
   5.4400000e+01   1.2270127e-02   1.4707957e-02
   5.4500000e+01  -1.5635037e-03   3.0773626e-02
   5.4600000e+01  -1.6252925e-02   5.3478534e-02
   5.4700000e+01  -2.1252070e-02   6.2300199e-02
   5.4800000e+01  -1.6450521e-02   4.7654374e-02
   5.4900000e+01  -9.7953539e-03   1.9938091e-02
   5.5000000e+01  -8.9341224e-03  -1.1626174e-04
   5.5100000e+01  -1.5918636e-02   3.4116065e-04
   5.5200000e+01  -2.7128921e-02   1.6996130e-02
   5.5300000e+01  -3.5592720e-02   3.5055859e-02
   5.5400000e+01  -3.4527234e-02   4.2758132e-02
   5.5500000e+01  -2.2308330e-02   3.7895660e-02
   5.5600000e+01  -5.7072729e-03   2.3743480e-02
   5.5700000e+01   3.6656709e-03   2.8219197e-03
   5.5800000e+01  -1.1036566e-03  -2.2805309e-02
   5.5900000e+01  -1.5488822e-02  -4.6439773e-02
   5.6000000e+01  -2.7091863e-02  -5.6277032e-02
   5.6100000e+01  -2.6343362e-02  -4.4176251e-02
   5.6200000e+01  -1.3719061e-02  -1.6228664e-02
   5.6300000e+01   2.3636924e-03   7.5308051e-03
   5.6400000e+01   1.2635629e-02   7.9100772e-03
   5.6500000e+01   1.1820893e-02  -1.5850516e-02
   5.6600000e+01  -3.0770522e-04  -4.3041992e-02
   5.6700000e+01  -1.8917358e-02  -4.8446616e-02
   5.6800000e+01  -3.4882969e-02  -2.5089080e-02
   5.6900000e+01  -3.8902606e-02   8.9919360e-03
   5.7000000e+01  -2.8079460e-02   2.7448891e-02
   5.7100000e+01  -8.9376836e-03   1.9980043e-02
   5.7200000e+01   7.1184070e-03   3.8831474e-04
   5.7300000e+01   1.1919425e-02  -8.9077834e-03
   5.7400000e+01   4.8338937e-03   1.0216709e-03
   5.7500000e+01  -8.7461682e-03   1.9423507e-02
   5.7600000e+01  -2.0837068e-02   2.9708876e-02
   5.7700000e+01  -2.3661590e-02   2.6416668e-02
   5.7800000e+01  -1.3338299e-02   1.7623225e-02
   5.7900000e+01   5.8350969e-03   1.3274449e-02
   5.8000000e+01   2.1983201e-02   1.4742922e-02
   5.8100000e+01   2.4443045e-02   1.6599830e-02
   5.8200000e+01   1.3773207e-02   1.5831154e-02
   5.8300000e+01   1.4110281e-03   1.5994436e-02
   5.8400000e+01  -2.2667717e-03   2.1674625e-02
   5.8500000e+01   1.5023173e-03   3.0829062e-02
   5.8600000e+01   3.0735806e-03   3.4658081e-02
   5.8700000e+01  -2.5433170e-03   2.5489657e-02
   5.8800000e+01  -8.7535664e-03   4.3600675e-03
   5.8900000e+01  -5.1363682e-03  -1.9118856e-02
   5.9000000e+01   9.3778171e-03  -3.3858488e-02
   5.9100000e+01   2.3640762e-02  -3.4594893e-02
   5.9200000e+01   2.5299254e-02  -2.3931342e-02
   5.9300000e+01   1.3544678e-02  -9.1351384e-03
   5.9400000e+01   1.0475283e-04   2.7056916e-03
   5.9500000e+01  -1.8658284e-03   8.0963586e-03
   5.9600000e+01   1.0828128e-02   8.3035028e-03
   5.9700000e+01   3.0448300e-02   8.4571193e-03
   5.9800000e+01   4.7026729e-02   1.4427377e-02
   5.9900000e+01   5.6947993e-02   2.7883082e-02
   6.0000000e+01   6.3249064e-02   4.2465403e-02
   6.0100000e+01   6.8806300e-02   4.5823226e-02
   6.0200000e+01   7.0793351e-02   2.9059143e-02
   6.0300000e+01   6.2987799e-02  -2.7906160e-03
   6.0400000e+01   4.3746070e-02  -3.0379705e-02
   6.0500000e+01   2.0761938e-02  -3.4169921e-02
   6.0600000e+01   6.4293110e-03  -1.2460986e-02
   6.0700000e+01   7.5446372e-03   1.4759399e-02
   6.0800000e+01   1.9681276e-02   2.2813668e-02
   6.0900000e+01   3.1958451e-02   5.5838051e-03
   6.1000000e+01   3.6584299e-02  -1.7882224e-02
   6.1100000e+01   3.2541242e-02  -2.0879818e-02
   6.1200000e+01   2.0603983e-02   5.6950541e-03
   6.1300000e+01  -1.6374076e-03   4.4087585e-02
   6.1400000e+01  -3.5841275e-02   6.4303488e-02
   6.1500000e+01  -7.3829300e-02   4.8636809e-02
   6.1600000e+01  -9.6998148e-02   5.1097178e-03
   6.1700000e+01  -9.0420675e-02  -3.9692519e-02
   6.1800000e+01  -5.9408810e-02  -6.0747285e-02
   6.1900000e+01  -2.9141368e-02  -5.1377327e-02
   6.2000000e+01  -2.3602258e-02  -2.4878204e-02
   6.2100000e+01  -4.3157146e-02  -1.7948796e-03
   6.2200000e+01  -6.4101165e-02   5.4519101e-03
   6.2300000e+01  -6.1855628e-02  -1.7465829e-03
   6.2400000e+01  -3.4856091e-02  -1.4487455e-02
   6.2500000e+01  -5.4972503e-03  -2.5900724e-02
   6.2600000e+01   1.6933958e-03  -3.4174974e-02
   6.2700000e+01  -1.7721347e-02  -3.8513409e-02
   6.2800000e+01  -4.5802247e-02  -3.5696048e-02
   6.2900000e+01  -5.8984563e-02  -2.2859341e-02
   6.3000000e+01  -4.6435855e-02  -3.2634861e-03
   6.3100000e+01  -1.5336244e-02   1.2674519e-02
   6.3200000e+01   1.7245930e-02   1.3991321e-02
   6.3300000e+01   3.6436997e-02  -1.7777524e-03
   6.3400000e+01   3.7049869e-02  -2.5119719e-02
   6.3500000e+01   2.3848114e-02  -4.0115080e-02
   6.3600000e+01   6.5212195e-03  -3.5433419e-02
   6.3700000e+01  -6.5995291e-03  -1.2922892e-02
   6.3800000e+01  -1.1958320e-02   1.2803661e-02
   6.3900000e+01  -9.7578947e-03   2.4328398e-02
   6.4000000e+01  -1.1276856e-03   1.4151679e-02
   6.4100000e+01   1.2286601e-02  -9.5945050e-03
   6.4200000e+01   2.5669348e-02  -2.9308511e-02
   6.4300000e+01   2.9906035e-02  -3.1193231e-02
   6.4400000e+01   1.6689672e-02  -1.5007967e-02
   6.4500000e+01  -1.2241468e-02   6.9129763e-03
   6.4600000e+01  -4.0992377e-02   1.9376946e-02
   6.4700000e+01  -4.8207984e-02   1.4592939e-02
   6.4800000e+01  -2.4658184e-02  -3.7582071e-03
   6.4900000e+01   1.5482636e-02  -2.3696532e-02
   6.5000000e+01   4.2615584e-02  -3.2379394e-02
   6.5100000e+01   3.5082085e-02  -2.3863329e-02
   6.5200000e+01  -1.9198545e-03  -3.1979545e-03
   6.5300000e+01  -3.9492958e-02   1.6403378e-02
   6.5400000e+01  -4.8120408e-02   2.2677429e-02
   6.5500000e+01  -2.0623488e-02   1.3212626e-02
   6.5600000e+01   2.3718122e-02  -3.6003423e-03
   6.5700000e+01   5.5173831e-02  -1.6229947e-02
   6.5800000e+01   5.5362623e-02  -1.8298079e-02
   6.5900000e+01   2.8930475e-02  -9.9434860e-03
   6.6000000e+01  -1.2815379e-03   6.0041380e-03
   6.6100000e+01  -1.0921465e-02   2.5638886e-02
   6.6200000e+01   8.6474181e-03   4.1956469e-02
   6.6300000e+01   4.4191921e-02   4.6169583e-02
   6.6400000e+01   7.0223094e-02   3.5948770e-02
   6.6500000e+01   6.7721489e-02   2.1843974e-02
   6.6600000e+01   3.7927963e-02   2.0459150e-02
   6.6700000e+01   9.3457867e-04   3.7721496e-02
   6.6800000e+01  -1.9102752e-02   6.0317449e-02
   6.6900000e+01  -1.0684925e-02   6.6945935e-02
   6.7000000e+01   1.7730888e-02   4.8829397e-02
   6.7100000e+01   4.3721078e-02   1.8010574e-02
   6.7200000e+01   4.5817128e-02  -4.1706606e-03
   6.7300000e+01   1.8131430e-02  -5.0211762e-03
   6.7400000e+01  -2.4723612e-02   1.2076011e-02
   6.7500000e+01  -5.6548391e-02   3.3468524e-02
   6.7600000e+01  -5.7220252e-02   4.5225435e-02
   6.7700000e+01  -2.6974324e-02   4.0154938e-02
   6.7800000e+01   1.3256995e-02   2.1072087e-02
   6.7900000e+01   3.6064757e-02  -2.3656983e-04
   6.8000000e+01   2.6372595e-02  -1.0511499e-02
   6.8100000e+01  -8.3454201e-03  -5.9882041e-03
   6.8200000e+01  -4.3605331e-02   3.2496938e-03
   6.8300000e+01  -5.5532582e-02   2.0490251e-03
   6.8400000e+01  -3.8102846e-02  -1.5118459e-02
   6.8500000e+01  -6.9542087e-03  -3.8386078e-02
   6.8600000e+01   1.3754066e-02  -5.1529678e-02
   6.8700000e+01   1.1084571e-02  -4.6330786e-02
   6.8800000e+01  -7.1323982e-03  -2.8591736e-02
   6.8900000e+01  -2.1143559e-02  -1.1982403e-02
   6.9000000e+01  -1.7597551e-02  -6.9816420e-03
   6.9100000e+01   3.1904602e-04  -1.4017856e-02
   6.9200000e+01   1.9393897e-02  -2.4603861e-02
   6.9300000e+01   3.0483320e-02  -2.8657177e-02
   6.9400000e+01   3.4538171e-02  -2.2765266e-02
   6.9500000e+01   3.6031356e-02  -1.3109647e-02
   6.9600000e+01   3.4291105e-02  -1.0117730e-02
   6.9700000e+01   2.4439237e-02  -1.9182719e-02
   6.9800000e+01   6.5136162e-03  -3.6018789e-02
   6.9900000e+01  -9.4960417e-03  -5.0525733e-02
   7.0000000e+01  -1.0592982e-02  -5.4346684e-02
   7.0100000e+01   6.3705361e-03  -4.5188905e-02
   7.0200000e+01   2.9371655e-02  -2.6839143e-02
   7.0300000e+01   3.9938707e-02  -7.9471189e-03
   7.0400000e+01   2.8840939e-02   4.5911307e-04
   7.0500000e+01   4.6287880e-03  -8.4368588e-03
   7.0600000e+01  -1.3437414e-02  -2.9202548e-02
   7.0700000e+01  -1.2844196e-02  -4.4342243e-02
   7.0800000e+01  -5.5593108e-05  -3.7373493e-02
   7.0900000e+01   5.1020892e-03  -8.2338719e-03
   7.1000000e+01  -1.0611524e-02   2.5726801e-02
   7.1100000e+01  -3.8483644e-02   4.5722439e-02
   7.1200000e+01  -5.3788652e-02   4.7620164e-02
   7.1300000e+01  -3.9069402e-02   4.1090063e-02
   7.1400000e+01  -1.9673752e-03   3.5057685e-02
   7.1500000e+01   3.0731346e-02   2.8348881e-02
   7.1600000e+01   3.6694408e-02   1.6037115e-02
   7.1700000e+01   1.5316704e-02   1.2243187e-03
   7.1800000e+01  -1.6787758e-02  -4.2559728e-03
   7.1900000e+01  -4.3465164e-02   8.4109474e-03
   7.2000000e+01  -5.9726700e-02   3.5080581e-02
   7.2100000e+01  -6.7616868e-02   6.1425255e-02
   7.2200000e+01  -6.7721775e-02   7.3806131e-02
   7.2300000e+01  -5.8621876e-02   6.6847875e-02
   7.2400000e+01  -4.2779769e-02   4.3931380e-02
   7.2500000e+01  -2.8195057e-02   1.4707541e-02
   7.2600000e+01  -2.1997920e-02  -8.2745586e-03
   7.2700000e+01  -2.3817822e-02  -1.5789444e-02
   7.2800000e+01  -2.7082708e-02  -8.9365696e-03
   7.2900000e+01  -2.6179293e-02   1.1104509e-03
   7.3000000e+01  -2.1049377e-02   3.5322848e-03
   7.3100000e+01  -1.5442693e-02  -1.5191119e-03
   7.3200000e+01  -1.2644483e-02  -4.6502566e-03
   7.3300000e+01  -1.3347099e-02   3.1666493e-04
   7.3400000e+01  -1.5898579e-02   8.1799542e-03
   7.3500000e+01  -1.7003614e-02   8.0827661e-03
   7.3600000e+01  -1.2776733e-02  -4.5136163e-03
   7.3700000e+01  -1.1000655e-03  -2.3723915e-02
   7.3800000e+01   1.5789774e-02  -3.9887583e-02
   7.3900000e+01   3.1289395e-02  -4.7513342e-02
   7.4000000e+01   3.8123890e-02  -4.6793829e-02
   7.4100000e+01   3.3495263e-02  -4.0748741e-02
   7.4200000e+01   2.1870133e-02  -3.3063513e-02
   7.4300000e+01   1.3012374e-02  -2.6780364e-02
   7.4400000e+01   1.6023133e-02  -2.2073641e-02
   7.4500000e+01   3.3126336e-02  -1.5517872e-02
   7.4600000e+01   5.7636750e-02  -4.1902207e-03
   7.4700000e+01   7.7802561e-02   8.8463340e-03
   7.4800000e+01   8.3845695e-02   1.5551516e-02
   7.4900000e+01   7.3399024e-02   1.1075532e-02
   7.5000000e+01   5.2250368e-02  -6.5035162e-04
   7.5100000e+01   3.0534980e-02  -1.1457558e-02
   7.5200000e+01   1.6697483e-02  -1.7590376e-02
   7.5300000e+01   1.2612655e-02  -2.0464843e-02
   7.5400000e+01   1.3303066e-02  -1.9001631e-02
   7.5500000e+01   1.2054809e-02  -6.3295080e-03
   7.5600000e+01   6.7285020e-03   2.1327583e-02
   7.5700000e+01   9.6382987e-04   5.3935248e-02
   7.5800000e+01  -9.2661413e-04   7.1340899e-02
   7.5900000e+01   9.0916823e-04   6.0840743e-02
   7.6000000e+01   2.9582556e-03   2.9679705e-02
   7.6100000e+01   3.3089602e-03  -1.7292689e-03
   7.6200000e+01   2.4733263e-03  -1.7705676e-02
   7.6300000e+01  -1.6035710e-03  -1.6760817e-02
   7.6400000e+01  -1.5582977e-02  -5.8517693e-03
   7.6500000e+01  -4.2554464e-02   9.0460551e-03
   7.6600000e+01  -7.0969917e-02   2.4275882e-02
   7.6700000e+01  -7.6999170e-02   3.4686591e-02
   7.6800000e+01  -4.4716156e-02   3.4764770e-02
   7.6900000e+01   1.3604212e-02   2.5263028e-02
   7.7000000e+01   6.0446692e-02   1.5223591e-02
   7.7100000e+01   6.1582773e-02   1.3925145e-02
   7.7200000e+01   1.5623521e-02   2.1015172e-02
   7.7300000e+01  -4.3227840e-02   2.6663442e-02
   7.7400000e+01  -7.2328523e-02   2.1755740e-02
   7.7500000e+01  -5.3291274e-02   6.4251863e-03
   7.7600000e+01  -2.6450937e-03  -1.1700797e-02
   7.7700000e+01   4.5157243e-02  -2.5444369e-02
   7.7800000e+01   6.4278118e-02  -3.2452371e-02
   7.7900000e+01   5.1689933e-02  -3.3266155e-02
   7.8000000e+01   2.2586724e-02  -2.8779319e-02
   7.8100000e+01  -3.2743486e-03  -2.1345683e-02
   7.8200000e+01  -1.2406108e-02  -1.6290934e-02
   7.8300000e+01  -2.1807211e-03  -1.8907190e-02
   7.8400000e+01   1.8598041e-02  -2.8712007e-02
   7.8500000e+01   3.3281307e-02  -3.7973654e-02
   7.8600000e+01   2.7196986e-02  -3.7537238e-02
   7.8700000e+01  -2.4548551e-04  -2.4806573e-02
   7.8800000e+01  -3.2217595e-02  -6.4164861e-03
   7.8900000e+01  -4.6287992e-02   6.4768769e-03
   7.9000000e+01  -3.2692163e-02   6.1589142e-03
   7.9100000e+01  -2.1800697e-03  -6.1454574e-03
   7.9200000e+01   2.3523965e-02  -2.0827690e-02
   7.9300000e+01   2.8575389e-02  -2.6582709e-02
   7.9400000e+01   1.2230431e-02  -1.8990123e-02
   7.9500000e+01  -1.4237738e-02  -3.9646749e-03
   7.9600000e+01  -3.6652204e-02   7.6937886e-03
   7.9700000e+01  -4.5687964e-02   9.8663577e-03
   7.9800000e+01  -4.0093117e-02   5.2494294e-03
   7.9900000e+01  -2.4701551e-02   3.7774086e-04
   8.0000000e+01  -5.1706259e-03  -1.9773736e-03
