   1.0221618e+02   2.8602761e+01   2.5212700e+03
   1.0217113e+02   2.8436571e+01   1.6353400e+03
   0.0000000e+00   5.5897026e-01   5.5897026e-01
   1.0000000e-01   5.2144565e-01   5.5687885e-01
   2.0000000e-01   5.0404867e-01   4.7830248e-01
   3.0000000e-01   5.5113562e-01   3.2720389e-01
   4.0000000e-01   6.6248584e-01   1.3810320e-01
   5.0000000e-01   7.9735471e-01  -4.6921435e-02
   6.0000000e-01   9.0738032e-01  -1.9609792e-01
   7.0000000e-01   9.6964209e-01  -2.9629463e-01
   8.0000000e-01   9.9350337e-01  -3.5488742e-01
   9.0000000e-01   1.0000000e+00  -3.9399240e-01
   1.0000000e+00   9.9641084e-01  -4.3547734e-01
   1.1000000e+00   9.7006819e-01  -4.8587807e-01
   1.2000000e+00   9.0466456e-01  -5.3576001e-01
   1.3000000e+00   8.0014732e-01  -5.7407577e-01
   1.4000000e+00   6.7539680e-01  -6.0018002e-01
   1.5000000e+00   5.5209839e-01  -6.2036543e-01
   1.6000000e+00   4.3757728e-01  -6.3791310e-01
   1.7000000e+00   3.2368501e-01  -6.5368540e-01
   1.8000000e+00   2.0054902e-01  -6.7555567e-01
   1.9000000e+00   6.9107024e-02  -7.1765120e-01
   2.0000000e+00  -6.0086855e-02  -7.8289834e-01
   2.1000000e+00  -1.7847864e-01  -8.4910288e-01
   2.2000000e+00  -2.8784643e-01  -8.8030503e-01
   2.3000000e+00  -3.9597030e-01  -8.5549966e-01
   2.4000000e+00  -5.0341590e-01  -7.8424813e-01
   2.5000000e+00  -5.9478634e-01  -6.9320919e-01
   2.6000000e+00  -6.4559975e-01  -6.0047376e-01
   2.7000000e+00  -6.4260517e-01  -5.0526384e-01
   2.8000000e+00  -6.0069686e-01  -3.9957814e-01
   2.9000000e+00  -5.5800006e-01  -2.8431902e-01
   3.0000000e+00  -5.4836967e-01  -1.7163433e-01
   3.1000000e+00  -5.7400573e-01  -7.3141011e-02
   3.2000000e+00  -6.0505467e-01   1.1558817e-02
   3.3000000e+00  -6.0854649e-01   9.3038562e-02
   3.4000000e+00  -5.7859161e-01   1.7797047e-01
   3.5000000e+00  -5.3737658e-01   2.5810667e-01
   3.6000000e+00  -5.0731741e-01   3.1756863e-01
   3.7000000e+00  -4.8537368e-01   3.5463152e-01
   3.8000000e+00  -4.4654243e-01   3.9308654e-01
   3.9000000e+00  -3.7055496e-01   4.6332509e-01
   4.0000000e+00  -2.6241969e-01   5.6762255e-01
   4.1000000e+00  -1.4828980e-01   6.6951219e-01
   4.2000000e+00  -5.6100175e-02   7.2556353e-01
   4.3000000e+00  -1.6962227e-03   7.2744436e-01
   4.4000000e+00   1.2378828e-02   7.0544692e-01
   4.5000000e+00  -6.0920352e-03   6.8897848e-01
   4.6000000e+00  -3.9655609e-02   6.7278958e-01
   4.7000000e+00  -6.4521893e-02   6.3060103e-01
   4.8000000e+00  -6.2310373e-02   5.5700215e-01
   4.9000000e+00  -3.3456994e-02   4.8229165e-01
   5.0000000e+00   2.0461005e-03   4.4030816e-01
   5.1000000e+00   2.0748177e-02   4.2923584e-01
   5.2000000e+00   1.5268218e-02   4.1273095e-01
   5.3000000e+00  -6.8680566e-04   3.5804081e-01
   5.4000000e+00  -5.7438874e-03   2.6654238e-01
   5.5000000e+00   1.0739365e-02   1.6729180e-01
   5.6000000e+00   4.1871114e-02   8.7367747e-02
   5.7000000e+00   7.1903688e-02   3.0176522e-02
   5.8000000e+00   8.9998408e-02  -2.4057862e-02
   5.9000000e+00   9.6556591e-02  -1.0122465e-01
   6.0000000e+00   9.9503598e-02  -2.1079435e-01
   6.1000000e+00   1.0765108e-01  -3.3083333e-01
   6.2000000e+00   1.2768060e-01  -4.1571513e-01
   6.3000000e+00   1.6357177e-01  -4.2915946e-01
   6.4000000e+00   2.1427001e-01  -3.7807417e-01
   6.5000000e+00   2.7135049e-01  -3.1238811e-01
   6.6000000e+00   3.2325332e-01  -2.8548924e-01
   6.7000000e+00   3.6590405e-01  -3.1215677e-01
   6.8000000e+00   4.0803016e-01  -3.6538944e-01
   6.9000000e+00   4.6117336e-01  -4.1114822e-01
   7.0000000e+00   5.2229918e-01  -4.3917018e-01
   7.1000000e+00   5.6966341e-01  -4.5680428e-01
   7.2000000e+00   5.8041714e-01  -4.6002758e-01
   7.3000000e+00   5.5251536e-01  -4.2396451e-01
   7.4000000e+00   5.0592996e-01  -3.2964800e-01
   7.5000000e+00   4.6086769e-01  -1.9504269e-01
   7.6000000e+00   4.1745510e-01  -6.7658474e-02
   7.7000000e+00   3.5955339e-01   1.9109675e-02
   7.8000000e+00   2.7718712e-01   7.6019715e-02
   7.9000000e+00   1.8142320e-01   1.3628801e-01
   8.0000000e+00   9.5607127e-02   2.0683749e-01
   8.1000000e+00   3.3612312e-02   2.5363765e-01
   8.2000000e+00  -1.1816798e-02   2.4193099e-01
   8.3000000e+00  -6.0458521e-02   1.8242942e-01
   8.4000000e+00  -1.2650466e-01   1.2551063e-01
   8.5000000e+00  -2.0870753e-01   1.1056611e-01
   8.6000000e+00  -2.9573302e-01   1.3227022e-01
   8.7000000e+00  -3.7840085e-01   1.5935544e-01
   8.8000000e+00  -4.5537429e-01   1.7346012e-01
   8.9000000e+00  -5.2725432e-01   1.7787810e-01
   9.0000000e+00  -5.8688041e-01   1.7575160e-01
   9.1000000e+00  -6.1795592e-01   1.5835852e-01
   9.2000000e+00  -6.0529837e-01   1.2079090e-01
   9.3000000e+00  -5.4737157e-01   7.6170728e-02
   9.4000000e+00  -4.5915688e-01   4.1860908e-02
   9.5000000e+00  -3.6333693e-01   1.6070836e-02
   9.6000000e+00  -2.7840445e-01  -1.9426264e-02
   9.7000000e+00  -2.1259745e-01  -7.2194485e-02
   9.8000000e+00  -1.6511035e-01  -1.2595840e-01
   9.9000000e+00  -1.3085765e-01  -1.6083193e-01
   1.0000000e+01  -1.0524992e-01  -1.7887421e-01
   1.0100000e+01  -8.6439104e-02  -1.9866541e-01
   1.0200000e+01  -7.3045414e-02  -2.2549901e-01
   1.0300000e+01  -5.9199284e-02  -2.3825913e-01
   1.0400000e+01  -3.3978664e-02  -2.1310379e-01
   1.0500000e+01   1.0100801e-02  -1.5584576e-01
   1.0600000e+01   6.6463213e-02  -1.0222632e-01
   1.0700000e+01   1.1535234e-01  -8.3448194e-02
   1.0800000e+01   1.3934399e-01  -9.5398538e-02
   1.0900000e+01   1.3874409e-01  -1.0538839e-01
   1.1000000e+01   1.2979018e-01  -8.7714549e-02
   1.1100000e+01   1.2709785e-01  -4.8862575e-02
   1.1200000e+01   1.2947678e-01  -1.7126728e-02
   1.1300000e+01   1.2371860e-01  -1.0998387e-02
   1.1400000e+01   1.0057871e-01  -2.1198009e-02
   1.1500000e+01   6.5435782e-02  -2.2829685e-02
   1.1600000e+01   3.4270437e-02  -9.2922660e-04
   1.1700000e+01   2.1102076e-02   3.7939660e-02
   1.1800000e+01   2.9015680e-02   7.5705546e-02
   1.1900000e+01   5.1030127e-02   9.9190192e-02
   1.2000000e+01   7.7972188e-02   1.0700144e-01
   1.2100000e+01   1.0542381e-01   1.0652832e-01
   1.2200000e+01   1.3319460e-01   1.0869396e-01
   1.2300000e+01   1.5833544e-01   1.2246570e-01
   1.2400000e+01   1.7087731e-01   1.4769332e-01
   1.2500000e+01   1.6025463e-01   1.7195638e-01
   1.2600000e+01   1.2770003e-01   1.7989369e-01
   1.2700000e+01   8.9810260e-02   1.6959840e-01
   1.2800000e+01   6.6136505e-02   1.5660004e-01
   1.2900000e+01   6.2564994e-02   1.5676072e-01
   1.3000000e+01   6.8650075e-02   1.6680929e-01
   1.3100000e+01   7.1180218e-02   1.6764078e-01
   1.3200000e+01   6.7594020e-02   1.4743969e-01
   1.3300000e+01   6.4913578e-02   1.1514080e-01
   1.3400000e+01   6.8486414e-02   8.7543438e-02
   1.3500000e+01   7.5176782e-02   6.9072417e-02
   1.3600000e+01   7.6831315e-02   5.1651791e-02
   1.3700000e+01   6.7122062e-02   3.1851863e-02
   1.3800000e+01   4.4647142e-02   1.8026639e-02
   1.3900000e+01   1.2843342e-02   1.7008373e-02
   1.4000000e+01  -2.0837493e-02   2.1853138e-02
   1.4100000e+01  -4.7916319e-02   2.0702059e-02
   1.4200000e+01  -6.4590292e-02   1.4113665e-02
   1.4300000e+01  -7.4653331e-02   1.3725965e-02
   1.4400000e+01  -8.4427500e-02   2.1652061e-02
   1.4500000e+01  -9.4269196e-02   1.9573756e-02
   1.4600000e+01  -9.7268591e-02  -1.4164197e-02
   1.4700000e+01  -8.7824195e-02  -7.8197591e-02
   1.4800000e+01  -7.0271548e-02  -1.4445584e-01
   1.4900000e+01  -5.7271437e-02  -1.8186427e-01
   1.5000000e+01  -5.9613567e-02  -1.8095077e-01
   1.5100000e+01  -7.7931270e-02  -1.5514551e-01
   1.5200000e+01  -1.0302663e-01  -1.2283279e-01
   1.5300000e+01  -1.2239906e-01  -9.2690882e-02
   1.5400000e+01  -1.2715654e-01  -6.5685916e-02
   1.5500000e+01  -1.1602886e-01  -4.5660356e-02
   1.5600000e+01  -9.5412966e-02  -4.1832541e-02
   1.5700000e+01  -7.4985553e-02  -5.8533438e-02
   1.5800000e+01  -6.0727966e-02  -8.5487273e-02
   1.5900000e+01  -5.0437405e-02  -1.0408131e-01
   1.6000000e+01  -3.5856673e-02  -1.0596843e-01
   1.6100000e+01  -9.8175155e-03  -1.0166029e-01
   1.6200000e+01   2.7499161e-02  -1.0539543e-01
   1.6300000e+01   6.7435760e-02  -1.1305196e-01
   1.6400000e+01   9.6765569e-02  -1.0290937e-01
   1.6500000e+01   1.0454062e-01  -6.1972547e-02
   1.6600000e+01   8.9416082e-02  -5.6141024e-03
   1.6700000e+01   6.3174769e-02   3.5435149e-02
   1.6800000e+01   4.5471689e-02   4.4434976e-02
   1.6900000e+01   5.0585194e-02   2.7820604e-02
   1.7000000e+01   7.6191094e-02  -1.7296855e-03
   1.7100000e+01   1.0519138e-01  -3.8342208e-02
   1.7200000e+01   1.1978269e-01  -7.4052248e-02
   1.7300000e+01   1.1451226e-01  -8.9416384e-02
   1.7400000e+01   9.7203847e-02  -6.8169965e-02
   1.7500000e+01   8.0346382e-02  -1.9890550e-02
   1.7600000e+01   7.2984938e-02   2.5297340e-02
   1.7700000e+01   7.6979176e-02   4.8854233e-02
   1.7800000e+01   8.4751090e-02   6.0420178e-02
   1.7900000e+01   7.9851396e-02   7.5823180e-02
   1.8000000e+01   4.6822133e-02   8.8684841e-02
   1.8100000e+01  -1.2424981e-02   7.7665994e-02
   1.8200000e+01  -7.3361749e-02   3.9683279e-02
   1.8300000e+01  -1.0720246e-01   1.1838424e-03
   1.8400000e+01  -1.0806814e-01  -9.6612549e-03
   1.8500000e+01  -9.8463096e-02   7.4662211e-03
   1.8600000e+01  -1.0439982e-01   3.1398268e-02
   1.8700000e+01  -1.2775961e-01   4.8727443e-02
   1.8800000e+01  -1.4743601e-01   6.5114561e-02
   1.8900000e+01  -1.4553082e-01   8.8292133e-02
   1.9000000e+01  -1.2552813e-01   1.1197741e-01
   1.9100000e+01  -1.0322370e-01   1.2333755e-01
   1.9200000e+01  -8.7359189e-02   1.1998902e-01
   1.9300000e+01  -7.6366536e-02   1.1098578e-01
   1.9400000e+01  -7.0770792e-02   1.0206418e-01
   1.9500000e+01  -7.8048238e-02   8.7466191e-02
   1.9600000e+01  -9.9859023e-02   5.9366713e-02
   1.9700000e+01  -1.2020618e-01   2.1403440e-02
   1.9800000e+01  -1.1547095e-01  -1.0957477e-02
   1.9900000e+01  -7.8905335e-02  -2.2797855e-02
   2.0000000e+01  -3.0844617e-02  -1.1161774e-02
   2.0100000e+01  -1.5630686e-04   1.3709100e-02
   2.0200000e+01   4.8250033e-03   3.5465080e-02
   2.0300000e+01   5.2651807e-03   4.0874693e-02
   2.0400000e+01   3.1092386e-02   2.6524216e-02
   2.0500000e+01   9.0895388e-02  -2.6346535e-04
   2.0600000e+01   1.6103842e-01  -2.7440321e-02
   2.0700000e+01   2.0365398e-01  -4.6995604e-02
   2.0800000e+01   1.9710291e-01  -5.8660476e-02
   2.0900000e+01   1.5251172e-01  -6.5594162e-02
   2.1000000e+01   1.0319611e-01  -6.8505521e-02
   2.1100000e+01   7.7580279e-02  -6.6333274e-02
   2.1200000e+01   7.9622335e-02  -6.1960403e-02
   2.1300000e+01   9.2195203e-02  -6.3051518e-02
   2.1400000e+01   9.7105604e-02  -7.3761355e-02
   2.1500000e+01   9.1544331e-02  -8.6653160e-02
   2.1600000e+01   8.6984686e-02  -8.6758747e-02
   2.1700000e+01   9.4437103e-02  -6.5628845e-02
   2.1800000e+01   1.1127807e-01  -3.0059348e-02
   2.1900000e+01   1.2118147e-01   4.0705808e-03
   2.2000000e+01   1.0669601e-01   2.4852355e-02
   2.2100000e+01   6.4435511e-02   3.0064114e-02
   2.2200000e+01   1.0729702e-02   2.3264533e-02
   2.2300000e+01  -2.8498588e-02   9.6515910e-03
   2.2400000e+01  -3.7669105e-02  -3.4260750e-03
   2.2500000e+01  -2.4655530e-02  -7.3082770e-03
   2.2600000e+01  -1.3537997e-02   1.4187145e-03
   2.2700000e+01  -2.2423692e-02   1.6061027e-02
   2.2800000e+01  -4.8518251e-02   2.5707472e-02
   2.2900000e+01  -7.5770043e-02   2.6839675e-02
   2.3000000e+01  -9.4580728e-02   2.5876762e-02
   2.3100000e+01  -1.0917530e-01   2.8699081e-02
   2.3200000e+01  -1.2521638e-01   3.1123859e-02
   2.3300000e+01  -1.3687324e-01   2.3923657e-02
   2.3400000e+01  -1.3272520e-01   6.5570120e-03
   2.3500000e+01  -1.1250392e-01  -8.6806636e-03
   2.3600000e+01  -8.9936160e-02  -8.8429008e-03
   2.3700000e+01  -7.5884046e-02   4.9972473e-03
   2.3800000e+01  -6.5038473e-02   1.7805555e-02
   2.3900000e+01  -4.6265342e-02   1.5236135e-02
   2.4000000e+01  -2.3234625e-02  -3.3554324e-03
   2.4100000e+01  -1.4907295e-02  -2.6234356e-02
   2.4200000e+01  -3.1440346e-02  -4.0962737e-02
   2.4300000e+01  -5.6490449e-02  -4.3001016e-02
   2.4400000e+01  -6.2035818e-02  -3.4537275e-02
   2.4500000e+01  -4.0262683e-02  -1.8964959e-02
   2.4600000e+01  -1.3167164e-02   9.6466467e-04
   2.4700000e+01  -6.8536351e-03   2.1068329e-02
   2.4800000e+01  -2.0953555e-02   3.5489861e-02
   2.4900000e+01  -2.9235981e-02   4.0294984e-02
   2.5000000e+01  -9.6471162e-03   3.6093971e-02
   2.5100000e+01   3.1331991e-02   2.5994054e-02
   2.5200000e+01   6.5558164e-02   1.2645942e-02
   2.5300000e+01   7.0611930e-02  -4.1484679e-04
   2.5400000e+01   4.8178538e-02  -6.2365734e-03
   2.5500000e+01   1.9015886e-02   1.1846655e-03
   2.5600000e+01   5.0061507e-03   1.6925981e-02
   2.5700000e+01   1.5652416e-02   2.3478393e-02
   2.5800000e+01   4.5467221e-02   6.1558178e-03
   2.5900000e+01   7.8723895e-02  -2.7764498e-02
   2.6000000e+01   9.7838481e-02  -5.0285452e-02
   2.6100000e+01   9.3427512e-02  -3.8533618e-02
   2.6200000e+01   7.1078565e-02   8.9531140e-04
   2.6300000e+01   4.8014013e-02   3.7230698e-02
   2.6400000e+01   3.9932097e-02   4.5896367e-02
   2.6500000e+01   4.9017692e-02   3.0196071e-02
   2.6600000e+01   6.4608515e-02   1.1280643e-02
   2.6700000e+01   7.5176472e-02   1.3240781e-03
   2.6800000e+01   7.8320212e-02  -6.9033358e-03
   2.6900000e+01   7.8878645e-02  -2.4050389e-02
   2.7000000e+01   7.9889480e-02  -4.5516430e-02
   2.7100000e+01   7.8729058e-02  -5.5063578e-02
   2.7200000e+01   7.2375503e-02  -4.4740394e-02
   2.7300000e+01   6.3004947e-02  -2.4039642e-02
   2.7400000e+01   5.4924394e-02  -7.2442054e-03
   2.7500000e+01   4.6224717e-02   2.2056549e-03
   2.7600000e+01   2.7003298e-02   9.1018568e-03
   2.7700000e+01  -1.0908089e-02   1.1928506e-02
   2.7800000e+01  -6.1953846e-02   4.8667125e-04
   2.7900000e+01  -1.0612741e-01  -2.8225045e-02
   2.8000000e+01  -1.2223678e-01  -5.8435307e-02
   2.8100000e+01  -1.0406865e-01  -6.8331212e-02
   2.8200000e+01  -6.5725155e-02  -5.4386569e-02
   2.8300000e+01  -3.2165921e-02  -3.6302267e-02
   2.8400000e+01  -2.2720879e-02  -3.4504728e-02
   2.8500000e+01  -3.9526447e-02  -4.7069733e-02
   2.8600000e+01  -6.8354818e-02  -5.3702983e-02
   2.8700000e+01  -9.0697182e-02  -4.0414129e-02
   2.8800000e+01  -9.8299753e-02  -1.4512259e-02
   2.8900000e+01  -9.8928783e-02   5.3248188e-03
   2.9000000e+01  -1.0790046e-01   8.1712854e-03
   2.9100000e+01  -1.3172046e-01  -2.9411986e-03
   2.9200000e+01  -1.5866131e-01  -1.8509291e-02
   2.9300000e+01  -1.6647110e-01  -2.8735451e-02
   2.9400000e+01  -1.4141178e-01  -2.2874464e-02
   2.9500000e+01  -9.0771156e-02   8.3746204e-03
   2.9600000e+01  -3.6697236e-02   6.2254059e-02
   2.9700000e+01   1.9900466e-03   1.1764603e-01
   2.9800000e+01   2.1618648e-02   1.4708802e-01
   2.9900000e+01   2.9159281e-02   1.3948504e-01
   3.0000000e+01   3.0014700e-02   1.0936419e-01
   3.0100000e+01   2.3650572e-02   8.1628948e-02
   3.0200000e+01   1.0537679e-02   6.8918980e-02
   3.0300000e+01  -1.3364100e-03   6.6226699e-02
   3.0400000e+01  -1.2189217e-03   6.5106453e-02
   3.0500000e+01   1.3179633e-02   6.6695176e-02
   3.0600000e+01   3.2678942e-02   7.7356985e-02
   3.0700000e+01   4.7092053e-02   9.4798399e-02
   3.0800000e+01   5.6800992e-02   1.0435570e-01
   3.0900000e+01   7.0332024e-02   9.1478977e-02
   3.1000000e+01   9.0185864e-02   5.6351487e-02
   3.1100000e+01   1.0544208e-01   1.4447158e-02
   3.1200000e+01   1.0275870e-01  -1.7010178e-02
   3.1300000e+01   8.3996136e-02  -3.2283396e-02
   3.1400000e+01   6.8224519e-02  -3.7804864e-02
   3.1500000e+01   7.3302723e-02  -4.2096829e-02
   3.1600000e+01   9.7122578e-02  -4.6920902e-02
   3.1700000e+01   1.1987939e-01  -4.8319776e-02
   3.1800000e+01   1.2439266e-01  -4.4182505e-02
   3.1900000e+01   1.1137379e-01  -3.7924575e-02
   3.2000000e+01   9.4151901e-02  -3.3907625e-02
   3.2100000e+01   8.1556738e-02  -3.1851540e-02
   3.2200000e+01   6.9222377e-02  -2.9249225e-02
   3.2300000e+01   4.7619817e-02  -2.9146941e-02
   3.2400000e+01   1.6201314e-02  -4.1093546e-02
   3.2500000e+01  -1.2309423e-02  -7.0586156e-02
   3.2600000e+01  -2.2364434e-02  -1.0881380e-01
   3.2700000e+01  -1.0754602e-02  -1.3693048e-01
   3.2800000e+01   8.7362667e-03  -1.4178114e-01
   3.2900000e+01   1.7139052e-02  -1.2529318e-01
   3.3000000e+01   7.9039638e-03  -9.8124612e-02
   3.3100000e+01  -8.1687493e-03  -6.8341489e-02
   3.3200000e+01  -1.6988144e-02  -3.9761089e-02
   3.3300000e+01  -1.8686314e-02  -1.7783927e-02
   3.3400000e+01  -2.7257570e-02  -9.1041203e-03
   3.3500000e+01  -5.1561490e-02  -1.3200268e-02
   3.3600000e+01  -8.0682315e-02  -1.9792908e-02
   3.3700000e+01  -9.2812245e-02  -2.0361136e-02
   3.3800000e+01  -7.8280163e-02  -1.9765444e-02
   3.3900000e+01  -4.9814036e-02  -2.9466262e-02
   3.4000000e+01  -2.8958768e-02  -4.7816982e-02
   3.4100000e+01  -2.5902056e-02  -5.3997757e-02
   3.4200000e+01  -3.4995955e-02  -2.8336028e-02
   3.4300000e+01  -4.6553412e-02   2.2675433e-02
   3.4400000e+01  -5.7426996e-02   6.8382910e-02
   3.4500000e+01  -6.9549533e-02   8.4194931e-02
   3.4600000e+01  -8.3209619e-02   7.6445861e-02
   3.4700000e+01  -9.5636254e-02   7.2982816e-02
   3.4800000e+01  -1.0439993e-01   9.0165569e-02
   3.4900000e+01  -1.0835523e-01   1.1402089e-01
   3.5000000e+01  -1.0514911e-01   1.1590143e-01
   3.5100000e+01  -9.1430911e-02   8.3197076e-02
   3.5200000e+01  -6.7826656e-02   3.0979993e-02
   3.5300000e+01  -4.1995006e-02  -1.4268732e-02
   3.5400000e+01  -2.3709574e-02  -3.6276159e-02
   3.5500000e+01  -1.6100716e-02  -3.3511355e-02
   3.5600000e+01  -1.3093865e-02  -1.0481614e-02
   3.5700000e+01  -6.4048540e-03   2.5896360e-02
   3.5800000e+01   5.5677357e-03   6.1376900e-02
   3.5900000e+01   1.6556118e-02   7.5969187e-02
   3.6000000e+01   1.9684723e-02   5.9293611e-02
   3.6100000e+01   1.5105132e-02   2.3432947e-02
   3.6200000e+01   1.0549021e-02  -5.8117182e-03
   3.6300000e+01   1.5095767e-02  -1.2436207e-02
   3.6400000e+01   3.2153920e-02  -1.9328617e-03
   3.6500000e+01   5.6791307e-02   1.0541913e-02
   3.6600000e+01   7.8547328e-02   1.7630761e-02
   3.6700000e+01   8.8039754e-02   2.1082405e-02
   3.6800000e+01   8.3836268e-02   2.0335821e-02
   3.6900000e+01   7.4344127e-02   8.9691459e-03
   3.7000000e+01   7.1151092e-02  -1.4505031e-02
   3.7100000e+01   7.7801026e-02  -3.7890277e-02
   3.7200000e+01   8.5009775e-02  -4.3500116e-02
   3.7300000e+01   7.9302494e-02  -2.5604872e-02
   3.7400000e+01   5.7871903e-02   2.6858984e-03
   3.7500000e+01   3.3902488e-02   2.0345470e-02
   3.7600000e+01   2.5706811e-02   1.5638707e-02
   3.7700000e+01   4.0477943e-02  -5.4381730e-03
   3.7800000e+01   6.8659510e-02  -2.4395840e-02
   3.7900000e+01   9.2423977e-02  -2.4156059e-02
   3.8000000e+01   9.7891530e-02  -2.4215923e-03
   3.8100000e+01   8.1121899e-02   2.5056152e-02
   3.8200000e+01   4.7778228e-02   3.5740445e-02
   3.8300000e+01   1.0592679e-02   1.8709481e-02
   3.8400000e+01  -1.5398580e-02  -1.6014866e-02
   3.8500000e+01  -2.1404993e-02  -4.6689375e-02
   3.8600000e+01  -1.2444367e-02  -5.8772823e-02
   3.8700000e+01  -4.8763884e-03  -5.4801699e-02
   3.8800000e+01  -1.2572739e-02  -4.6867625e-02
   3.8900000e+01  -3.3551207e-02  -4.2037915e-02
   3.9000000e+01  -5.1228366e-02  -3.6871384e-02
   3.9100000e+01  -5.0847675e-02  -2.5129684e-02
   3.9200000e+01  -3.5612022e-02  -8.0385471e-03
   3.9300000e+01  -2.5816873e-02   4.9887096e-03
   3.9400000e+01  -4.0160664e-02   5.6298136e-03
   3.9500000e+01  -7.6375233e-02  -4.6230809e-03
   3.9600000e+01  -1.1058035e-01  -1.5873190e-02
   3.9700000e+01  -1.1780334e-01  -1.9879972e-02
   3.9800000e+01  -9.5057805e-02  -1.8216688e-02
   3.9900000e+01  -6.4149721e-02  -2.0136276e-02
   4.0000000e+01  -5.0229404e-02  -3.2260798e-02
   4.0100000e+01  -5.6840394e-02  -4.9990193e-02
   4.0200000e+01  -6.3111122e-02  -5.8613463e-02
   4.0300000e+01  -4.6655634e-02  -4.3711363e-02
   4.0400000e+01  -8.5828210e-03  -3.3273926e-03
   4.0500000e+01   2.5838843e-02   4.7083361e-02
   4.0600000e+01   3.1724878e-02   8.1803867e-02
   4.0700000e+01   8.6386610e-03   8.1137338e-02
   4.0800000e+01  -2.0085757e-02   4.6225312e-02
   4.0900000e+01  -3.0111842e-02   6.7574393e-04
   4.1000000e+01  -1.6421259e-02  -2.4154040e-02
   4.1100000e+01   7.4232268e-03  -1.0735018e-02
   4.1200000e+01   2.5746105e-02   3.1801024e-02
   4.1300000e+01   3.3605373e-02   7.3585361e-02
   4.1400000e+01   3.5246494e-02   8.5605311e-02
   4.1500000e+01   3.4751246e-02   6.1947833e-02
   4.1600000e+01   3.1449327e-02   2.4959441e-02
   4.1700000e+01   2.3787606e-02   6.7244243e-03
   4.1800000e+01   1.4562630e-02   2.0627522e-02
   4.1900000e+01   9.7469187e-03   4.9052969e-02
   4.2000000e+01   1.1762175e-02   6.0872245e-02
   4.2100000e+01   1.5542621e-02   4.2573324e-02
   4.2200000e+01   1.3409752e-02   1.1040106e-02
   4.2300000e+01   4.4904002e-03  -5.1639489e-03
   4.2400000e+01  -2.4187157e-03   5.0503771e-03
   4.2500000e+01   2.3132221e-03   2.6742370e-02
   4.2600000e+01   1.7190101e-02   3.6944348e-02
   4.2700000e+01   2.8490907e-02   2.6602988e-02
   4.2800000e+01   2.2995839e-02   4.4859383e-03
   4.2900000e+01   1.8252408e-03  -1.5286582e-02
   4.3000000e+01  -1.9107177e-02  -2.5426475e-02
   4.3100000e+01  -2.2387600e-02  -2.7866286e-02
   4.3200000e+01  -3.1638584e-03  -2.9751247e-02
   4.3300000e+01   2.7702776e-02  -3.8308241e-02
   4.3400000e+01   5.1803196e-02  -5.5430184e-02
   4.3500000e+01   5.5226253e-02  -7.3799789e-02
   4.3600000e+01   3.7110233e-02  -7.9981555e-02
   4.3700000e+01   1.0293021e-02  -6.5404707e-02
   4.3800000e+01  -7.0658260e-03  -3.5898043e-02
   4.3900000e+01  -4.4024358e-03  -9.0571411e-03
   4.4000000e+01   1.3663331e-02  -7.9028900e-04
   4.4100000e+01   3.2091655e-02  -1.3751378e-02
   4.4200000e+01   3.7941836e-02  -3.7323616e-02
   4.4300000e+01   2.8204871e-02  -5.6532295e-02
   4.4400000e+01   7.0243624e-03  -6.1014494e-02
   4.4500000e+01  -2.0455373e-02  -4.9261458e-02
   4.4600000e+01  -4.8209318e-02  -2.8576624e-02
   4.4700000e+01  -6.5826235e-02  -1.1182470e-02
   4.4800000e+01  -6.1976665e-02  -6.3555340e-03
   4.4900000e+01  -3.6074396e-02  -1.2427533e-02
   4.5000000e+01  -4.0369856e-03  -1.6164313e-02
   4.5100000e+01   1.3638898e-02  -2.7205883e-03
   4.5200000e+01   1.1793201e-02   3.0796353e-02
   4.5300000e+01   5.2244261e-03   7.0257189e-02
   4.5400000e+01   1.0170417e-02   9.3677143e-02
   4.5500000e+01   2.3255209e-02   8.7868931e-02
   4.5600000e+01   2.3869435e-02   5.8571811e-02
   4.5700000e+01  -1.1774101e-03   2.4936524e-02
   4.5800000e+01  -3.9339809e-02   3.0661974e-03
   4.5900000e+01  -6.2432673e-02  -5.8979275e-03
   4.6000000e+01  -5.4127685e-02  -1.1562001e-02
   4.6100000e+01  -2.4255723e-02  -1.9334360e-02
   4.6200000e+01   4.1272684e-03  -2.2569348e-02
   4.6300000e+01   1.7821152e-02  -1.1608285e-02
   4.6400000e+01   2.0949356e-02   1.1346861e-02
   4.6500000e+01   2.2371973e-02   3.0661252e-02
   4.6600000e+01   2.2050540e-02   3.1881955e-02
   4.6700000e+01   1.3664032e-02   1.5074484e-02
   4.6800000e+01  -1.5607611e-03  -8.2876987e-03
   4.6900000e+01  -9.7373441e-03  -2.8478585e-02
   4.7000000e+01   2.4961700e-03  -4.3063697e-02
   4.7100000e+01   3.0237130e-02  -5.0767195e-02
   4.7200000e+01   5.0134939e-02  -4.7124060e-02
   4.7300000e+01   4.1772024e-02  -3.1081890e-02
   4.7400000e+01   9.3273886e-03  -1.2560878e-02
   4.7500000e+01  -2.0649220e-02  -6.3353745e-03
   4.7600000e+01  -2.4595127e-02  -1.5944371e-02
   4.7700000e+01  -4.1431005e-03  -2.7232224e-02
   4.7800000e+01   1.7773821e-02  -2.1390040e-02
   4.7900000e+01   2.1212864e-02   5.9856789e-03
   4.8000000e+01   7.1727544e-03   4.0148759e-02
   4.8100000e+01  -7.9271975e-03   6.0264047e-02
   4.8200000e+01  -1.1719159e-02   5.5924503e-02
   4.8300000e+01  -7.3347215e-03   3.3427574e-02
   4.8400000e+01  -7.3393003e-03   1.0481729e-02
   4.8500000e+01  -1.9624921e-02   5.1580535e-03
   4.8600000e+01  -3.9554827e-02   2.4439672e-02
   4.8700000e+01  -5.3627652e-02   5.7988481e-02
   4.8800000e+01  -5.0346619e-02   8.3395140e-02
   4.8900000e+01  -3.0436690e-02   8.2201552e-02
   4.9000000e+01  -8.8140383e-03   5.4437786e-02
   4.9100000e+01  -4.5765316e-03   1.8407330e-02
   4.9200000e+01  -2.4662363e-02  -3.5905811e-03
   4.9300000e+01  -5.5411506e-02  -2.0179058e-04
   4.9400000e+01  -7.1955832e-02   2.3541215e-02
   4.9500000e+01  -5.8293799e-02   4.9271259e-02
   4.9600000e+01  -1.9231952e-02   5.3441958e-02
   4.9700000e+01   2.6001013e-02   2.1528878e-02
   4.9800000e+01   5.9350143e-02  -3.5744476e-02
   4.9900000e+01   7.2809910e-02  -8.0865615e-02
   5.0000000e+01   6.6657508e-02  -7.5665391e-02
   5.0100000e+01   4.5833488e-02  -1.8979780e-02
   5.0200000e+01   2.0218763e-02   4.3424723e-02
   5.0300000e+01   3.4019212e-03   5.5891094e-02
   5.0400000e+01   4.1949681e-03   5.4525219e-03
   5.0500000e+01   1.7329750e-02  -6.4675378e-02
   5.0600000e+01   2.6063720e-02  -9.7370205e-02
   5.0700000e+01   1.7986169e-02  -7.5994992e-02
   5.0800000e+01  -1.1905720e-03  -3.4228178e-02
   5.0900000e+01  -1.1336252e-02  -1.5000568e-02
   5.1000000e+01   3.3387521e-03  -2.7137896e-02
   5.1100000e+01   3.8746730e-02  -4.5037977e-02
   5.1200000e+01   7.3150223e-02  -4.3672191e-02
   5.1300000e+01   8.3834400e-02  -2.4204765e-02
   5.1400000e+01   6.2706874e-02  -4.8995799e-03
   5.1500000e+01   1.9381016e-02   3.3939787e-03
   5.1600000e+01  -2.7173436e-02   4.9866084e-03
   5.1700000e+01  -5.9919327e-02   6.6467511e-03
   5.1800000e+01  -7.1104538e-02   7.2987730e-03
   5.1900000e+01  -6.3581329e-02   3.7636043e-03
   5.2000000e+01  -4.6921254e-02  -2.8322186e-05
   5.2100000e+01  -3.0850828e-02   3.1532030e-03
   5.2200000e+01  -2.0099035e-02   1.2169591e-02
   5.2300000e+01  -1.3965122e-02   1.6391267e-02
   5.2400000e+01  -9.7116809e-03   8.5940066e-03
   5.2500000e+01  -5.4920722e-03  -5.3532616e-03
   5.2600000e+01  -3.8142161e-04  -1.3348851e-02
   5.2700000e+01   6.4134052e-03  -1.1185357e-02
   5.2800000e+01   1.4540836e-02  -5.5840183e-03
   5.2900000e+01   2.1070907e-02  -3.9039163e-03
   5.3000000e+01   2.1931548e-02  -5.6039192e-03
   5.3100000e+01   1.5755055e-02  -5.6457554e-03
   5.3200000e+01   5.7346153e-03  -2.6035641e-03
   5.3300000e+01  -2.8236444e-03   1.5735056e-04
   5.3400000e+01  -6.2364519e-03  -3.6671456e-04
   5.3500000e+01  -3.4686513e-03  -4.2959826e-03
   5.3600000e+01   5.2450614e-03  -1.0964761e-02
   5.3700000e+01   1.8894962e-02  -1.9100630e-02
   5.3800000e+01   3.4212584e-02  -2.3482108e-02
   5.3900000e+01   4.4618756e-02  -1.6140546e-02
   5.4000000e+01   4.2151539e-02   4.0395999e-03
   5.4100000e+01   2.2369756e-02   2.4503857e-02
   5.4200000e+01  -1.0263652e-02   2.8314895e-02
   5.4300000e+01  -4.0827640e-02   1.3371059e-02
   5.4400000e+01  -5.0467469e-02  -1.6840207e-03
   5.4500000e+01  -2.9945821e-02   3.7004262e-03
   5.4600000e+01   9.8836399e-03   2.7381192e-02
   5.4700000e+01   4.2977715e-02   4.3908621e-02
   5.4800000e+01   4.8063533e-02   3.1692456e-02
   5.4900000e+01   2.6032578e-02  -1.6536506e-03
   5.5000000e+01  -3.5187519e-03  -2.5159443e-02
   5.5100000e+01  -2.3553961e-02  -1.5930091e-02
   5.5200000e+01  -3.5075819e-02   1.8032441e-02
   5.5300000e+01  -4.9499544e-02   4.6990085e-02
   5.5400000e+01  -6.8559414e-02   4.8299507e-02
   5.5500000e+01  -7.8245591e-02   2.4215833e-02
   5.5600000e+01  -6.5845561e-02  -5.2987714e-03
   5.5700000e+01  -3.8903539e-02  -2.1468107e-02
   5.5800000e+01  -2.0458736e-02  -1.8024129e-02
   5.5900000e+01  -2.3782991e-02  -8.7978438e-04
   5.6000000e+01  -3.6543514e-02   1.6575900e-02
   5.6100000e+01  -3.4380662e-02   1.9551802e-02
   5.6200000e+01  -8.6535638e-03   1.4410496e-03
   5.6300000e+01   2.3709240e-02  -2.7956931e-02
   5.6400000e+01   3.8409967e-02  -4.7418007e-02
   5.6500000e+01   2.7963557e-02  -4.3234447e-02
   5.6600000e+01   6.2163726e-03  -2.3238310e-02
   5.6700000e+01  -7.2583551e-03  -7.8362803e-03
   5.6800000e+01  -3.4095288e-03  -6.4894043e-03
   5.6900000e+01   1.3025495e-02  -7.7402162e-03
   5.7000000e+01   3.0321864e-02   4.4678741e-03
   5.7100000e+01   3.8452494e-02   2.8307722e-02
   5.7200000e+01   3.5837255e-02   4.3538513e-02
   5.7300000e+01   3.0969633e-02   3.3689838e-02
   5.7400000e+01   3.4673953e-02   4.4111998e-03
   5.7500000e+01   4.7125859e-02  -2.2323443e-02
   5.7600000e+01   5.4721848e-02  -2.9477838e-02
   5.7700000e+01   4.4912932e-02  -1.7970682e-02
   5.7800000e+01   2.3857807e-02  -8.9625331e-04
   5.7900000e+01   1.3247004e-02   1.0870017e-02
   5.8000000e+01   2.6320108e-02   1.6590591e-02
   5.8100000e+01   5.1089080e-02   2.2389085e-02
   5.8200000e+01   6.2137400e-02   3.2505818e-02
   5.8300000e+01   4.7260997e-02   4.3277178e-02
   5.8400000e+01   1.7631520e-02   4.4876687e-02
   5.8500000e+01  -7.4010560e-03   3.0099984e-02
   5.8600000e+01  -1.9028310e-02   2.9589944e-03
   5.8700000e+01  -2.0431631e-02  -2.2004190e-02
   5.8800000e+01  -1.6414061e-02  -3.1078908e-02
   5.8900000e+01  -9.1412795e-03  -2.3223483e-02
   5.9000000e+01  -2.9042561e-03  -1.0089218e-02
   5.9100000e+01  -5.2748656e-03  -3.7493838e-03
   5.9200000e+01  -1.9321003e-02  -4.8139335e-03
   5.9300000e+01  -3.7843032e-02  -3.0353981e-03
   5.9400000e+01  -4.9484292e-02   1.0790602e-02
   5.9500000e+01  -4.9828755e-02   3.3746862e-02
   5.9600000e+01  -4.3585816e-02   5.0822196e-02
   5.9700000e+01  -3.6557312e-02   4.6056229e-02
   5.9800000e+01  -2.9332773e-02   1.6216969e-02
   5.9900000e+01  -2.0242070e-02  -2.3626609e-02
   6.0000000e+01  -1.1220272e-02  -4.8660443e-02
   6.0100000e+01  -7.2975006e-03  -4.2782870e-02
   6.0200000e+01  -1.0914210e-02  -1.2456465e-02
   6.0300000e+01  -1.9424306e-02   1.7794909e-02
   6.0400000e+01  -2.8254294e-02   2.6092021e-02
   6.0500000e+01  -3.3851153e-02   1.1003401e-02
   6.0600000e+01  -3.2851051e-02  -1.0679587e-02
   6.0700000e+01  -2.2035111e-02  -2.2369750e-02
   6.0800000e+01  -3.0162563e-03  -2.2000184e-02
   6.0900000e+01   1.4285071e-02  -1.8758029e-02
   6.1000000e+01   1.8188396e-02  -1.9536451e-02
   6.1100000e+01   8.1360243e-03  -2.2066413e-02
   6.1200000e+01  -1.9886761e-03  -2.0931813e-02
   6.1300000e+01   2.0817424e-03  -1.6832465e-02
   6.1400000e+01   1.7876132e-02  -1.7055071e-02
   6.1500000e+01   2.7657558e-02  -2.6686788e-02
   6.1600000e+01   1.9450671e-02  -4.1120185e-02
   6.1700000e+01   3.4747545e-03  -4.9013368e-02
   6.1800000e+01   2.9256309e-03  -4.3212992e-02
   6.1900000e+01   2.7862242e-02  -2.7919945e-02
   6.2000000e+01   6.1685085e-02  -1.4074336e-02
   6.2100000e+01   7.5903858e-02  -8.2572559e-03
   6.2200000e+01   5.7227574e-02  -7.9653650e-03
   6.2300000e+01   1.8617525e-02  -7.8667840e-03
   6.2400000e+01  -1.4902010e-02  -7.4159999e-03
   6.2500000e+01  -2.8538683e-02  -9.1423620e-03
   6.2600000e+01  -2.6217680e-02  -1.1173438e-02
   6.2700000e+01  -2.0990036e-02  -6.9375310e-03
   6.2800000e+01  -2.0768459e-02   5.2296206e-03
   6.2900000e+01  -2.3450759e-02   1.5992454e-02
   6.3000000e+01  -2.3065342e-02   1.3656100e-02
   6.3100000e+01  -1.7998631e-02  -9.8296218e-04
   6.3200000e+01  -1.2540875e-02  -1.2525715e-02
   6.3300000e+01  -1.1260885e-02  -6.1232546e-03
   6.3400000e+01  -1.3332000e-02   1.6675943e-02
   6.3500000e+01  -1.3717861e-02   3.8773293e-02
   6.3600000e+01  -1.0186975e-02   4.3337844e-02
   6.3700000e+01  -7.6555534e-03   2.8208969e-02
   6.3800000e+01  -1.3384921e-02   6.8762940e-03
   6.3900000e+01  -2.7159514e-02  -2.5305079e-03
   6.4000000e+01  -3.7822358e-02   8.6889485e-03
   6.4100000e+01  -3.1895768e-02   3.1791485e-02
   6.4200000e+01  -6.8296490e-03   4.5349239e-02
   6.4300000e+01   2.4484017e-02   3.2607776e-02
   6.4400000e+01   4.3181260e-02  -1.1216697e-03
   6.4500000e+01   3.9754135e-02  -2.9274477e-02
   6.4600000e+01   2.1784014e-02  -2.6923398e-02
   6.4700000e+01   7.3408388e-03   4.8052797e-03
   6.4800000e+01   9.3660332e-03   3.8908426e-02
   6.4900000e+01   2.4236613e-02   4.8741955e-02
   6.5000000e+01   3.5214477e-02   3.3041472e-02
   6.5100000e+01   2.8923426e-02   1.3818968e-02
   6.5200000e+01   9.6575579e-03   1.1545539e-02
   6.5300000e+01  -3.8516086e-03   2.5509115e-02
   6.5400000e+01   2.3241719e-03   3.8134717e-02
   6.5500000e+01   2.1787719e-02   3.4578623e-02
   6.5600000e+01   3.3629948e-02   1.5750821e-02
   6.5700000e+01   2.4266177e-02  -5.2358688e-03
   6.5800000e+01   1.5830968e-03  -1.5121398e-02
   6.5900000e+01  -1.3976634e-02  -8.7034017e-03
   6.6000000e+01  -1.0905449e-02   1.0673516e-02
   6.6100000e+01   2.8665126e-03   3.4637781e-02
   6.6200000e+01   1.0109697e-02   5.3570736e-02
   6.6300000e+01   2.0188233e-03   5.9869314e-02
   6.6400000e+01  -1.4886943e-02   5.0726025e-02
   6.6500000e+01  -2.6574074e-02   2.9560353e-02
   6.6600000e+01  -2.3415537e-02   5.0142602e-03
   6.6700000e+01  -5.8689268e-03  -1.2767400e-02
   6.6800000e+01   1.7250565e-02  -1.7530611e-02
   6.6900000e+01   3.3976004e-02  -1.1177817e-02
   6.7000000e+01   3.5252082e-02  -3.1665659e-03
   6.7100000e+01   2.0190893e-02  -3.7118755e-03
   6.7200000e+01  -2.7535153e-03  -1.5038702e-02
   6.7300000e+01  -2.1083909e-02  -2.8532355e-02
   6.7400000e+01  -2.6925380e-02  -3.1887542e-02
   6.7500000e+01  -2.1815089e-02  -2.0959816e-02
   6.7600000e+01  -1.3562605e-02  -5.0868725e-03
   6.7700000e+01  -8.7660752e-03   3.3445532e-04
   6.7800000e+01  -8.2379116e-03  -1.2287647e-02
   6.7900000e+01  -8.7009303e-03  -3.6053345e-02
   6.8000000e+01  -7.6098346e-03  -5.6933207e-02
   6.8100000e+01  -5.8090027e-03  -6.7291367e-02
   6.8200000e+01  -6.2102871e-03  -7.1030961e-02
   6.8300000e+01  -1.0922453e-02  -7.5483704e-02
   6.8400000e+01  -1.9610074e-02  -8.0499009e-02
   6.8500000e+01  -2.9177596e-02  -7.8050751e-02
   6.8600000e+01  -3.3827247e-02  -6.2518439e-02
   6.8700000e+01  -2.6617510e-02  -3.8837772e-02
   6.8800000e+01  -4.4083753e-03  -1.8890833e-02
   6.8900000e+01   2.6165467e-02  -1.1105277e-02
   6.9000000e+01   4.8733548e-02  -1.5310849e-02
   6.9100000e+01   4.7041192e-02  -2.6414272e-02
   6.9200000e+01   1.7977805e-02  -3.9266749e-02
   6.9300000e+01  -2.4382993e-02  -4.8433137e-02
   6.9400000e+01  -5.8109380e-02  -4.6891692e-02
   6.9500000e+01  -6.7464044e-02  -3.0502108e-02
   6.9600000e+01  -5.0040889e-02  -5.2138214e-03
   6.9700000e+01  -1.4600269e-02   1.4115584e-02
   6.9800000e+01   2.4390962e-02   1.6746406e-02
   6.9900000e+01   5.1480093e-02   8.3645732e-03
   7.0000000e+01   5.5875260e-02   7.0362127e-03
   7.0100000e+01   3.8232008e-02   2.4350074e-02
   7.0200000e+01   1.2478262e-02   5.1955106e-02
   7.0300000e+01  -2.7809227e-03   7.0053495e-02
   7.0400000e+01   1.4937855e-03   6.9691271e-02
   7.0500000e+01   1.7524792e-02   6.2984654e-02
   7.0600000e+01   2.7881330e-02   6.7697040e-02
   7.0700000e+01   2.0942175e-02   8.3129162e-02
   7.0800000e+01   8.4755354e-04   8.7106197e-02
   7.0900000e+01  -1.6505142e-02   6.0949229e-02
   7.1000000e+01  -1.7351378e-02   1.5307888e-02
   7.1100000e+01  -1.4579442e-03  -1.4592249e-02
   7.1200000e+01   1.8720496e-02  -2.6094725e-03
   7.1300000e+01   2.9698175e-02   4.0872164e-02
   7.1400000e+01   2.8096835e-02   7.7550411e-02
   7.1500000e+01   2.0989343e-02   7.7276752e-02
   7.1600000e+01   1.6666547e-02   4.4771996e-02
   7.1700000e+01   1.6744086e-02   1.1873167e-02
   7.1800000e+01   1.7411028e-02   5.9064477e-03
   7.1900000e+01   1.5872198e-02   2.5599234e-02
   7.2000000e+01   1.2639998e-02   4.4562022e-02
   7.2100000e+01   7.7215831e-03   3.5866831e-02
   7.2200000e+01  -1.8935613e-03  -4.4216478e-03
   7.2300000e+01  -1.7974894e-02  -5.2861638e-02
   7.2400000e+01  -3.5102414e-02  -7.5971862e-02
   7.2500000e+01  -4.2312339e-02  -5.6429204e-02
   7.2600000e+01  -3.2876045e-02  -8.2777629e-03
   7.2700000e+01  -1.2010862e-02   3.1977599e-02
   7.2800000e+01   6.4074650e-03   3.3074016e-02
   7.2900000e+01   1.0986149e-02  -6.4997676e-03
   7.3000000e+01   4.1512418e-04  -5.7825090e-02
   7.3100000e+01  -1.8833693e-02  -8.4902685e-02
   7.3200000e+01  -3.9688882e-02  -7.1531307e-02
   7.3300000e+01  -5.7727844e-02  -3.0214945e-02
   7.3400000e+01  -6.8983493e-02   1.0552738e-02
   7.3500000e+01  -6.8678085e-02   2.7077348e-02
   7.3600000e+01  -5.5145682e-02   1.4073686e-02
   7.3700000e+01  -3.4291539e-02  -1.4715830e-02
   7.3800000e+01  -1.6960728e-02  -3.6740606e-02
   7.3900000e+01  -9.7818873e-03  -3.6235450e-02
   7.4000000e+01  -9.2949038e-03  -1.6265244e-02
   7.4100000e+01  -6.6695981e-03   3.3863795e-03
   7.4200000e+01   1.9990741e-03   4.1891954e-03
   7.4300000e+01   1.1743440e-02  -1.2558303e-02
   7.4400000e+01   1.5431045e-02  -2.7016188e-02
   7.4500000e+01   1.2480764e-02  -2.3084911e-02
   7.4600000e+01   8.8064330e-03  -7.2991877e-03
   7.4700000e+01   8.5717803e-03  -9.9494354e-04
   7.4800000e+01   8.9022983e-03  -1.3515008e-02
   7.4900000e+01   4.9547530e-03  -2.8798622e-02
   7.5000000e+01  -1.0511573e-03  -2.3169900e-02
   7.5100000e+01   3.3621791e-04   5.7806214e-03
   7.5200000e+01   1.4582127e-02   3.3769276e-02
   7.5300000e+01   3.3548820e-02   3.4922955e-02
   7.5400000e+01   4.1161841e-02   8.9193732e-03
   7.5500000e+01   3.0466707e-02  -1.9370683e-02
   7.5600000e+01   1.2713739e-02  -2.5115826e-02
   7.5700000e+01   6.4732302e-03  -5.4992293e-03
   7.5800000e+01   1.8226292e-02   2.1708389e-02
   7.5900000e+01   3.6588803e-02   3.6500082e-02
   7.6000000e+01   4.5881023e-02   3.1753923e-02
   7.6100000e+01   4.1679486e-02   1.4040132e-02
   7.6200000e+01   3.0820169e-02  -5.2465882e-03
   7.6300000e+01   1.9927076e-02  -1.8144705e-02
   7.6400000e+01   9.8897277e-03  -2.2500723e-02
   7.6500000e+01   1.8620785e-03  -1.9933228e-02
   7.6600000e+01   2.3150569e-03  -1.3398005e-02
   7.6700000e+01   1.6724176e-02  -6.5145433e-03
   7.6800000e+01   3.9447123e-02  -3.3349572e-03
   7.6900000e+01   5.4484878e-02  -6.1648559e-03
   7.7000000e+01   4.8332227e-02  -1.2474490e-02
   7.7100000e+01   2.1452805e-02  -1.5690090e-02
   7.7200000e+01  -1.2286128e-02  -1.1732999e-02
   7.7300000e+01  -3.5521317e-02  -4.8332718e-03
   7.7400000e+01  -3.7790747e-02  -3.9620173e-03
   7.7500000e+01  -2.1194490e-02  -1.1731470e-02
   7.7600000e+01   5.3582341e-04  -1.9201332e-02
   7.7700000e+01   1.0589587e-02  -1.5308297e-02
   7.7800000e+01   1.5261254e-03  -9.8434440e-04
   7.7900000e+01  -1.8751354e-02   1.0682258e-02
   7.8000000e+01  -3.4655411e-02   1.0907002e-02
   7.8100000e+01  -3.7322428e-02   8.1457375e-03
   7.8200000e+01  -3.0802587e-02   1.8611406e-02
   7.8300000e+01  -2.4796151e-02   4.3228488e-02
   7.8400000e+01  -2.4178526e-02   6.0345503e-02
   7.8500000e+01  -2.6788256e-02   4.7771635e-02
   7.8600000e+01  -2.8377710e-02   1.1356234e-02
   7.8700000e+01  -2.6136428e-02  -1.4858420e-02
   7.8800000e+01  -1.8470292e-02  -1.4744577e-03
   7.8900000e+01  -5.9192899e-03   4.4864982e-02
   7.9000000e+01   6.0770748e-03   8.6402015e-02
   7.9100000e+01   9.2936106e-03   9.0272598e-02
   7.9200000e+01   1.9852289e-03   5.6639434e-02
   7.9300000e+01  -5.1433295e-03   1.1675844e-02
   7.9400000e+01   2.3313640e-03  -2.1063403e-02
   7.9500000e+01   2.5232674e-02  -3.7210801e-02
   7.9600000e+01   4.5950794e-02  -4.3580865e-02
   7.9700000e+01   4.6008002e-02  -4.3772755e-02
   7.9800000e+01   2.7228851e-02  -3.6530218e-02
   7.9900000e+01   8.4714223e-03  -2.2449652e-02
   8.0000000e+01   7.9696751e-05  -5.0289794e-03
