   1.0221618e+02   2.8602761e+01   2.5212700e+03
   1.0222982e+02   2.8307855e+01   1.6500000e+03
   0.0000000e+00  -3.2759462e-01  -3.2759462e-01
   1.0000000e-01  -2.8818979e-01  -3.5894899e-01
   2.0000000e-01  -2.2450477e-01  -3.9478596e-01
   3.0000000e-01  -1.3544001e-01  -4.3094198e-01
   4.0000000e-01  -3.8723664e-02  -4.5089317e-01
   5.0000000e-01   4.7051535e-02  -4.4034050e-01
   6.0000000e-01   1.2312056e-01  -3.9770695e-01
   7.0000000e-01   2.0908352e-01  -3.3400346e-01
   8.0000000e-01   3.1912586e-01  -2.6600215e-01
   9.0000000e-01   4.4364027e-01  -2.0905720e-01
   1.0000000e+00   5.5909019e-01  -1.7218926e-01
   1.1000000e+00   6.5443501e-01  -1.5603638e-01
   1.2000000e+00   7.4105460e-01  -1.5516792e-01
   1.3000000e+00   8.3338351e-01  -1.6460769e-01
   1.4000000e+00   9.2447791e-01  -1.8535712e-01
   1.5000000e+00   9.8720994e-01  -2.2262541e-01
   1.6000000e+00   1.0000000e+00  -2.7771778e-01
   1.7000000e+00   9.6697086e-01  -3.4237931e-01
   1.8000000e+00   9.1099155e-01  -4.0220186e-01
   1.9000000e+00   8.4994009e-01  -4.4551171e-01
   2.0000000e+00   7.8203731e-01  -4.6886275e-01
   2.1000000e+00   6.9203379e-01  -4.7579824e-01
   2.2000000e+00   5.6867545e-01  -4.7315445e-01
   2.3000000e+00   4.1757059e-01  -4.6891476e-01
   2.4000000e+00   2.6090482e-01  -4.7024592e-01
   2.5000000e+00   1.2480131e-01  -4.7936411e-01
   2.6000000e+00   2.2683192e-02  -4.8959672e-01
   2.7000000e+00  -5.2399095e-02  -4.8661863e-01
   2.8000000e+00  -1.1870274e-01  -4.5591379e-01
   2.9000000e+00  -1.8821405e-01  -3.9172498e-01
   3.0000000e+00  -2.5930373e-01  -3.0121282e-01
   3.1000000e+00  -3.2706363e-01  -2.0059899e-01
   3.2000000e+00  -3.9616913e-01  -1.0485113e-01
   3.3000000e+00  -4.7670860e-01  -1.7067105e-02
   3.4000000e+00  -5.6591496e-01   7.4270611e-02
   3.5000000e+00  -6.3991613e-01   1.8612936e-01
   3.6000000e+00  -6.7003805e-01   3.2538119e-01
   3.7000000e+00  -6.4818815e-01   4.7936783e-01
   3.8000000e+00  -5.9372550e-01   6.2140345e-01
   3.9000000e+00  -5.3563905e-01   7.2782408e-01
   4.0000000e+00  -4.9127868e-01   7.9337849e-01
   4.1000000e+00  -4.6270208e-01   8.3294545e-01
   4.2000000e+00  -4.4744942e-01   8.6834990e-01
   4.3000000e+00  -4.4502312e-01   9.1071050e-01
   4.4000000e+00  -4.5105532e-01   9.5244995e-01
   4.5000000e+00  -4.5040155e-01   9.7542728e-01
   4.6000000e+00  -4.2250105e-01   9.6769858e-01
   4.7000000e+00  -3.5686294e-01   9.3318131e-01
   4.8000000e+00  -2.6445566e-01   8.8516189e-01
   4.9000000e+00  -1.7481101e-01   8.3103731e-01
   5.0000000e+00  -1.2060591e-01   7.6470711e-01
   5.1000000e+00  -1.1868387e-01   6.7400637e-01
   5.2000000e+00  -1.5770015e-01   5.5368534e-01
   5.3000000e+00  -2.0153912e-01   4.0975034e-01
   5.4000000e+00  -2.1116409e-01   2.5325470e-01
   5.5000000e+00  -1.7256625e-01   9.3991197e-02
   5.6000000e+00  -1.0692669e-01  -5.9004087e-02
   5.7000000e+00  -4.9831302e-02  -1.9600313e-01
   5.8000000e+00  -1.6583609e-02  -3.1222115e-01
   5.9000000e+00   1.1360888e-02  -4.1574182e-01
   6.0000000e+00   6.3538274e-02  -5.2399321e-01
   6.1000000e+00   1.4555459e-01  -6.4613735e-01
   6.2000000e+00   2.3039483e-01  -7.6851738e-01
   6.3000000e+00   2.8471273e-01  -8.6214192e-01
   6.4000000e+00   3.0037932e-01  -9.0869848e-01
   6.5000000e+00   2.9880730e-01  -9.1967257e-01
   6.6000000e+00   3.0813350e-01  -9.2805523e-01
   6.7000000e+00   3.3992718e-01  -9.5907492e-01
   6.8000000e+00   3.8521448e-01  -1.0062832e+00
   6.9000000e+00   4.2580383e-01  -1.0334094e+00
   7.0000000e+00   4.4682876e-01  -9.9998003e-01
   7.1000000e+00   4.4390047e-01  -8.9113488e-01
   7.2000000e+00   4.2465273e-01  -7.3041875e-01
   7.3000000e+00   4.0273899e-01  -5.6622975e-01
   7.4000000e+00   3.8467090e-01  -4.4051505e-01
   7.5000000e+00   3.6060915e-01  -3.6198761e-01
   7.6000000e+00   3.1270102e-01  -3.0419181e-01
   7.7000000e+00   2.3707167e-01  -2.2934856e-01
   7.8000000e+00   1.5600787e-01  -1.1778738e-01
   7.9000000e+00   1.0302470e-01   1.9938778e-02
   8.0000000e+00   9.2900407e-02   1.5395505e-01
   8.1000000e+00   1.0706073e-01   2.5651446e-01
   8.2000000e+00   1.0900666e-01   3.1832501e-01
   8.3000000e+00   7.3388093e-02   3.5223641e-01
   8.4000000e+00   1.7419951e-03   3.8436854e-01
   8.5000000e+00  -8.3844590e-02   4.3728392e-01
   8.6000000e+00  -1.5649218e-01   5.1492066e-01
   8.7000000e+00  -1.9590960e-01   6.0076368e-01
   8.8000000e+00  -1.9440326e-01   6.7135732e-01
   8.9000000e+00  -1.6188343e-01   7.1249389e-01
   9.0000000e+00  -1.2675629e-01   7.2319133e-01
   9.1000000e+00  -1.2450380e-01   7.0791086e-01
   9.2000000e+00  -1.7502045e-01   6.7099429e-01
   9.3000000e+00  -2.6461067e-01   6.2035602e-01
   9.4000000e+00  -3.5028469e-01   5.7020716e-01
   9.5000000e+00  -3.8709439e-01   5.3150696e-01
   9.6000000e+00  -3.5848600e-01   4.9801432e-01
   9.7000000e+00  -2.8523831e-01   4.4816571e-01
   9.8000000e+00  -2.0622390e-01   3.6744569e-01
   9.9000000e+00  -1.4882271e-01   2.6924597e-01
   1.0000000e+01  -1.1515508e-01   1.8910610e-01
   1.0100000e+01  -9.3354238e-02   1.5433136e-01
   1.0200000e+01  -7.7299532e-02   1.5755592e-01
   1.0300000e+01  -7.1085217e-02   1.5935676e-01
   1.0400000e+01  -7.4608958e-02   1.1733590e-01
   1.0500000e+01  -7.1086177e-02   1.6883717e-02
   1.0600000e+01  -3.6091323e-02  -1.1952452e-01
   1.0700000e+01   3.9027698e-02  -2.4905415e-01
   1.0800000e+01   1.3603582e-01  -3.3747197e-01
   1.0900000e+01   2.2443981e-01  -3.7957621e-01
   1.1000000e+01   2.8504413e-01  -3.9731641e-01
   1.1100000e+01   3.1675055e-01  -4.1862296e-01
   1.1200000e+01   3.2433862e-01  -4.5498462e-01
   1.1300000e+01   3.0879488e-01  -4.9584550e-01
   1.1400000e+01   2.7396485e-01  -5.2192516e-01
   1.1500000e+01   2.3577010e-01  -5.2296331e-01
   1.1600000e+01   2.1305655e-01  -5.0411592e-01
   1.1700000e+01   2.0492495e-01  -4.7813304e-01
   1.1800000e+01   1.8382097e-01  -4.5268533e-01
   1.1900000e+01   1.2063075e-01  -4.2375347e-01
   1.2000000e+01   1.9525269e-02  -3.7968777e-01
   1.2100000e+01  -7.6371106e-02  -3.1300751e-01
   1.2200000e+01  -1.1922896e-01  -2.3096095e-01
   1.2300000e+01  -9.9041952e-02  -1.5415108e-01
   1.2400000e+01  -5.3484136e-02  -1.0034153e-01
   1.2500000e+01  -3.6725273e-02  -6.5870329e-02
   1.2600000e+01  -7.7043143e-02  -2.4699208e-02
   1.2700000e+01  -1.5932370e-01   4.8563611e-02
   1.2800000e+01  -2.4224389e-01   1.5106555e-01
   1.2900000e+01  -2.9064708e-01   2.4868885e-01
   1.3000000e+01  -2.9641368e-01   3.0513771e-01
   1.3100000e+01  -2.7578240e-01   3.1689015e-01
   1.3200000e+01  -2.5046450e-01   3.1813104e-01
   1.3300000e+01  -2.2942571e-01   3.4761512e-01
   1.3400000e+01  -2.0484286e-01   4.0819167e-01
   1.3500000e+01  -1.6419466e-01   4.5948104e-01
   1.3600000e+01  -1.0767844e-01   4.5322499e-01
   1.3700000e+01  -5.4276995e-02   3.7879268e-01
   1.3800000e+01  -2.7788020e-02   2.7517280e-01
   1.3900000e+01  -3.3281709e-02   1.9756117e-01
   1.4000000e+01  -4.7817123e-02   1.7039926e-01
   1.4100000e+01  -3.9104436e-02   1.7092775e-01
   1.4200000e+01   3.0271123e-03   1.5628435e-01
   1.4300000e+01   5.5045957e-02   1.0512304e-01
   1.4400000e+01   8.3098411e-02   3.3817273e-02
   1.4500000e+01   7.8463054e-02  -2.4328178e-02
   1.4600000e+01   6.6541310e-02  -5.2633713e-02
   1.4700000e+01   7.8603678e-02  -6.5013614e-02
   1.4800000e+01   1.1714951e-01  -9.0287817e-02
   1.4900000e+01   1.5316188e-01  -1.4366274e-01
   1.5000000e+01   1.5758814e-01  -2.1057140e-01
   1.5100000e+01   1.3167762e-01  -2.5614800e-01
   1.5200000e+01   1.0411931e-01  -2.5339189e-01
   1.5300000e+01   1.0093224e-01  -2.0749275e-01
   1.5400000e+01   1.2158695e-01  -1.5397590e-01
   1.5500000e+01   1.4320906e-01  -1.2914906e-01
   1.5600000e+01   1.4273913e-01  -1.3911979e-01
   1.5700000e+01   1.1271363e-01  -1.5898175e-01
   1.5800000e+01   6.0519719e-02  -1.6364188e-01
   1.5900000e+01  -3.5367498e-05  -1.5546809e-01
   1.6000000e+01  -5.4591955e-02  -1.5624469e-01
   1.6100000e+01  -9.1770777e-02  -1.7393951e-01
   1.6200000e+01  -1.0780282e-01  -1.8692993e-01
   1.6300000e+01  -1.0880122e-01  -1.6713467e-01
   1.6400000e+01  -1.0506844e-01  -1.1412857e-01
   1.6500000e+01  -1.0113356e-01  -5.8174307e-02
   1.6600000e+01  -9.2710855e-02  -2.9274341e-02
   1.6700000e+01  -7.4452345e-02  -3.0207032e-02
   1.6800000e+01  -4.8650062e-02  -4.2361689e-02
   1.6900000e+01  -2.3866964e-02  -5.0261722e-02
   1.7000000e+01  -5.7720235e-03  -5.2060042e-02
   1.7100000e+01   7.9689370e-03  -4.8820338e-02
   1.7200000e+01   2.3375530e-02  -3.4671875e-02
   1.7300000e+01   4.3295355e-02  -3.5426006e-03
   1.7400000e+01   6.6154277e-02   3.9313391e-02
   1.7500000e+01   8.9178783e-02   7.9775563e-02
   1.7600000e+01   1.0972853e-01   1.0887031e-01
   1.7700000e+01   1.2346427e-01   1.2943845e-01
   1.7800000e+01   1.2409723e-01   1.4785178e-01
   1.7900000e+01   1.0748067e-01   1.6407547e-01
   1.8000000e+01   7.6759000e-02   1.7395590e-01
   1.8100000e+01   4.3579773e-02   1.7885887e-01
   1.8200000e+01   2.3403610e-02   1.8733612e-01
   1.8300000e+01   2.6171560e-02   2.0531505e-01
   1.8400000e+01   4.6621332e-02   2.2780181e-01
   1.8500000e+01   6.2339212e-02   2.4340503e-01
   1.8600000e+01   4.6526005e-02   2.4595775e-01
   1.8700000e+01  -9.5376426e-03   2.3830584e-01
   1.8800000e+01  -8.3584862e-02   2.2410235e-01
   1.8900000e+01  -1.3542965e-01   1.9994025e-01
   1.9000000e+01  -1.3846216e-01   1.6038874e-01
   1.9100000e+01  -1.0084640e-01   1.1097454e-01
   1.9200000e+01  -5.5632904e-02   7.0823093e-02
   1.9300000e+01  -3.0145740e-02   5.6453141e-02
   1.9400000e+01  -2.5083842e-02   6.2028201e-02
   1.9500000e+01  -2.1128251e-02   6.0137076e-02
   1.9600000e+01  -1.9111531e-03   2.6678581e-02
   1.9700000e+01   3.0761880e-02  -3.4981471e-02
   1.9800000e+01   6.1000263e-02  -9.7244820e-02
   1.9900000e+01   7.4419220e-02  -1.3580549e-01
   2.0000000e+01   7.0463958e-02  -1.5101851e-01
   2.0100000e+01   6.2590902e-02  -1.6080282e-01
   2.0200000e+01   6.6741494e-02  -1.7661443e-01
   2.0300000e+01   8.6331595e-02  -1.9211686e-01
   2.0400000e+01   1.0609085e-01  -1.9552498e-01
   2.0500000e+01   1.0235119e-01  -1.8669721e-01
   2.0600000e+01   6.3056853e-02  -1.7675509e-01
   2.0700000e+01  -6.3335202e-04  -1.7281803e-01
   2.0800000e+01  -6.2993137e-02  -1.6914685e-01
   2.0900000e+01  -1.0441044e-01  -1.5537738e-01
   2.1000000e+01  -1.2395212e-01  -1.2931566e-01
   2.1100000e+01  -1.3348184e-01  -9.7347803e-02
   2.1200000e+01  -1.4260256e-01  -6.3898058e-02
   2.1300000e+01  -1.5076651e-01  -2.6437394e-02
   2.1400000e+01  -1.5188164e-01   1.5600343e-02
   2.1500000e+01  -1.4285308e-01   4.9647822e-02
   2.1600000e+01  -1.2598979e-01   5.3998316e-02
   2.1700000e+01  -1.0470355e-01   1.7990331e-02
   2.1800000e+01  -7.9692349e-02  -4.0694384e-02
   2.1900000e+01  -5.0707128e-02  -8.1937891e-02
   2.2000000e+01  -2.0923583e-02  -7.2231648e-02
   2.2100000e+01   3.1484388e-03  -1.3661132e-02
   2.2200000e+01   1.8203599e-02   5.3779562e-02
   2.2300000e+01   3.0186314e-02   8.1465569e-02
   2.2400000e+01   5.0973917e-02   4.9484849e-02
   2.2500000e+01   8.6029050e-02  -1.9657820e-02
   2.2600000e+01   1.2458794e-01  -8.1365459e-02
   2.2700000e+01   1.4397654e-01  -1.0322659e-01
   2.2800000e+01   1.2684652e-01  -8.3668389e-02
   2.2900000e+01   7.7270113e-02  -4.4159341e-02
   2.3000000e+01   2.1566898e-02  -8.6318580e-03
   2.3100000e+01  -8.0275439e-03   1.0608472e-02
   2.3200000e+01   4.6070962e-03   1.4161248e-02
   2.3300000e+01   4.7656086e-02   1.0052781e-02
   2.3400000e+01   8.8840496e-02   8.0611222e-03
   2.3500000e+01   9.7458292e-02   1.5282694e-02
   2.3600000e+01   6.4702884e-02   3.2854328e-02
   2.3700000e+01   6.7545026e-03   5.5313299e-02
   2.3800000e+01  -5.0237209e-02   7.3802565e-02
   2.3900000e+01  -8.8634644e-02   8.1952654e-02
   2.4000000e+01  -1.0618914e-01   8.1347929e-02
   2.4100000e+01  -1.1047503e-01   8.2480411e-02
   2.4200000e+01  -1.1107701e-01   9.7911093e-02
   2.4300000e+01  -1.1549787e-01   1.3001937e-01
   2.4400000e+01  -1.2542512e-01   1.6392674e-01
   2.4500000e+01  -1.3209305e-01   1.7597348e-01
   2.4600000e+01  -1.1912884e-01   1.5380272e-01
   2.4700000e+01  -7.8365145e-02   1.0911097e-01
   2.4800000e+01  -2.5375848e-02   6.8513170e-02
   2.4900000e+01   7.4205896e-03   5.0447463e-02
   2.5000000e+01   9.6418215e-04   5.1116021e-02
   2.5100000e+01  -2.7234695e-02   5.1988358e-02
   2.5200000e+01  -3.6628370e-02   3.8578530e-02
   2.5300000e+01  -4.4686342e-03   1.1737178e-02
   2.5400000e+01   4.9279420e-02  -1.5565807e-02
   2.5500000e+01   8.1654342e-02  -2.9167824e-02
   2.5600000e+01   7.0957444e-02  -2.3650548e-02
   2.5700000e+01   3.8540619e-02  -6.9345573e-03
   2.5800000e+01   2.6377860e-02   3.5134558e-03
   2.5900000e+01   5.5696898e-02  -6.2534270e-03
   2.6000000e+01   1.0866710e-01  -3.2771746e-02
   2.6100000e+01   1.4792064e-01  -5.6002858e-02
   2.6200000e+01   1.5118166e-01  -5.9524844e-02
   2.6300000e+01   1.2803685e-01  -5.1285505e-02
   2.6400000e+01   1.0676606e-01  -5.8903886e-02
   2.6500000e+01   1.0664946e-01  -9.8633665e-02
   2.6600000e+01   1.2147858e-01  -1.5024280e-01
   2.6700000e+01   1.2799810e-01  -1.6993288e-01
   2.6800000e+01   1.1051259e-01  -1.3359573e-01
   2.6900000e+01   7.8268874e-02  -6.5776436e-02
   2.7000000e+01   5.8223363e-02  -2.0337479e-02
   2.7100000e+01   6.8653177e-02  -2.9372872e-02
   2.7200000e+01   9.8413635e-02  -7.2508657e-02
   2.7300000e+01   1.1292905e-01  -9.8681895e-02
   2.7400000e+01   8.3269414e-02  -7.7483931e-02
   2.7500000e+01   1.2485071e-02  -2.6845878e-02
   2.7600000e+01  -6.4711961e-02   9.5068469e-03
   2.7700000e+01  -1.0892409e-01   8.0208260e-03
   2.7800000e+01  -1.0637989e-01  -1.4255141e-02
   2.7900000e+01  -7.7161136e-02  -2.2988095e-02
   2.8000000e+01  -5.5773647e-02  -4.6075416e-03
   2.8100000e+01  -6.2220885e-02   2.2006293e-02
   2.8200000e+01  -8.8704560e-02   2.8658189e-02
   2.8300000e+01  -1.1155834e-01   6.9731417e-03
   2.8400000e+01  -1.1465121e-01  -2.6363426e-02
   2.8500000e+01  -1.0155114e-01  -4.7462882e-02
   2.8600000e+01  -8.7354903e-02  -4.2622745e-02
   2.8700000e+01  -8.2107590e-02  -1.0762633e-02
   2.8800000e+01  -8.3765664e-02   4.1282488e-02
   2.8900000e+01  -8.5169372e-02   9.8979038e-02
   2.9000000e+01  -8.3975966e-02   1.3984720e-01
   2.9100000e+01  -8.4250981e-02   1.4388837e-01
   2.9200000e+01  -9.0327494e-02   1.1044561e-01
   2.9300000e+01  -1.0122196e-01   6.1740026e-02
   2.9400000e+01  -1.1019334e-01   2.4392154e-02
   2.9500000e+01  -1.0771281e-01   7.4790428e-03
   2.9600000e+01  -8.5948030e-02   2.0174114e-03
   2.9700000e+01  -4.4965839e-02   2.1723977e-04
   2.9800000e+01   2.2496016e-03   7.1793768e-03
   2.9900000e+01   3.3355797e-02   2.8690258e-02
   3.0000000e+01   3.1383410e-02   5.3339167e-02
   3.0100000e+01   1.2779740e-04   5.7863826e-02
   3.0200000e+01  -3.5701489e-02   3.3986447e-02
   3.0300000e+01  -4.8644287e-02   2.7493232e-03
   3.0400000e+01  -2.9079881e-02  -5.9061262e-03
   3.0500000e+01   1.0545587e-02   1.3341385e-02
   3.0600000e+01   4.9309605e-02   3.5263810e-02
   3.0700000e+01   7.3358720e-02   3.3533782e-02
   3.0800000e+01   7.9844232e-02   9.5422683e-03
   3.0900000e+01   7.2128414e-02  -1.3641546e-02
   3.1000000e+01   5.7408090e-02  -2.1612863e-02
   3.1100000e+01   4.8648372e-02  -2.3285356e-02
   3.1200000e+01   6.1397283e-02  -3.2909115e-02
   3.1300000e+01   1.0101652e-01  -4.6067870e-02
   3.1400000e+01   1.5206671e-01  -4.3069991e-02
   3.1500000e+01   1.8578634e-01  -1.5831253e-02
   3.1600000e+01   1.8373269e-01   1.7172526e-02
   3.1700000e+01   1.5506081e-01   2.8622112e-02
   3.1800000e+01   1.2806263e-01   1.2564441e-02
   3.1900000e+01   1.2301722e-01  -8.4987160e-03
   3.2000000e+01   1.3384509e-01  -7.7756941e-03
   3.2100000e+01   1.3674311e-01   1.7599084e-02
   3.2200000e+01   1.1521345e-01   4.3856896e-02
   3.2300000e+01   7.4811991e-02   4.3621394e-02
   3.2400000e+01   3.4059216e-02   9.8402489e-03
   3.2500000e+01   3.9382898e-03  -4.0073562e-02
   3.2600000e+01  -2.1157417e-02  -7.8441340e-02
   3.2700000e+01  -5.2496289e-02  -8.5067986e-02
   3.2800000e+01  -8.9750095e-02  -5.8170321e-02
   3.2900000e+01  -1.1794689e-01  -1.6714318e-02
   3.3000000e+01  -1.2404832e-01   6.9019425e-03
   3.3100000e+01  -1.1630563e-01  -1.4184339e-02
   3.3200000e+01  -1.2301632e-01  -7.7707492e-02
   3.3300000e+01  -1.6610978e-01  -1.4417568e-01
   3.3400000e+01  -2.3330812e-01  -1.6059639e-01
   3.3500000e+01  -2.8030915e-01  -1.0465075e-01
   3.3600000e+01  -2.6779610e-01  -1.1070198e-02
   3.3700000e+01  -2.0038020e-01   5.0378045e-02
   3.3800000e+01  -1.2710897e-01   3.2698919e-02
   3.3900000e+01  -9.9188244e-02  -4.5371478e-02
   3.4000000e+01  -1.2470812e-01  -1.1303326e-01
   3.4100000e+01  -1.6424854e-01  -1.0801239e-01
   3.4200000e+01  -1.6959801e-01  -2.9693510e-02
   3.4300000e+01  -1.2559081e-01   6.3086021e-02
   3.4400000e+01  -5.6612220e-02   1.0589223e-01
   3.4500000e+01   1.6566069e-03   8.3605402e-02
   3.4600000e+01   3.3423484e-02   3.7337307e-02
   3.4700000e+01   5.0546223e-02   2.0955339e-02
   3.4800000e+01   7.7213774e-02   5.1289711e-02
   3.4900000e+01   1.2822585e-01   9.8867915e-02
   3.5000000e+01   1.9531555e-01   1.2405112e-01
   3.5100000e+01   2.4894104e-01   1.1882785e-01
   3.5200000e+01   2.5764802e-01   1.1147768e-01
   3.5300000e+01   2.1597453e-01   1.3179126e-01
   3.5400000e+01   1.5746265e-01   1.7563022e-01
   3.5500000e+01   1.3305559e-01   2.0646621e-01
   3.5600000e+01   1.6662064e-01   1.9113383e-01
   3.5700000e+01   2.2958608e-01   1.3197341e-01
   3.5800000e+01   2.6509106e-01   6.4002176e-02
   3.5900000e+01   2.4173510e-01   2.3020688e-02
   3.6000000e+01   1.8218413e-01   1.7069701e-02
   3.6100000e+01   1.3621029e-01   2.5054842e-02
   3.6200000e+01   1.2748559e-01   1.8103099e-02
   3.6300000e+01   1.3131499e-01  -1.7728137e-02
   3.6400000e+01   1.0493645e-01  -7.3300076e-02
   3.6500000e+01   3.4589632e-02  -1.2419363e-01
   3.6600000e+01  -5.1170055e-02  -1.4714008e-01
   3.6700000e+01  -1.1175145e-01  -1.3582529e-01
   3.6800000e+01  -1.3175589e-01  -1.0688531e-01
   3.6900000e+01  -1.2701651e-01  -9.0316894e-02
   3.7000000e+01  -1.2035546e-01  -1.0847570e-01
   3.7100000e+01  -1.1932776e-01  -1.5848258e-01
   3.7200000e+01  -1.1886602e-01  -2.1241498e-01
   3.7300000e+01  -1.1862048e-01  -2.3584859e-01
   3.7400000e+01  -1.2923845e-01  -2.1069102e-01
   3.7500000e+01  -1.5939009e-01  -1.4625705e-01
   3.7600000e+01  -2.0090458e-01  -7.2801335e-02
   3.7700000e+01  -2.3129604e-01  -2.3343301e-02
   3.7800000e+01  -2.3147339e-01  -1.4949120e-02
   3.7900000e+01  -1.9978425e-01  -3.9895972e-02
   3.8000000e+01  -1.5033444e-01  -7.2020852e-02
   3.8100000e+01  -1.0144372e-01  -8.4530623e-02
   3.8200000e+01  -6.6301797e-02  -6.6948416e-02
   3.8300000e+01  -4.9559390e-02  -2.8947033e-02
   3.8400000e+01  -4.6786297e-02   1.0318955e-02
   3.8500000e+01  -4.6729955e-02   3.6978081e-02
   3.8600000e+01  -3.8987097e-02   4.9782511e-02
   3.8700000e+01  -2.3082104e-02   5.7343258e-02
   3.8800000e+01  -8.3580956e-03   7.0274551e-02
   3.8900000e+01  -1.5918661e-03   9.3502209e-02
   3.9000000e+01   4.7427800e-03   1.2155068e-01
   3.9100000e+01   2.7763441e-02   1.3972501e-01
   3.9200000e+01   7.5213015e-02   1.3319683e-01
   3.9300000e+01   1.3296349e-01   9.9465976e-02
   3.9400000e+01   1.7466057e-01   5.3349823e-02
   3.9500000e+01   1.8455887e-01   1.8060446e-02
   3.9600000e+01   1.6930009e-01   9.3691336e-03
   3.9700000e+01   1.4683944e-01   2.7008584e-02
   3.9800000e+01   1.2627198e-01   5.9013649e-02
   3.9900000e+01   1.0125889e-01   9.1101225e-02
   4.0000000e+01   6.2783110e-02   1.1137116e-01
   4.0100000e+01   1.4885185e-02   1.1091978e-01
   4.0200000e+01  -2.4971672e-02   8.7105167e-02
   4.0300000e+01  -4.0724494e-02   4.9021711e-02
   4.0400000e+01  -3.1264130e-02   1.5846968e-02
   4.0500000e+01  -9.9907197e-03   3.7850563e-03
   4.0600000e+01   5.9819541e-03   1.2291412e-02
   4.0700000e+01   5.0554120e-03   2.4961546e-02
   4.0800000e+01  -1.6093941e-02   2.6019938e-02
   4.0900000e+01  -5.2174799e-02   1.5774784e-02
   4.1000000e+01  -8.9309634e-02   9.0544487e-03
   4.1100000e+01  -1.1013606e-01   1.9081220e-02
   4.1200000e+01  -1.0554459e-01   4.4064329e-02
   4.1300000e+01  -8.2987745e-02   6.9135961e-02
   4.1400000e+01  -5.9573045e-02   7.9454333e-02
   4.1500000e+01  -4.4390044e-02   7.0679863e-02
   4.1600000e+01  -3.0020509e-02   4.8875936e-02
   4.1700000e+01  -4.9451086e-03   2.3655636e-02
   4.1800000e+01   2.7104668e-02   2.6868734e-03
   4.1900000e+01   4.5957157e-02  -9.5724191e-03
   4.2000000e+01   3.6893695e-02  -1.1946450e-02
   4.2100000e+01   1.1708123e-02  -7.7651634e-03
   4.2200000e+01   3.0453513e-03  -4.9818824e-03
   4.2300000e+01   3.4811588e-02  -1.2151428e-02
   4.2400000e+01   9.7977271e-02  -3.2156778e-02
   4.2500000e+01   1.5597335e-01  -5.9524210e-02
   4.2600000e+01   1.7429594e-01  -8.4070915e-02
   4.2700000e+01   1.4701809e-01  -9.6924773e-02
   4.2800000e+01   9.8530815e-02  -9.3534234e-02
   4.2900000e+01   6.2250854e-02  -7.3901968e-02
   4.3000000e+01   5.5865971e-02  -4.4246053e-02
   4.3100000e+01   7.1945961e-02  -1.9714912e-02
   4.3200000e+01   8.8120258e-02  -2.0826364e-02
   4.3300000e+01   8.6026465e-02  -5.9314927e-02
   4.3400000e+01   6.3682462e-02  -1.2266471e-01
   4.3500000e+01   3.3506432e-02  -1.7493161e-01
   4.3600000e+01   1.0368697e-02  -1.8023259e-01
   4.3700000e+01   4.8310640e-04  -1.3202937e-01
   4.3800000e+01  -1.3532624e-03  -6.0954188e-02
   4.3900000e+01  -6.4509761e-03  -1.1175187e-02
   4.4000000e+01  -2.3891702e-02  -5.3709402e-03
   4.4100000e+01  -5.4127849e-02  -3.0189884e-02
   4.4200000e+01  -8.7646078e-02  -5.3996293e-02
   4.4300000e+01  -1.0989225e-01  -5.7113779e-02
   4.4400000e+01  -1.1050128e-01  -4.4739238e-02
   4.4500000e+01  -9.1152657e-02  -3.3551001e-02
   4.4600000e+01  -6.5915937e-02  -3.0488242e-02
   4.4700000e+01  -5.2730388e-02  -2.6767266e-02
   4.4800000e+01  -6.1278302e-02  -1.0314676e-02
   4.4900000e+01  -8.5656581e-02   1.9565917e-02
   4.5000000e+01  -1.0772494e-01   5.0272885e-02
   4.5100000e+01  -1.1018393e-01   6.6195428e-02
   4.5200000e+01  -9.0740356e-02   6.0451421e-02
   4.5300000e+01  -6.5629755e-02   3.9723437e-02
   4.5400000e+01  -5.7341082e-02   2.0307773e-02
   4.5500000e+01  -7.5127179e-02   1.7113131e-02
   4.5600000e+01  -1.0552185e-01   3.1214350e-02
   4.5700000e+01  -1.2278847e-01   4.6509206e-02
   4.5800000e+01  -1.1079458e-01   4.2721179e-02
   4.5900000e+01  -7.6390408e-02   1.6043606e-02
   4.6000000e+01  -4.2187606e-02  -1.4006109e-02
   4.6100000e+01  -2.6105101e-02  -2.2064212e-02
   4.6200000e+01  -2.6927152e-02  -1.6449591e-03
   4.6300000e+01  -2.8497258e-02   3.0842414e-02
   4.6400000e+01  -1.7175309e-02   5.7075708e-02
   4.6500000e+01   5.0786300e-03   7.5925765e-02
   4.6600000e+01   2.4684799e-02   9.6256786e-02
   4.6700000e+01   3.2514271e-02   1.1446572e-01
   4.6800000e+01   3.4297537e-02   1.1012933e-01
   4.6900000e+01   4.3920773e-02   7.0360771e-02
   4.7000000e+01   6.7596103e-02   1.3395637e-02
   4.7100000e+01   9.7300002e-02  -2.1791696e-02
   4.7200000e+01   1.2038932e-01  -1.2448541e-02
   4.7300000e+01   1.3277156e-01   2.5914064e-02
   4.7400000e+01   1.3984047e-01   5.7454702e-02
   4.7500000e+01   1.4600755e-01   6.2347939e-02
   4.7600000e+01   1.4782582e-01   5.1053405e-02
   4.7700000e+01   1.3936614e-01   4.5430290e-02
   4.7800000e+01   1.2154066e-01   5.3427372e-02
   4.7900000e+01   1.0256215e-01   6.4967336e-02
   4.8000000e+01   8.9457733e-02   6.6462229e-02
   4.8100000e+01   8.2213276e-02   5.2336786e-02
   4.8200000e+01   7.7451645e-02   2.3857513e-02
   4.8300000e+01   7.4989527e-02  -1.4889353e-02
   4.8400000e+01   7.6762626e-02  -5.4787939e-02
   4.8500000e+01   7.8606718e-02  -7.9534733e-02
   4.8600000e+01   6.7060627e-02  -7.3781261e-02
   4.8700000e+01   2.9904478e-02  -3.7578410e-02
   4.8800000e+01  -2.7707273e-02   8.7336764e-03
   4.8900000e+01  -8.0803301e-02   3.7158405e-02
   4.9000000e+01  -1.0428428e-01   3.1886145e-02
   4.9100000e+01  -9.7872913e-02  -7.9989845e-04
   4.9200000e+01  -8.8090583e-02  -3.9091221e-02
   4.9300000e+01  -1.0018422e-01  -6.1143234e-02
   4.9400000e+01  -1.2801401e-01  -5.7845520e-02
   4.9500000e+01  -1.3753324e-01  -3.6143969e-02
   4.9600000e+01  -1.0450372e-01  -1.2394813e-02
   4.9700000e+01  -4.6097339e-02  -1.3945691e-04
   4.9800000e+01  -8.9562017e-03  -7.0593484e-04
   4.9900000e+01  -2.4020473e-02  -4.4232748e-03
   5.0000000e+01  -7.6501832e-02  -1.5590692e-03
   5.0100000e+01  -1.2236283e-01   7.8711560e-03
   5.0200000e+01  -1.3084878e-01   1.5274951e-02
   5.0300000e+01  -1.0716330e-01   1.3048641e-02
   5.0400000e+01  -7.6820487e-02   1.0754551e-03
   5.0500000e+01  -5.6171830e-02  -1.5556987e-02
   5.0600000e+01  -4.1976939e-02  -3.1784402e-02
   5.0700000e+01  -2.4578711e-02  -4.3758328e-02
   5.0800000e+01  -3.9011808e-03  -4.8021652e-02
   5.0900000e+01   8.8223564e-03  -4.4165743e-02
   5.1000000e+01   1.7649024e-03  -3.8472590e-02
   5.1100000e+01  -2.5624271e-02  -4.0446977e-02
   5.1200000e+01  -5.7933870e-02  -5.2644639e-02
   5.1300000e+01  -7.0285854e-02  -6.5852717e-02
   5.1400000e+01  -4.5486921e-02  -6.7665015e-02
   5.1500000e+01   8.8095753e-03  -5.5692554e-02
   5.1600000e+01   6.1030517e-02  -3.9943176e-02
   5.1700000e+01   8.0729866e-02  -3.2286322e-02
   5.1800000e+01   6.6973517e-02  -3.6242367e-02
   5.1900000e+01   4.9495915e-02  -4.7377291e-02
   5.2000000e+01   5.8386144e-02  -5.9719041e-02
   5.2100000e+01   9.4045383e-02  -6.8622505e-02
   5.2200000e+01   1.3026282e-01  -6.9822141e-02
   5.2300000e+01   1.4514281e-01  -6.0794910e-02
   5.2400000e+01   1.4287583e-01  -4.3982710e-02
   5.2500000e+01   1.4266072e-01  -2.4730899e-02
   5.2600000e+01   1.5160720e-01  -3.7822265e-03
   5.2700000e+01   1.5556683e-01   2.4645745e-02
   5.2800000e+01   1.3705050e-01   6.2516352e-02
   5.2900000e+01   9.6667999e-02   9.6677643e-02
   5.3000000e+01   5.3377350e-02   1.0457357e-01
   5.3100000e+01   2.5855113e-02   7.6624052e-02
   5.3200000e+01   1.6959524e-02   3.1836814e-02
   5.3300000e+01   1.5503031e-02   5.7189415e-03
   5.3400000e+01   9.3924893e-03   1.8563420e-02
   5.3500000e+01  -4.2729113e-03   5.5495718e-02
   5.3600000e+01  -1.9281935e-02   7.9819435e-02
   5.3700000e+01  -2.7643943e-02   6.7796302e-02
   5.3800000e+01  -2.7607956e-02   3.1354978e-02
   5.3900000e+01  -2.6937637e-02   7.0907651e-03
   5.4000000e+01  -3.8516228e-02   2.2071731e-02
   5.4100000e+01  -6.9733629e-02   6.7985399e-02
   5.4200000e+01  -1.1291842e-01   1.0699971e-01
   5.4300000e+01  -1.4613864e-01   1.0432494e-01
   5.4400000e+01  -1.4726622e-01   5.8715985e-02
   5.4500000e+01  -1.1228735e-01   3.3194820e-03
   5.4600000e+01  -6.1857214e-02  -2.4348142e-02
   5.4700000e+01  -2.7087921e-02  -1.5061247e-02
   5.4800000e+01  -2.3971139e-02   8.7176086e-03
   5.4900000e+01  -3.9614347e-02   2.1213389e-02
   5.5000000e+01  -4.5885269e-02   2.1688400e-02
   5.5100000e+01  -2.9525050e-02   3.0430795e-02
   5.5200000e+01  -8.0112456e-03   5.7375935e-02
   5.5300000e+01  -1.1991974e-02   8.1980093e-02
   5.5400000e+01  -5.0430317e-02   7.1451061e-02
   5.5500000e+01  -9.6064073e-02   1.8766768e-02
   5.5600000e+01  -1.0946383e-01  -4.3744124e-02
   5.5700000e+01  -7.8098037e-02  -7.2898272e-02
   5.5800000e+01  -2.8933451e-02  -5.4767289e-02
   5.5900000e+01  -8.8866979e-04  -1.3445298e-02
   5.6000000e+01  -6.7988232e-03   1.7515305e-02
   5.6100000e+01  -2.4969938e-02   2.5891020e-02
   5.6200000e+01  -2.6745254e-02   2.1323605e-02
   5.6300000e+01  -7.4859436e-03   1.2440307e-02
   5.6400000e+01   1.2489297e-02  -6.5932691e-03
   5.6500000e+01   1.4454097e-02  -4.4081974e-02
   5.6600000e+01   2.6848640e-03  -9.2011773e-02
   5.6700000e+01  -2.7342929e-03  -1.2696834e-01
   5.6800000e+01   9.4456003e-03  -1.3089793e-01
   5.6900000e+01   2.9185533e-02  -1.0716237e-01
   5.7000000e+01   3.7741272e-02  -7.4848885e-02
   5.7100000e+01   2.9112730e-02  -5.1038820e-02
   5.7200000e+01   1.6633638e-02  -4.1333377e-02
   5.7300000e+01   1.9435830e-02  -4.3616140e-02
   5.7400000e+01   4.3745229e-02  -5.3737904e-02
   5.7500000e+01   7.5945682e-02  -6.5659641e-02
   5.7600000e+01   9.1961903e-02  -7.1503210e-02
   5.7700000e+01   7.5418712e-02  -6.6659499e-02
   5.7800000e+01   3.1854518e-02  -5.3598858e-02
   5.7900000e+01  -1.2409166e-02  -3.6913247e-02
   5.8000000e+01  -2.8977395e-02  -1.6007349e-02
   5.8100000e+01  -1.0552546e-02   1.1601157e-02
   5.8200000e+01   2.2764370e-02   3.8646217e-02
   5.8300000e+01   4.2478591e-02   4.7176932e-02
   5.8400000e+01   3.8472346e-02   2.7214988e-02
   5.8500000e+01   2.5539159e-02  -4.8156291e-03
   5.8600000e+01   2.2606967e-02  -1.5083455e-02
   5.8700000e+01   2.8717151e-02   1.4481827e-02
   5.8800000e+01   2.4396077e-02   6.4757304e-02
   5.8900000e+01  -2.3342750e-03   9.6359409e-02
   5.9000000e+01  -3.5850549e-02   8.8080422e-02
   5.9100000e+01  -4.3994399e-02   5.5279089e-02
   5.9200000e+01  -1.0450039e-02   3.1001824e-02
   5.9300000e+01   4.6269952e-02   3.4515328e-02
   5.9400000e+01   8.8200296e-02   6.0509006e-02
   5.9500000e+01   9.1995555e-02   9.2419036e-02
   5.9600000e+01   6.7159211e-02   1.1733261e-01
   5.9700000e+01   4.2158345e-02   1.2765421e-01
   5.9800000e+01   3.5605544e-02   1.1768249e-01
   5.9900000e+01   4.1982402e-02   8.7225055e-02
   6.0000000e+01   4.2454737e-02   4.8034585e-02
   6.0100000e+01   2.5319489e-02   2.0074957e-02
   6.0200000e+01  -4.7881443e-03   1.6872312e-02
   6.0300000e+01  -3.3791098e-02   3.4192724e-02
   6.0400000e+01  -5.0248545e-02   5.3514925e-02
   6.0500000e+01  -5.1479987e-02   5.6513468e-02
   6.0600000e+01  -4.2063739e-02   3.8117911e-02
   6.0700000e+01  -2.8750850e-02   9.4786329e-03
   6.0800000e+01  -1.5214978e-02  -1.0437366e-02
   6.0900000e+01   6.2993937e-04  -1.0166827e-02
   6.1000000e+01   2.3588875e-02   2.2529162e-03
   6.1100000e+01   5.2941746e-02   2.8106869e-03
   6.1200000e+01   7.6676788e-02  -2.7851544e-02
   6.1300000e+01   7.6831790e-02  -8.3646815e-02
   6.1400000e+01   4.4291930e-02  -1.3414161e-01
   6.1500000e+01  -1.0203232e-02  -1.4979359e-01
   6.1600000e+01  -6.0778938e-02  -1.2775667e-01
   6.1700000e+01  -8.4376211e-02  -9.2826069e-02
   6.1800000e+01  -7.6788602e-02  -7.3595659e-02
   6.1900000e+01  -5.3485725e-02  -7.8237733e-02
   6.2000000e+01  -3.5528345e-02  -9.1754973e-02
   6.2100000e+01  -3.2978566e-02  -9.3261562e-02
   6.2200000e+01  -3.8969993e-02  -7.4526812e-02
   6.2300000e+01  -3.7954004e-02  -4.4550383e-02
   6.2400000e+01  -2.0306842e-02  -2.0222275e-02
   6.2500000e+01   8.6066357e-03  -1.3318817e-02
   6.2600000e+01   3.1263111e-02  -2.3192848e-02
   6.2700000e+01   2.9617424e-02  -3.8114555e-02
   6.2800000e+01  -2.7050834e-03  -4.3032710e-02
   6.2900000e+01  -5.4484578e-02  -2.9235717e-02
   6.3000000e+01  -1.0041675e-01  -6.8756398e-04
   6.3100000e+01  -1.1437206e-01   2.7464571e-02
   6.3200000e+01  -8.7874295e-02   3.8975086e-02
   6.3300000e+01  -4.1500842e-02   2.9281365e-02
   6.3400000e+01  -1.5252670e-02   1.0453419e-02
   6.3500000e+01  -3.8293326e-02   1.9199254e-03
   6.3600000e+01  -1.0082733e-01   1.3127114e-02
   6.3700000e+01  -1.5628369e-01   3.3870912e-02
   6.3800000e+01  -1.5719943e-01   4.2625979e-02
   6.3900000e+01  -9.4544261e-02   2.5802160e-02
   6.4000000e+01  -4.5236306e-03  -1.0403478e-02
   6.4100000e+01   6.2101397e-02  -4.6035248e-02
   6.4200000e+01   7.8136139e-02  -6.3529597e-02
   6.4300000e+01   5.3149568e-02  -5.8176247e-02
   6.4400000e+01   1.7714165e-02  -3.6395362e-02
   6.4500000e+01  -9.1349332e-04  -8.2443187e-03
   6.4600000e+01   6.8094422e-03   1.7959265e-02
   6.4700000e+01   3.1086325e-02   3.8087931e-02
   6.4800000e+01   4.9952607e-02   5.3425619e-02
   6.4900000e+01   4.3678902e-02   6.8331220e-02
   6.5000000e+01   1.1673825e-02   8.2657733e-02
   6.5100000e+01  -2.1832969e-02   8.6252517e-02
   6.5200000e+01  -2.4203404e-02   6.6301067e-02
   6.5300000e+01   1.6920993e-02   2.4699884e-02
   6.5400000e+01   7.9344987e-02  -1.4340582e-02
   6.5500000e+01   1.2257486e-01  -2.1126235e-02
   6.5600000e+01   1.2071494e-01   1.1321646e-02
   6.5700000e+01   8.1599336e-02   5.8414181e-02
   6.5800000e+01   3.6654359e-02   8.6821015e-02
   6.5900000e+01   1.4452776e-02   8.5412898e-02
   6.6000000e+01   2.2633874e-02   7.1067087e-02
   6.6100000e+01   4.9748547e-02   6.5523355e-02
   6.6200000e+01   7.8893153e-02   7.1946532e-02
   6.6300000e+01   9.8527882e-02   7.6334033e-02
   6.6400000e+01   1.0423496e-01   6.7015449e-02
   6.6500000e+01   9.5747511e-02   4.6664582e-02
   6.6600000e+01   7.5678524e-02   2.5613944e-02
   6.6700000e+01   5.0579741e-02   9.4108199e-03
   6.6800000e+01   2.9878526e-02  -3.4451927e-03
   6.6900000e+01   2.0512401e-02  -1.4294094e-02
   6.7000000e+01   2.1837620e-02  -1.9407216e-02
   6.7100000e+01   2.7121676e-02  -1.2869636e-02
   6.7200000e+01   3.0637100e-02   7.8021617e-03
   6.7300000e+01   3.1736596e-02   3.8977002e-02
   6.7400000e+01   3.0634363e-02   7.1031505e-02
   6.7500000e+01   2.2287883e-02   8.9768586e-02
   6.7600000e+01  -9.2749179e-04   8.0796009e-02
   6.7700000e+01  -3.7987380e-02   3.7942358e-02
   6.7800000e+01  -7.2995997e-02  -2.9128940e-02
   6.7900000e+01  -8.5048623e-02  -9.5996547e-02
   6.8000000e+01  -6.7701745e-02  -1.3553070e-01
   6.8100000e+01  -3.8935296e-02  -1.3373055e-01
   6.8200000e+01  -2.9635212e-02  -9.8194164e-02
   6.8300000e+01  -5.8383814e-02  -5.3236309e-02
   6.8400000e+01  -1.1335980e-01  -2.5319662e-02
   6.8500000e+01  -1.5740265e-01  -2.8696140e-02
   6.8600000e+01  -1.5446599e-01  -5.9491789e-02
   6.8700000e+01  -9.8144733e-02  -9.9551020e-02
   6.8800000e+01  -1.8923593e-02  -1.2618878e-01
   6.8900000e+01   3.8063924e-02  -1.2381224e-01
   6.9000000e+01   4.7855144e-02  -9.3900165e-02
   6.9100000e+01   2.3099630e-02  -5.7244177e-02
   6.9200000e+01  -1.3643054e-03  -4.2143498e-02
   6.9300000e+01  -1.5905870e-03  -6.2220054e-02
   6.9400000e+01   1.6294812e-02  -1.0156253e-01
   6.9500000e+01   2.7323215e-02  -1.2432759e-01
   6.9600000e+01   1.5651254e-02  -1.0426007e-01
   6.9700000e+01  -8.7402265e-03  -4.7761524e-02
   6.9800000e+01  -1.9405547e-02   1.1489885e-02
   6.9900000e+01   9.4968360e-04   4.0510611e-02
   7.0000000e+01   4.1743325e-02   3.1223684e-02
   7.0100000e+01   6.9702927e-02   2.2508515e-03
   7.0200000e+01   5.5929432e-02  -1.7749115e-02
   7.0300000e+01   3.5464565e-03  -9.6313775e-03
   7.0400000e+01  -5.0216284e-02   2.4668996e-02
   7.0500000e+01  -6.4777238e-02   6.2635193e-02
   7.0600000e+01  -3.4916897e-02   7.5294251e-02
   7.0700000e+01   1.4543869e-03   4.9868319e-02
   7.0800000e+01  -9.4347403e-04   4.1106260e-03
   7.0900000e+01  -4.8916038e-02  -2.4470200e-02
   7.1000000e+01  -1.0327344e-01  -9.5685993e-03
   7.1100000e+01  -1.1916753e-01   4.0992389e-02
   7.1200000e+01  -9.1052579e-02   9.3497594e-02
   7.1300000e+01  -5.3755123e-02   1.1893699e-01
   7.1400000e+01  -4.1429056e-02   1.1447257e-01
   7.1500000e+01  -5.3068733e-02   9.7102700e-02
   7.1600000e+01  -6.1477383e-02   8.2240623e-02
   7.1700000e+01  -4.9036933e-02   7.2349495e-02
   7.1800000e+01  -2.5142739e-02   6.3447024e-02
   7.1900000e+01  -8.5560066e-03   5.5704120e-02
   7.2000000e+01  -2.5114162e-03   5.3991645e-02
   7.2100000e+01   5.3870784e-03   6.0242701e-02
   7.2200000e+01   2.2580824e-02   6.9055025e-02
   7.2300000e+01   4.0209082e-02   7.1610100e-02
   7.2400000e+01   4.5218503e-02   6.2444786e-02
   7.2500000e+01   3.8272441e-02   4.2155666e-02
   7.2600000e+01   3.4086582e-02   1.5611550e-02
   7.2700000e+01   4.4792565e-02  -1.0193093e-02
   7.2800000e+01   6.7009909e-02  -2.6599474e-02
   7.2900000e+01   8.6420634e-02  -2.4500534e-02
   7.3000000e+01   9.2778303e-02   7.2505202e-04
   7.3100000e+01   8.9141373e-02   4.2382451e-02
   7.3200000e+01   8.7851507e-02   8.0675427e-02
   7.3300000e+01   9.8566519e-02   9.1556825e-02
   7.3400000e+01   1.1849931e-01   6.2759252e-02
   7.3500000e+01   1.3219313e-01   4.7148039e-03
   7.3600000e+01   1.2214675e-01  -5.4287840e-02
   7.3700000e+01   8.4045871e-02  -8.6670317e-02
   7.3800000e+01   3.4305098e-02  -8.3713470e-02
   7.3900000e+01   4.0978786e-04  -5.9403817e-02
   7.4000000e+01  -1.1242852e-03  -3.8006548e-02
   7.4100000e+01   2.0110365e-02  -3.5700792e-02
   7.4200000e+01   3.6552546e-02  -4.9842317e-02
   7.4300000e+01   2.8297899e-02  -6.3020794e-02
   7.4400000e+01   9.2223991e-04  -5.8425519e-02
   7.4500000e+01  -2.2946511e-02  -3.4676186e-02
   7.4600000e+01  -2.8469213e-02  -8.0623918e-03
   7.4700000e+01  -2.2278297e-02   1.4241412e-04
   7.4800000e+01  -2.1726011e-02  -1.9258489e-02
   7.4900000e+01  -3.5222038e-02  -5.6575123e-02
   7.5000000e+01  -5.6781501e-02  -9.1758941e-02
   7.5100000e+01  -7.6679485e-02  -1.0948416e-01
   7.5200000e+01  -9.0225369e-02  -1.0766385e-01
   7.5300000e+01  -9.4278484e-02  -9.4538094e-02
   7.5400000e+01  -8.2467177e-02  -8.0169489e-02
   7.5500000e+01  -5.2342676e-02  -7.0654067e-02
   7.5600000e+01  -1.7086826e-02  -6.7631885e-02
   7.5700000e+01  -2.0149328e-03  -6.9893220e-02
   7.5800000e+01  -2.2842759e-02  -7.3803830e-02
   7.5900000e+01  -6.7857275e-02  -7.3144372e-02
   7.6000000e+01  -1.0530309e-01  -6.1211010e-02
   7.6100000e+01  -1.0970879e-01  -3.5747468e-02
   7.6200000e+01  -8.0402984e-02  -2.9577775e-03
   7.6300000e+01  -3.5795449e-02   2.4291166e-02
   7.6400000e+01   6.5732863e-03   3.4506880e-02
   7.6500000e+01   4.2357824e-02   2.5921603e-02
   7.6600000e+01   7.5303186e-02   7.8181539e-03
   7.6700000e+01   1.0388108e-01  -6.4530192e-03
   7.6800000e+01   1.1567354e-01  -8.2711799e-03
   7.6900000e+01   9.6752543e-02   3.1548101e-03
   7.7000000e+01   4.8226876e-02   2.3945780e-02
   7.7100000e+01  -6.7927520e-03   4.9058700e-02
   7.7200000e+01  -3.6467896e-02   7.2307098e-02
   7.7300000e+01  -2.5568940e-02   8.6367868e-02
   7.7400000e+01   1.0183594e-02   8.7521216e-02
   7.7500000e+01   3.6860837e-02   8.1702810e-02
   7.7600000e+01   3.2385457e-02   8.2201684e-02
   7.7700000e+01   5.4324438e-03   9.6736585e-02
   7.7800000e+01  -1.5264250e-02   1.1631464e-01
   7.7900000e+01  -1.0045333e-02   1.2057240e-01
   7.8000000e+01   1.3168881e-02   9.7296978e-02
   7.8100000e+01   2.8004077e-02   5.6169136e-02
   7.8200000e+01   1.5418287e-02   2.1216375e-02
   7.8300000e+01  -1.9451238e-02   9.5639351e-03
   7.8400000e+01  -5.3477957e-02   1.8475170e-02
   7.8500000e+01  -6.5784253e-02   3.1647411e-02
   7.8600000e+01  -5.2145884e-02   3.4403013e-02
   7.8700000e+01  -2.3268157e-02   2.1851553e-02
   7.8800000e+01   6.4188849e-03  -2.7361723e-03
   7.8900000e+01   2.6734691e-02  -3.1009274e-02
   7.9000000e+01   3.2231187e-02  -5.0264788e-02
   7.9100000e+01   2.0974585e-02  -4.7191636e-02
   7.9200000e+01  -3.3805823e-03  -1.7543135e-02
   7.9300000e+01  -2.9694190e-02   2.6224045e-02
   7.9400000e+01  -4.3892527e-02   5.9677738e-02
   7.9500000e+01  -3.8581888e-02   6.2505266e-02
   7.9600000e+01  -1.8625047e-02   3.3355281e-02
   7.9700000e+01   3.1235985e-03  -8.3199767e-03
   7.9800000e+01   1.5373486e-02  -3.4800885e-02
   7.9900000e+01   1.4574876e-02  -2.8995203e-02
   8.0000000e+01   4.7742814e-03   2.6869212e-03
