   1.0221618e+02   2.8602761e+01   2.5212700e+03
   1.0222267e+02   2.8546680e+01   2.0080000e+03
   0.0000000e+00   7.2572180e-01   7.2572180e-01
   1.0000000e-01   8.7073232e-01   5.8660538e-01
   2.0000000e-01   9.6292568e-01   5.0244989e-01
   3.0000000e-01   9.8303503e-01   4.6645179e-01
   4.0000000e-01   9.6016665e-01   4.2223879e-01
   5.0000000e-01   9.4143974e-01   3.1997587e-01
   6.0000000e-01   9.5352606e-01   1.6204538e-01
   7.0000000e-01   9.8526212e-01  -1.0549527e-02
   8.0000000e-01   1.0000000e+00  -1.6801287e-01
   9.0000000e-01   9.6434929e-01  -3.1375616e-01
   1.0000000e+00   8.6880432e-01  -4.5792913e-01
   1.1000000e+00   7.2547040e-01  -5.8818719e-01
   1.2000000e+00   5.5264710e-01  -6.8084558e-01
   1.3000000e+00   3.6820495e-01  -7.3250715e-01
   1.4000000e+00   1.9641134e-01  -7.6287797e-01
   1.5000000e+00   6.8562253e-02  -7.8458274e-01
   1.6000000e+00   2.8958582e-03  -7.8531477e-01
   1.7000000e+00  -1.8891006e-02  -7.4844959e-01
   1.8000000e+00  -4.6160903e-02  -6.8193040e-01
   1.9000000e+00  -1.1987579e-01  -6.1562917e-01
   2.0000000e+00  -2.3401430e-01  -5.7383461e-01
   2.1000000e+00  -3.3701273e-01  -5.5968558e-01
   2.2000000e+00  -3.7481735e-01  -5.6300466e-01
   2.3000000e+00  -3.3777068e-01  -5.6989608e-01
   2.4000000e+00  -2.7051846e-01  -5.6257442e-01
   2.5000000e+00  -2.3714869e-01  -5.2496371e-01
   2.6000000e+00  -2.7195844e-01  -4.6070448e-01
   2.7000000e+00  -3.5748285e-01  -3.9855573e-01
   2.8000000e+00  -4.4616827e-01  -3.6537811e-01
   2.9000000e+00  -5.0214506e-01  -3.5288050e-01
   3.0000000e+00  -5.2316873e-01  -3.2285212e-01
   3.1000000e+00  -5.2719145e-01  -2.4981211e-01
   3.2000000e+00  -5.2610830e-01  -1.4881600e-01
   3.3000000e+00  -5.1760237e-01  -5.3656728e-02
   3.4000000e+00  -4.9811122e-01   2.3827216e-02
   3.5000000e+00  -4.7396556e-01   9.9042197e-02
   3.6000000e+00  -4.5531056e-01   1.8076686e-01
   3.7000000e+00  -4.4321612e-01   2.4839598e-01
   3.8000000e+00  -4.2804531e-01   2.7423802e-01
   3.9000000e+00  -4.0011527e-01   2.6211100e-01
   4.0000000e+00  -3.5854432e-01   2.5005212e-01
   4.1000000e+00  -3.0943435e-01   2.7085515e-01
   4.2000000e+00  -2.5876791e-01   3.1755893e-01
   4.3000000e+00  -2.0938806e-01   3.5402550e-01
   4.4000000e+00  -1.6366843e-01   3.5575761e-01
   4.5000000e+00  -1.2597005e-01   3.3321165e-01
   4.6000000e+00  -9.9814795e-02   3.1541054e-01
   4.7000000e+00  -8.2243723e-02   3.1848846e-01
   4.8000000e+00  -6.3915332e-02   3.3500108e-01
   4.9000000e+00  -3.8899250e-02   3.4893360e-01
   5.0000000e+00  -1.4032178e-02   3.5222202e-01
   5.1000000e+00  -2.2453107e-03   3.4483801e-01
   5.2000000e+00  -2.2787338e-03   3.2619481e-01
   5.3000000e+00   9.2072787e-03   2.9387115e-01
   5.4000000e+00   5.5009458e-02   2.4988582e-01
   5.5000000e+00   1.2622520e-01   2.0274969e-01
   5.6000000e+00   1.8479693e-01   1.6263975e-01
   5.7000000e+00   2.0481327e-01   1.3884410e-01
   5.8000000e+00   2.0426679e-01   1.4103390e-01
   5.9000000e+00   2.2434518e-01   1.7251862e-01
   6.0000000e+00   2.7878895e-01   2.1397831e-01
   6.1000000e+00   3.3629936e-01   2.2182357e-01
   6.2000000e+00   3.5736357e-01   1.6117272e-01
   6.3000000e+00   3.3740585e-01   4.8088010e-02
   6.4000000e+00   3.0374193e-01  -5.2785523e-02
   6.5000000e+00   2.7723939e-01  -8.6475031e-02
   6.6000000e+00   2.5256041e-01  -6.0503117e-02
   6.7000000e+00   2.1905190e-01  -2.7648438e-02
   6.8000000e+00   1.8780784e-01  -1.8968600e-02
   6.9000000e+00   1.8600671e-01  -1.3970098e-02
   7.0000000e+00   2.2605316e-01   1.2753565e-02
   7.1000000e+00   2.8806794e-01   3.4442144e-02
   7.2000000e+00   3.3464120e-01  -9.9012271e-03
   7.3000000e+00   3.3984420e-01  -1.3664408e-01
   7.4000000e+00   3.0496087e-01  -2.7863050e-01
   7.5000000e+00   2.5191058e-01  -3.4214521e-01
   7.6000000e+00   2.0404221e-01  -2.9675820e-01
   7.7000000e+00   1.6895946e-01  -1.9742648e-01
   7.8000000e+00   1.3468540e-01  -1.2352511e-01
   7.9000000e+00   8.2682340e-02  -1.1030273e-01
   8.0000000e+00   8.5742809e-03  -1.3747646e-01
   8.1000000e+00  -6.7862136e-02  -1.6417209e-01
   8.2000000e+00  -1.1501222e-01  -1.6324186e-01
   8.3000000e+00  -1.1527128e-01  -1.3412649e-01
   8.4000000e+00  -8.1918690e-02  -1.0037349e-01
   8.5000000e+00  -5.1884481e-02  -9.3620165e-02
   8.6000000e+00  -5.9922607e-02  -1.2503371e-01
   8.7000000e+00  -1.1406695e-01  -1.6757682e-01
   8.8000000e+00  -1.8990073e-01  -1.7722501e-01
   8.9000000e+00  -2.4691929e-01  -1.3977033e-01
   9.0000000e+00  -2.5533111e-01  -9.0456129e-02
   9.1000000e+00  -2.1500243e-01  -7.8794121e-02
   9.2000000e+00  -1.5371127e-01  -1.1672603e-01
   9.3000000e+00  -1.0656656e-01  -1.6865545e-01
   9.4000000e+00  -9.2482477e-02  -1.8948629e-01
   9.5000000e+00  -1.0558416e-01  -1.6239138e-01
   9.6000000e+00  -1.2654206e-01  -9.9636528e-02
   9.7000000e+00  -1.4160857e-01  -2.1422303e-02
   9.8000000e+00  -1.5132398e-01   5.4127195e-02
   9.9000000e+00  -1.6226821e-01   1.0692552e-01
   1.0000000e+01  -1.7280783e-01   1.1850157e-01
   1.0100000e+01  -1.6976986e-01   8.8243001e-02
   1.0200000e+01  -1.4094866e-01   4.0728039e-02
   1.0300000e+01  -9.0537682e-02   9.3000663e-03
   1.0400000e+01  -3.9858360e-02   1.1349729e-02
   1.0500000e+01  -1.0114139e-02   4.0866883e-02
   1.0600000e+01  -3.3426694e-03   8.1423420e-02
   1.0700000e+01  -1.5945059e-03   1.2039177e-01
   1.0800000e+01   1.3349941e-02   1.5042996e-01
   1.0900000e+01   3.9653943e-02   1.6452314e-01
   1.1000000e+01   5.6748223e-02   1.5736006e-01
   1.1100000e+01   4.7977612e-02   1.3330515e-01
   1.1200000e+01   2.0127985e-02   1.0934561e-01
   1.1300000e+01  -2.2185694e-03   1.0531048e-01
   1.1400000e+01  -1.5213423e-03   1.2761224e-01
   1.1500000e+01   1.6407675e-02   1.6107731e-01
   1.1600000e+01   3.1791015e-02   1.7786571e-01
   1.1700000e+01   3.3024511e-02   1.5786743e-01
   1.1800000e+01   2.5621617e-02   1.0416762e-01
   1.1900000e+01   2.0813738e-02   4.0806605e-02
   1.2000000e+01   2.1737073e-02  -4.2736253e-03
   1.2100000e+01   2.4734828e-02  -1.6045157e-02
   1.2200000e+01   3.0556957e-02   2.4484414e-03
   1.2300000e+01   4.7050801e-02   3.5043348e-02
   1.2400000e+01   7.8151406e-02   6.0330327e-02
   1.2500000e+01   1.1394060e-01   6.0521313e-02
   1.2600000e+01   1.3583420e-01   3.2067360e-02
   1.2700000e+01   1.3175056e-01  -8.4313797e-03
   1.2800000e+01   1.0482054e-01  -3.3511766e-02
   1.2900000e+01   6.8817944e-02  -2.7150970e-02
   1.3000000e+01   3.8089291e-02  -1.8874230e-04
   1.3100000e+01   2.0556912e-02   1.8635672e-02
   1.3200000e+01   1.4182675e-02   8.8182414e-03
   1.3300000e+01   6.4958916e-03  -2.4603904e-02
   1.3400000e+01  -1.7680993e-02  -5.8555617e-02
   1.3500000e+01  -5.9903348e-02  -7.3866295e-02
   1.3600000e+01  -9.8340828e-02  -6.9213082e-02
   1.3700000e+01  -1.0198405e-01  -5.6968765e-02
   1.3800000e+01  -6.1533559e-02  -4.9473422e-02
   1.3900000e+01  -4.3252075e-03  -4.9741761e-02
   1.4000000e+01   2.7837981e-02  -5.2791970e-02
   1.4100000e+01   1.6966532e-02  -5.3854079e-02
   1.4200000e+01  -1.9131971e-02  -5.5004656e-02
   1.4300000e+01  -5.3360696e-02  -6.3652061e-02
   1.4400000e+01  -8.0097433e-02  -8.3792190e-02
   1.4500000e+01  -1.1280672e-01  -1.0881018e-01
   1.4600000e+01  -1.5543362e-01  -1.2410863e-01
   1.4700000e+01  -1.8795513e-01  -1.1758542e-01
   1.4800000e+01  -1.8581233e-01  -8.7494618e-02
   1.4900000e+01  -1.4773874e-01  -4.1528279e-02
   1.5000000e+01  -9.7159248e-02   7.8937698e-03
   1.5100000e+01  -5.8063694e-02   4.5269036e-02
   1.5200000e+01  -3.6360588e-02   5.3663945e-02
   1.5300000e+01  -2.4473440e-02   2.4343052e-02
   1.5400000e+01  -1.4746535e-02  -2.9519648e-02
   1.5500000e+01  -2.0437860e-03  -7.3063709e-02
   1.5600000e+01   2.0800091e-02  -7.3854162e-02
   1.5700000e+01   5.8802890e-02  -3.1728698e-02
   1.5800000e+01   1.0332850e-01   1.8090921e-02
   1.5900000e+01   1.3239796e-01   3.7290296e-02
   1.6000000e+01   1.2968537e-01   2.1152979e-02
   1.6100000e+01   1.0204916e-01   7.2075413e-04
   1.6200000e+01   7.3382131e-02   8.5336522e-03
   1.6300000e+01   6.1392126e-02   4.5849014e-02
   1.6400000e+01   6.5440374e-02   8.4779520e-02
   1.6500000e+01   7.7995779e-02   9.7679475e-02
   1.6600000e+01   1.0023550e-01   7.9589733e-02
   1.6700000e+01   1.3756228e-01   4.5525521e-02
   1.6800000e+01   1.8046330e-01   1.5119771e-02
   1.6900000e+01   2.0005686e-01   2.7676834e-03
   1.7000000e+01   1.7188010e-01   1.3969925e-02
   1.7100000e+01   1.0439040e-01   4.0745496e-02
   1.7200000e+01   3.8155085e-02   6.0815763e-02
   1.7300000e+01   1.2946564e-02   5.1157824e-02
   1.7400000e+01   3.5583490e-02   9.6905204e-03
   1.7500000e+01   7.9144969e-02  -3.8300354e-02
   1.7600000e+01   1.0921942e-01  -6.0537419e-02
   1.7700000e+01   1.0789394e-01  -4.5918838e-02
   1.7800000e+01   7.6728690e-02  -1.1519247e-02
   1.7900000e+01   2.6565696e-02   1.6071380e-02
   1.8000000e+01  -2.9050588e-02   2.2084229e-02
   1.8100000e+01  -7.3917780e-02   7.5523912e-03
   1.8200000e+01  -9.2439880e-02  -1.9312420e-02
   1.8300000e+01  -7.9892569e-02  -4.8075947e-02
   1.8400000e+01  -4.9291235e-02  -6.4677062e-02
   1.8500000e+01  -2.3471267e-02  -5.5103531e-02
   1.8600000e+01  -1.6675122e-02  -1.7777298e-02
   1.8700000e+01  -2.3694069e-02   2.9297110e-02
   1.8800000e+01  -2.8674949e-02   5.9739185e-02
   1.8900000e+01  -2.4828227e-02   5.9881664e-02
   1.9000000e+01  -2.3518822e-02   3.7542839e-02
   1.9100000e+01  -4.2129341e-02   1.0518363e-02
   1.9200000e+01  -8.3591054e-02  -8.8863115e-03
   1.9300000e+01  -1.2986028e-01  -1.5423471e-02
   1.9400000e+01  -1.5578372e-01  -3.6424863e-03
   1.9500000e+01  -1.4782876e-01   2.9448472e-02
   1.9600000e+01  -1.1021583e-01   7.0620364e-02
   1.9700000e+01  -5.8734721e-02   8.8827344e-02
   1.9800000e+01  -1.4237630e-02   6.0594515e-02
   1.9900000e+01   1.0041788e-03  -1.6703635e-04
   2.0000000e+01  -2.7472409e-02  -4.6666076e-02
   2.0100000e+01  -9.1108805e-02  -4.2158556e-02
   2.0200000e+01  -1.5461454e-01   2.2804530e-03
   2.0300000e+01  -1.7795438e-01   3.7911238e-02
   2.0400000e+01  -1.4938712e-01   2.6500811e-02
   2.0500000e+01  -9.6191816e-02  -2.5080511e-02
   2.0600000e+01  -5.9792778e-02  -7.7055172e-02
   2.0700000e+01  -5.9810607e-02  -9.6439788e-02
   2.0800000e+01  -8.1628144e-02  -8.1406527e-02
   2.0900000e+01  -9.4404623e-02  -5.2727993e-02
   2.1000000e+01  -7.7265944e-02  -3.0191083e-02
   2.1100000e+01  -3.1883738e-02  -1.8689987e-02
   2.1200000e+01   2.1252084e-02  -1.1302710e-02
   2.1300000e+01   5.5719889e-02  -1.2788200e-03
   2.1400000e+01   5.6132678e-02   8.4667614e-03
   2.1500000e+01   3.1629393e-02   6.8306265e-03
   2.1600000e+01   1.2204869e-02  -1.2338655e-02
   2.1700000e+01   2.3714222e-02  -3.7456381e-02
   2.1800000e+01   6.2106449e-02  -4.3751852e-02
   2.1900000e+01   9.5776209e-02  -1.6224209e-02
   2.2000000e+01   9.7467033e-02   3.1798545e-02
   2.2100000e+01   7.2465397e-02   6.8083602e-02
   2.2200000e+01   5.2379929e-02   7.2842296e-02
   2.2300000e+01   6.2973527e-02   5.8818285e-02
   2.2400000e+01   1.0205969e-01   5.6783266e-02
   2.2500000e+01   1.4699895e-01   8.0969046e-02
   2.2600000e+01   1.7600960e-01   1.1172752e-01
   2.2700000e+01   1.7876492e-01   1.1457209e-01
   2.2800000e+01   1.5395454e-01   7.6064332e-02
   2.2900000e+01   1.0815173e-01   1.9391179e-02
   2.3000000e+01   5.9741620e-02  -1.6401975e-02
   2.3100000e+01   3.5175435e-02  -1.2472115e-02
   2.3200000e+01   5.0938396e-02   1.4343771e-02
   2.3300000e+01   9.6127010e-02   3.0478635e-02
   2.3400000e+01   1.3614417e-01   1.7816302e-02
   2.3500000e+01   1.3765692e-01  -1.3088059e-02
   2.3600000e+01   9.2916747e-02  -3.8080424e-02
   2.3700000e+01   2.3060298e-02  -4.3017572e-02
   2.3800000e+01  -3.9273673e-02  -3.2370359e-02
   2.3900000e+01  -7.1533477e-02  -1.9855888e-02
   2.4000000e+01  -7.1956881e-02  -1.5671947e-02
   2.4100000e+01  -5.5678769e-02  -2.2248974e-02
   2.4200000e+01  -4.1637278e-02  -3.7529978e-02
   2.4300000e+01  -3.9222761e-02  -5.8713015e-02
   2.4400000e+01  -4.3589887e-02  -8.2544561e-02
   2.4500000e+01  -4.3900129e-02  -1.0298141e-01
   2.4600000e+01  -3.8394726e-02  -1.0981420e-01
   2.4700000e+01  -4.1256914e-02  -9.2645184e-02
   2.4800000e+01  -7.0633473e-02  -5.0602528e-02
   2.4900000e+01  -1.2594740e-01   3.6049064e-04
   2.5000000e+01  -1.7815431e-01   3.3535461e-02
   2.5100000e+01  -1.8860894e-01   3.0520308e-02
   2.5200000e+01  -1.4348415e-01  -2.7118593e-03
   2.5300000e+01  -7.0324080e-02  -3.9062840e-02
   2.5400000e+01  -1.6868159e-02  -5.1358942e-02
   2.5500000e+01  -9.7541215e-03  -3.2973895e-02
   2.5600000e+01  -3.2898062e-02  -1.3825641e-03
   2.5700000e+01  -4.6547221e-02   1.6583857e-02
   2.5800000e+01  -2.6814676e-02   5.6834807e-03
   2.5900000e+01   1.4169090e-02  -2.5754412e-02
   2.6000000e+01   4.5041485e-02  -5.1896149e-02
   2.6100000e+01   4.7612493e-02  -5.0059805e-02
   2.6200000e+01   3.0255137e-02  -1.9615826e-02
   2.6300000e+01   1.2038870e-02   1.8149691e-02
   2.6400000e+01   7.5471298e-05   3.9795091e-02
   2.6500000e+01  -1.2940170e-02   3.9886409e-02
   2.6600000e+01  -3.0826626e-02   3.1830635e-02
   2.6700000e+01  -4.1093915e-02   3.0487304e-02
   2.6800000e+01  -2.6429206e-02   3.6519125e-02
   2.6900000e+01   1.1471190e-02   3.8439525e-02
   2.7000000e+01   4.6260777e-02   2.7710573e-02
   2.7100000e+01   5.1242109e-02   9.0005650e-03
   2.7200000e+01   2.8818956e-02  -5.0204854e-03
   2.7300000e+01   1.0064255e-02  -7.2612958e-03
   2.7400000e+01   2.1369299e-02  -2.5637441e-03
   2.7500000e+01   5.4237830e-02  -2.8040373e-04
   2.7600000e+01   7.3199061e-02  -2.6418483e-03
   2.7700000e+01   5.4173735e-02  -3.2307438e-03
   2.7800000e+01   1.0717800e-02   3.0304783e-03
   2.7900000e+01  -2.0251700e-02   1.2371090e-02
   2.8000000e+01  -1.5657974e-02   1.8469930e-02
   2.8100000e+01   1.4515223e-02   2.4524020e-02
   2.8200000e+01   4.2758668e-02   4.2543705e-02
   2.8300000e+01   5.2053561e-02   7.6673329e-02
   2.8400000e+01   4.5930235e-02   1.1054553e-01
   2.8500000e+01   3.6267127e-02   1.1762532e-01
   2.8600000e+01   2.8605602e-02   8.6379629e-02
   2.8700000e+01   2.0659346e-02   3.2902622e-02
   2.8800000e+01   9.9996406e-03  -1.2674314e-02
   2.8900000e+01  -1.3438407e-03  -3.0677308e-02
   2.9000000e+01  -8.9947850e-03  -2.3204539e-02
   2.9100000e+01  -9.6973243e-03  -6.0490472e-03
   2.9200000e+01  -2.5803107e-03   6.3749497e-03
   2.9300000e+01   9.9203433e-03   1.0369070e-02
   2.9400000e+01   2.0806874e-02   1.2994665e-02
   2.9500000e+01   2.0913252e-02   2.3990046e-02
   2.9600000e+01   6.7508222e-03   4.3677308e-02
   2.9700000e+01  -1.3287579e-02   5.7485668e-02
   2.9800000e+01  -2.4214265e-02   4.7200201e-02
   2.9900000e+01  -1.9668023e-02   1.1788198e-02
   3.0000000e+01  -1.1112395e-02  -2.6009448e-02
   3.0100000e+01  -1.7473705e-02  -3.9820007e-02
   3.0200000e+01  -4.3170848e-02  -2.6688623e-02
   3.0300000e+01  -6.9264046e-02  -9.4580744e-03
   3.0400000e+01  -7.0900823e-02  -1.1352498e-02
   3.0500000e+01  -4.3694576e-02  -3.2980930e-02
   3.0600000e+01  -8.7922013e-03  -5.6149914e-02
   3.0700000e+01   9.7822290e-03  -6.3793187e-02
   3.0800000e+01   8.5926825e-03  -5.0316886e-02
   3.0900000e+01   1.7169883e-03  -1.8222099e-02
   3.1000000e+01  -2.0330244e-03   2.2994824e-02
   3.1100000e+01  -1.0093795e-02   5.2199731e-02
   3.1200000e+01  -3.1235203e-02   4.3538683e-02
   3.1300000e+01  -5.6723854e-02  -8.8770068e-03
   3.1400000e+01  -6.5586586e-02  -7.4128922e-02
   3.1500000e+01  -4.9594281e-02  -1.0355750e-01
   3.1600000e+01  -2.5888251e-02  -7.4063305e-02
   3.1700000e+01  -1.9094645e-02  -1.1226222e-02
   3.1800000e+01  -3.2799147e-02   3.3233284e-02
   3.1900000e+01  -4.4460097e-02   2.6354780e-02
   3.2000000e+01  -3.0930293e-02  -2.2370421e-02
   3.2100000e+01   3.8099069e-03  -7.5101134e-02
   3.2200000e+01   3.0406154e-02  -9.7466200e-02
   3.2300000e+01   2.5105891e-02  -8.0293020e-02
   3.2400000e+01  -2.4973052e-03  -4.0771602e-02
   3.2500000e+01  -1.5694002e-02  -8.3081021e-03
   3.2600000e+01   1.2929705e-02  -4.4752240e-03
   3.2700000e+01   7.1239278e-02  -2.7759558e-02
   3.2800000e+01   1.1583190e-01  -5.4563092e-02
   3.2900000e+01   1.1244568e-01  -5.9074806e-02
   3.3000000e+01   6.8145142e-02  -3.6840042e-02
   3.3100000e+01   2.3131978e-02  -9.0748075e-03
   3.3200000e+01   1.2446618e-02  -1.3566514e-03
   3.3300000e+01   3.7485712e-02  -1.7386721e-02
   3.3400000e+01   7.2227906e-02  -3.5468960e-02
   3.3500000e+01   9.0313999e-02  -3.1487798e-02
   3.3600000e+01   8.2964391e-02  -2.9452748e-03
   3.3700000e+01   5.7302280e-02   3.1968896e-02
   3.3800000e+01   2.7794084e-02   5.6818813e-02
   3.3900000e+01   1.0999911e-02   7.2769510e-02
   3.4000000e+01   1.8522985e-02   8.9674432e-02
   3.4100000e+01   4.4954276e-02   1.0614817e-01
   3.4200000e+01   6.4510201e-02   1.0619512e-01
   3.4300000e+01   4.9911128e-02   7.8475504e-02
   3.4400000e+01   2.4361870e-04   3.4835281e-02
   3.4500000e+01  -5.4029442e-02   4.2013418e-03
   3.4600000e+01  -7.9149580e-02   6.5054875e-03
   3.4700000e+01  -6.9732808e-02   3.3989850e-02
   3.4800000e+01  -4.8661796e-02   5.8617824e-02
   3.4900000e+01  -3.8256186e-02   5.7070720e-02
   3.5000000e+01  -3.9348451e-02   2.9672174e-02
   3.5100000e+01  -4.0404793e-02  -1.5315295e-03
   3.5200000e+01  -3.8107981e-02  -1.1424140e-02
   3.5300000e+01  -3.9602851e-02   8.1639299e-03
   3.5400000e+01  -4.6952966e-02   4.1535215e-02
   3.5500000e+01  -5.0383168e-02   6.0662796e-02
   3.5600000e+01  -4.2067017e-02   4.7639304e-02
   3.5700000e+01  -3.0286258e-02   1.0510133e-02
   3.5800000e+01  -3.1867969e-02  -2.2298966e-02
   3.5900000e+01  -5.1177953e-02  -2.6298163e-02
   3.6000000e+01  -7.2919497e-02  -3.2455146e-03
   3.6100000e+01  -7.7783290e-02   1.9411906e-02
   3.6200000e+01  -6.1312829e-02   1.2823309e-02
   3.6300000e+01  -3.5292291e-02  -2.6277660e-02
   3.6400000e+01  -1.4578992e-02  -7.0297401e-02
   3.6500000e+01  -6.5771156e-03  -8.3272876e-02
   3.6600000e+01  -1.0804706e-02  -5.2577769e-02
   3.6700000e+01  -2.2089914e-02  -1.5748152e-03
   3.6800000e+01  -3.2147250e-02   2.9639091e-02
   3.6900000e+01  -3.2586599e-02   1.8926089e-02
   3.7000000e+01  -2.0991184e-02  -2.0131115e-02
   3.7100000e+01  -3.5441169e-03  -5.3831579e-02
   3.7200000e+01   1.1194985e-02  -6.0093408e-02
   3.7300000e+01   2.1142564e-02  -4.3987371e-02
   3.7400000e+01   3.0859576e-02  -2.5198002e-02
   3.7500000e+01   4.2524161e-02  -1.6591791e-02
   3.7600000e+01   5.0227359e-02  -1.7834688e-02
   3.7700000e+01   4.6866185e-02  -2.4625393e-02
   3.7800000e+01   3.6040062e-02  -3.5919767e-02
   3.7900000e+01   3.2529434e-02  -5.0298982e-02
   3.8000000e+01   4.7141135e-02  -6.1036941e-02
   3.8100000e+01   7.1675006e-02  -5.9855595e-02
   3.8200000e+01   8.2955162e-02  -4.4310626e-02
   3.8300000e+01   6.5202348e-02  -1.8424980e-02
   3.8400000e+01   2.8572846e-02   1.2068899e-02
   3.8500000e+01   3.2117883e-03   4.0431165e-02
   3.8600000e+01   1.2443548e-02   5.5785777e-02
   3.8700000e+01   5.0259048e-02   4.7293289e-02
   3.8800000e+01   8.4634985e-02   1.7568505e-02
   3.8900000e+01   8.3855509e-02  -1.1527472e-02
   3.9000000e+01   4.2497295e-02  -1.5238722e-02
   3.9100000e+01  -1.4546703e-02   8.6817520e-03
   3.9200000e+01  -5.1682446e-02   3.6110550e-02
   3.9300000e+01  -4.8460325e-02   4.3517242e-02
   3.9400000e+01  -1.1628371e-02   3.6507366e-02
   3.9500000e+01   3.2949760e-02   4.4210921e-02
   3.9600000e+01   5.8830341e-02   8.2295045e-02
   3.9700000e+01   5.3809886e-02   1.2662272e-01
   3.9800000e+01   2.4216414e-02   1.3092379e-01
   3.9900000e+01  -1.0280738e-02   7.3114421e-02
   4.0000000e+01  -2.8611196e-02  -1.8060546e-02
   4.0100000e+01  -2.2887344e-02  -8.4332305e-02
   4.0200000e+01  -5.8047127e-03  -8.6023952e-02
   4.0300000e+01  -6.7273483e-04  -3.1237526e-02
   4.0400000e+01  -1.8877619e-02   3.6828313e-02
   4.0500000e+01  -4.6980468e-02   7.6445020e-02
   4.0600000e+01  -5.9831803e-02   7.3510082e-02
   4.0700000e+01  -4.7144122e-02   4.1078975e-02
   4.0800000e+01  -2.3436438e-02   2.3407829e-03
   4.0900000e+01  -1.0213526e-02  -2.5039721e-02
   4.1000000e+01  -1.2557585e-02  -3.5339940e-02
   4.1100000e+01  -1.7578458e-02  -3.3831213e-02
   4.1200000e+01  -1.3821288e-02  -3.0964854e-02
   4.1300000e+01  -6.3550042e-03  -3.3459170e-02
   4.1400000e+01  -1.0622230e-02  -3.8214368e-02
   4.1500000e+01  -3.4205074e-02  -3.6302410e-02
   4.1600000e+01  -6.6925164e-02  -2.4621042e-02
   4.1700000e+01  -8.8160263e-02  -1.1606820e-02
   4.1800000e+01  -8.3453052e-02  -8.1673224e-03
   4.1900000e+01  -5.5830768e-02  -1.3841348e-02
   4.2000000e+01  -2.2402529e-02  -1.6769308e-02
   4.2100000e+01   7.5582119e-04  -9.7273041e-03
   4.2200000e+01   1.0976116e-02  -2.2866993e-03
   4.2300000e+01   1.6014671e-02  -1.1459404e-02
   4.2400000e+01   2.0402588e-02  -3.9804875e-02
   4.2500000e+01   1.9418324e-02  -6.7436933e-02
   4.2600000e+01   8.9735037e-03  -6.9247582e-02
   4.2700000e+01  -3.0369967e-03  -3.9121866e-02
   4.2800000e+01  -1.9934617e-03   4.7245085e-03
   4.2900000e+01   1.6166657e-02   3.6968884e-02
   4.3000000e+01   3.7910095e-02   4.4993895e-02
   4.3100000e+01   4.4853396e-02   3.2793869e-02
   4.3200000e+01   3.0743493e-02   1.0718409e-02
   4.3300000e+01   4.2036275e-03  -1.4267968e-02
   4.3400000e+01  -2.1294482e-02  -3.9141885e-02
   4.3500000e+01  -3.6250964e-02  -6.0177480e-02
   4.3600000e+01  -3.7202738e-02  -7.0891398e-02
   4.3700000e+01  -2.6775856e-02  -6.4924386e-02
   4.3800000e+01  -1.2973604e-02  -4.0925915e-02
   4.3900000e+01  -3.7529851e-03  -5.8396447e-03
   4.4000000e+01   1.8957064e-04   2.5974397e-02
   4.4100000e+01   4.4814384e-03   3.9290334e-02
   4.4200000e+01   1.1514358e-02   2.8276644e-02
   4.4300000e+01   1.6069696e-02   3.0703539e-03
   4.4400000e+01   1.4245873e-02  -1.5321251e-02
   4.4500000e+01   1.2863012e-02  -1.0794022e-02
   4.4600000e+01   2.2557204e-02   1.4066881e-02
   4.4700000e+01   4.0863727e-02   3.9627991e-02
   4.4800000e+01   4.9494311e-02   4.5934744e-02
   4.4900000e+01   3.3906496e-02   2.9277417e-02
   4.5000000e+01   2.7039177e-03   3.7252144e-03
   4.5100000e+01  -1.8088460e-02  -1.1947392e-02
   4.5200000e+01  -1.0390332e-02  -8.4653083e-03
   4.5300000e+01   1.9775003e-02   9.7705922e-03
   4.5400000e+01   5.1287883e-02   2.9992852e-02
   4.5500000e+01   6.8340968e-02   3.9235817e-02
   4.5600000e+01   6.9620815e-02   3.1777639e-02
   4.5700000e+01   6.1588889e-02   1.4559208e-02
   4.5800000e+01   4.8982826e-02   5.8136297e-03
   4.5900000e+01   3.3443270e-02   2.2164858e-02
   4.6000000e+01   1.7777582e-02   6.0766880e-02
   4.6100000e+01   7.4452248e-03   9.4649025e-02
   4.6200000e+01   6.5255196e-03   9.2263796e-02
   4.6300000e+01   1.3050277e-02   4.7391467e-02
   4.6400000e+01   1.9699545e-02  -1.0245504e-02
   4.6500000e+01   2.0271231e-02  -3.8064349e-02
   4.6600000e+01   1.5621243e-02  -1.7975998e-02
   4.6700000e+01   1.2002086e-02   2.7720201e-02
   4.6800000e+01   1.2455478e-02   5.7499869e-02
   4.6900000e+01   1.0818193e-02   4.8267022e-02
   4.7000000e+01  -3.4670506e-03   1.3915340e-02
   4.7100000e+01  -3.3627314e-02  -1.0775743e-02
   4.7200000e+01  -6.9494914e-02  -3.4467739e-03
   4.7300000e+01  -9.3804195e-02   2.6572075e-02
   4.7400000e+01  -9.4522685e-02   4.8600528e-02
   4.7500000e+01  -7.2420564e-02   3.8809170e-02
   4.7600000e+01  -3.9789784e-02   3.8992440e-04
   4.7700000e+01  -1.3118624e-02  -4.1271197e-02
   4.7800000e+01  -3.6289987e-03  -6.2855624e-02
   4.7900000e+01  -1.0048395e-02  -6.3973090e-02
   4.8000000e+01  -1.9853702e-02  -6.4604132e-02
   4.8100000e+01  -2.1001371e-02  -8.1394230e-02
   4.8200000e+01  -1.4364675e-02  -1.0737655e-01
   4.8300000e+01  -1.2276474e-02  -1.1791012e-01
   4.8400000e+01  -2.2432685e-02  -9.7624842e-02
   4.8500000e+01  -3.5506336e-02  -5.8222860e-02
   4.8600000e+01  -3.3412615e-02  -2.6126243e-02
   4.8700000e+01  -1.0978678e-02  -1.4472044e-02
   4.8800000e+01   1.4447184e-02  -1.2923558e-02
   4.8900000e+01   1.8937620e-02  -5.9770325e-03
   4.9000000e+01  -2.5760892e-03   5.7109844e-03
   4.9100000e+01  -2.9560575e-02   8.6413489e-03
   4.9200000e+01  -3.6058767e-02  -2.1788626e-03
   4.9300000e+01  -1.6637734e-02  -1.4279053e-02
   4.9400000e+01   9.0932799e-03  -1.2965964e-02
   4.9500000e+01   1.7380296e-02   1.1878916e-03
   4.9600000e+01   3.9825624e-03   1.6222277e-02
   4.9700000e+01  -1.3790240e-02   2.6741814e-02
   4.9800000e+01  -1.7032326e-02   4.0003256e-02
   4.9900000e+01  -4.4635307e-03   6.2596998e-02
   5.0000000e+01   9.0183530e-03   8.7225764e-02
   5.0100000e+01   1.0016023e-02   9.7327587e-02
   5.0200000e+01  -1.0902911e-03   8.2883520e-02
   5.0300000e+01  -1.5366020e-02   4.9071601e-02
   5.0400000e+01  -2.7312979e-02   1.1997833e-02
   5.0500000e+01  -3.6390131e-02  -1.0506453e-02
   5.0600000e+01  -3.8232452e-02  -7.1683652e-03
   5.0700000e+01  -2.2315377e-02   1.9269458e-02
   5.0800000e+01   1.5424106e-02   4.9650569e-02
   5.0900000e+01   5.9466985e-02   5.9184840e-02
   5.1000000e+01   8.1418819e-02   3.7576774e-02
   5.1100000e+01   6.4935571e-02  -1.0900483e-03
   5.1200000e+01   2.3654586e-02  -3.1846668e-02
   5.1300000e+01  -8.4949912e-03  -4.2407642e-02
   5.1400000e+01  -6.7466422e-03  -4.0806987e-02
   5.1500000e+01   2.3266677e-02  -4.0669934e-02
   5.1600000e+01   5.1479743e-02  -4.4479158e-02
   5.1700000e+01   4.9523050e-02  -4.4462818e-02
   5.1800000e+01   1.3570925e-02  -3.6021728e-02
   5.1900000e+01  -3.3966930e-02  -2.4489335e-02
   5.2000000e+01  -6.3017824e-02  -1.8532629e-02
   5.2100000e+01  -5.8263905e-02  -2.1304448e-02
   5.2200000e+01  -2.7658767e-02  -2.9695656e-02
   5.2300000e+01   7.7035422e-03  -3.8950996e-02
   5.2400000e+01   3.0874944e-02  -4.5419496e-02
   5.2500000e+01   3.7675089e-02  -4.6935622e-02
   5.2600000e+01   3.2535303e-02  -4.3772463e-02
   5.2700000e+01   2.1267006e-02  -3.8749733e-02
   5.2800000e+01   9.8248212e-03  -3.3912305e-02
   5.2900000e+01   5.8077335e-03  -2.7368050e-02
   5.3000000e+01   1.4475505e-02  -1.5888311e-02
   5.3100000e+01   3.1425919e-02  -4.9774953e-04
   5.3200000e+01   4.3639008e-02   1.3767807e-02
   5.3300000e+01   4.2209604e-02   2.4678117e-02
   5.3400000e+01   3.2993807e-02   3.5718533e-02
   5.3500000e+01   3.0652590e-02   4.9053363e-02
   5.3600000e+01   4.1617373e-02   5.8240613e-02
   5.3700000e+01   5.6628116e-02   5.3399637e-02
   5.3800000e+01   6.2201088e-02   3.4537863e-02
   5.3900000e+01   5.6396141e-02   1.5118501e-02
   5.4000000e+01   4.9187218e-02   8.9156815e-03
   5.4100000e+01   4.8176655e-02   1.5450567e-02
   5.4200000e+01   4.8933273e-02   2.2106631e-02
   5.4300000e+01   4.1804197e-02   1.9732347e-02
   5.4400000e+01   2.4785556e-02   1.1823204e-02
   5.4500000e+01   4.9812401e-03   7.3416030e-03
   5.4600000e+01  -1.2273988e-02   9.0674025e-03
   5.4700000e+01  -3.0579576e-02   1.3005986e-02
   5.4800000e+01  -5.5231558e-02   1.6631659e-02
   5.4900000e+01  -8.1080059e-02   2.1410105e-02
   5.5000000e+01  -9.3013697e-02   2.5696880e-02
   5.5100000e+01  -8.1360815e-02   2.0957580e-02
   5.5200000e+01  -5.4848312e-02   9.3397961e-04
   5.5300000e+01  -3.4731909e-02  -2.6756043e-02
   5.5400000e+01  -3.5146941e-02  -4.4269639e-02
   5.5500000e+01  -5.0953580e-02  -4.1161994e-02
   5.5600000e+01  -6.5515454e-02  -2.4525031e-02
   5.5700000e+01  -6.7767157e-02  -8.3327961e-03
   5.5800000e+01  -5.8975300e-02   3.8905925e-03
   5.5900000e+01  -4.4949395e-02   1.9855352e-02
   5.6000000e+01  -2.8014700e-02   4.2389643e-02
   5.6100000e+01  -1.0240402e-02   5.9720896e-02
   5.6200000e+01  -2.6610259e-04   5.6765304e-02
   5.6300000e+01  -8.7057100e-03   3.3130045e-02
   5.6400000e+01  -3.3615408e-02   4.7412351e-03
   5.6500000e+01  -5.5441572e-02  -1.1634813e-02
   5.6600000e+01  -5.2969782e-02  -1.0958658e-02
   5.6700000e+01  -2.5127052e-02   2.0571991e-03
   5.6800000e+01   7.0422732e-03   2.0074079e-02
   5.6900000e+01   2.1837190e-02   3.4461781e-02
   5.7000000e+01   1.7066664e-02   3.5730355e-02
   5.7100000e+01   6.1105577e-03   2.1242801e-02
   5.7200000e+01  -2.2990015e-03   2.2204096e-03
   5.7300000e+01  -1.2649579e-02  -4.7715747e-03
   5.7400000e+01  -2.8569702e-02   2.9671653e-03
   5.7500000e+01  -3.7292981e-02   8.5953617e-03
   5.7600000e+01  -1.8313790e-02  -5.5435276e-03
   5.7700000e+01   2.9515600e-02  -3.6015324e-02
   5.7800000e+01   7.5987182e-02  -6.0690662e-02
   5.7900000e+01   8.2689312e-02  -6.2634076e-02
   5.8000000e+01   4.0191033e-02  -4.6240835e-02
   5.8100000e+01  -2.0783521e-02  -2.8558313e-02
   5.8200000e+01  -5.6848609e-02  -2.0676367e-02
   5.8300000e+01  -4.9210567e-02  -2.2397610e-02
   5.8400000e+01  -1.4106292e-02  -3.1058232e-02
   5.8500000e+01   1.8436875e-02  -4.6888447e-02
   5.8600000e+01   3.1187831e-02  -6.6735221e-02
   5.8700000e+01   2.7579280e-02  -7.7924442e-02
   5.8800000e+01   2.1559318e-02  -6.5229879e-02
   5.8900000e+01   2.4717533e-02  -2.6202241e-02
   5.9000000e+01   3.9808496e-02   2.1774798e-02
   5.9100000e+01   5.9984223e-02   5.1353790e-02
   5.9200000e+01   7.2705399e-02   4.4224785e-02
   5.9300000e+01   6.8617470e-02   4.2778020e-03
   5.9400000e+01   4.9721837e-02  -4.4153418e-02
   5.9500000e+01   2.7195548e-02  -7.1238865e-02
   5.9600000e+01   9.3997095e-03  -6.0122042e-02
   5.9700000e+01  -5.1451468e-03  -1.7243378e-02
   5.9800000e+01  -1.9332450e-02   3.2397752e-02
   5.9900000e+01  -2.5045431e-02   6.2098628e-02
   6.0000000e+01  -7.5288699e-03   6.0591348e-02
   6.0100000e+01   3.3932230e-02   3.7145941e-02
   6.0200000e+01   7.5578932e-02   1.1843242e-02
   6.0300000e+01   8.7643060e-02   2.5673701e-04
   6.0400000e+01   6.3631734e-02   5.4029806e-03
   6.0500000e+01   2.5294586e-02   2.1329636e-02
   6.0600000e+01  -2.8417764e-03   4.0918812e-02
   6.0700000e+01  -1.6876849e-02   5.8517008e-02
   6.0800000e+01  -2.6653703e-02   6.7692089e-02
   6.0900000e+01  -3.2414266e-02   6.2372317e-02
   6.1000000e+01  -2.0811902e-02   4.3918905e-02
   6.1100000e+01   1.2458164e-02   2.4641984e-02
   6.1200000e+01   4.5471892e-02   1.8592583e-02
   6.1300000e+01   4.5837796e-02   2.6417118e-02
   6.1400000e+01   4.3816428e-03   3.2345219e-02
   6.1500000e+01  -5.2179268e-02   2.0185268e-02
   6.1600000e+01  -8.4147254e-02  -7.5668024e-03
   6.1700000e+01  -7.2474467e-02  -2.9646358e-02
   6.1800000e+01  -3.0720972e-02  -2.7333540e-02
   6.1900000e+01   1.0600719e-02  -5.5188882e-03
   6.2000000e+01   2.8112850e-02   9.3808811e-03
   6.2100000e+01   1.8184402e-02  -5.5845554e-03
   6.2200000e+01  -7.0974991e-03  -4.6025002e-02
   6.2300000e+01  -3.3213472e-02  -8.2002709e-02
   6.2400000e+01  -5.3881818e-02  -8.5655596e-02
   6.2500000e+01  -7.0273843e-02  -5.8083155e-02
   6.2600000e+01  -8.0640464e-02  -2.7583159e-02
   6.2700000e+01  -7.4017567e-02  -2.0283419e-02
   6.2800000e+01  -4.0008936e-02  -3.4557028e-02
   6.2900000e+01   1.2304988e-02  -4.6785635e-02
   6.3000000e+01   4.9674218e-02  -3.9732384e-02
   6.3100000e+01   3.7828380e-02  -1.9100979e-02
   6.3200000e+01  -2.4536632e-02  -1.1740237e-03
   6.3300000e+01  -9.5723325e-02   8.2159865e-03
   6.3400000e+01  -1.2075703e-01   1.5460116e-02
   6.3500000e+01  -7.7469835e-02   2.4051726e-02
   6.3600000e+01   3.0607993e-03   2.8389307e-02
   6.3700000e+01   6.1421065e-02   2.5806205e-02
   6.3800000e+01   5.8559536e-02   2.6086458e-02
   6.3900000e+01   6.3419601e-03   4.0273287e-02
   6.4000000e+01  -4.4470940e-02   6.2479605e-02
   6.4100000e+01  -4.6822403e-02   7.1811682e-02
   6.4200000e+01   4.8561423e-03   5.5204892e-02
   6.4300000e+01   7.1278309e-02   2.2903326e-02
   6.4400000e+01   1.0137539e-01  -2.4923630e-03
   6.4500000e+01   7.4958578e-02  -8.5834501e-03
   6.4600000e+01   1.9059091e-02  -4.7999019e-04
   6.4700000e+01  -1.7174594e-02   1.0978446e-02
   6.4800000e+01  -6.7260394e-03   2.0604412e-02
   6.4900000e+01   3.4062814e-02   2.6834974e-02
   6.5000000e+01   6.7337350e-02   2.5174798e-02
   6.5100000e+01   7.3377124e-02   1.0555912e-02
   6.5200000e+01   6.4249984e-02  -1.4328194e-02
   6.5300000e+01   5.9595973e-02  -3.8489482e-02
   6.5400000e+01   5.8116943e-02  -5.2969573e-02
   6.5500000e+01   4.1436465e-02  -5.8944593e-02
   6.5600000e+01   3.9423193e-03  -6.2555442e-02
   6.5700000e+01  -3.1851479e-02  -6.3375953e-02
   6.5800000e+01  -3.6607363e-02  -5.2785714e-02
   6.5900000e+01  -7.7808371e-03  -2.5806566e-02
   6.6000000e+01   2.4696010e-02   8.6700127e-03
   6.6100000e+01   2.8050742e-02   3.3894903e-02
   6.6200000e+01  -8.2514638e-04   4.1973820e-02
   6.6300000e+01  -3.3602701e-02   4.1490519e-02
   6.6400000e+01  -3.9020585e-02   4.6715140e-02
   6.6500000e+01  -1.2175326e-02   6.1181549e-02
   6.6600000e+01   2.1988608e-02   7.4290234e-02
   6.6700000e+01   3.1875135e-02   7.3092361e-02
   6.6800000e+01   7.4171361e-03   5.4690221e-02
   6.6900000e+01  -3.1289183e-02   2.7258315e-02
   6.7000000e+01  -5.2439312e-02   2.3319450e-03
   6.7100000e+01  -4.1680605e-02  -1.2066719e-02
   6.7200000e+01  -1.4615638e-02  -1.3474392e-02
   6.7300000e+01  -1.4503809e-04  -4.5838432e-03
   6.7400000e+01  -1.1595507e-02   7.7364356e-03
   6.7500000e+01  -3.5876839e-02   1.4695772e-02
   6.7600000e+01  -5.0985392e-02   9.1494093e-03
   6.7700000e+01  -5.0270703e-02  -1.0850588e-02
   6.7800000e+01  -4.5753874e-02  -3.9269540e-02
   6.7900000e+01  -4.9574760e-02  -6.1362507e-02
   6.8000000e+01  -5.8380344e-02  -5.9028001e-02
   6.8100000e+01  -5.8723505e-02  -2.4364815e-02
   6.8200000e+01  -4.3884815e-02   2.6883506e-02
   6.8300000e+01  -2.0753814e-02   5.8272266e-02
   6.8400000e+01  -1.4835342e-03   3.8189105e-02
   6.8500000e+01   6.7511535e-03  -3.0086574e-02
   6.8600000e+01   3.1907247e-03  -1.0404629e-01
   6.8700000e+01  -9.7740868e-03  -1.3399370e-01
   6.8800000e+01  -2.6819062e-02  -1.0563266e-01
   6.8900000e+01  -3.8714588e-02  -5.2585224e-02
   6.9000000e+01  -3.6581734e-02  -2.4923514e-02
   6.9100000e+01  -1.9408595e-02  -4.3068606e-02
   6.9200000e+01   4.5215900e-03  -8.0983219e-02
   6.9300000e+01   2.5253112e-02  -9.2894675e-02
   6.9400000e+01   3.9009883e-02  -5.5727329e-02
   6.9500000e+01   4.7197043e-02   1.1952626e-02
   6.9600000e+01   4.9503721e-02   6.7352586e-02
   6.9700000e+01   4.2025473e-02   7.7650502e-02
   6.9800000e+01   2.4304433e-02   4.2826669e-02
   6.9900000e+01   6.1380742e-03  -6.6319580e-03
   7.0000000e+01   3.1151848e-03  -3.2688402e-02
   7.0100000e+01   2.2721910e-02  -1.7616251e-02
   7.0200000e+01   5.5481369e-02   2.2825450e-02
   7.0300000e+01   8.1895241e-02   5.3174579e-02
   7.0400000e+01   8.8812525e-02   5.0157438e-02
   7.0500000e+01   7.8081163e-02   2.4060504e-02
   7.0600000e+01   5.9358596e-02   7.3709398e-03
   7.0700000e+01   3.7496934e-02   2.1314506e-02
   7.0800000e+01   1.0530316e-02   5.5206253e-02
   7.0900000e+01  -1.9961653e-02   7.9068953e-02
   7.1000000e+01  -4.0878980e-02   7.2978322e-02
   7.1100000e+01  -3.5122314e-02   4.1624041e-02
   7.1200000e+01   6.3726290e-04   4.7060366e-03
   7.1300000e+01   4.7027803e-02  -1.9381500e-02
   7.1400000e+01   7.4141007e-02  -2.0547631e-02
   7.1500000e+01   6.5910688e-02   1.9948677e-03
   7.1600000e+01   3.4029392e-02   3.6687560e-02
   7.1700000e+01   7.1795960e-03   6.0304413e-02
   7.1800000e+01   5.0384836e-03   5.2333554e-02
   7.1900000e+01   2.1991552e-02   1.4862204e-02
   7.2000000e+01   3.5833392e-02  -2.5046875e-02
   7.2100000e+01   3.0937435e-02  -3.8406029e-02
   7.2200000e+01   1.1170265e-02  -2.0760180e-02
   7.2300000e+01  -8.9911651e-03   5.9114505e-03
   7.2400000e+01  -2.1825302e-02   1.6618458e-02
   7.2500000e+01  -3.1511728e-02   5.9085985e-03
   7.2600000e+01  -4.3523309e-02  -1.2067878e-02
   7.2700000e+01  -5.3813255e-02  -2.0835744e-02
   7.2800000e+01  -5.1703597e-02  -1.5469776e-02
   7.2900000e+01  -3.2735147e-02  -1.8704104e-03
   7.3000000e+01  -6.6721058e-03   1.2051910e-02
   7.3100000e+01   7.7958918e-03   2.1791971e-02
   7.3200000e+01  -3.2112096e-03   2.5203223e-02
   7.3300000e+01  -3.7639572e-02   2.0085434e-02
   7.3400000e+01  -7.6960090e-02   4.9094301e-03
   7.3500000e+01  -9.7332268e-02  -1.8382570e-02
   7.3600000e+01  -8.6209636e-02  -4.3422548e-02
   7.3700000e+01  -5.2562925e-02  -6.1977101e-02
   7.3800000e+01  -2.1016562e-02  -6.7964144e-02
   7.3900000e+01  -1.2661672e-02  -6.0028108e-02
   7.4000000e+01  -2.8439861e-02  -4.1884443e-02
   7.4100000e+01  -4.9911450e-02  -2.1034105e-02
   7.4200000e+01  -5.5821184e-02  -5.5350120e-03
   7.4300000e+01  -3.8301219e-02   1.3415290e-03
   7.4400000e+01  -5.5445765e-03   5.0773237e-03
   7.4500000e+01   2.6816078e-02   1.6611863e-02
   7.4600000e+01   4.4620935e-02   4.1454201e-02
   7.4700000e+01   3.9423427e-02   7.0844852e-02
   7.4800000e+01   1.1828383e-02   8.5985800e-02
   7.4900000e+01  -2.4780860e-02   7.3895134e-02
   7.5000000e+01  -4.7477894e-02   4.0092468e-02
   7.5100000e+01  -3.9015498e-02   5.5263756e-03
   7.5200000e+01  -4.2451372e-03  -9.1308429e-03
   7.5300000e+01   3.1672131e-02   2.2040792e-03
   7.5400000e+01   4.6557256e-02   2.7876914e-02
   7.5500000e+01   4.2793665e-02   4.6007521e-02
   7.5600000e+01   4.1311910e-02   3.7835638e-02
   7.5700000e+01   5.2793133e-02   1.5685278e-03
   7.5800000e+01   6.0551919e-02  -4.2142047e-02
   7.5900000e+01   3.8838015e-02  -6.2449028e-02
   7.6000000e+01  -1.2371206e-02  -4.4160440e-02
   7.6100000e+01  -5.8339408e-02  -4.4845068e-03
   7.6200000e+01  -6.1096103e-02   1.9797077e-02
   7.6300000e+01  -1.8560722e-02   5.7512369e-03
   7.6400000e+01   3.2485887e-02  -3.5656090e-02
   7.6500000e+01   5.3304449e-02  -7.3803058e-02
   7.6600000e+01   3.9529856e-02  -8.9081033e-02
   7.6700000e+01   1.8921067e-02  -8.5211563e-02
   7.6800000e+01   1.6818294e-02  -7.4425073e-02
   7.6900000e+01   2.9801624e-02  -6.0494529e-02
   7.7000000e+01   3.4907278e-02  -4.1839890e-02
   7.7100000e+01   1.9574790e-02  -2.4462667e-02
   7.7200000e+01  -4.3161278e-03  -1.9860408e-02
   7.7300000e+01  -1.7189977e-02  -2.7144249e-02
   7.7400000e+01  -1.6479867e-02  -2.6084813e-02
   7.7500000e+01  -1.7847561e-02   2.6937960e-03
   7.7600000e+01  -3.1617018e-02   5.1225242e-02
   7.7700000e+01  -4.4981580e-02   8.5776710e-02
   7.7800000e+01  -3.4475194e-02   7.9745344e-02
   7.7900000e+01   4.3159506e-03   4.2620321e-02
   7.8000000e+01   4.5722180e-02   1.1795670e-02
   7.8100000e+01   5.6767987e-02   1.5021450e-02
   7.8200000e+01   2.9278738e-02   4.3391393e-02
   7.8300000e+01  -1.3464368e-02   6.2331703e-02
   7.8400000e+01  -4.0133671e-02   4.7219937e-02
   7.8500000e+01  -3.7117834e-02   6.4136707e-03
   7.8600000e+01  -1.2108802e-02  -2.9474737e-02
   7.8700000e+01   1.9529687e-02  -3.7884992e-02
   7.8800000e+01   4.4538653e-02  -2.2802397e-02
   7.8900000e+01   5.0693033e-02  -5.5428364e-03
   7.9000000e+01   2.7545782e-02  -8.8710796e-04
   7.9100000e+01  -2.2159067e-02  -4.1750998e-03
   7.9200000e+01  -7.2694817e-02  -8.0445220e-04
   7.9300000e+01  -8.6422957e-02   1.4408404e-02
   7.9400000e+01  -4.3939192e-02   2.9480767e-02
   7.9500000e+01   3.4236290e-02   2.6905789e-02
   7.9600000e+01   9.9831938e-02   2.0459651e-03
   7.9700000e+01   1.1573720e-01  -3.0261219e-02
   7.9800000e+01   8.4442727e-02  -4.6723402e-02
   7.9900000e+01   3.6269016e-02  -3.3844546e-02
   8.0000000e+01  -8.0154409e-03   1.5635383e-03
