   1.0221618e+02   2.8602761e+01   2.5212700e+03
   1.0220656e+02   2.8417954e+01   1.7640800e+03
   0.0000000e+00   3.6747567e-01   3.6747567e-01
   1.0000000e-01   4.0934273e-01   3.3931136e-01
   2.0000000e-01   4.6160503e-01   3.0412778e-01
   3.0000000e-01   5.0828758e-01   2.3877893e-01
   4.0000000e-01   5.4962509e-01   1.4322955e-01
   5.0000000e-01   6.0882035e-01   3.6870079e-02
   6.0000000e-01   7.0560057e-01  -6.6614116e-02
   7.0000000e-01   8.2820912e-01  -1.6996348e-01
   8.0000000e-01   9.3736732e-01  -2.7587783e-01
   9.0000000e-01   9.9730610e-01  -3.7014272e-01
   1.0000000e+00   1.0000000e+00  -4.3083313e-01
   1.1000000e+00   9.6118281e-01  -4.5236335e-01
   1.2000000e+00   8.9924622e-01  -4.5277646e-01
   1.3000000e+00   8.2093036e-01  -4.5641921e-01
   1.4000000e+00   7.2260703e-01  -4.7541364e-01
   1.5000000e+00   5.9833435e-01  -5.0929046e-01
   1.6000000e+00   4.4609133e-01  -5.5452039e-01
   1.7000000e+00   2.7305761e-01  -6.0710819e-01
   1.8000000e+00   1.0033082e-01  -6.5954677e-01
   1.9000000e+00  -4.1647286e-02  -7.0428908e-01
   2.0000000e+00  -1.3300773e-01  -7.4162069e-01
   2.1000000e+00  -1.8525062e-01  -7.7693583e-01
   2.2000000e+00  -2.3606504e-01  -8.0665381e-01
   2.3000000e+00  -3.1346548e-01  -8.1324971e-01
   2.4000000e+00  -4.0373868e-01  -7.8159025e-01
   2.5000000e+00  -4.6306209e-01  -7.1797506e-01
   2.6000000e+00  -4.6622881e-01  -6.4518063e-01
   2.7000000e+00  -4.3851142e-01  -5.7717557e-01
   2.8000000e+00  -4.3118315e-01  -5.0494099e-01
   2.9000000e+00  -4.6683676e-01  -4.1027393e-01
   3.0000000e+00  -5.1750755e-01  -2.8806547e-01
   3.1000000e+00  -5.3873333e-01  -1.5029593e-01
   3.2000000e+00  -5.1585028e-01  -1.3598112e-02
   3.3000000e+00  -4.6934634e-01   1.0825934e-01
   3.4000000e+00  -4.2200594e-01   2.0195380e-01
   3.5000000e+00  -3.7561762e-01   2.5844875e-01
   3.6000000e+00  -3.2326166e-01   2.8787996e-01
   3.7000000e+00  -2.7129635e-01   3.2357259e-01
   3.8000000e+00  -2.3583347e-01   3.9791408e-01
   3.9000000e+00  -2.1960281e-01   5.1005820e-01
   4.0000000e+00  -2.0475160e-01   6.2334282e-01
   4.1000000e+00  -1.7434495e-01   6.9869035e-01
   4.2000000e+00  -1.3482118e-01   7.2770209e-01
   4.3000000e+00  -1.1030081e-01   7.3097833e-01
   4.4000000e+00  -1.1696481e-01   7.2955143e-01
   4.5000000e+00  -1.4925969e-01   7.2514249e-01
   4.6000000e+00  -1.9047067e-01   7.0756929e-01
   4.7000000e+00  -2.2889967e-01   6.7373128e-01
   4.8000000e+00  -2.5970605e-01   6.3420461e-01
   4.9000000e+00  -2.7720627e-01   6.0281392e-01
   5.0000000e+00  -2.7456336e-01   5.8268065e-01
   5.1000000e+00  -2.5216977e-01   5.6199477e-01
   5.2000000e+00  -2.1946374e-01   5.2190699e-01
   5.3000000e+00  -1.8365148e-01   4.4972219e-01
   5.4000000e+00  -1.3991627e-01   3.4694696e-01
   5.5000000e+00  -7.9051064e-02   2.2555442e-01
   5.6000000e+00  -5.7090513e-03   9.7112360e-02
   5.7000000e+00   5.6179617e-02  -3.2200148e-02
   5.8000000e+00   8.1414480e-02  -1.5523369e-01
   5.9000000e+00   6.7971489e-02  -2.5774845e-01
   6.0000000e+00   4.2134660e-02  -3.2628977e-01
   6.1000000e+00   3.8651546e-02  -3.6355484e-01
   6.2000000e+00   7.5394385e-02  -3.8904169e-01
   6.3000000e+00   1.4503940e-01  -4.1834659e-01
   6.4000000e+00   2.2712213e-01  -4.4472335e-01
   6.5000000e+00   3.0533039e-01  -4.4838647e-01
   6.6000000e+00   3.7476606e-01  -4.2451190e-01
   6.7000000e+00   4.3759326e-01  -3.9460629e-01
   6.8000000e+00   4.9586759e-01  -3.8575988e-01
   6.9000000e+00   5.4846630e-01  -4.0355626e-01
   7.0000000e+00   5.9159444e-01  -4.3108144e-01
   7.1000000e+00   6.1988758e-01  -4.5002970e-01
   7.2000000e+00   6.2811967e-01  -4.5238139e-01
   7.3000000e+00   6.1428340e-01  -4.3057428e-01
   7.4000000e+00   5.8124372e-01  -3.6942574e-01
   7.5000000e+00   5.3369015e-01  -2.6033937e-01
   7.6000000e+00   4.7359735e-01  -1.2140124e-01
   7.7000000e+00   4.0171540e-01   7.6925728e-03
   7.8000000e+00   3.2511173e-01   9.5005862e-02
   7.9000000e+00   2.5940661e-01   1.3609556e-01
   8.0000000e+00   2.1730447e-01   1.4410262e-01
   8.1000000e+00   1.9311728e-01   1.3019906e-01
   8.2000000e+00   1.6281134e-01   1.0217191e-01
   8.3000000e+00   1.0375753e-01   7.5800416e-02
   8.4000000e+00   1.4507104e-02   7.1921395e-02
   8.5000000e+00  -8.6319660e-02   9.5174686e-02
   8.6000000e+00  -1.7872925e-01   1.2330040e-01
   8.7000000e+00  -2.5552824e-01   1.2780345e-01
   8.8000000e+00  -3.1931508e-01   1.0600026e-01
   8.9000000e+00  -3.7203586e-01   8.6056886e-02
   9.0000000e+00  -4.1227159e-01   9.6304716e-02
   9.1000000e+00  -4.4064764e-01   1.3188804e-01
   9.2000000e+00  -4.6252937e-01   1.5635477e-01
   9.3000000e+00  -4.8352441e-01   1.3851947e-01
   9.4000000e+00  -5.0420292e-01   8.6267730e-02
   9.5000000e+00  -5.1961011e-01   3.9688861e-02
   9.6000000e+00  -5.2138082e-01   2.7754566e-02
   9.7000000e+00  -4.9978544e-01   3.4763807e-02
   9.8000000e+00  -4.4851809e-01   1.7164336e-02
   9.9000000e+00  -3.7307719e-01  -4.3676246e-02
   1.0000000e+01  -2.9393845e-01  -1.1284899e-01
   1.0100000e+01  -2.3524087e-01  -1.3479675e-01
   1.0200000e+01  -2.0552722e-01  -9.3185470e-02
   1.0300000e+01  -1.9049143e-01  -2.8509476e-02
   1.0400000e+01  -1.6770947e-01   6.5312956e-03
   1.0500000e+01  -1.2869725e-01   9.8297303e-06
   1.0600000e+01  -8.4876457e-02  -1.7686808e-02
   1.0700000e+01  -5.2972453e-02  -1.7527139e-02
   1.0800000e+01  -3.8231515e-02  -3.7945419e-03
   1.0900000e+01  -3.2790451e-02  -1.6229891e-03
   1.1000000e+01  -2.6124981e-02  -2.4764841e-02
   1.1100000e+01  -1.2733208e-02  -6.3262768e-02
   1.1200000e+01   8.9156120e-03  -9.6186543e-02
   1.1300000e+01   3.9589675e-02  -1.0650119e-01
   1.1400000e+01   7.9242434e-02  -8.5276511e-02
   1.1500000e+01   1.2652050e-01  -3.3127312e-02
   1.1600000e+01   1.8026605e-01   3.5294027e-02
   1.1700000e+01   2.3862957e-01   9.2863655e-02
   1.1800000e+01   2.9323353e-01   1.1552438e-01
   1.1900000e+01   3.2654691e-01   1.0143328e-01
   1.2000000e+01   3.2212873e-01   7.3798770e-02
   1.2100000e+01   2.8204739e-01   6.1124296e-02
   1.2200000e+01   2.3239588e-01   7.1467755e-02
   1.2300000e+01   2.0691661e-01   8.5656888e-02
   1.2400000e+01   2.2202192e-01   7.8375676e-02
   1.2500000e+01   2.6608753e-01   4.8146871e-02
   1.2600000e+01   3.1094151e-01   2.4395935e-02
   1.2700000e+01   3.3266041e-01   4.0158424e-02
   1.2800000e+01   3.2427131e-01   9.6777220e-02
   1.2900000e+01   2.9449306e-01   1.5968144e-01
   1.3000000e+01   2.5814774e-01   1.9148806e-01
   1.3100000e+01   2.2610278e-01   1.8544760e-01
   1.3200000e+01   1.9953852e-01   1.6242332e-01
   1.3300000e+01   1.7058009e-01   1.3962929e-01
   1.3400000e+01   1.2868422e-01   1.1196614e-01
   1.3500000e+01   6.8574601e-02   6.6069317e-02
   1.3600000e+01  -6.1385952e-03   3.8182108e-03
   1.3700000e+01  -8.6195925e-02  -5.5611474e-02
   1.3800000e+01  -1.6318122e-01  -9.3034786e-02
   1.3900000e+01  -2.3271916e-01  -1.0047477e-01
   1.4000000e+01  -2.9167513e-01  -7.7167741e-02
   1.4100000e+01  -3.3399987e-01  -2.6256802e-02
   1.4200000e+01  -3.5242763e-01   3.7756527e-02
   1.4300000e+01  -3.4633974e-01   8.5350605e-02
   1.4400000e+01  -3.2647416e-01   8.8003773e-02
   1.4500000e+01  -3.0796825e-01   4.2482600e-02
   1.4600000e+01  -2.9686276e-01  -2.4249612e-02
   1.4700000e+01  -2.8560217e-01  -7.7414626e-02
   1.4800000e+01  -2.6421723e-01  -1.0184693e-01
   1.4900000e+01  -2.3415963e-01  -1.0903152e-01
   1.5000000e+01  -2.0712980e-01  -1.2120921e-01
   1.5100000e+01  -1.9005765e-01  -1.4922336e-01
   1.5200000e+01  -1.7560443e-01  -1.8117231e-01
   1.5300000e+01  -1.5011559e-01  -1.8965973e-01
   1.5400000e+01  -1.0782880e-01  -1.5466932e-01
   1.5500000e+01  -5.3354274e-02  -8.6235598e-02
   1.5600000e+01   7.5294378e-03  -2.4699666e-02
   1.5700000e+01   7.2893290e-02  -1.2022245e-02
   1.5800000e+01   1.3848822e-01  -5.7675655e-02
   1.5900000e+01   1.9223001e-01  -1.3210005e-01
   1.6000000e+01   2.2107200e-01  -1.9255355e-01
   1.6100000e+01   2.2324911e-01  -2.1247236e-01
   1.6200000e+01   2.0978135e-01  -1.8835685e-01
   1.6300000e+01   1.9326733e-01  -1.3036806e-01
   1.6400000e+01   1.7868941e-01  -5.7363992e-02
   1.6500000e+01   1.6660434e-01   3.0968019e-03
   1.6600000e+01   1.6114856e-01   2.6601882e-02
   1.6700000e+01   1.6958356e-01   1.4286631e-02
   1.6800000e+01   1.9327584e-01  -2.4885715e-03
   1.6900000e+01   2.2224021e-01   8.6580761e-03
   1.7000000e+01   2.4042385e-01   4.5746387e-02
   1.7100000e+01   2.3553325e-01   7.3769497e-02
   1.7200000e+01   2.0385358e-01   6.4260915e-02
   1.7300000e+01   1.4919955e-01   2.6946952e-02
   1.7400000e+01   8.1523610e-02  -3.2002625e-03
   1.7500000e+01   1.6461239e-02  -4.7754717e-03
   1.7600000e+01  -2.9039443e-02   1.3420486e-02
   1.7700000e+01  -4.6415136e-02   3.3174070e-02
   1.7800000e+01  -4.2465404e-02   5.1967839e-02
   1.7900000e+01  -3.4442550e-02   7.8729997e-02
   1.8000000e+01  -3.5925988e-02   1.1000263e-01
   1.8100000e+01  -4.7371906e-02   1.2308670e-01
   1.8200000e+01  -6.0650648e-02   9.9054473e-02
   1.8300000e+01  -7.0699834e-02   4.8470148e-02
   1.8400000e+01  -7.9651148e-02   7.9086276e-03
   1.8500000e+01  -8.9624807e-02   9.0186347e-03
   1.8600000e+01  -9.5822172e-02   5.1385560e-02
   1.8700000e+01  -9.1078751e-02   1.0440483e-01
   1.8800000e+01  -7.7082407e-02   1.3388960e-01
   1.8900000e+01  -6.7207196e-02   1.2854005e-01
   1.9000000e+01  -7.5174965e-02   1.0520266e-01
   1.9100000e+01  -1.0094189e-01   9.1282047e-02
   1.9200000e+01  -1.2913555e-01   1.0067460e-01
   1.9300000e+01  -1.4210105e-01   1.2363811e-01
   1.9400000e+01  -1.3500796e-01   1.3795503e-01
   1.9500000e+01  -1.1924090e-01   1.2886799e-01
   1.9600000e+01  -1.1146374e-01   9.8038392e-02
   1.9700000e+01  -1.1825060e-01   5.6103342e-02
   1.9800000e+01  -1.3028360e-01   1.2748409e-02
   1.9900000e+01  -1.3219508e-01  -2.2431119e-02
   2.0000000e+01  -1.1896602e-01  -3.5053007e-02
   2.0100000e+01  -1.0127062e-01  -1.3884912e-02
   2.0200000e+01  -9.2322259e-02   2.9952373e-02
   2.0300000e+01  -9.0136339e-02   5.7898418e-02
   2.0400000e+01  -7.6831114e-02   3.0377176e-02
   2.0500000e+01  -3.8048455e-02  -5.5354721e-02
   2.0600000e+01   1.8932599e-02  -1.5660730e-01
   2.0700000e+01   6.9575914e-02  -2.1898718e-01
   2.0800000e+01   9.4426172e-02  -2.1925923e-01
   2.0900000e+01   9.5314291e-02  -1.7541323e-01
   2.1000000e+01   9.0592679e-02  -1.2103685e-01
   2.1100000e+01   9.8021902e-02  -7.8214642e-02
   2.1200000e+01   1.2266375e-01  -5.4413088e-02
   2.1300000e+01   1.5628057e-01  -5.2442103e-02
   2.1400000e+01   1.8348375e-01  -7.0284339e-02
   2.1500000e+01   1.8989421e-01  -9.2131943e-02
   2.1600000e+01   1.7045788e-01  -9.2537154e-02
   2.1700000e+01   1.3360057e-01  -5.9054266e-02
   2.1800000e+01   9.5946119e-02  -8.2819852e-03
   2.1900000e+01   7.0221490e-02   2.8034811e-02
   2.2000000e+01   5.7346317e-02   3.4151201e-02
   2.2100000e+01   4.9808306e-02   2.2967518e-02
   2.2200000e+01   4.0987383e-02   1.6419837e-02
   2.2300000e+01   3.0013760e-02   1.9328059e-02
   2.2400000e+01   1.9095540e-02   1.8699946e-02
   2.2500000e+01   8.5998061e-03   6.6742974e-03
   2.2600000e+01  -4.8909265e-03  -4.3227081e-03
   2.2700000e+01  -2.6595194e-02   5.7399242e-03
   2.2800000e+01  -5.8549683e-02   3.9808500e-02
   2.2900000e+01  -9.3994208e-02   7.7555487e-02
   2.3000000e+01  -1.1682795e-01   9.4921112e-02
   2.3100000e+01  -1.1070773e-01   8.5809248e-02
   2.3200000e+01  -7.2400327e-02   6.1541277e-02
   2.3300000e+01  -1.6011498e-02   3.2135588e-02
   2.3400000e+01   3.7536110e-02  -4.5899045e-03
   2.3500000e+01   7.4612000e-02  -5.1432823e-02
   2.3600000e+01   9.1861170e-02  -9.3591332e-02
   2.3700000e+01   8.8899571e-02  -1.0139280e-01
   2.3800000e+01   6.4493419e-02  -5.8081751e-02
   2.3900000e+01   2.1875971e-02   1.5689500e-02
   2.4000000e+01  -2.7259538e-02   7.1093993e-02
   2.4100000e+01  -6.9344663e-02   7.0444632e-02
   2.4200000e+01  -9.8481226e-02   1.9644636e-02
   2.4300000e+01  -1.1564955e-01  -3.7895194e-02
   2.4400000e+01  -1.1988123e-01  -5.9044717e-02
   2.4500000e+01  -1.0667723e-01  -3.3990271e-02
   2.4600000e+01  -7.7770681e-02   1.2856422e-02
   2.4700000e+01  -4.6803510e-02   4.7999473e-02
   2.4800000e+01  -2.8555313e-02   5.3458384e-02
   2.4900000e+01  -2.3190049e-02   3.3012767e-02
   2.5000000e+01  -1.6917684e-02   3.1122846e-03
   2.5100000e+01   1.6678420e-04  -1.9196480e-02
   2.5200000e+01   2.1760397e-02  -2.4161691e-02
   2.5300000e+01   3.4194830e-02  -1.2645511e-02
   2.5400000e+01   3.3824893e-02   4.7937962e-03
   2.5500000e+01   2.9821197e-02   1.3704634e-02
   2.5600000e+01   3.0090781e-02   4.7033824e-03
   2.5700000e+01   3.0601252e-02  -1.9587319e-02
   2.5800000e+01   2.2337667e-02  -4.4701684e-02
   2.5900000e+01   5.5789599e-03  -5.2639061e-02
   2.6000000e+01  -8.0103788e-03  -3.4128688e-02
   2.6100000e+01  -8.0709936e-03   3.1742139e-03
   2.6200000e+01   3.3214430e-03   3.7983005e-02
   2.6300000e+01   1.5296388e-02   5.0033806e-02
   2.6400000e+01   2.0882048e-02   3.5357298e-02
   2.6500000e+01   2.3150281e-02   8.6528177e-03
   2.6600000e+01   2.8901697e-02  -9.7591318e-03
   2.6700000e+01   3.9084414e-02  -1.0006247e-02
   2.6800000e+01   4.7301202e-02   2.8408860e-03
   2.6900000e+01   4.6468652e-02   1.7290622e-02
   2.7000000e+01   3.4290122e-02   2.5715541e-02
   2.7100000e+01   1.1814829e-02   2.7017900e-02
   2.7200000e+01  -2.0086179e-02   2.3425551e-02
   2.7300000e+01  -5.8712496e-02   1.8002199e-02
   2.7400000e+01  -9.3655238e-02   1.4153722e-02
   2.7500000e+01  -1.0752793e-01   1.3933210e-02
   2.7600000e+01  -8.8295047e-02   1.5543085e-02
   2.7700000e+01  -4.2625936e-02   1.4704225e-02
   2.7800000e+01   5.9948731e-03   1.0314089e-02
   2.7900000e+01   3.5879901e-02   7.1136357e-03
   2.8000000e+01   4.4161308e-02   9.8498813e-03
   2.8100000e+01   4.4157623e-02   1.5021608e-02
   2.8200000e+01   4.7320447e-02   1.2084424e-02
   2.8300000e+01   5.1705614e-02  -4.4531022e-03
   2.8400000e+01   4.9458644e-02  -2.5631554e-02
   2.8500000e+01   4.1043404e-02  -3.4147041e-02
   2.8600000e+01   3.6108593e-02  -2.0956647e-02
   2.8700000e+01   4.0065153e-02   5.5907207e-03
   2.8800000e+01   4.5470865e-02   2.7312220e-02
   2.8900000e+01   4.0903844e-02   3.0444766e-02
   2.9000000e+01   2.6072190e-02   1.1704158e-02
   2.9100000e+01   1.3230647e-02  -2.4838933e-02
   2.9200000e+01   1.2986740e-02  -6.9732882e-02
   2.9300000e+01   2.2374166e-02  -1.0586190e-01
   2.9400000e+01   2.8781149e-02  -1.1172091e-01
   2.9500000e+01   2.2891861e-02  -7.6270908e-02
   2.9600000e+01   5.1715620e-03  -1.3401962e-02
   2.9700000e+01  -1.8006159e-02   4.2337347e-02
   2.9800000e+01  -3.9966845e-02   5.9575730e-02
   2.9900000e+01  -5.5048763e-02   3.3085385e-02
   3.0000000e+01  -5.8978427e-02  -1.3915623e-02
   3.0100000e+01  -5.1991829e-02  -4.7733146e-02
   3.0200000e+01  -4.0991193e-02  -4.6370759e-02
   3.0300000e+01  -3.5532941e-02  -1.1554281e-02
   3.0400000e+01  -4.0020713e-02   3.3918511e-02
   3.0500000e+01  -4.9987044e-02   6.1219252e-02
   3.0600000e+01  -5.6319404e-02   5.5468056e-02
   3.0700000e+01  -5.3569271e-02   2.7399923e-02
   3.0800000e+01  -4.5413259e-02   5.2775466e-03
   3.0900000e+01  -4.2482572e-02   1.1041563e-02
   3.1000000e+01  -5.2578789e-02   4.1162581e-02
   3.1100000e+01  -7.0172350e-02   7.0128713e-02
   3.1200000e+01  -7.6701071e-02   7.2793324e-02
   3.1300000e+01  -5.6367241e-02   4.4244623e-02
   3.1400000e+01  -1.4741973e-02   1.0977884e-03
   3.1500000e+01   2.1211099e-02  -3.2364631e-02
   3.1600000e+01   2.6729791e-02  -3.8856481e-02
   3.1700000e+01   4.0688666e-03  -1.5072077e-02
   3.1800000e+01  -1.8834789e-02   2.7784072e-02
   3.1900000e+01  -1.5750884e-02   6.7838984e-02
   3.2000000e+01   1.3478818e-02   8.2255239e-02
   3.2100000e+01   4.6423834e-02   6.0971174e-02
   3.2200000e+01   6.2530469e-02   1.4333732e-02
   3.2300000e+01   6.0806832e-02  -3.4636061e-02
   3.2400000e+01   5.4820481e-02  -6.8051355e-02
   3.2500000e+01   5.5321376e-02  -8.3675452e-02
   3.2600000e+01   6.0515281e-02  -8.8378396e-02
   3.2700000e+01   6.1231441e-02  -8.4819982e-02
   3.2800000e+01   5.2133234e-02  -6.8830861e-02
   3.2900000e+01   3.7257959e-02  -3.9516718e-02
   3.3000000e+01   2.6537114e-02  -6.8007686e-03
   3.3100000e+01   2.8170465e-02   1.4533817e-02
   3.3200000e+01   4.3304080e-02   1.6298596e-02
   3.3300000e+01   6.5723695e-02  -1.8347961e-04
   3.3400000e+01   8.4936014e-02  -2.9420528e-02
   3.3500000e+01   8.9964255e-02  -6.3757201e-02
   3.3600000e+01   7.3394897e-02  -8.9840734e-02
   3.3700000e+01   3.6288558e-02  -9.1256405e-02
   3.3800000e+01  -8.6379336e-03  -6.2378420e-02
   3.3900000e+01  -4.1286848e-02  -1.8434470e-02
   3.4000000e+01  -4.7116000e-02   1.5020816e-02
   3.4100000e+01  -2.9362535e-02   2.5707230e-02
   3.4200000e+01  -7.5624174e-03   2.4880129e-02
   3.4300000e+01  -1.1151649e-03   3.1971490e-02
   3.4400000e+01  -1.3001166e-02   5.1894381e-02
   3.4500000e+01  -2.9898272e-02   7.1180764e-02
   3.4600000e+01  -3.7442445e-02   7.5386217e-02
   3.4700000e+01  -3.3243194e-02   6.5960766e-02
   3.4800000e+01  -2.4851973e-02   5.8334221e-02
   3.4900000e+01  -1.8703398e-02   6.5745575e-02
   3.5000000e+01  -1.4947770e-02   8.6713728e-02
   3.5100000e+01  -1.2173166e-02   1.0655978e-01
   3.5200000e+01  -1.2144009e-02   1.0878389e-01
   3.5300000e+01  -1.7054434e-02   8.6232622e-02
   3.5400000e+01  -2.4956141e-02   4.5517119e-02
   3.5500000e+01  -3.2054794e-02   3.2175335e-03
   3.5600000e+01  -3.8903127e-02  -2.4098901e-02
   3.5700000e+01  -4.9901455e-02  -3.0431554e-02
   3.5800000e+01  -6.5048956e-02  -2.3711379e-02
   3.5900000e+01  -7.5816264e-02  -1.8351957e-02
   3.6000000e+01  -7.2791648e-02  -2.2951394e-02
   3.6100000e+01  -5.6115907e-02  -3.4516252e-02
   3.6200000e+01  -3.5094175e-02  -4.4156587e-02
   3.6300000e+01  -1.8273130e-02  -4.7044138e-02
   3.6400000e+01  -7.9697134e-03  -4.5861445e-02
   3.6500000e+01  -4.8946573e-03  -4.6073712e-02
   3.6600000e+01  -1.2037853e-02  -5.0721951e-02
   3.6700000e+01  -2.8201922e-02  -6.0084161e-02
   3.6800000e+01  -3.9870398e-02  -7.2883002e-02
   3.6900000e+01  -2.7671297e-02  -8.4854394e-02
   3.7000000e+01   1.3870565e-02  -8.8087979e-02
   3.7100000e+01   6.5240806e-02  -7.6584056e-02
   3.7200000e+01   9.5650250e-02  -5.4194834e-02
   3.7300000e+01   8.9780329e-02  -3.4176004e-02
   3.7400000e+01   5.9908311e-02  -2.7759579e-02
   3.7500000e+01   3.1836033e-02  -3.3139579e-02
   3.7600000e+01   2.1385924e-02  -3.6734822e-02
   3.7700000e+01   2.5360288e-02  -2.4697601e-02
   3.7800000e+01   3.1223183e-02   7.0076744e-03
   3.7900000e+01   2.9940779e-02   5.0572339e-02
   3.8000000e+01   1.9233321e-02   9.0087990e-02
   3.8100000e+01   1.1022500e-03   1.0826588e-01
   3.8200000e+01  -1.7355627e-02   9.5943930e-02
   3.8300000e+01  -2.2631555e-02   6.0083559e-02
   3.8400000e+01  -3.0972816e-03   2.1107546e-02
   3.8500000e+01   3.5802068e-02  -2.0361615e-03
   3.8600000e+01   6.8507500e-02  -5.7007220e-03
   3.8700000e+01   6.9347834e-02   5.2318117e-04
   3.8800000e+01   3.7669433e-02   8.3315239e-03
   3.8900000e+01  -1.4595443e-03   1.8838975e-02
   3.9000000e+01  -2.3843164e-02   3.4519344e-02
   3.9100000e+01  -2.8750152e-02   4.7729821e-02
   3.9200000e+01  -3.0778834e-02   4.4027424e-02
   3.9300000e+01  -3.4335137e-02   1.8537304e-02
   3.9400000e+01  -2.6466651e-02  -1.5154391e-02
   3.9500000e+01   2.5980437e-03  -3.6107956e-02
   3.9600000e+01   4.0857701e-02  -3.5028159e-02
   3.9700000e+01   6.4778130e-02  -1.9892364e-02
   3.9800000e+01   6.4929473e-02  -4.2302777e-03
   3.9900000e+01   5.2772632e-02   5.8552733e-03
   4.0000000e+01   4.1604293e-02   1.2106496e-02
   4.0100000e+01   3.0126155e-02   1.6525291e-02
   4.0200000e+01   1.0804359e-02   1.8647362e-02
   4.0300000e+01  -1.1900953e-02   1.9642545e-02
   4.0400000e+01  -2.2382496e-02   2.3470060e-02
   4.0500000e+01  -1.4713066e-02   3.0342183e-02
   4.0600000e+01  -4.8602495e-03   3.1460393e-02
   4.0700000e+01  -1.5633624e-02   1.5410875e-02
   4.0800000e+01  -5.0791267e-02  -1.7881437e-02
   4.0900000e+01  -8.8644101e-02  -5.1466315e-02
   4.1000000e+01  -1.0241438e-01  -6.2956596e-02
   4.1100000e+01  -8.5068322e-02  -4.4040939e-02
   4.1200000e+01  -5.3984843e-02  -9.0484824e-03
   4.1300000e+01  -3.3643719e-02   1.6704572e-02
   4.1400000e+01  -3.4856871e-02   1.8813667e-02
   4.1500000e+01  -4.8438543e-02   5.6623944e-03
   4.1600000e+01  -5.5524562e-02  -1.0675457e-03
   4.1700000e+01  -4.3299489e-02   1.1921580e-02
   4.1800000e+01  -1.3740935e-02   3.7064980e-02
   4.1900000e+01   1.8875531e-02   5.4586917e-02
   4.2000000e+01   3.7780531e-02   5.2050534e-02
   4.2100000e+01   3.4169410e-02   3.3928379e-02
   4.2200000e+01   1.2856101e-02   1.3207756e-02
   4.2300000e+01  -1.0321206e-02  -2.3145567e-03
   4.2400000e+01  -1.9092969e-02  -1.2839225e-02
   4.2500000e+01  -8.6718542e-03  -1.8442537e-02
   4.2600000e+01   1.1288622e-02  -1.3903470e-02
   4.2700000e+01   2.6305208e-02   5.1669631e-03
   4.2800000e+01   2.9953099e-02   3.2591351e-02
   4.2900000e+01   2.6806586e-02   5.1517637e-02
   4.3000000e+01   2.3943982e-02   4.6312457e-02
   4.3100000e+01   2.2858107e-02   1.5554064e-02
   4.3200000e+01   2.1003948e-02  -2.6021600e-02
   4.3300000e+01   1.7827442e-02  -5.8352824e-02
   4.3400000e+01   1.4846088e-02  -7.0364728e-02
   4.3500000e+01   1.0447455e-02  -6.6141829e-02
   4.3600000e+01  -8.4822041e-06  -5.8777368e-02
   4.3700000e+01  -1.5729501e-02  -5.8305661e-02
   4.3800000e+01  -2.5345543e-02  -6.4521840e-02
   4.3900000e+01  -1.5808970e-02  -6.9708395e-02
   4.4000000e+01   1.2131589e-02  -6.6616093e-02
   4.4100000e+01   4.0825615e-02  -5.3739047e-02
   4.4200000e+01   5.1530220e-02  -3.4979489e-02
   4.4300000e+01   4.3230537e-02  -1.6377114e-02
   4.4400000e+01   3.3597075e-02  -2.8131136e-03
   4.4500000e+01   4.0282121e-02   4.2340741e-03
   4.4600000e+01   6.2099525e-02   6.4868481e-03
   4.4700000e+01   7.9664181e-02   5.4356488e-03
   4.4800000e+01   7.4516057e-02  -5.0768137e-04
   4.4900000e+01   4.6858410e-02  -1.2483293e-02
   4.5000000e+01   1.4030102e-02  -2.3502070e-02
   4.5100000e+01  -8.0085640e-03  -1.8481085e-02
   4.5200000e+01  -2.0392711e-02   1.1819694e-02
   4.5300000e+01  -3.7540806e-02   5.6136791e-02
   4.5400000e+01  -6.7725652e-02   8.7833519e-02
   4.5500000e+01  -9.8932236e-02   8.9647176e-02
   4.5600000e+01  -1.0629459e-01   7.1288588e-02
   4.5700000e+01  -7.5492219e-02   5.7145867e-02
   4.5800000e+01  -1.9622766e-02   5.6381020e-02
   4.5900000e+01   2.7650931e-02   5.1379136e-02
   4.6000000e+01   3.7824811e-02   2.0398570e-02
   4.6100000e+01   9.8512090e-03  -3.1547976e-02
   4.6200000e+01  -3.0210886e-02  -7.1522264e-02
   4.6300000e+01  -5.1428345e-02  -7.0920794e-02
   4.6400000e+01  -4.2593688e-02  -3.4996073e-02
   4.6500000e+01  -1.8322594e-02   3.9236082e-03
   4.6600000e+01  -2.7027141e-03   2.0864548e-02
   4.6700000e+01  -6.7052728e-03   2.0177702e-02
   4.6800000e+01  -2.0480188e-02   2.1403821e-02
   4.6900000e+01  -2.6311497e-02   2.9365322e-02
   4.7000000e+01  -1.7307592e-02   2.6968573e-02
   4.7100000e+01  -2.2383540e-03  -3.4936101e-04
   4.7200000e+01   6.6850374e-03  -4.0244795e-02
   4.7300000e+01   7.4131875e-03  -6.1831224e-02
   4.7400000e+01   7.7021149e-03  -4.8832082e-02
   4.7500000e+01   1.3604714e-02  -1.7828659e-02
   4.7600000e+01   2.2404227e-02   9.1309506e-04
   4.7700000e+01   2.7647693e-02  -2.4917140e-03
   4.7800000e+01   2.7500724e-02  -8.4034618e-03
   4.7900000e+01   2.5063944e-02   7.3464916e-03
   4.8000000e+01   2.2208761e-02   4.4633359e-02
   4.8100000e+01   1.7109264e-02   7.8274534e-02
   4.8200000e+01   8.3947285e-03   8.3170266e-02
   4.8300000e+01  -1.6189641e-03   5.6664180e-02
   4.8400000e+01  -9.6510189e-03   1.7918613e-02
   4.8500000e+01  -1.4823237e-02  -9.3953051e-03
   4.8600000e+01  -1.6536109e-02  -1.2661074e-02
   4.8700000e+01  -1.0889848e-02   5.0615900e-03
   4.8800000e+01   6.0510733e-03   2.8725355e-02
   4.8900000e+01   2.9908932e-02   3.9595154e-02
   4.9000000e+01   4.6379737e-02   2.6837371e-02
   4.9100000e+01   4.2091368e-02  -3.1992812e-03
   4.9200000e+01   1.7909663e-02  -3.0126807e-02
   4.9300000e+01  -1.0063344e-02  -3.6811946e-02
   4.9400000e+01  -2.3647976e-02  -2.5530004e-02
   4.9500000e+01  -1.6776487e-02  -1.4182011e-02
   4.9600000e+01   2.4377613e-03  -1.4400587e-02
   4.9700000e+01   2.1412562e-02  -1.6835354e-02
   4.9800000e+01   3.3023390e-02  -3.8850623e-03
   4.9900000e+01   3.6553635e-02   2.2790965e-02
   5.0000000e+01   3.2233254e-02   3.4792768e-02
   5.0100000e+01   1.9032546e-02   4.4133176e-03
   5.0200000e+01  -5.4428018e-04  -6.0635951e-02
   5.0300000e+01  -1.6460355e-02  -1.1629377e-01
   5.0400000e+01  -1.7169515e-02  -1.2049981e-01
   5.0500000e+01  -2.1106665e-03  -7.1693797e-02
   5.0600000e+01   1.4168839e-02  -7.6424258e-03
   5.0700000e+01   1.4116832e-02   3.1414867e-02
   5.0800000e+01  -5.6595896e-03   3.4962417e-02
   5.0900000e+01  -3.0596967e-02   2.0415550e-02
   5.1000000e+01  -4.1651441e-02   8.0454165e-03
   5.1100000e+01  -3.1528916e-02   3.7706329e-03
   5.1200000e+01  -8.5947304e-03   3.5217974e-03
   5.1300000e+01   1.1742210e-02   5.5525522e-03
   5.1400000e+01   1.7874429e-02   1.2921326e-02
   5.1500000e+01   7.5591942e-03   2.6142646e-02
   5.1600000e+01  -1.2535541e-02   3.9063849e-02
   5.1700000e+01  -3.1878069e-02   4.4395239e-02
   5.1800000e+01  -4.3527587e-02   4.1190295e-02
   5.1900000e+01  -4.8877924e-02   3.4272368e-02
   5.2000000e+01  -5.4756981e-02   2.6796593e-02
   5.2100000e+01  -6.5048182e-02   1.6244394e-02
   5.2200000e+01  -7.5367134e-02  -5.5810554e-04
   5.2300000e+01  -7.6162904e-02  -1.9980658e-02
   5.2400000e+01  -6.0864077e-02  -3.2175495e-02
   5.2500000e+01  -3.1845346e-02  -3.0530243e-02
   5.2600000e+01   5.8619279e-05  -1.9418865e-02
   5.2700000e+01   2.2592253e-02  -1.0877449e-02
   5.2800000e+01   3.1819951e-02  -1.3350903e-02
   5.2900000e+01   3.6043647e-02  -2.4278502e-02
   5.3000000e+01   4.6577863e-02  -3.3227972e-02
   5.3100000e+01   6.1593295e-02  -3.0990194e-02
   5.3200000e+01   6.2810519e-02  -1.6098712e-02
   5.3300000e+01   3.5607862e-02   4.4274709e-03
   5.3400000e+01  -6.5747385e-03   1.8316763e-02
   5.3500000e+01  -2.6185130e-02   1.4100991e-02
   5.3600000e+01   1.8140193e-03  -1.0598914e-02
   5.3700000e+01   5.8371519e-02  -4.3542173e-02
   5.3800000e+01   9.3144746e-02  -6.2849742e-02
   5.3900000e+01   7.3145102e-02  -5.2695328e-02
   5.4000000e+01   1.6073367e-02  -1.7240040e-02
   5.4100000e+01  -2.7867532e-02   2.1417613e-02
   5.4200000e+01  -2.5628934e-02   4.0924315e-02
   5.4300000e+01   1.0065131e-02   3.5774544e-02
   5.4400000e+01   3.9505592e-02   1.8601948e-02
   5.4500000e+01   3.7389454e-02   6.7923565e-03
   5.4600000e+01   1.2910501e-02   8.5737486e-03
   5.4700000e+01  -7.1780469e-03   1.9820886e-02
   5.4800000e+01  -8.9405343e-03   3.0671230e-02
   5.4900000e+01  -2.2097598e-03   3.3912571e-02
   5.5000000e+01  -4.1924392e-03   2.9172891e-02
   5.5100000e+01  -1.7105915e-02   2.1834392e-02
   5.5200000e+01  -2.5212907e-02   1.8254720e-02
   5.5300000e+01  -1.3716552e-02   2.0341243e-02
   5.5400000e+01   1.2496341e-02   2.3679729e-02
   5.5500000e+01   3.2076776e-02   2.1626943e-02
   5.5600000e+01   2.9387467e-02   1.2399797e-02
   5.5700000e+01   1.0806977e-02   2.3618007e-03
   5.5800000e+01  -3.0007611e-03   1.4518841e-03
   5.5900000e+01   8.5839544e-04   1.3919574e-02
   5.6000000e+01   1.6653124e-02   3.2306637e-02
   5.6100000e+01   3.0591652e-02   4.0828960e-02
   5.6200000e+01   3.6534393e-02   2.7291858e-02
   5.6300000e+01   3.6849621e-02  -5.1191870e-03
   5.6400000e+01   3.0974444e-02  -3.7330619e-02
   5.6500000e+01   1.1505200e-02  -4.8625361e-02
   5.6600000e+01  -2.4222611e-02  -3.4749516e-02
   5.6700000e+01  -6.3246793e-02  -1.2124473e-02
   5.6800000e+01  -8.4838174e-02  -2.1357640e-03
   5.6900000e+01  -8.0646889e-02  -1.0507765e-02
   5.7000000e+01  -6.2762171e-02  -2.3265442e-02
   5.7100000e+01  -4.9199566e-02  -2.3097153e-02
   5.7200000e+01  -4.4451381e-02  -7.7187268e-03
   5.7300000e+01  -3.8153368e-02   8.8438663e-03
   5.7400000e+01  -2.1136912e-02   1.0829308e-02
   5.7500000e+01   2.7785571e-03  -5.7822624e-03
   5.7600000e+01   2.2313524e-02  -3.2288498e-02
   5.7700000e+01   3.0653232e-02  -5.4796817e-02
   5.7800000e+01   2.7076851e-02  -6.1215066e-02
   5.7900000e+01   1.0028123e-02  -4.5407261e-02
   5.8000000e+01  -2.2809821e-02  -1.0682705e-02
   5.8100000e+01  -6.3890035e-02   2.9019995e-02
   5.8200000e+01  -9.1220358e-02   5.4644931e-02
   5.8300000e+01  -8.3072805e-02   5.2995773e-02
   5.8400000e+01  -3.9584199e-02   2.4924142e-02
   5.8500000e+01   1.4205937e-02  -1.5708488e-02
   5.8600000e+01   4.9544105e-02  -5.0162150e-02
   5.8700000e+01   5.6679634e-02  -6.3380743e-02
   5.8800000e+01   4.6116874e-02  -4.9551495e-02
   5.8900000e+01   3.2294375e-02  -1.4984919e-02
   5.9000000e+01   2.1607467e-02   2.2855609e-02
   5.9100000e+01   1.4925034e-02   4.3433882e-02
   5.9200000e+01   1.3779195e-02   3.6848268e-02
   5.9300000e+01   1.8688986e-02   1.2877344e-02
   5.9400000e+01   2.4337114e-02  -5.6623522e-03
   5.9500000e+01   2.2468840e-02  -2.9621881e-03
   5.9600000e+01   1.0763885e-02   1.4497551e-02
   5.9700000e+01  -4.4785079e-03   2.4664670e-02
   5.9800000e+01  -1.5583946e-02   1.4152872e-02
   5.9900000e+01  -2.0262947e-02  -5.5033605e-03
   6.0000000e+01  -1.9287702e-02  -9.4109622e-03
   6.0100000e+01  -1.1052352e-02   1.1895672e-02
   6.0200000e+01   6.4499984e-03   3.8862254e-02
   6.0300000e+01   2.8310251e-02   4.2258264e-02
   6.0400000e+01   4.2521068e-02   1.5730233e-02
   6.0500000e+01   4.0891182e-02  -1.5269508e-02
   6.0600000e+01   2.8784293e-02  -1.9877897e-02
   6.0700000e+01   2.0638291e-02   4.6141268e-03
   6.0800000e+01   2.5052086e-02   2.8997007e-02
   6.0900000e+01   3.5954665e-02   2.2731900e-02
   6.1000000e+01   3.9167409e-02  -1.3548057e-02
   6.1100000e+01   2.6476684e-02  -4.7394478e-02
   6.1200000e+01   2.8296453e-03  -4.5784511e-02
   6.1300000e+01  -1.8395194e-02  -6.5840407e-03
   6.1400000e+01  -2.5309822e-02   3.9743205e-02
   6.1500000e+01  -1.4187331e-02   5.8005515e-02
   6.1600000e+01   9.3378888e-03   3.8297873e-02
   6.1700000e+01   3.2564321e-02   1.2517394e-03
   6.1800000e+01   4.0858243e-02  -2.3380976e-02
   6.1900000e+01   2.6000885e-02  -2.2472172e-02
   6.2000000e+01  -5.9806068e-03  -6.1868424e-03
   6.2100000e+01  -3.5605712e-02   6.7870134e-03
   6.2200000e+01  -4.3007549e-02   7.2919510e-03
   6.2300000e+01  -2.4306874e-02  -4.6181966e-04
   6.2400000e+01   4.4618587e-03  -8.2863516e-03
   6.2500000e+01   2.1279185e-02  -1.2187956e-02
   6.2600000e+01   1.6695556e-02  -1.1165415e-02
   6.2700000e+01  -1.3041612e-03  -3.3804006e-03
   6.2800000e+01  -1.8713565e-02   1.1269883e-02
   6.2900000e+01  -2.8235846e-02   2.5589893e-02
   6.3000000e+01  -3.0527073e-02   2.7510371e-02
   6.3100000e+01  -2.8025377e-02   1.1516008e-02
   6.3200000e+01  -2.2880598e-02  -1.3841229e-02
   6.3300000e+01  -1.9808451e-02  -3.2472418e-02
   6.3400000e+01  -2.4476444e-02  -3.4584997e-02
   6.3500000e+01  -3.5300735e-02  -2.2932408e-02
   6.3600000e+01  -4.0216600e-02  -7.3770362e-03
   6.3700000e+01  -2.7261001e-02   2.9929495e-03
   6.3800000e+01   5.7526442e-04   2.7448265e-03
   6.3900000e+01   2.4473847e-02  -9.1004907e-03
   6.4000000e+01   2.6190131e-02  -2.6573897e-02
   6.4100000e+01   4.5679155e-03  -3.7346518e-02
   6.4200000e+01  -2.4938834e-02  -3.1739069e-02
   6.4300000e+01  -4.5040959e-02  -1.3199346e-02
   6.4400000e+01  -4.8627262e-02   3.4726112e-03
   6.4500000e+01  -3.8001140e-02   7.1094520e-03
   6.4600000e+01  -1.7897419e-02   1.6326997e-03
   6.4700000e+01   6.6107190e-03  -3.4484493e-04
   6.4800000e+01   2.7081234e-02   5.7294542e-03
   6.4900000e+01   3.2848673e-02   1.0188534e-02
   6.5000000e+01   2.0150855e-02   1.6169875e-03
   6.5100000e+01  -2.7991859e-04  -1.7235095e-02
   6.5200000e+01  -9.1130343e-03  -2.9777483e-02
   6.5300000e+01   4.4591655e-03  -2.2422995e-02
   6.5400000e+01   3.1337638e-02   1.1563941e-03
   6.5500000e+01   4.9969017e-02   2.4118471e-02
   6.5600000e+01   4.5950126e-02   3.3469398e-02
   6.5700000e+01   2.4077706e-02   3.0610399e-02
   6.5800000e+01   1.9384782e-03   2.4788569e-02
   6.5900000e+01  -6.3595591e-03   1.9388096e-02
   6.6000000e+01   2.5545191e-06   8.9915375e-03
   6.6100000e+01   1.1549178e-02  -9.0078893e-03
   6.6200000e+01   1.7788635e-02  -2.3903217e-02
   6.6300000e+01   1.4035551e-02  -1.8434204e-02
   6.6400000e+01   2.6973579e-03   1.1798010e-02
   6.6500000e+01  -9.8784979e-03   4.8512231e-02
   6.6600000e+01  -1.8739186e-02   6.4476375e-02
   6.6700000e+01  -2.3994407e-02   4.8246975e-02
   6.6800000e+01  -2.8821342e-02   1.3818801e-02
   6.6900000e+01  -3.3236990e-02  -1.4517940e-02
   6.7000000e+01  -3.1488006e-02  -2.4464413e-02
   6.7100000e+01  -1.8222189e-02  -2.1582972e-02
   6.7200000e+01   2.6621595e-03  -1.6427187e-02
   6.7300000e+01   1.8209275e-02  -1.1608406e-02
   6.7400000e+01   1.7971167e-02  -3.3495745e-03
   6.7500000e+01   5.0771781e-03   8.6054235e-03
   6.7600000e+01  -6.0789250e-03   1.7933009e-02
   6.7700000e+01  -3.9653130e-03   1.8649910e-02
   6.7800000e+01   8.8042710e-03   1.1231855e-02
   6.7900000e+01   1.8393870e-02   2.5706271e-04
   6.8000000e+01   1.3117950e-02  -1.1095776e-02
   6.8100000e+01  -6.2304267e-03  -2.1286023e-02
   6.8200000e+01  -2.7688704e-02  -2.6763398e-02
   6.8300000e+01  -3.7668106e-02  -2.2345823e-02
   6.8400000e+01  -2.9526439e-02  -7.1953252e-03
   6.8500000e+01  -6.1010644e-03   1.1049388e-02
   6.8600000e+01   2.2405897e-02   2.0035379e-02
   6.8700000e+01   4.2592237e-02   1.1507719e-02
   6.8800000e+01   4.3923810e-02  -1.2072604e-02
   6.8900000e+01   2.5969543e-02  -3.7300661e-02
   6.9000000e+01   1.5793217e-03  -4.6303069e-02
   6.9100000e+01  -1.0114621e-02  -2.8052773e-02
   6.9200000e+01   1.1608346e-03   1.1367108e-02
   6.9300000e+01   2.6191455e-02   4.9203587e-02
   6.9400000e+01   4.2451943e-02   6.1302444e-02
   6.9500000e+01   3.4306492e-02   4.1524548e-02
   6.9600000e+01   8.6694616e-03   6.7121441e-03
   6.9700000e+01  -1.0490503e-02  -1.9090204e-02
   6.9800000e+01  -4.7770671e-03  -2.5661655e-02
   6.9900000e+01   2.1275218e-02  -2.1449806e-02
   7.0000000e+01   4.5585844e-02  -1.9050900e-02
   7.0100000e+01   5.0060201e-02  -1.9605570e-02
   7.0200000e+01   3.5225150e-02  -1.3898259e-02
   7.0300000e+01   1.4697824e-02   2.9450273e-03
   7.0400000e+01  -3.1961925e-04   2.1859408e-02
   7.0500000e+01  -7.7238970e-03   2.6677595e-02
   7.0600000e+01  -8.5510118e-03   9.3164365e-03
   7.0700000e+01  -1.5324055e-03  -2.2630036e-02
   7.0800000e+01   1.2266528e-02  -5.1490636e-02
   7.0900000e+01   2.2796845e-02  -6.0835712e-02
   7.1000000e+01   1.6142657e-02  -4.3875320e-02
   7.1100000e+01  -1.0336299e-02  -7.0216032e-03
   7.1200000e+01  -4.0706093e-02   3.1098999e-02
   7.1300000e+01  -5.2697093e-02   4.7748594e-02
   7.1400000e+01  -3.8520970e-02   3.1198993e-02
   7.1500000e+01  -1.2018198e-02  -7.2696572e-03
   7.1600000e+01   5.4982869e-03  -3.8257063e-02
   7.1700000e+01   4.8753729e-03  -3.6520174e-02
   7.1800000e+01  -6.3601860e-03  -2.2564998e-03
   7.1900000e+01  -1.6574235e-02   3.9126854e-02
   7.2000000e+01  -2.2738173e-02   5.9260248e-02
   7.2100000e+01  -2.9180681e-02   4.9821279e-02
   7.2200000e+01  -3.7413698e-02   2.5100824e-02
   7.2300000e+01  -4.2346826e-02   4.5623372e-03
   7.2400000e+01  -3.9364341e-02  -4.5046583e-03
   7.2500000e+01  -3.0910824e-02  -7.1471941e-03
   7.2600000e+01  -2.2607417e-02  -7.6908243e-03
   7.2700000e+01  -1.4999327e-02  -2.0809671e-03
   7.2800000e+01  -4.0366998e-03   1.4272449e-02
   7.2900000e+01   9.6562579e-03   3.4233965e-02
   7.3000000e+01   1.7114919e-02   4.0773688e-02
   7.3100000e+01   1.1021801e-02   2.4373326e-02
   7.3200000e+01  -2.5170975e-03  -3.8707885e-03
   7.3300000e+01  -7.6492471e-03  -2.1164184e-02
   7.3400000e+01   3.5068572e-03  -1.6136686e-02
   7.3500000e+01   1.9550308e-02  -1.8553012e-04
   7.3600000e+01   1.9516261e-02   6.0962983e-03
   7.3700000e+01  -5.6856302e-03  -4.6454727e-03
   7.3800000e+01  -4.2528690e-02  -2.0974468e-02
   7.3900000e+01  -6.5496232e-02  -2.8355165e-02
   7.4000000e+01  -5.8387269e-02  -2.5334935e-02
   7.4100000e+01  -2.7099167e-02  -2.1451217e-02
   7.4200000e+01   5.8771651e-03  -2.2523630e-02
   7.4300000e+01   1.9430744e-02  -2.3642019e-02
   7.4400000e+01   9.6394514e-03  -1.7804206e-02
   7.4500000e+01  -8.5756689e-03  -7.0550199e-03
   7.4600000e+01  -1.4811624e-02  -7.6048658e-04
   7.4700000e+01  -6.9375482e-04  -3.5392951e-03
   7.4800000e+01   2.2767006e-02  -8.9506565e-03
   7.4900000e+01   3.4226966e-02  -7.2766834e-03
   7.5000000e+01   2.0400183e-02   2.2565819e-03
   7.5100000e+01  -1.1262807e-02   9.7175584e-03
   7.5200000e+01  -3.6876403e-02   5.0432797e-03
   7.5300000e+01  -3.5262691e-02  -1.1417032e-02
   7.5400000e+01  -6.3807991e-03  -2.9403978e-02
   7.5500000e+01   2.7966059e-02  -3.7899098e-02
   7.5600000e+01   4.3330046e-02  -3.2287772e-02
   7.5700000e+01   3.4451541e-02  -1.4225428e-02
   7.5800000e+01   1.8521842e-02   1.1597268e-02
   7.5900000e+01   1.6798418e-02   3.8612424e-02
   7.6000000e+01   3.3528997e-02   5.8729604e-02
   7.6100000e+01   5.3067323e-02   6.5513335e-02
   7.6200000e+01   5.6384144e-02   5.8176422e-02
   7.6300000e+01   3.9259504e-02   4.0680376e-02
   7.6400000e+01   1.5222400e-02   1.6505384e-02
   7.6500000e+01   2.4431149e-03  -1.2501063e-02
   7.6600000e+01   7.5520077e-03  -3.9529561e-02
   7.6700000e+01   2.0293269e-02  -4.8738268e-02
   7.6800000e+01   2.3262075e-02  -2.6104422e-02
   7.6900000e+01   8.4432069e-03   2.1166957e-02
   7.7000000e+01  -1.4379594e-02   6.0828778e-02
   7.7100000e+01  -2.6052719e-02   6.0243075e-02
   7.7200000e+01  -1.5917725e-02   1.8777490e-02
   7.7300000e+01   8.5393905e-03  -2.8073887e-02
   7.7400000e+01   2.9484954e-02  -4.1619952e-02
   7.7500000e+01   3.4601731e-02  -1.7015396e-02
   7.7600000e+01   2.4743292e-02   1.4757703e-02
   7.7700000e+01   8.9695833e-03   2.0610622e-02
   7.7800000e+01  -3.8153665e-03  -3.0126681e-03
   7.7900000e+01  -8.6129951e-03  -3.2508746e-02
   7.8000000e+01  -5.1943427e-03  -4.5220788e-02
   7.8100000e+01   6.4621189e-04  -3.9308600e-02
   7.8200000e+01  -9.6578804e-04  -2.7034560e-02
   7.8300000e+01  -1.5238713e-02  -1.6007520e-02
   7.8400000e+01  -3.4326578e-02  -2.9856604e-03
   7.8500000e+01  -4.1503666e-02   1.5329819e-02
   7.8600000e+01  -2.7390545e-02   3.1883684e-02
   7.8700000e+01  -1.1930461e-03   3.4201733e-02
   7.8800000e+01   1.7155862e-02   1.9024001e-02
   7.8900000e+01   1.6332169e-02  -1.5714039e-03
   7.9000000e+01   2.8690438e-03  -1.1038740e-02
   7.9100000e+01  -9.1372227e-03  -4.9398054e-03
   7.9200000e+01  -1.3927271e-02   5.0819701e-03
   7.9300000e+01  -1.6320192e-02   4.6782028e-03
   7.9400000e+01  -1.9870132e-02  -6.8430034e-03
   7.9500000e+01  -1.8731596e-02  -1.5160125e-02
   7.9600000e+01  -5.2233634e-03  -6.5482770e-03
   7.9700000e+01   1.6644418e-02   1.5990666e-02
   7.9800000e+01   3.0350395e-02   3.3500102e-02
   7.9900000e+01   2.1885564e-02   2.8802479e-02
   8.0000000e+01  -5.6573953e-03   3.7603641e-03
