   1.0221618e+02   2.8602761e+01   2.5212700e+03
   1.0221345e+02   2.8176768e+01   1.9183100e+03
   0.0000000e+00  -7.8323822e-01  -7.8323822e-01
   1.0000000e-01  -8.9780394e-01  -6.4340525e-01
   2.0000000e-01  -9.6536115e-01  -5.0643089e-01
   3.0000000e-01  -9.8960411e-01  -3.8746767e-01
   4.0000000e-01  -9.9647157e-01  -2.8670065e-01
   5.0000000e-01  -1.0094636e+00  -1.9918514e-01
   6.0000000e-01  -1.0267091e+00  -1.2060862e-01
   7.0000000e-01  -1.0205530e+00  -4.5413186e-02
   8.0000000e-01  -9.5934488e-01   3.4003437e-02
   9.0000000e-01  -8.3355989e-01   1.2323994e-01
   1.0000000e+00  -6.6590881e-01   2.2249564e-01
   1.1000000e+00  -4.9647448e-01   3.2621827e-01
   1.2000000e+00  -3.5326308e-01   4.2139142e-01
   1.3000000e+00  -2.3305889e-01   4.8564390e-01
   1.4000000e+00  -1.1061061e-01   4.9550280e-01
   1.5000000e+00   3.2972921e-02   4.4658947e-01
   1.6000000e+00   1.9172318e-01   3.6715399e-01
   1.7000000e+00   3.4388734e-01   3.0474641e-01
   1.8000000e+00   4.7570262e-01   2.9214852e-01
   1.9000000e+00   5.9286553e-01   3.2223336e-01
   2.0000000e+00   7.0912383e-01   3.5326056e-01
   2.1000000e+00   8.2641722e-01   3.3830391e-01
   2.2000000e+00   9.2761230e-01   2.5699512e-01
   2.3000000e+00   9.8881903e-01   1.3206926e-01
   2.4000000e+00   1.0000000e+00   2.1360284e-02
   2.5000000e+00   9.7488855e-01  -1.6261349e-02
   2.6000000e+00   9.3956063e-01   3.5518112e-02
   2.7000000e+00   9.0861964e-01   1.3307978e-01
   2.8000000e+00   8.7208558e-01   2.0595137e-01
   2.9000000e+00   8.0737225e-01   2.1700172e-01
   3.0000000e+00   7.0478418e-01   1.9147309e-01
   3.1000000e+00   5.8059000e-01   1.8355265e-01
   3.2000000e+00   4.6579632e-01   2.1618073e-01
   3.3000000e+00   3.8278741e-01   2.5968648e-01
   3.4000000e+00   3.2872504e-01   2.7005824e-01
   3.5000000e+00   2.7481327e-01   2.4035280e-01
   3.6000000e+00   1.8270032e-01   2.0733824e-01
   3.7000000e+00   3.4133189e-02   2.0947626e-01
   3.8000000e+00  -1.4421546e-01   2.4586014e-01
   3.9000000e+00  -2.8939344e-01   2.8005799e-01
   4.0000000e+00  -3.5021501e-01   2.8082152e-01
   4.1000000e+00  -3.3422995e-01   2.5355513e-01
   4.2000000e+00  -3.0153382e-01   2.2982586e-01
   4.3000000e+00  -3.0653547e-01   2.2804174e-01
   4.4000000e+00  -3.4992221e-01   2.2832527e-01
   4.5000000e+00  -3.9229542e-01   1.8974529e-01
   4.6000000e+00  -4.0692916e-01   9.3987689e-02
   4.7000000e+00  -4.0534766e-01  -2.9660575e-02
   4.8000000e+00  -4.1010146e-01  -1.2659851e-01
   4.9000000e+00  -4.1695562e-01  -1.6721691e-01
   5.0000000e+00  -3.9614397e-01  -1.7533034e-01
   5.1000000e+00  -3.2804859e-01  -2.0472082e-01
   5.2000000e+00  -2.2841402e-01  -2.8544266e-01
   5.3000000e+00  -1.3693180e-01  -3.9224786e-01
   5.4000000e+00  -8.5751711e-02  -4.6584457e-01
   5.5000000e+00  -7.8730836e-02  -4.6615703e-01
   5.6000000e+00  -9.4562303e-02  -4.0722769e-01
   5.7000000e+00  -1.0687746e-01  -3.4365223e-01
   5.8000000e+00  -1.0598401e-01  -3.2530759e-01
   5.9000000e+00  -1.0579893e-01  -3.6272262e-01
   6.0000000e+00  -1.2801184e-01  -4.2787200e-01
   6.1000000e+00  -1.7626425e-01  -4.7936272e-01
   6.2000000e+00  -2.2733092e-01  -4.8643471e-01
   6.3000000e+00  -2.5096968e-01  -4.4044388e-01
   6.4000000e+00  -2.3798071e-01  -3.5789076e-01
   6.5000000e+00  -2.0709135e-01  -2.7543480e-01
   6.6000000e+00  -1.8717411e-01  -2.3002397e-01
   6.7000000e+00  -1.9670375e-01  -2.2950419e-01
   6.8000000e+00  -2.3651688e-01  -2.3991745e-01
   6.9000000e+00  -2.9160367e-01  -2.1031979e-01
   7.0000000e+00  -3.3522927e-01  -1.1880792e-01
   7.1000000e+00  -3.3971734e-01   4.2149712e-03
   7.2000000e+00  -2.9438569e-01   1.0034082e-01
   7.3000000e+00  -2.1414458e-01   1.3219090e-01
   7.4000000e+00  -1.2490110e-01   1.1166444e-01
   7.5000000e+00  -4.0205014e-02   8.6242915e-02
   7.6000000e+00   4.2294996e-02   1.0125632e-01
   7.7000000e+00   1.2223134e-01   1.6934329e-01
   7.8000000e+00   1.8544226e-01   2.6425326e-01
   7.9000000e+00   2.1937596e-01   3.3934215e-01
   8.0000000e+00   2.3298001e-01   3.6168732e-01
   8.1000000e+00   2.4864225e-01   3.4208148e-01
   8.2000000e+00   2.7304390e-01   3.3331965e-01
   8.3000000e+00   2.8771280e-01   3.8624861e-01
   8.4000000e+00   2.7656100e-01   4.9546130e-01
   8.5000000e+00   2.5554045e-01   5.9068729e-01
   8.6000000e+00   2.6165125e-01   5.9431360e-01
   8.7000000e+00   3.0971519e-01   4.9527694e-01
   8.8000000e+00   3.6906590e-01   3.6365408e-01
   8.9000000e+00   3.9019520e-01   2.8759575e-01
   9.0000000e+00   3.5171177e-01   2.9590935e-01
   9.1000000e+00   2.7665917e-01   3.4253117e-01
   9.2000000e+00   2.0723780e-01   3.5957076e-01
   9.3000000e+00   1.7258483e-01   3.1635041e-01
   9.4000000e+00   1.8003770e-01   2.2895458e-01
   9.5000000e+00   2.2246461e-01   1.2778077e-01
   9.6000000e+00   2.7992183e-01   2.8942450e-02
   9.7000000e+00   3.1795160e-01  -6.6285826e-02
   9.8000000e+00   3.0283616e-01  -1.5890066e-01
   9.9000000e+00   2.3205240e-01  -2.4722708e-01
   1.0000000e+01   1.4598483e-01  -3.2891648e-01
   1.0100000e+01   9.7355452e-02  -3.9968931e-01
   1.0200000e+01   1.0424273e-01  -4.5086699e-01
   1.0300000e+01   1.3800899e-01  -4.7502852e-01
   1.0400000e+01   1.5986878e-01  -4.7656025e-01
   1.0500000e+01   1.6196525e-01  -4.7194747e-01
   1.0600000e+01   1.6440054e-01  -4.7509127e-01
   1.0700000e+01   1.7635586e-01  -4.8345464e-01
   1.0800000e+01   1.7519927e-01  -4.8240732e-01
   1.0900000e+01   1.3277853e-01  -4.6383609e-01
   1.1000000e+01   5.4736932e-02  -4.3763653e-01
   1.1100000e+01  -2.0193915e-02  -4.2248552e-01
   1.1200000e+01  -6.2781210e-02  -4.2524745e-01
   1.1300000e+01  -8.4941336e-02  -4.3027473e-01
   1.1400000e+01  -1.2129401e-01  -4.0962925e-01
   1.1500000e+01  -1.8571875e-01  -3.4539606e-01
   1.1600000e+01  -2.5880528e-01  -2.4480087e-01
   1.1700000e+01  -3.1982649e-01  -1.3535518e-01
   1.1800000e+01  -3.7791368e-01  -4.3848061e-02
   1.1900000e+01  -4.5863424e-01   2.3753547e-02
   1.2000000e+01  -5.6131344e-01   8.4736238e-02
   1.2100000e+01  -6.4231253e-01   1.6160740e-01
   1.2200000e+01  -6.4995694e-01   2.5785405e-01
   1.2300000e+01  -5.7590593e-01   3.4818208e-01
   1.2400000e+01  -4.6877197e-01   3.9389596e-01
   1.2500000e+01  -3.9665022e-01   3.7434526e-01
   1.2600000e+01  -3.9502945e-01   3.1021274e-01
   1.2700000e+01  -4.4404577e-01   2.5644474e-01
   1.2800000e+01  -4.8732454e-01   2.6433284e-01
   1.2900000e+01  -4.7249609e-01   3.4021621e-01
   1.3000000e+01  -3.8467638e-01   4.3734407e-01
   1.3100000e+01  -2.5320758e-01   4.9219452e-01
   1.3200000e+01  -1.2771865e-01   4.7477175e-01
   1.3300000e+01  -3.9355155e-02   4.0674454e-01
   1.3400000e+01   2.1436860e-02   3.3336987e-01
   1.3500000e+01   8.7546664e-02   2.8268177e-01
   1.3600000e+01   1.7212342e-01   2.5378124e-01
   1.3700000e+01   2.4583090e-01   2.3605409e-01
   1.3800000e+01   2.6510530e-01   2.2482437e-01
   1.3900000e+01   2.2512311e-01   2.1309022e-01
   1.4000000e+01   1.7602434e-01   1.8080547e-01
   1.4100000e+01   1.7717685e-01   1.1045074e-01
   1.4200000e+01   2.3708708e-01   1.7021340e-02
   1.4300000e+01   3.0770229e-01  -5.0179103e-02
   1.4400000e+01   3.3939330e-01  -4.8579945e-02
   1.4500000e+01   3.3046491e-01   1.4034241e-02
   1.4600000e+01   3.1403735e-01   8.3070351e-02
   1.4700000e+01   3.0528517e-01   1.0649046e-01
   1.4800000e+01   2.8046755e-01   7.8899931e-02
   1.4900000e+01   2.1410419e-01   3.8204220e-02
   1.5000000e+01   1.2304680e-01   2.3976216e-02
   1.5100000e+01   5.8064412e-02   4.0473699e-02
   1.5200000e+01   5.2426329e-02   5.5283872e-02
   1.5300000e+01   9.0055042e-02   3.0031319e-02
   1.5400000e+01   1.2727560e-01  -4.4298420e-02
   1.5500000e+01   1.3624690e-01  -1.3641080e-01
   1.5600000e+01   1.2084405e-01  -1.9906737e-01
   1.5700000e+01   9.9261461e-02  -2.1040057e-01
   1.5800000e+01   8.5601791e-02  -1.9432461e-01
   1.5900000e+01   8.9450092e-02  -1.9713045e-01
   1.6000000e+01   1.1920997e-01  -2.4080574e-01
   1.6100000e+01   1.7362161e-01  -3.0089721e-01
   1.6200000e+01   2.3268126e-01  -3.3279750e-01
   1.6300000e+01   2.6788706e-01  -3.1857093e-01
   1.6400000e+01   2.6640908e-01  -2.8547217e-01
   1.6500000e+01   2.4139974e-01  -2.7953086e-01
   1.6600000e+01   2.1524538e-01  -3.2340297e-01
   1.6700000e+01   1.9583567e-01  -3.9780472e-01
   1.6800000e+01   1.7363657e-01  -4.5792827e-01
   1.6900000e+01   1.4017211e-01  -4.6610752e-01
   1.7000000e+01   1.0263601e-01  -4.1520092e-01
   1.7100000e+01   7.6581085e-02  -3.2931406e-01
   1.7200000e+01   6.6634613e-02  -2.4483950e-01
   1.7300000e+01   5.7984894e-02  -1.8672684e-01
   1.7400000e+01   2.6744770e-02  -1.5669285e-01
   1.7500000e+01  -4.2740271e-02  -1.3888193e-01
   1.7600000e+01  -1.4820253e-01  -1.1358858e-01
   1.7700000e+01  -2.7061491e-01  -6.6986381e-02
   1.7800000e+01  -3.8167703e-01   4.9615548e-03
   1.7900000e+01  -4.5430007e-01   9.4370790e-02
   1.8000000e+01  -4.7423911e-01   1.8333689e-01
   1.8100000e+01  -4.4820613e-01   2.5482846e-01
   1.8200000e+01  -4.0261049e-01   3.0516043e-01
   1.8300000e+01  -3.7153464e-01   3.4173436e-01
   1.8400000e+01  -3.7825337e-01   3.6617995e-01
   1.8500000e+01  -4.1818801e-01   3.6705295e-01
   1.8600000e+01  -4.5471845e-01   3.3791346e-01
   1.8700000e+01  -4.3906316e-01   2.9851135e-01
   1.8800000e+01  -3.5014669e-01   2.8348078e-01
   1.8900000e+01  -2.2385257e-01   3.0338027e-01
   1.9000000e+01  -1.3492971e-01   3.2648312e-01
   1.9100000e+01  -1.3357013e-01   3.1020721e-01
   1.9200000e+01  -1.9264213e-01   2.4712633e-01
   1.9300000e+01  -2.2482172e-01   1.6921536e-01
   1.9400000e+01  -1.6167299e-01   1.0809540e-01
   1.9500000e+01  -1.7239093e-02   6.4999039e-02
   1.9600000e+01   1.2921350e-01   2.4795302e-02
   1.9700000e+01   2.1048333e-01  -1.5490816e-02
   1.9800000e+01   2.2589781e-01  -4.8307130e-02
   1.9900000e+01   2.2282352e-01  -7.9706086e-02
   2.0000000e+01   2.3884423e-01  -1.3047393e-01
   2.0100000e+01   2.7249632e-01  -2.0379332e-01
   2.0200000e+01   3.0356976e-01  -2.6466547e-01
   2.0300000e+01   3.2396248e-01  -2.6787432e-01
   2.0400000e+01   3.3943864e-01  -2.0693022e-01
   2.0500000e+01   3.4975434e-01  -1.2529402e-01
   2.0600000e+01   3.4170271e-01  -7.5647480e-02
   2.0700000e+01   3.0616195e-01  -7.2921048e-02
   2.0800000e+01   2.5485633e-01  -8.7969024e-02
   2.0900000e+01   2.1308961e-01  -7.9686578e-02
   2.1000000e+01   1.9625293e-01  -2.9417750e-02
   2.1100000e+01   1.9694867e-01   4.7813325e-02
   2.1200000e+01   1.9441611e-01   1.1521791e-01
   2.1300000e+01   1.7232135e-01   1.3890237e-01
   2.1400000e+01   1.2710395e-01   1.1285949e-01
   2.1500000e+01   6.5920754e-02   6.6625558e-02
   2.1600000e+01   3.8075935e-03   4.3134561e-02
   2.1700000e+01  -3.8516110e-02   6.1150039e-02
   2.1800000e+01  -4.3958152e-02   9.9190550e-02
   2.1900000e+01  -1.4464568e-02   1.2041405e-01
   2.2000000e+01   2.4302524e-02   1.1216617e-01
   2.2100000e+01   4.1437334e-02   9.5175026e-02
   2.2200000e+01   2.8121793e-02   9.3228920e-02
   2.2300000e+01   3.5401043e-03   1.0212208e-01
   2.2400000e+01  -9.9788789e-03   9.5869183e-02
   2.2500000e+01  -1.4754806e-02   5.9895298e-02
   2.2600000e+01  -3.4195290e-02   8.0307662e-03
   2.2700000e+01  -8.0573625e-02  -3.5810325e-02
   2.2800000e+01  -1.3398325e-01  -6.3749301e-02
   2.2900000e+01  -1.6162088e-01  -8.3549156e-02
   2.3000000e+01  -1.5740497e-01  -9.6765995e-02
   2.3100000e+01  -1.5345553e-01  -9.0101966e-02
   2.3200000e+01  -1.8472440e-01  -5.4390495e-02
   2.3300000e+01  -2.4410828e-01  -5.1011765e-03
   2.3400000e+01  -2.8148079e-01   2.6261332e-02
   2.3500000e+01  -2.5390775e-01   2.2970875e-02
   2.3600000e+01  -1.7586374e-01  -1.2398389e-04
   2.3700000e+01  -1.1404380e-01  -1.3645325e-02
   2.3800000e+01  -1.2824455e-01  -4.6173455e-03
   2.3900000e+01  -2.1640496e-01   1.2756034e-02
   2.4000000e+01  -3.1727330e-01   1.5445803e-02
   2.4100000e+01  -3.6496309e-01  -3.3498475e-03
   2.4200000e+01  -3.4021387e-01  -2.8452978e-02
   2.4300000e+01  -2.7276173e-01  -3.9397503e-02
   2.4400000e+01  -2.0146300e-01  -3.0655946e-02
   2.4500000e+01  -1.3671104e-01  -1.5516083e-02
   2.4600000e+01  -5.9622490e-02  -1.1200543e-02
   2.4700000e+01   4.7307178e-02  -2.1153977e-02
   2.4800000e+01   1.7158223e-01  -3.2950587e-02
   2.4900000e+01   2.7230739e-01  -3.4105699e-02
   2.5000000e+01   3.1122265e-01  -2.8219818e-02
   2.5100000e+01   2.8571672e-01  -3.1831372e-02
   2.5200000e+01   2.3363833e-01  -5.3331582e-02
   2.5300000e+01   2.0395045e-01  -7.7968618e-02
   2.5400000e+01   2.1838855e-01  -7.9750666e-02
   2.5500000e+01   2.5802501e-01  -5.1153452e-02
   2.5600000e+01   2.8493499e-01  -1.7134330e-02
   2.5700000e+01   2.7614456e-01  -1.2488049e-02
   2.5800000e+01   2.3831545e-01  -4.2739138e-02
   2.5900000e+01   1.9407507e-01  -7.3172132e-02
   2.6000000e+01   1.5832150e-01  -6.4595084e-02
   2.6100000e+01   1.2776204e-01  -2.0332155e-02
   2.6200000e+01   8.9721094e-02   1.1146990e-02
   2.6300000e+01   3.8220479e-02  -1.1969807e-02
   2.6400000e+01  -1.7986602e-02  -7.3926248e-02
   2.6500000e+01  -6.1384839e-02  -1.1274022e-01
   2.6600000e+01  -7.9756129e-02  -8.5996249e-02
   2.6700000e+01  -7.6070188e-02  -1.7193406e-02
   2.6800000e+01  -6.5365602e-02   3.1178460e-02
   2.6900000e+01  -6.1591371e-02   2.5392194e-02
   2.7000000e+01  -6.7334164e-02  -1.0287009e-02
   2.7100000e+01  -7.5705421e-02  -3.1442927e-02
   2.7200000e+01  -7.9150273e-02  -2.4813751e-02
   2.7300000e+01  -7.2737334e-02  -1.0981737e-02
   2.7400000e+01  -5.0156948e-02  -6.6224097e-03
   2.7500000e+01  -4.4171779e-03  -4.9568187e-03
   2.7600000e+01   6.0245553e-02   1.8424653e-03
   2.7700000e+01   1.1921675e-01  -3.9252776e-04
   2.7800000e+01   1.4016135e-01  -2.9595764e-02
   2.7900000e+01   1.1191947e-01  -7.0110412e-02
   2.8000000e+01   5.8469711e-02  -7.4066169e-02
   2.8100000e+01   1.7817348e-02  -1.2346533e-02
   2.8200000e+01   5.6256577e-03   8.2962797e-02
   2.8300000e+01   3.1207528e-03   1.4051112e-01
   2.8400000e+01  -1.8462663e-02   1.1789971e-01
   2.8500000e+01  -6.5612866e-02   4.3530935e-02
   2.8600000e+01  -1.1617793e-01  -1.1257280e-02
   2.8700000e+01  -1.4049018e-01   1.5979394e-03
   2.8800000e+01  -1.2567080e-01   6.8306921e-02
   2.8900000e+01  -8.4820709e-02   1.3286478e-01
   2.9000000e+01  -5.0672388e-02   1.4802093e-01
   2.9100000e+01  -5.7954036e-02   1.1001081e-01
   2.9200000e+01  -1.1820276e-01   5.4062789e-02
   2.9300000e+01  -2.0193324e-01   2.3176119e-02
   2.9400000e+01  -2.5157099e-01   3.7778102e-02
   2.9500000e+01  -2.2686466e-01   8.5428750e-02
   2.9600000e+01  -1.4494261e-01   1.3244747e-01
   2.9700000e+01  -7.0506804e-02   1.4652945e-01
   2.9800000e+01  -5.8658925e-02   1.1566053e-01
   2.9900000e+01  -1.0499824e-01   5.2678151e-02
   3.0000000e+01  -1.5201595e-01  -1.6067155e-02
   3.0100000e+01  -1.4173538e-01  -6.8897706e-02
   3.0200000e+01  -6.0523753e-02  -9.9193096e-02
   3.0300000e+01   6.0111583e-02  -1.0987255e-01
   3.0400000e+01   1.7313186e-01  -1.0037260e-01
   3.0500000e+01   2.4204215e-01  -6.4396695e-02
   3.0600000e+01   2.5138184e-01  -4.6703108e-03
   3.0700000e+01   2.1115849e-01   5.3278784e-02
   3.0800000e+01   1.5645674e-01   7.1972296e-02
   3.0900000e+01   1.2969648e-01   3.4735785e-02
   3.1000000e+01   1.4808997e-01  -3.2675321e-02
   3.1100000e+01   1.8686562e-01  -7.9265132e-02
   3.1200000e+01   2.0247686e-01  -7.2635920e-02
   3.1300000e+01   1.7526694e-01  -2.7650371e-02
   3.1400000e+01   1.2433408e-01   7.5112458e-03
   3.1500000e+01   7.9479029e-02  -5.8582052e-03
   3.1600000e+01   4.7868355e-02  -6.3465935e-02
   3.1700000e+01   1.6337802e-02  -1.2053044e-01
   3.1800000e+01  -1.9992083e-02  -1.2726293e-01
   3.1900000e+01  -4.6200371e-02  -7.0245311e-02
   3.2000000e+01  -4.8592256e-02   1.3287473e-02
   3.2100000e+01  -3.5938413e-02   6.4037602e-02
   3.2200000e+01  -2.9423005e-02   5.2070478e-02
   3.2300000e+01  -3.5742206e-02   4.2170944e-03
   3.2400000e+01  -4.1425686e-02  -2.2423793e-02
   3.2500000e+01  -3.5342536e-02   3.8800685e-03
   3.2600000e+01  -2.7024240e-02   6.3094262e-02
   3.2700000e+01  -3.5781398e-02   1.1186171e-01
   3.2800000e+01  -6.5965846e-02   1.2842638e-01
   3.2900000e+01  -1.0029971e-01   1.2083822e-01
   3.3000000e+01  -1.1758888e-01   9.8713606e-02
   3.3100000e+01  -1.1203568e-01   5.7218214e-02
   3.3200000e+01  -9.4272519e-02  -2.0010839e-03
   3.3300000e+01  -7.7665982e-02  -4.9151191e-02
   3.3400000e+01  -6.5980271e-02  -4.7347865e-02
   3.3500000e+01  -5.2479400e-02   1.8986790e-03
   3.3600000e+01  -2.9804661e-02   5.0653531e-02
   3.3700000e+01  -2.3628976e-03   5.3643634e-02
   3.3800000e+01   1.1674429e-02   1.7872268e-02
   3.3900000e+01  -3.3102531e-03  -9.9402631e-03
   3.4000000e+01  -3.7300776e-02  -3.9662690e-03
   3.4100000e+01  -5.2291834e-02   7.2633385e-03
   3.4200000e+01  -1.3455706e-02  -2.3742714e-02
   3.4300000e+01   7.1935008e-02  -1.0185990e-01
   3.4400000e+01   1.5086645e-01  -1.7458718e-01
   3.4500000e+01   1.6708863e-01  -1.8122609e-01
   3.4600000e+01   1.1105815e-01  -1.1266179e-01
   3.4700000e+01   2.8700970e-02  -2.1455348e-02
   3.4800000e+01  -1.8547133e-02   2.4205156e-02
   3.4900000e+01  -4.2335738e-03  -2.7003003e-03
   3.5000000e+01   4.5271137e-02  -6.9900450e-02
   3.5100000e+01   7.6320344e-02  -1.1824618e-01
   3.5200000e+01   5.3080121e-02  -1.1345166e-01
   3.5300000e+01  -1.3401849e-02  -7.0907151e-02
   3.5400000e+01  -7.4435713e-02  -3.2651604e-02
   3.5500000e+01  -8.4585740e-02  -2.1646645e-02
   3.5600000e+01  -4.0582100e-02  -2.1460641e-02
   3.5700000e+01   1.6462936e-02  -1.7972862e-03
   3.5800000e+01   3.7709953e-02   4.1417396e-02
   3.5900000e+01   6.8518586e-03   7.9247697e-02
   3.6000000e+01  -5.2933419e-02   8.3841123e-02
   3.6100000e+01  -1.0562794e-01   6.1389502e-02
   3.6200000e+01  -1.3080654e-01   4.3931190e-02
   3.6300000e+01  -1.2929307e-01   5.0892353e-02
   3.6400000e+01  -1.1193578e-01   6.7485004e-02
   3.6500000e+01  -9.0344374e-02   6.4487146e-02
   3.6600000e+01  -7.4486272e-02   3.2831332e-02
   3.6700000e+01  -6.9158756e-02  -8.8920843e-03
   3.6800000e+01  -6.8485156e-02  -3.8912040e-02
   3.6900000e+01  -5.8497724e-02  -5.4029972e-02
   3.7000000e+01  -3.0759275e-02  -6.2060298e-02
   3.7100000e+01   6.8812029e-03  -6.0740528e-02
   3.7200000e+01   3.6895111e-02  -3.7301388e-02
   3.7300000e+01   5.0559713e-02   7.9542545e-03
   3.7400000e+01   5.7313742e-02   4.8286642e-02
   3.7500000e+01   7.3481855e-02   5.1966932e-02
   3.7600000e+01   1.0251591e-01   1.6118599e-02
   3.7700000e+01   1.2875387e-01  -2.9933487e-02
   3.7800000e+01   1.3184498e-01  -5.7459810e-02
   3.7900000e+01   1.0672268e-01  -6.5998841e-02
   3.8000000e+01   6.8548767e-02  -7.2010931e-02
   3.8100000e+01   3.8267117e-02  -7.7213532e-02
   3.8200000e+01   2.4245959e-02  -6.1713409e-02
   3.8300000e+01   1.8226531e-02  -1.1958654e-02
   3.8400000e+01   7.8334257e-03   5.4098386e-02
   3.8500000e+01  -8.6446154e-03   9.8474497e-02
   3.8600000e+01  -1.9680941e-02   9.8100733e-02
   3.8700000e+01  -1.0934219e-02   6.3510952e-02
   3.8800000e+01   2.1752996e-02   2.5192393e-02
   3.8900000e+01   6.6470253e-02   7.9067821e-03
   3.9000000e+01   9.9303313e-02   1.7794131e-02
   3.9100000e+01   9.6654219e-02   4.5318488e-02
   3.9200000e+01   5.0946573e-02   7.3583862e-02
   3.9300000e+01  -2.0319582e-02   8.6434358e-02
   3.9400000e+01  -8.2843237e-02   7.6108800e-02
   3.9500000e+01  -1.0914532e-01   4.7091794e-02
   3.9600000e+01  -9.7997473e-02   1.2470280e-02
   3.9700000e+01  -7.0243698e-02  -1.3271487e-02
   3.9800000e+01  -4.5441999e-02  -1.8148364e-02
   3.9900000e+01  -2.5144096e-02   5.2400554e-03
   4.0000000e+01   4.7768295e-04   5.3002215e-02
   4.0100000e+01   3.5286536e-02   1.0300736e-01
   4.0200000e+01   7.2664664e-02   1.2322873e-01
   4.0300000e+01   1.0589909e-01   9.8532355e-02
   4.0400000e+01   1.3380905e-01   5.1291153e-02
   4.0500000e+01   1.5223524e-01   2.6362378e-02
   4.0600000e+01   1.4797393e-01   4.6439722e-02
   4.0700000e+01   1.1159739e-01   8.3285634e-02
   4.0800000e+01   5.6214397e-02   8.1827546e-02
   4.0900000e+01   1.4052532e-02   1.7827917e-02
   4.1000000e+01   7.9433802e-03  -7.2071494e-02
   4.1100000e+01   2.8160824e-02  -1.2341263e-01
   4.1200000e+01   4.0947039e-02  -1.0654036e-01
   4.1300000e+01   1.9154317e-02  -5.1944709e-02
   4.1400000e+01  -3.5810990e-02  -1.3801264e-02
   4.1500000e+01  -9.6997425e-02  -1.5464346e-02
   4.1600000e+01  -1.3178645e-01  -3.5442766e-02
   4.1700000e+01  -1.2338450e-01  -4.0935890e-02
   4.1800000e+01  -8.2711617e-02  -2.4080007e-02
   4.1900000e+01  -4.1795205e-02  -2.6277119e-03
   4.2000000e+01  -2.8440234e-02   5.6249227e-03
   4.2100000e+01  -4.2211923e-02  -7.6967009e-04
   4.2200000e+01  -5.8828412e-02  -1.4261561e-02
   4.2300000e+01  -6.1602526e-02  -3.1571126e-02
   4.2400000e+01  -6.2698905e-02  -5.3008470e-02
   4.2500000e+01  -8.5423588e-02  -7.2261772e-02
   4.2600000e+01  -1.2874852e-01  -7.5559919e-02
   4.2700000e+01  -1.6108987e-01  -5.5826594e-02
   4.2800000e+01  -1.5321944e-01  -2.5623474e-02
   4.2900000e+01  -1.0873941e-01  -1.0639498e-02
   4.3000000e+01  -5.5376166e-02  -2.6426406e-02
   4.3100000e+01  -1.3078363e-02  -6.1275322e-02
   4.3200000e+01   1.8952492e-02  -8.4290448e-02
   4.3300000e+01   4.7102991e-02  -7.2603427e-02
   4.3400000e+01   6.9930574e-02  -3.1805323e-02
   4.3500000e+01   8.5564156e-02   9.3062291e-03
   4.3600000e+01   1.0092511e-01   2.2731049e-02
   4.3700000e+01   1.2033813e-01   1.1309962e-03
   4.3800000e+01   1.2774441e-01  -4.0504454e-02
   4.3900000e+01   9.5113199e-02  -7.6900298e-02
   4.4000000e+01   1.6792306e-02  -8.7130773e-02
   4.4100000e+01  -7.0988423e-02  -6.5798977e-02
   4.4200000e+01  -1.1548512e-01  -2.6950711e-02
   4.4300000e+01  -9.5137545e-02   4.6316548e-03
   4.4400000e+01  -3.8860050e-02   1.2691139e-02
   4.4500000e+01   2.5942773e-03   2.8547800e-03
   4.4600000e+01   1.2916779e-03  -5.5406898e-03
   4.4700000e+01  -3.1034048e-02  -1.2874383e-03
   4.4800000e+01  -6.3022433e-02   9.1477918e-03
   4.4900000e+01  -7.3665975e-02   1.5173038e-02
   4.5000000e+01  -6.4579084e-02   1.8341616e-02
   4.5100000e+01  -5.1214055e-02   2.7348314e-02
   4.5200000e+01  -4.6827336e-02   3.8900368e-02
   4.5300000e+01  -5.1571283e-02   3.4096055e-02
   4.5400000e+01  -5.1871825e-02   2.2914773e-04
   4.5500000e+01  -3.1192594e-02  -4.8202858e-02
   4.5600000e+01   1.3202200e-02  -7.7957327e-02
   4.5700000e+01   6.2358723e-02  -6.8023712e-02
   4.5800000e+01   8.9056230e-02  -2.9079115e-02
   4.5900000e+01   8.3529034e-02   8.1079451e-03
   4.6000000e+01   6.4124695e-02   2.0450473e-02
   4.6100000e+01   5.8235493e-02   9.0433227e-03
   4.6200000e+01   7.3406246e-02  -6.1593527e-03
   4.6300000e+01   9.2122460e-02  -3.9483679e-03
   4.6400000e+01   9.5712327e-02   2.2190207e-02
   4.6500000e+01   8.6950325e-02   5.8563294e-02
   4.6600000e+01   8.3670365e-02   8.0117645e-02
   4.6700000e+01   9.3337147e-02   7.0355045e-02
   4.6800000e+01   1.0194416e-01   3.7908116e-02
   4.6900000e+01   9.0856843e-02   1.2759825e-02
   4.7000000e+01   5.9836693e-02   2.1527957e-02
   4.7100000e+01   2.8047097e-02   6.3699786e-02
   4.7200000e+01   1.2181255e-02   1.1270999e-01
   4.7300000e+01   6.9426098e-03   1.4111376e-01
   4.7400000e+01  -1.0227195e-02   1.4379053e-01
   4.7500000e+01  -5.3903658e-02   1.3612168e-01
   4.7600000e+01  -1.0964235e-01   1.3229984e-01
   4.7700000e+01  -1.3974362e-01   1.2989369e-01
   4.7800000e+01  -1.1481718e-01   1.1682624e-01
   4.7900000e+01  -4.4071462e-02   8.9135966e-02
   4.8000000e+01   2.6406553e-02   5.6252306e-02
   4.8100000e+01   5.0386013e-02   2.8401783e-02
   4.8200000e+01   2.0613239e-02   4.5104975e-03
   4.8300000e+01  -2.7433451e-02  -2.2135760e-02
   4.8400000e+01  -5.0075640e-02  -4.7581155e-02
   4.8500000e+01  -3.2830330e-02  -5.3120437e-02
   4.8600000e+01   4.2149168e-03  -2.2710579e-02
   4.8700000e+01   3.1498582e-02   3.5197248e-02
   4.8800000e+01   3.5548266e-02   8.5716687e-02
   4.8900000e+01   2.3546622e-02   9.0538297e-02
   4.9000000e+01   1.2207887e-02   3.7568341e-02
   4.9100000e+01   1.6122486e-02  -4.6437049e-02
   4.9200000e+01   3.9952871e-02  -1.1067591e-01
   4.9300000e+01   7.2439573e-02  -1.1410412e-01
   4.9400000e+01   8.8197140e-02  -5.5848006e-02
   4.9500000e+01   6.5504706e-02   2.1504204e-02
   4.9600000e+01   1.0270402e-02   6.2345830e-02
   4.9700000e+01  -4.0507169e-02   4.0669160e-02
   4.9800000e+01  -4.7915978e-02  -2.0879221e-02
   4.9900000e+01  -8.3052299e-03  -7.2345412e-02
   5.0000000e+01   4.0777490e-02  -7.8019827e-02
   5.0100000e+01   5.5013573e-02  -4.0992943e-02
   5.0200000e+01   2.4342790e-02   6.1879743e-03
   5.0300000e+01  -2.0245401e-02   2.8942756e-02
   5.0400000e+01  -3.9226122e-02   1.0632265e-02
   5.0500000e+01  -2.2586139e-02  -4.3863177e-02
   5.0600000e+01   3.3050268e-03  -1.1370969e-01
   5.0700000e+01   4.4700310e-03  -1.7093039e-01
   5.0800000e+01  -2.6050388e-02  -1.9347164e-01
   5.0900000e+01  -6.2212007e-02  -1.7920647e-01
   5.1000000e+01  -7.3325958e-02  -1.4851375e-01
   5.1100000e+01  -5.6976722e-02  -1.2844853e-01
   5.1200000e+01  -4.0561851e-02  -1.3070904e-01
   5.1300000e+01  -4.8666791e-02  -1.4465702e-01
   5.1400000e+01  -7.2772103e-02  -1.5129315e-01
   5.1500000e+01  -7.9401853e-02  -1.4186155e-01
   5.1600000e+01  -4.8996305e-02  -1.2259427e-01
   5.1700000e+01  -3.4838314e-04  -1.0517506e-01
   5.1800000e+01   2.8983813e-02  -9.5926281e-02
   5.1900000e+01   2.3693479e-02  -9.1803992e-02
   5.2000000e+01   4.7898831e-03  -8.1868037e-02
   5.2100000e+01   1.0509264e-03  -5.3743079e-02
   5.2200000e+01   1.3597376e-02  -6.5491510e-03
   5.2300000e+01   1.6644462e-02   3.8761407e-02
   5.2400000e+01  -7.4156080e-03   5.0017835e-02
   5.2500000e+01  -4.2126493e-02   1.6370941e-02
   5.2600000e+01  -5.2168449e-02  -2.9449555e-02
   5.2700000e+01  -2.2113781e-02  -3.3201054e-02
   5.2800000e+01   2.6062381e-02   2.7494822e-02
   5.2900000e+01   5.5710693e-02   1.1555986e-01
   5.3000000e+01   5.1633814e-02   1.6876760e-01
   5.3100000e+01   3.0718828e-02   1.6211882e-01
   5.3200000e+01   1.9885456e-02   1.2969194e-01
   5.3300000e+01   2.8618378e-02   1.2310168e-01
   5.3400000e+01   4.2743507e-02   1.5515058e-01
   5.3500000e+01   3.9206937e-02   1.8953765e-01
   5.3600000e+01   4.2897223e-03   1.8199335e-01
   5.3700000e+01  -5.6353674e-02   1.2525254e-01
   5.3800000e+01  -1.1716199e-01   5.5274477e-02
   5.3900000e+01  -1.4362034e-01   2.0171983e-02
   5.4000000e+01  -1.1618209e-01   4.3421127e-02
   5.4100000e+01  -5.3186746e-02   1.0850020e-01
   5.4200000e+01  -5.5816435e-03   1.7148163e-01
   5.4300000e+01  -1.5046007e-02   1.9095850e-01
   5.4400000e+01  -6.9773583e-02   1.5546195e-01
   5.4500000e+01  -1.0773151e-01   8.9395036e-02
   5.4600000e+01  -7.4401539e-02   3.3096431e-02
   5.4700000e+01   1.9550372e-02   1.3036926e-02
   5.4800000e+01   1.0282939e-01   2.5774598e-02
   5.4900000e+01   1.0977326e-01   4.6200975e-02
   5.5000000e+01   4.1938988e-02   5.0098887e-02
   5.5100000e+01  -3.6269620e-02   3.1861560e-02
   5.5200000e+01  -5.9665602e-02   5.3339341e-03
   5.5300000e+01  -1.7719939e-02  -9.9129779e-03
   5.5400000e+01   4.6351531e-02  -4.4121238e-03
   5.5500000e+01   8.1988845e-02   1.5354169e-02
   5.5600000e+01   7.3805421e-02   3.3551803e-02
   5.5700000e+01   4.6085747e-02   3.6471879e-02
   5.5800000e+01   3.5366907e-02   2.0125146e-02
   5.5900000e+01   5.9662886e-02  -8.4314722e-03
   5.6000000e+01   1.0676658e-01  -3.4399476e-02
   5.6100000e+01   1.4590031e-01  -4.3214805e-02
   5.6200000e+01   1.5154667e-01  -3.2276420e-02
   5.6300000e+01   1.2071066e-01  -1.7855552e-02
   5.6400000e+01   7.0126288e-02  -2.5938876e-02
   5.6500000e+01   1.8618302e-02  -6.9224989e-02
   5.6600000e+01  -2.4525999e-02  -1.3074065e-01
   5.6700000e+01  -5.2893604e-02  -1.7333522e-01
   5.6800000e+01  -5.2167859e-02  -1.6967690e-01
   5.6900000e+01  -8.6141481e-03  -1.2530645e-01
   5.7000000e+01   6.6071746e-02  -7.3271338e-02
   5.7100000e+01   1.2665722e-01  -4.6572143e-02
   5.7200000e+01   1.2505394e-01  -5.4294032e-02
   5.7300000e+01   5.5320625e-02  -8.0419237e-02
   5.7400000e+01  -3.5886017e-02  -1.0159003e-01
   5.7500000e+01  -8.8812291e-02  -1.0547328e-01
   5.7600000e+01  -8.0903140e-02  -9.6061335e-02
   5.7700000e+01  -3.8298437e-02  -8.6625422e-02
   5.7800000e+01  -3.5537412e-03  -8.8970887e-02
   5.7900000e+01   9.5065947e-04  -1.0493173e-01
   5.8000000e+01  -2.0282701e-02  -1.2226801e-01
   5.8100000e+01  -5.3252968e-02  -1.1900057e-01
   5.8200000e+01  -8.7988555e-02  -7.9681995e-02
   5.8300000e+01  -1.1666009e-01  -1.4852120e-02
   5.8400000e+01  -1.2921877e-01   3.7808339e-02
   5.8500000e+01  -1.1867940e-01   4.1808536e-02
   5.8600000e+01  -8.9446979e-02  -1.6379029e-03
   5.8700000e+01  -5.6111893e-02  -4.8071643e-02
   5.8800000e+01  -3.3904890e-02  -4.7914855e-02
   5.8900000e+01  -3.1956176e-02   6.5600006e-03
   5.9000000e+01  -5.2066282e-02   7.3444034e-02
   5.9100000e+01  -8.6142306e-02   1.0092749e-01
   5.9200000e+01  -1.1362679e-01   7.4468702e-02
   5.9300000e+01  -1.1161359e-01   2.7084870e-02
   5.9400000e+01  -7.7926633e-02   7.9223616e-03
   5.9500000e+01  -4.1280888e-02   4.1321944e-02
   5.9600000e+01  -3.5602703e-02   1.0984270e-01
   5.9700000e+01  -5.8314319e-02   1.6948031e-01
   5.9800000e+01  -6.3005905e-02   1.8165093e-01
   5.9900000e+01  -5.2260990e-03   1.3910672e-01
   6.0000000e+01   1.0458951e-01   7.0070029e-02
   6.0100000e+01   2.0269470e-01   1.9558230e-02
   6.0200000e+01   2.2980155e-01   2.0539886e-02
   6.0300000e+01   1.8234362e-01   7.2154081e-02
   6.0400000e+01   1.0524688e-01   1.3725477e-01
   6.0500000e+01   4.4161183e-02   1.6296232e-01
   6.0600000e+01   1.5469123e-02   1.1704205e-01
   6.0700000e+01   1.8137877e-02   1.8073888e-02
   6.0800000e+01   5.4884191e-02  -6.9658854e-02
   6.0900000e+01   1.2566888e-01  -8.4021278e-02
   6.1000000e+01   2.0406526e-01  -1.9528078e-02
   6.1100000e+01   2.3864173e-01   6.5750786e-02
   6.1200000e+01   1.9352735e-01   1.0318588e-01
   6.1300000e+01   8.9572105e-02   7.4002331e-02
   6.1400000e+01  -3.2836948e-03   1.4884336e-02
   6.1500000e+01  -2.3817243e-02  -3.0294057e-02
   6.1600000e+01   2.6049640e-02  -5.1443535e-02
   6.1700000e+01   8.4743971e-02  -6.2759917e-02
   6.1800000e+01   9.0596699e-02  -6.8941921e-02
   6.1900000e+01   3.9139379e-02  -5.9966801e-02
   6.2000000e+01  -1.8209165e-02  -3.8444868e-02
   6.2100000e+01  -3.0809429e-02  -3.1927862e-02
   6.2200000e+01  -1.0402152e-03  -6.2961660e-02
   6.2300000e+01   2.1966396e-02  -1.1364589e-01
   6.2400000e+01  -1.5561142e-03  -1.3710743e-01
   6.2500000e+01  -5.7917525e-02  -1.0935397e-01
   6.2600000e+01  -9.5841372e-02  -5.9038921e-02
   6.2700000e+01  -8.4002757e-02  -3.6364478e-02
   6.2800000e+01  -4.6233767e-02  -5.7341035e-02
   6.2900000e+01  -3.5725907e-02  -8.9609466e-02
   6.3000000e+01  -7.7218593e-02  -9.3415696e-02
   6.3100000e+01  -1.4033202e-01  -6.4799462e-02
   6.3200000e+01  -1.7106313e-01  -3.1076962e-02
   6.3300000e+01  -1.4521585e-01  -1.2242820e-02
   6.3400000e+01  -8.8337163e-02  -1.2095126e-03
   6.3500000e+01  -4.7984861e-02   1.6177230e-02
   6.3600000e+01  -5.3149355e-02   3.5064446e-02
   6.3700000e+01  -9.8652144e-02   3.6862708e-02
   6.3800000e+01  -1.5712565e-01   1.6273378e-02
   6.3900000e+01  -1.9718647e-01  -9.0166754e-03
   6.4000000e+01  -1.9605660e-01  -1.8376999e-02
   6.4100000e+01  -1.5089645e-01  -9.1263264e-03
   6.4200000e+01  -8.7037325e-02   8.1329815e-03
   6.4300000e+01  -4.7618235e-02   2.7669439e-02
   6.4400000e+01  -6.0230729e-02   5.1761119e-02
   6.4500000e+01  -1.0734679e-01   7.7382435e-02
   6.4600000e+01  -1.3593477e-01   9.1639651e-02
   6.4700000e+01  -1.0592844e-01   8.6645101e-02
   6.4800000e+01  -3.2364972e-02   7.2229665e-02
   6.4900000e+01   2.4405772e-02   6.5303711e-02
   6.5000000e+01   1.5751832e-02   6.8504592e-02
   6.5100000e+01  -4.5310433e-02   6.7900147e-02
   6.5200000e+01  -9.1740181e-02   5.3780603e-02
   6.5300000e+01  -6.2949885e-02   3.6170421e-02
   6.5400000e+01   3.8261765e-02   3.3269093e-02
   6.5500000e+01   1.4560451e-01   4.7120657e-02
   6.5600000e+01   1.8492659e-01   5.7442220e-02
   6.5700000e+01   1.3365405e-01   4.1518671e-02
   6.5800000e+01   3.4207024e-02  -2.5574827e-03
   6.5900000e+01  -4.1264068e-02  -5.3171491e-02
   6.6000000e+01  -3.8600796e-02  -8.2599547e-02
   6.6100000e+01   5.0077153e-02  -7.6193049e-02
   6.6200000e+01   1.8287088e-01  -3.9206915e-02
   6.6300000e+01   2.8502205e-01   8.9249644e-03
   6.6400000e+01   2.8778820e-01   4.5899689e-02
   6.6500000e+01   1.7941147e-01   5.7236534e-02
   6.6600000e+01   2.9124325e-02   4.2069746e-02
   6.6700000e+01  -5.3769136e-02   1.1535292e-02
   6.6800000e+01  -6.6893949e-03  -1.8770886e-02
   6.6900000e+01   1.3090210e-01  -3.6843478e-02
   6.7000000e+01   2.5207746e-01  -3.8215231e-02
   6.7100000e+01   2.7573643e-01  -2.5609329e-02
   6.7200000e+01   2.0666595e-01  -6.3640438e-03
   6.7300000e+01   1.1050896e-01   1.1426747e-02
   6.7400000e+01   4.4105879e-02   2.3094658e-02
   6.7500000e+01   1.7769631e-02   2.8704813e-02
   6.7600000e+01   1.3611128e-02   2.9411238e-02
   6.7700000e+01   1.8760263e-02   2.3132973e-02
   6.7800000e+01   3.1714561e-02   6.7280117e-03
   6.7900000e+01   4.8162173e-02  -1.6268638e-02
   6.8000000e+01   5.7016770e-02  -3.3647200e-02
   6.8100000e+01   5.2538196e-02  -3.5330775e-02
   6.8200000e+01   4.0398268e-02  -2.6159152e-02
   6.8300000e+01   2.6601309e-02  -2.2230583e-02
   6.8400000e+01   7.3059525e-03  -3.0864221e-02
   6.8500000e+01  -2.2223745e-02  -3.8601860e-02
   6.8600000e+01  -5.1571503e-02  -2.6739170e-02
   6.8700000e+01  -5.9146222e-02   8.4226206e-04
   6.8800000e+01  -3.7709209e-02   1.4057397e-02
   6.8900000e+01  -9.8162200e-03  -1.1604179e-02
   6.9000000e+01  -8.3784880e-03  -6.2392255e-02
   6.9100000e+01  -4.0411075e-02  -9.4517903e-02
   6.9200000e+01  -7.7108926e-02  -7.9112206e-02
   6.9300000e+01  -8.5471103e-02  -3.4120584e-02
   6.9400000e+01  -6.6590980e-02  -5.5707520e-03
   6.9500000e+01  -5.4999421e-02  -1.8460707e-02
   6.9600000e+01  -7.8183423e-02  -5.2313192e-02
   6.9700000e+01  -1.2330504e-01  -6.7527808e-02
   6.9800000e+01  -1.5037201e-01  -5.1259608e-02
   6.9900000e+01  -1.3576713e-01  -3.1689633e-02
   7.0000000e+01  -9.4715069e-02  -4.6442269e-02
   7.0100000e+01  -5.9311661e-02  -1.0018100e-01
   7.0200000e+01  -4.3549670e-02  -1.5539223e-01
   7.0300000e+01  -3.8409348e-02  -1.6432008e-01
   7.0400000e+01  -3.6486402e-02  -1.0994968e-01
   7.0500000e+01  -4.7338592e-02  -1.8884335e-02
   7.0600000e+01  -8.1968468e-02   6.1455314e-02
   7.0700000e+01  -1.3019243e-01   9.7629361e-02
   7.0800000e+01  -1.6406617e-01   8.8851341e-02
   7.0900000e+01  -1.6354797e-01   6.0939647e-02
   7.1000000e+01  -1.3155530e-01   4.5931042e-02
   7.1100000e+01  -8.3527857e-02   6.1249250e-02
   7.1200000e+01  -3.1614355e-02   9.7965205e-02
   7.1300000e+01   1.5185503e-02   1.2579481e-01
   7.1400000e+01   4.3287923e-02   1.1689303e-01
   7.1500000e+01   4.0130670e-02   7.3316486e-02
   7.1600000e+01   1.0606540e-02   3.0219542e-02
   7.1700000e+01  -2.0268624e-02   2.4453323e-02
   7.1800000e+01  -2.8182181e-02   5.7540681e-02
   7.1900000e+01  -1.1683203e-02   9.5101357e-02
   7.2000000e+01   9.7367294e-03   1.0579579e-01
   7.2100000e+01   1.7069244e-02   9.4313166e-02
   7.2200000e+01   6.7994359e-03   8.8728983e-02
   7.2300000e+01  -1.2231548e-02   9.9746677e-02
   7.2400000e+01  -2.6952872e-02   1.0481322e-01
   7.2500000e+01  -2.1309731e-02   7.6932287e-02
   7.2600000e+01   2.0191756e-02   2.0318898e-02
   7.2700000e+01   9.5292776e-02  -3.1647758e-02
   7.2800000e+01   1.6814045e-01  -5.1185443e-02
   7.2900000e+01   1.8500389e-01  -4.0469399e-02
   7.3000000e+01   1.2223462e-01  -2.1556817e-02
   7.3100000e+01   2.0977439e-02  -1.1597851e-02
   7.3200000e+01  -3.7449038e-02  -1.3574350e-02
   7.3300000e+01  -2.6634538e-03  -2.4829866e-02
   7.3400000e+01   9.5695693e-02  -4.3435413e-02
   7.3500000e+01   1.7349524e-01  -6.3165535e-02
   7.3600000e+01   1.6893272e-01  -6.9716911e-02
   7.3700000e+01   9.4500978e-02  -5.0648974e-02
   7.3800000e+01   1.6351434e-02  -1.0731113e-02
   7.3900000e+01  -1.0639355e-02   2.7097089e-02
   7.4000000e+01   1.5721201e-02   4.0220301e-02
   7.4100000e+01   6.0150331e-02   2.5925983e-02
   7.4200000e+01   9.2147459e-02   1.0757002e-03
   7.4300000e+01   1.0588000e-01  -1.6320956e-02
   7.4400000e+01   1.0554674e-01  -2.1293018e-02
   7.4500000e+01   8.6998704e-02  -1.7678736e-02
   7.4600000e+01   4.3819812e-02  -7.3957536e-03
   7.4700000e+01  -1.3030350e-02   7.5815103e-03
   7.4800000e+01  -5.4795292e-02   1.4650599e-02
   7.4900000e+01  -6.1717675e-02  -5.1563127e-03
   7.5000000e+01  -4.5836797e-02  -5.3172873e-02
   7.5100000e+01  -3.7953889e-02  -9.9029181e-02
   7.5200000e+01  -4.9876178e-02  -1.0334607e-01
   7.5300000e+01  -5.7201423e-02  -5.8173508e-02
   7.5400000e+01  -2.7887170e-02   2.3595876e-03
   7.5500000e+01   3.2433025e-02   3.5569562e-02
   7.5600000e+01   7.2194409e-02   2.8035825e-02
   7.5700000e+01   3.9746905e-02  -4.0281885e-03
   7.5800000e+01  -5.9775931e-02  -4.1757823e-02
   7.5900000e+01  -1.5724021e-01  -7.6708880e-02
   7.6000000e+01  -1.7622751e-01  -9.9702080e-02
   7.6100000e+01  -1.0302147e-01  -9.6250481e-02
   7.6200000e+01  -1.6675211e-03  -6.5546399e-02
   7.6300000e+01   4.3545948e-02  -3.3845185e-02
   7.6400000e+01   4.3204043e-03  -3.1383691e-02
   7.6500000e+01  -7.0967645e-02  -5.5098514e-02
   7.6600000e+01  -1.1096612e-01  -6.8811624e-02
   7.6700000e+01  -9.1653925e-02  -4.6871875e-02
   7.6800000e+01  -5.0245360e-02  -5.5725896e-03
   7.6900000e+01  -3.4446317e-02   2.0925146e-02
   7.7000000e+01  -5.0173919e-02   2.8096998e-02
   7.7100000e+01  -6.5633101e-02   4.5244119e-02
   7.7200000e+01  -5.7228151e-02   8.7749247e-02
   7.7300000e+01  -3.5461340e-02   1.2322665e-01
   7.7400000e+01  -2.3560125e-02   1.0440972e-01
   7.7500000e+01  -2.5794512e-02   3.3198770e-02
   7.7600000e+01  -2.8653614e-02  -2.7520431e-02
   7.7700000e+01  -2.4672846e-02  -1.7727858e-02
   7.7800000e+01  -1.7931810e-02   5.1852011e-02
   7.7900000e+01  -5.4865595e-03   1.0900410e-01
   7.8000000e+01   2.8089987e-02   9.7430680e-02
   7.8100000e+01   8.5070388e-02   3.3879931e-02
   7.8200000e+01   1.3390017e-01  -1.6792019e-02
   7.8300000e+01   1.3302585e-01  -1.3828232e-02
   7.8400000e+01   7.8520189e-02   2.3835717e-02
   7.8500000e+01   1.5322167e-02   5.1412812e-02
   7.8600000e+01  -6.5380957e-03   5.2303383e-02
   7.8700000e+01   1.9595559e-02   4.7738677e-02
   7.8800000e+01   5.8167035e-02   5.8018199e-02
   7.8900000e+01   7.3603097e-02   6.8832864e-02
   7.9000000e+01   6.0771428e-02   4.5197349e-02
   7.9100000e+01   3.6467412e-02  -2.3813486e-02
   7.9200000e+01   1.4813288e-02  -1.0259141e-01
   7.9300000e+01  -1.7014905e-03  -1.3681716e-01
   7.9400000e+01  -1.4211281e-02  -1.0433048e-01
   7.9500000e+01  -2.0960603e-02  -3.6486516e-02
   7.9600000e+01  -2.0068605e-02   1.2243517e-02
   7.9700000e+01  -1.3979187e-02   1.5156902e-02
   7.9800000e+01  -8.8333385e-03  -7.2808043e-03
   7.9900000e+01  -9.7844248e-03  -1.7330754e-02
   8.0000000e+01  -1.6343599e-02  -3.8423959e-03
