   1.0216624e+02   2.8639298e+01   1.9360800e+03
   1.0221618e+02   2.8602761e+01   2.5212700e+03
   0.0000000e+00   5.5441097e-01   5.5441097e-01
   1.0000000e-01   6.6976160e-01   4.7239811e-01
   2.0000000e-01   8.0741210e-01   4.1319106e-01
   3.0000000e-01   9.3262010e-01   3.5660260e-01
   4.0000000e-01   1.0000000e+00   2.8538507e-01
   5.0000000e-01   9.7703307e-01   1.9372580e-01
   6.0000000e-01   8.6591380e-01   8.9555636e-02
   7.0000000e-01   7.0973581e-01  -1.2211142e-02
   8.0000000e-01   5.7289641e-01  -1.0246020e-01
   9.0000000e-01   5.0084673e-01  -1.8304802e-01
   1.0000000e+00   4.8685481e-01  -2.5568195e-01
   1.1000000e+00   4.7783641e-01  -3.0882861e-01
   1.2000000e+00   4.1982282e-01  -3.2539777e-01
   1.3000000e+00   3.0280440e-01  -3.0692748e-01
   1.4000000e+00   1.6325172e-01  -2.8182755e-01
   1.5000000e+00   4.6968333e-02  -2.8192722e-01
   1.6000000e+00  -2.6087189e-02  -3.1504961e-01
   1.7000000e+00  -6.4372191e-02  -3.6743786e-01
   1.8000000e+00  -8.5853549e-02  -4.2672725e-01
   1.9000000e+00  -1.0694668e-01  -4.8884133e-01
   2.0000000e+00  -1.4617370e-01  -5.4326234e-01
   2.1000000e+00  -2.2347205e-01  -5.7004988e-01
   2.2000000e+00  -3.4317962e-01  -5.6297366e-01
   2.3000000e+00  -4.7706156e-01  -5.4403387e-01
   2.4000000e+00  -5.7256569e-01  -5.3809962e-01
   2.5000000e+00  -5.8613872e-01  -5.3606719e-01
   2.6000000e+00  -5.1241061e-01  -5.0064485e-01
   2.7000000e+00  -3.8393211e-01  -4.1419370e-01
   2.8000000e+00  -2.4806697e-01  -3.0815986e-01
   2.9000000e+00  -1.4671453e-01  -2.3605994e-01
   3.0000000e+00  -1.0865115e-01  -2.2490243e-01
   3.1000000e+00  -1.4161034e-01  -2.6056926e-01
   3.2000000e+00  -2.1935737e-01  -3.0999672e-01
   3.3000000e+00  -2.8518065e-01  -3.4087831e-01
   3.4000000e+00  -2.8857360e-01  -3.2341611e-01
   3.5000000e+00  -2.2923889e-01  -2.3722133e-01
   3.6000000e+00  -1.5981202e-01  -9.3350075e-02
   3.7000000e+00  -1.3823875e-01   5.8319128e-02
   3.8000000e+00  -1.7842029e-01   1.6087516e-01
   3.9000000e+00  -2.4747779e-01   1.9499490e-01
   4.0000000e+00  -3.0085350e-01   1.8757756e-01
   4.1000000e+00  -3.1034125e-01   1.7703326e-01
   4.2000000e+00  -2.6653559e-01   1.7765987e-01
   4.3000000e+00  -1.7597426e-01   1.7934335e-01
   4.4000000e+00  -6.6434151e-02   1.7191985e-01
   4.5000000e+00   1.6737500e-02   1.6003844e-01
   4.6000000e+00   3.6674095e-02   1.5595497e-01
   4.7000000e+00  -7.8906171e-03   1.6582764e-01
   4.8000000e+00  -8.4204959e-02   1.8544280e-01
   4.9000000e+00  -1.5156368e-01   2.0515450e-01
   5.0000000e+00  -1.8187452e-01   2.1713933e-01
   5.1000000e+00  -1.6247041e-01   2.2165956e-01
   5.2000000e+00  -9.6389631e-02   2.2910270e-01
   5.3000000e+00  -8.5847894e-03   2.5274655e-01
   5.4000000e+00   5.8110977e-02   2.9501839e-01
   5.5000000e+00   6.9567970e-02   3.4145674e-01
   5.6000000e+00   2.9933231e-02   3.7174373e-01
   5.7000000e+00  -1.8186795e-02   3.7636850e-01
   5.8000000e+00  -2.7390004e-02   3.5876262e-01
   5.9000000e+00   1.7347305e-02   3.2238121e-01
   6.0000000e+00   9.0122842e-02   2.6487253e-01
   6.1000000e+00   1.4803860e-01   1.9200719e-01
   6.2000000e+00   1.6492723e-01   1.3145264e-01
   6.3000000e+00   1.4818943e-01   1.1823300e-01
   6.4000000e+00   1.2827817e-01   1.5871452e-01
   6.5000000e+00   1.3257775e-01   2.1454107e-01
   6.6000000e+00   1.6654728e-01   2.3158516e-01
   6.7000000e+00   2.1515654e-01   1.8704563e-01
   6.8000000e+00   2.5711014e-01   1.0569589e-01
   6.9000000e+00   2.7623689e-01   3.1931511e-02
   7.0000000e+00   2.6524347e-01  -8.6872574e-03
   7.1000000e+00   2.2747156e-01  -2.2153105e-02
   7.2000000e+00   1.7756700e-01  -3.1827168e-02
   7.3000000e+00   1.3505550e-01  -5.9083938e-02
   7.4000000e+00   1.1238117e-01  -1.1154994e-01
   7.5000000e+00   1.0975134e-01  -1.7801317e-01
   7.6000000e+00   1.2177080e-01  -2.3169751e-01
   7.7000000e+00   1.4366959e-01  -2.4664011e-01
   7.8000000e+00   1.6668989e-01  -2.1860379e-01
   7.9000000e+00   1.7304163e-01  -1.6985502e-01
   8.0000000e+00   1.4650525e-01  -1.3067631e-01
   8.1000000e+00   9.1335250e-02  -1.1675545e-01
   8.2000000e+00   3.3944955e-02  -1.2502690e-01
   8.3000000e+00   6.6220478e-04  -1.4621103e-01
   8.4000000e+00  -3.3369259e-03  -1.7411622e-01
   8.5000000e+00   9.0688743e-03  -2.0255697e-01
   8.6000000e+00   2.3696618e-02  -2.2100860e-01
   8.7000000e+00   3.0336233e-02  -2.2023586e-01
   8.8000000e+00   1.6446960e-02  -2.0218499e-01
   8.9000000e+00  -2.8108895e-02  -1.8089999e-01
   9.0000000e+00  -9.1554607e-02  -1.7229456e-01
   9.1000000e+00  -1.3502761e-01  -1.8285428e-01
   9.2000000e+00  -1.2216957e-01  -2.0592709e-01
   9.3000000e+00  -5.7259999e-02  -2.2554540e-01
   9.4000000e+00   1.4143578e-02  -2.2402386e-01
   9.5000000e+00   4.7195426e-02  -1.9079390e-01
   9.6000000e+00   3.5871130e-02  -1.2930091e-01
   9.7000000e+00   6.2134332e-03  -5.6970760e-02
   9.8000000e+00  -2.0884235e-02   3.7919547e-03
   9.9000000e+00  -4.9693461e-02   3.8439553e-02
   1.0000000e+01  -9.2813159e-02   4.8018558e-02
   1.0100000e+01  -1.4529463e-01   4.6629801e-02
   1.0200000e+01  -1.8371863e-01   5.0913627e-02
   1.0300000e+01  -1.8873154e-01   6.8979906e-02
   1.0400000e+01  -1.6291721e-01   9.6137916e-02
   1.0500000e+01  -1.2691097e-01   1.2001015e-01
   1.0600000e+01  -1.0233380e-01   1.3095036e-01
   1.0700000e+01  -9.8049991e-02   1.2981050e-01
   1.0800000e+01  -1.0672853e-01   1.2730740e-01
   1.0900000e+01  -1.1081756e-01   1.3568691e-01
   1.1000000e+01  -9.5179582e-02   1.5880340e-01
   1.1100000e+01  -5.9447395e-02   1.8775656e-01
   1.1200000e+01  -1.9372877e-02   2.0595808e-01
   1.1300000e+01   5.7193378e-03   2.0128359e-01
   1.1400000e+01   7.4556772e-03   1.7657902e-01
   1.1500000e+01  -8.9707044e-03   1.4894625e-01
   1.1600000e+01  -3.2620703e-02   1.3678171e-01
   1.1700000e+01  -5.2154850e-02   1.4536825e-01
   1.1800000e+01  -5.4476673e-02   1.6386214e-01
   1.1900000e+01  -2.6843813e-02   1.7476306e-01
   1.2000000e+01   3.1111755e-02   1.6461860e-01
   1.2100000e+01   9.7145663e-02   1.2705690e-01
   1.2200000e+01   1.3494159e-01   6.2346513e-02
   1.2300000e+01   1.1985648e-01  -1.8114277e-02
   1.2400000e+01   5.9634969e-02  -8.6624743e-02
   1.2500000e+01  -9.5725843e-03  -1.0875418e-01
   1.2600000e+01  -4.8884411e-02  -7.1029179e-02
   1.2700000e+01  -4.2847294e-02  -3.2037198e-03
   1.2800000e+01  -6.8786506e-03   3.4987372e-02
   1.2900000e+01   2.6913938e-02   1.0239852e-03
   1.3000000e+01   3.3089086e-02  -9.0849232e-02
   1.3100000e+01   8.5258135e-03  -1.7911501e-01
   1.3200000e+01  -2.9046607e-02  -2.0749969e-01
   1.3300000e+01  -5.6030484e-02  -1.6993539e-01
   1.3400000e+01  -5.9078793e-02  -1.0664632e-01
   1.3500000e+01  -4.1445059e-02  -6.2603282e-02
   1.3600000e+01  -1.7192991e-02  -5.4741391e-02
   1.3700000e+01   1.0522164e-03  -7.4827267e-02
   1.3800000e+01   1.1486384e-02  -1.1047269e-01
   1.3900000e+01   2.1805220e-02  -1.5305160e-01
   1.4000000e+01   3.7264170e-02  -1.8884990e-01
   1.4100000e+01   4.9682142e-02  -1.9611461e-01
   1.4200000e+01   4.1834556e-02  -1.6046459e-01
   1.4300000e+01   6.8484166e-03  -9.1867518e-02
   1.4400000e+01  -3.7705905e-02  -2.0341784e-02
   1.4500000e+01  -6.0235547e-02   2.7108762e-02
   1.4600000e+01  -4.2630021e-02   4.3792693e-02
   1.4700000e+01   4.2624249e-03   3.9788295e-02
   1.4800000e+01   5.3803324e-02   2.8004919e-02
   1.4900000e+01   8.8759774e-02   1.7357307e-02
   1.5000000e+01   1.0967426e-01   1.3945213e-02
   1.5100000e+01   1.2116805e-01   1.8970645e-02
   1.5200000e+01   1.1840822e-01   2.2630215e-02
   1.5300000e+01   9.2298916e-02   7.7913395e-03
   1.5400000e+01   4.5254278e-02  -3.1009406e-02
   1.5500000e+01  -3.7382796e-03  -7.1629641e-02
   1.5600000e+01  -3.1333648e-02  -7.4767641e-02
   1.5700000e+01  -2.6072834e-02  -1.7155456e-02
   1.5800000e+01   5.5707101e-03   8.4017921e-02
   1.5900000e+01   4.4699088e-02   1.8009175e-01
   1.6000000e+01   7.0711598e-02   2.2396547e-01
   1.6100000e+01   7.2186666e-02   1.9745336e-01
   1.6200000e+01   5.3305166e-02   1.1624886e-01
   1.6300000e+01   2.9795655e-02   1.8732085e-02
   1.6400000e+01   1.4728080e-02  -5.0731501e-02
   1.6500000e+01   6.9864948e-03  -6.1662558e-02
   1.6600000e+01  -3.8755016e-03  -1.5899037e-02
   1.6700000e+01  -2.0981663e-02   5.1019925e-02
   1.6800000e+01  -3.2870536e-02   9.5146648e-02
   1.6900000e+01  -2.7046662e-02   9.8362168e-02
   1.7000000e+01  -8.4376379e-03   7.8418763e-02
   1.7100000e+01   2.1506205e-03   6.4581442e-02
   1.7200000e+01  -9.8102508e-03   6.6536184e-02
   1.7300000e+01  -3.6718157e-02   7.0052312e-02
   1.7400000e+01  -5.9587085e-02   5.9178753e-02
   1.7500000e+01  -7.1658401e-02   3.4758855e-02
   1.7600000e+01  -8.4047764e-02   9.0393089e-03
   1.7700000e+01  -1.0581305e-01  -1.1123669e-02
   1.7800000e+01  -1.2466000e-01  -2.8392508e-02
   1.7900000e+01  -1.1489717e-01  -4.3295080e-02
   1.8000000e+01  -6.5582437e-02  -4.5631698e-02
   1.8100000e+01   3.2139805e-03  -2.2581824e-02
   1.8200000e+01   5.4314576e-02   2.5048936e-02
   1.8300000e+01   6.2219006e-02   7.6923826e-02
   1.8400000e+01   2.8568094e-02   1.0439246e-01
   1.8500000e+01  -2.5247482e-02   8.9074963e-02
   1.8600000e+01  -7.4453923e-02   3.4707011e-02
   1.8700000e+01  -1.0047165e-01  -3.4597894e-02
   1.8800000e+01  -9.2903490e-02  -8.7595880e-02
   1.8900000e+01  -5.1956463e-02  -1.0319674e-01
   1.9000000e+01   7.4844387e-03  -8.2144875e-02
   1.9100000e+01   5.8421428e-02  -4.5329405e-02
   1.9200000e+01   7.6122750e-02  -1.8592052e-02
   1.9300000e+01   5.5855583e-02  -1.4197389e-02
   1.9400000e+01   1.7739798e-02  -2.3543614e-02
   1.9500000e+01  -8.3050133e-03  -2.7932051e-02
   1.9600000e+01  -5.8219527e-03  -1.8458621e-02
   1.9700000e+01   1.7394913e-02  -6.2223245e-03
   1.9800000e+01   4.0220976e-02  -1.1692665e-02
   1.9900000e+01   4.8969192e-02  -4.2713090e-02
   2.0000000e+01   4.7492558e-02  -8.3804198e-02
   2.0100000e+01   4.8885954e-02  -1.0894909e-01
   2.0200000e+01   6.0376651e-02  -1.0490722e-01
   2.0300000e+01   7.7449913e-02  -8.0409637e-02
   2.0400000e+01   9.0194311e-02  -5.3070582e-02
   2.0500000e+01   9.1908535e-02  -3.1457209e-02
   2.0600000e+01   8.1559290e-02  -1.3201042e-02
   2.0700000e+01   6.1818354e-02   2.3470944e-03
   2.0800000e+01   3.8006928e-02   6.9824476e-03
   2.0900000e+01   1.7598918e-02  -7.2744934e-03
   2.1000000e+01   6.3746216e-03  -3.5719490e-02
   2.1100000e+01   2.7592945e-03  -6.2920770e-02
   2.1200000e+01  -2.0693631e-03  -7.6841467e-02
   2.1300000e+01  -1.5167386e-02  -7.6464505e-02
   2.1400000e+01  -3.2178479e-02  -6.4591658e-02
   2.1500000e+01  -3.8738568e-02  -3.9240806e-02
   2.1600000e+01  -2.3684223e-02   1.6359954e-03
   2.1700000e+01   8.5249822e-03   4.8782246e-02
   2.1800000e+01   3.8681483e-02   8.2866516e-02
   2.1900000e+01   4.6104734e-02   9.1280639e-02
   2.2000000e+01   2.2217833e-02   8.0078550e-02
   2.2100000e+01  -2.5390804e-02   6.4341857e-02
   2.2200000e+01  -7.8191063e-02   4.8598304e-02
   2.2300000e+01  -1.1578463e-01   2.3685067e-02
   2.2400000e+01  -1.2527382e-01  -1.4322725e-02
   2.2500000e+01  -1.0833258e-01  -4.7897033e-02
   2.2600000e+01  -8.0668208e-02  -4.8796722e-02
   2.2700000e+01  -6.0280794e-02  -7.2422659e-03
   2.2800000e+01  -5.1644574e-02   5.3482198e-02
   2.2900000e+01  -4.1477031e-02   9.5489138e-02
   2.3000000e+01  -1.3555027e-02   9.9700007e-02
   2.3100000e+01   3.0289398e-02   7.9827979e-02
   2.3200000e+01   6.5379644e-02   6.3823852e-02
   2.3300000e+01   6.3196376e-02   6.3509881e-02
   2.3400000e+01   1.7294766e-02   6.3655167e-02
   2.3500000e+01  -4.8341455e-02   4.0461930e-02
   2.3600000e+01  -9.6280079e-02  -1.0152843e-02
   2.3700000e+01  -1.0298726e-01  -6.3042825e-02
   2.3800000e+01  -7.4159503e-02  -8.2850715e-02
   2.3900000e+01  -3.7067159e-02  -5.3936999e-02
   2.4000000e+01  -1.7193647e-02   6.0835173e-03
   2.4100000e+01  -1.8169330e-02   6.0117327e-02
   2.4200000e+01  -2.1620649e-02   7.8640217e-02
   2.4300000e+01  -7.2078172e-03   5.7148806e-02
   2.4400000e+01   2.5954294e-02   1.3989103e-02
   2.4500000e+01   5.8324558e-02  -2.4237459e-02
   2.4600000e+01   7.0860516e-02  -3.7853449e-02
   2.4700000e+01   6.4755736e-02  -2.3603965e-02
   2.4800000e+01   5.7449372e-02   4.2249950e-03
   2.4900000e+01   6.0206515e-02   2.3470765e-02
   2.5000000e+01   6.4819713e-02   2.1207914e-02
   2.5100000e+01   5.5217138e-02   4.9795844e-03
   2.5200000e+01   2.8519116e-02  -4.5134426e-03
   2.5300000e+01  -4.6663035e-04   5.5016866e-03
   2.5400000e+01  -1.4670348e-02   2.6213037e-02
   2.5500000e+01  -9.1356960e-03   3.6005512e-02
   2.5600000e+01   1.1079459e-02   2.2479544e-02
   2.5700000e+01   4.0548413e-02  -5.8591068e-03
   2.5800000e+01   7.4093466e-02  -2.9609797e-02
   2.5900000e+01   9.9641330e-02  -3.7689807e-02
   2.6000000e+01   9.9412717e-02  -3.5002958e-02
   2.6100000e+01   6.4603215e-02  -3.2583083e-02
   2.6200000e+01   7.6381920e-03  -3.3533572e-02
   2.6300000e+01  -4.4556913e-02  -3.0874862e-02
   2.6400000e+01  -7.1051689e-02  -1.8580766e-02
   2.6500000e+01  -7.0157116e-02  -2.0486069e-03
   2.6600000e+01  -5.3987551e-02   4.8461019e-03
   2.6700000e+01  -3.4029647e-02  -6.3011225e-03
   2.6800000e+01  -1.4094624e-02  -2.8529759e-02
   2.6900000e+01   5.4776891e-03  -4.4711650e-02
   2.7000000e+01   2.1779412e-02  -4.2589252e-02
   2.7100000e+01   2.9749156e-02  -2.4148913e-02
   2.7200000e+01   2.6940197e-02  -9.6960141e-04
   2.7300000e+01   1.5610919e-02   1.7092005e-02
   2.7400000e+01   2.3086004e-04   2.6703979e-02
   2.7500000e+01  -1.5166831e-02   2.6334449e-02
   2.7600000e+01  -2.6491248e-02   1.1833464e-02
   2.7700000e+01  -2.8678034e-02  -1.8608407e-02
   2.7800000e+01  -1.8627409e-02  -5.4860107e-02
   2.7900000e+01  -3.8582872e-04  -7.4931026e-02
   2.8000000e+01   1.4405311e-02  -6.0793842e-02
   2.8100000e+01   1.4073839e-02  -1.7164512e-02
   2.8200000e+01  -3.7589900e-03   2.7219485e-02
   2.8300000e+01  -3.0528561e-02   4.1192933e-02
   2.8400000e+01  -5.3933067e-02   1.7197197e-02
   2.8500000e+01  -6.5533939e-02  -2.3061615e-02
   2.8600000e+01  -6.1761461e-02  -4.8562470e-02
   2.8700000e+01  -4.1516488e-02  -4.4575649e-02
   2.8800000e+01  -7.7583975e-03  -2.0194597e-02
   2.8900000e+01   2.7727569e-02   5.4769210e-03
   2.9000000e+01   4.5945185e-02   2.0844182e-02
   2.9100000e+01   3.3317233e-02   2.6039696e-02
   2.9200000e+01  -4.6089730e-03   2.4827479e-02
   2.9300000e+01  -4.3794451e-02   1.7988154e-02
   2.9400000e+01  -5.9298435e-02   6.2901941e-03
   2.9500000e+01  -4.4668934e-02  -3.4687783e-03
   2.9600000e+01  -1.5351713e-02  -6.7458872e-04
   2.9700000e+01   6.1453748e-03   1.8001222e-02
   2.9800000e+01   8.7787714e-03   4.1046040e-02
   2.9900000e+01  -7.7431264e-04   4.9465088e-02
   3.0000000e+01  -6.9634883e-03   3.4500897e-02
   3.0100000e+01   8.0571943e-04   7.7843328e-03
   3.0200000e+01   2.0915603e-02  -8.0965417e-03
   3.0300000e+01   4.2330949e-02   2.8240029e-05
   3.0400000e+01   5.3013448e-02   2.5447251e-02
   3.0500000e+01   4.7589908e-02   5.0617555e-02
   3.0600000e+01   3.0242319e-02   6.3500473e-02
   3.0700000e+01   1.1733508e-02   6.2942301e-02
   3.0800000e+01   2.2828946e-03   5.1186326e-02
   3.0900000e+01   4.8213212e-03   2.8053296e-02
   3.1000000e+01   1.3708222e-02  -3.7698685e-03
   3.1100000e+01   2.0032925e-02  -3.1508738e-02
   3.1200000e+01   1.8852642e-02  -3.7756405e-02
   3.1300000e+01   1.2224796e-02  -1.6860921e-02
   3.1400000e+01   6.4081817e-03   1.6044302e-02
   3.1500000e+01   6.7615582e-03   3.5722677e-02
   3.1600000e+01   1.4305713e-02   2.7725429e-02
   3.1700000e+01   2.5134814e-02  -1.0723586e-03
   3.1800000e+01   3.2493773e-02  -3.0822500e-02
   3.1900000e+01   3.1318358e-02  -4.5246671e-02
   3.2000000e+01   2.2945879e-02  -4.0977452e-02
   3.2100000e+01   1.4969579e-02  -2.5522012e-02
   3.2200000e+01   1.3976771e-02  -1.0493049e-02
   3.2300000e+01   1.7286434e-02  -6.1973229e-03
   3.2400000e+01   1.3672351e-02  -1.7496914e-02
   3.2500000e+01  -5.3130996e-03  -3.9776742e-02
   3.2600000e+01  -3.4575000e-02  -5.8244820e-02
   3.2700000e+01  -5.7601924e-02  -5.5043130e-02
   3.2800000e+01  -6.0242741e-02  -2.2354261e-02
   3.2900000e+01  -4.2206594e-02   2.8053775e-02
   3.3000000e+01  -1.5627371e-02   6.8447399e-02
   3.3100000e+01   5.5196413e-03   7.2129720e-02
   3.3200000e+01   1.3584300e-02   3.2691349e-02
   3.3300000e+01   7.8590400e-03  -2.9182556e-02
   3.3400000e+01  -7.8289025e-03  -7.7878666e-02
   3.3500000e+01  -2.5925377e-02  -8.6121808e-02
   3.3600000e+01  -3.6575560e-02  -5.2390818e-02
   3.3700000e+01  -3.3358526e-02  -3.5461282e-05
   3.3800000e+01  -1.9923133e-02   3.9831268e-02
   3.3900000e+01  -9.0984345e-03   4.8061664e-02
   3.4000000e+01  -1.2204762e-02   2.6994489e-02
   3.4100000e+01  -2.7752266e-02  -3.6725904e-03
   3.4200000e+01  -4.1478132e-02  -2.0297599e-02
   3.4300000e+01  -3.9143885e-02  -1.0956410e-02
   3.4400000e+01  -2.0351042e-02   1.5095699e-02
   3.4500000e+01   2.3844625e-04   3.2614397e-02
   3.4600000e+01   6.1475656e-03   2.0604529e-02
   3.4700000e+01  -5.4088808e-03  -1.7207587e-02
   3.4800000e+01  -2.0664028e-02  -5.2484192e-02
   3.4900000e+01  -2.2152638e-02  -5.6950535e-02
   3.5000000e+01  -4.8888161e-03  -2.9007771e-02
   3.5100000e+01   1.9994818e-02   5.5849083e-03
   3.5200000e+01   3.6974929e-02   2.0162512e-02
   3.5300000e+01   3.9866224e-02   1.2034418e-02
   3.5400000e+01   3.3175621e-02  -3.3152112e-04
   3.5500000e+01   2.2487581e-02  -1.4124933e-03
   3.5600000e+01   8.5285388e-03   5.6256271e-03
   3.5700000e+01  -7.1055163e-03   8.0469881e-03
   3.5800000e+01  -1.4823930e-02   2.8270518e-03
   3.5900000e+01  -3.1772169e-03   1.0568906e-03
   3.6000000e+01   2.5125560e-02   1.3319483e-02
   3.6100000e+01   4.8198469e-02   3.5547937e-02
   3.6200000e+01   4.2781811e-02   5.2450506e-02
   3.6300000e+01   8.6936668e-03   5.2962773e-02
   3.6400000e+01  -2.8037690e-02   3.8985313e-02
   3.6500000e+01  -3.9220621e-02   1.9556508e-02
   3.6600000e+01  -2.0532255e-02   1.1276773e-03
   3.6700000e+01   7.9891169e-03  -1.3272345e-02
   3.6800000e+01   2.5248301e-02  -1.8318058e-02
   3.6900000e+01   2.8876916e-02  -6.9474184e-03
   3.7000000e+01   3.1378160e-02   1.9247641e-02
   3.7100000e+01   4.1015485e-02   4.3281000e-02
   3.7200000e+01   5.1002769e-02   4.3588994e-02
   3.7300000e+01   4.7601939e-02   1.5779344e-02
   3.7400000e+01   2.5682255e-02  -1.8629372e-02
   3.7500000e+01  -5.3236916e-03  -3.0395506e-02
   3.7600000e+01  -2.9070729e-02  -1.1954714e-02
   3.7700000e+01  -3.4131897e-02   1.3193045e-02
   3.7800000e+01  -2.0281588e-02   1.3365370e-02
   3.7900000e+01   2.5041863e-03  -1.8412166e-02
   3.8000000e+01   1.9482243e-02  -5.5699806e-02
   3.8100000e+01   1.9068235e-02  -6.3748927e-02
   3.8200000e+01   9.0117606e-04  -3.3181322e-02
   3.8300000e+01  -2.1980488e-02   1.1257787e-02
   3.8400000e+01  -3.2171647e-02   3.4461168e-02
   3.8500000e+01  -2.3467995e-02   2.2779998e-02
   3.8600000e+01  -8.3004388e-03  -6.4939717e-03
   3.8700000e+01  -6.9909549e-03  -2.4588993e-02
   3.8800000e+01  -2.7268619e-02  -1.8464413e-02
   3.8900000e+01  -5.4895755e-02   2.5604834e-04
   3.9000000e+01  -6.6200749e-02   1.0381642e-02
   3.9100000e+01  -5.0156522e-02   2.6742616e-03
   3.9200000e+01  -1.7584001e-02  -1.3571645e-02
   3.9300000e+01   1.0364765e-02  -2.2865723e-02
   3.9400000e+01   2.0539948e-02  -1.9545512e-02
   3.9500000e+01   1.4799060e-02  -1.0753643e-02
   3.9600000e+01   2.8874545e-03  -5.7159011e-03
   3.9700000e+01  -7.1768968e-03  -5.5957442e-03
   3.9800000e+01  -1.1717968e-02  -5.4863880e-03
   3.9900000e+01  -9.2017383e-03  -3.9765035e-03
   4.0000000e+01   1.1882515e-04  -6.2277108e-03
   4.0100000e+01   1.2396493e-02  -1.5580642e-02
   4.0200000e+01   2.1352556e-02  -2.5000280e-02
   4.0300000e+01   2.3478361e-02  -2.1761038e-02
   4.0400000e+01   2.1185987e-02  -2.4652071e-03
   4.0500000e+01   1.9021569e-02   1.9260412e-02
   4.0600000e+01   1.7212262e-02   2.3559209e-02
   4.0700000e+01   1.1419320e-02   3.5666012e-03
   4.0800000e+01   7.4620599e-05  -2.7302304e-02
   4.0900000e+01  -1.0054436e-02  -4.7152715e-02
   4.1000000e+01  -8.7259710e-03  -4.3292344e-02
   4.1100000e+01   6.6006241e-03  -1.8895798e-02
   4.1200000e+01   2.6350918e-02   1.3733965e-02
   4.1300000e+01   3.7109051e-02   4.2725386e-02
   4.1400000e+01   3.3461086e-02   6.0616472e-02
   4.1500000e+01   2.0391372e-02   6.4021183e-02
   4.1600000e+01   5.3606933e-03   5.3390070e-02
   4.1700000e+01  -8.5976475e-03   3.3076950e-02
   4.1800000e+01  -2.0737028e-02   9.7544616e-03
   4.1900000e+01  -2.6736427e-02  -9.9686245e-03
   4.2000000e+01  -1.9427992e-02  -2.0506679e-02
   4.2100000e+01   3.1313532e-03  -1.7751045e-02
   4.2200000e+01   3.2099270e-02  -1.6225886e-03
   4.2300000e+01   5.2433799e-02   2.0818542e-02
   4.2400000e+01   5.3880346e-02   3.7267664e-02
   4.2500000e+01   3.8315330e-02   3.8626344e-02
   4.2600000e+01   1.7826579e-02   2.6856624e-02
   4.2700000e+01   5.8801139e-03   1.3379363e-02
   4.2800000e+01   7.9012505e-03   8.4230869e-03
   4.2900000e+01   1.7440178e-02   1.1721739e-02
   4.3000000e+01   2.1424740e-02   1.3811425e-02
   4.3100000e+01   1.1831890e-02   6.2215376e-03
   4.3200000e+01  -6.1454350e-03  -9.5678707e-03
   4.3300000e+01  -1.8796748e-02  -2.2262888e-02
   4.3400000e+01  -1.8486908e-02  -1.9148411e-02
   4.3500000e+01  -1.2809167e-02   3.9231749e-03
   4.3600000e+01  -1.6924867e-02   3.7325924e-02
   4.3700000e+01  -3.6285918e-02   6.0694520e-02
   4.3800000e+01  -5.8695992e-02   5.4436889e-02
   4.3900000e+01  -6.4755135e-02   1.4845674e-02
   4.4000000e+01  -4.5806926e-02  -3.8122102e-02
   4.4100000e+01  -1.1934851e-02  -7.0682941e-02
   4.4200000e+01   1.5367590e-02  -6.0039658e-02
   4.4300000e+01   1.7341553e-02  -1.4950433e-02
   4.4400000e+01  -1.1057695e-02   2.8635762e-02
   4.4500000e+01  -5.7264909e-02   3.6738664e-02
   4.4600000e+01  -9.5604806e-02   6.1377312e-03
   4.4700000e+01  -1.0102593e-01  -3.4312414e-02
   4.4800000e+01  -6.6603415e-02  -5.0952304e-02
   4.4900000e+01  -1.1083585e-02  -3.4608095e-02
   4.5000000e+01   3.3349032e-02  -5.1268429e-03
   4.5100000e+01   4.4929663e-02   9.4853073e-03
   4.5200000e+01   2.6540020e-02  -3.2956052e-03
   4.5300000e+01  -1.9483240e-03  -3.4305928e-02
   4.5400000e+01  -2.3053764e-02  -6.3780176e-02
   4.5500000e+01  -3.2452506e-02  -7.5707244e-02
   4.5600000e+01  -3.3622975e-02  -6.5033834e-02
   4.5700000e+01  -2.7787398e-02  -3.7662753e-02
   4.5800000e+01  -1.3144233e-02  -6.8534246e-03
   4.5900000e+01   7.2476163e-03   1.2922762e-02
   4.6000000e+01   2.1849468e-02   1.3776231e-02
   4.6100000e+01   1.9204478e-02  -7.4161894e-04
   4.6200000e+01   9.1097739e-04  -1.8613563e-02
   4.6300000e+01  -1.6229957e-02  -2.8543455e-02
   4.6400000e+01  -1.4013168e-02  -2.7295049e-02
   4.6500000e+01   9.7308825e-03  -1.9122085e-02
   4.6600000e+01   3.8049075e-02  -9.7416269e-03
   4.6700000e+01   5.0540836e-02  -2.1358116e-03
   4.6800000e+01   4.2586958e-02   2.7162236e-03
   4.6900000e+01   2.8555543e-02   4.0129683e-03
   4.7000000e+01   2.6144391e-02   2.3738599e-03
   4.7100000e+01   3.8975499e-02   2.0646174e-03
   4.7200000e+01   5.5347391e-02   8.7256363e-03
   4.7300000e+01   6.2180175e-02   2.2563316e-02
   4.7400000e+01   5.7106072e-02   3.4838914e-02
   4.7500000e+01   4.6549571e-02   3.4408761e-02
   4.7600000e+01   3.5603269e-02   1.9838176e-02
   4.7700000e+01   2.3758603e-02   3.8389848e-03
   4.7800000e+01   1.0490136e-02   2.7069826e-03
   4.7900000e+01   1.0694716e-03   1.9877250e-02
   4.8000000e+01   3.2459595e-03   4.1338658e-02
   4.8100000e+01   1.7955835e-02   4.9490741e-02
   4.8200000e+01   3.5456692e-02   4.1457745e-02
   4.8300000e+01   4.2392944e-02   3.1365770e-02
   4.8400000e+01   3.3027400e-02   3.3223101e-02
   4.8500000e+01   1.3557538e-02   4.3741665e-02
   4.8600000e+01  -3.9438245e-03   4.5719046e-02
   4.8700000e+01  -1.1267499e-02   2.8995818e-02
   4.8800000e+01  -8.8308486e-03   4.4429725e-03
   4.8900000e+01  -3.3268274e-03  -6.4434426e-03
   4.9000000e+01  -2.4174313e-03   4.9641337e-03
   4.9100000e+01  -1.0524301e-02   2.5160332e-02
   4.9200000e+01  -2.6378063e-02   3.4074431e-02
   4.9300000e+01  -4.2536149e-02   2.6627140e-02
   4.9400000e+01  -4.8957997e-02   1.5210380e-02
   4.9500000e+01  -4.0732370e-02   1.2092307e-02
   4.9600000e+01  -2.3781736e-02   1.4639505e-02
   4.9700000e+01  -1.0929787e-02   1.0796472e-02
   4.9800000e+01  -1.0003601e-02  -3.9862051e-03
   4.9900000e+01  -1.6340955e-02  -2.0414879e-02
   5.0000000e+01  -1.9057349e-02  -2.6579163e-02
   5.0100000e+01  -1.4394926e-02  -2.1496667e-02
   5.0200000e+01  -9.8823440e-03  -1.4556944e-02
   5.0300000e+01  -1.3758686e-02  -1.3515804e-02
   5.0400000e+01  -2.3029971e-02  -1.7056888e-02
   5.0500000e+01  -2.6117559e-02  -1.9829843e-02
   5.0600000e+01  -1.7705282e-02  -2.1289925e-02
   5.0700000e+01  -7.0629221e-03  -2.6311644e-02
   5.0800000e+01  -8.2951037e-03  -3.7529874e-02
   5.0900000e+01  -2.3335771e-02  -4.9691633e-02
   5.1000000e+01  -3.8101258e-02  -5.3016037e-02
   5.1100000e+01  -3.6933985e-02  -4.1960673e-02
   5.1200000e+01  -1.9041434e-02  -2.0776079e-02
   5.1300000e+01   1.3258266e-03  -1.1306425e-03
   5.1400000e+01   1.0293291e-02   6.2329142e-03
   5.1500000e+01   7.6934132e-03  -2.3406287e-04
   5.1600000e+01   4.3346328e-03  -1.1110264e-02
   5.1700000e+01   7.8841745e-03  -1.3301430e-02
   5.1800000e+01   1.4110962e-02  -1.5169012e-03
   5.1900000e+01   1.3166344e-02   1.6287807e-02
   5.2000000e+01   3.1281192e-03   2.5573570e-02
   5.2100000e+01  -5.4042698e-03   1.8358611e-02
   5.2200000e+01   4.7064469e-05   2.5389336e-04
   5.2300000e+01   1.9258081e-02  -1.4972019e-02
   5.2400000e+01   3.7489921e-02  -1.7162867e-02
   5.2500000e+01   3.9306663e-02  -6.8941830e-03
   5.2600000e+01   2.3086251e-02   6.6054137e-03
   5.2700000e+01   6.6186950e-04   1.2901336e-02
   5.2800000e+01  -1.5827364e-02   7.3663565e-03
   5.2900000e+01  -2.3586930e-02  -5.5991885e-03
   5.3000000e+01  -2.5721923e-02  -1.4925785e-02
   5.3100000e+01  -2.2907880e-02  -1.1027664e-02
   5.3200000e+01  -1.3196579e-02   4.8615917e-03
   5.3300000e+01   7.9871846e-04   1.9120525e-02
   5.3400000e+01   1.0037124e-02   1.6536566e-02
   5.3500000e+01   7.9169702e-03  -4.4366364e-03
   5.3600000e+01  -8.9608047e-04  -2.7383349e-02
   5.3700000e+01  -4.2727632e-03  -3.1364601e-02
   5.3800000e+01   4.0977754e-03  -1.0659623e-02
   5.3900000e+01   1.7333312e-02   1.8734509e-02
   5.4000000e+01   2.2179226e-02   3.2992998e-02
   5.4100000e+01   1.1991882e-02   2.1351939e-02
   5.4200000e+01  -7.3940922e-03  -5.8512913e-03
   5.4300000e+01  -2.2793934e-02  -2.7654306e-02
   5.4400000e+01  -2.3506868e-02  -2.9016954e-02
   5.4500000e+01  -8.5215304e-03  -8.6074869e-03
   5.4600000e+01   1.2308826e-02   2.4269871e-02
   5.4700000e+01   2.3964307e-02   5.5673863e-02
   5.4800000e+01   1.6912805e-02   7.1274149e-02
   5.4900000e+01  -4.3107414e-03   6.1487745e-02
   5.5000000e+01  -2.3153874e-02   2.8331202e-02
   5.5100000e+01  -2.4115192e-02  -1.2827605e-02
   5.5200000e+01  -5.7731846e-03  -4.2406645e-02
   5.5300000e+01   1.8393184e-02  -5.0366522e-02
   5.5400000e+01   3.1747804e-02  -4.1019963e-02
   5.5500000e+01   2.7480922e-02  -2.4692991e-02
   5.5600000e+01   1.2150615e-02  -7.3604405e-03
   5.5700000e+01  -9.6270592e-04   9.5501833e-03
   5.5800000e+01  -1.8853975e-03   2.1851048e-02
   5.5900000e+01   9.5349960e-03   2.1082288e-02
   5.6000000e+01   2.4034026e-02   3.7395969e-03
   5.6100000e+01   3.0003243e-02  -2.0113490e-02
   5.6200000e+01   2.2767680e-02  -3.2183990e-02
   5.6300000e+01   8.5568930e-03  -2.2502024e-02
   5.6400000e+01  -1.1800646e-03  -8.3668026e-05
   5.6500000e+01  -3.0820717e-04   1.4278081e-02
   5.6600000e+01   7.1664241e-03   6.4805288e-03
   5.6700000e+01   1.2858495e-02  -1.8713299e-02
   5.6800000e+01   1.3432529e-02  -4.1962230e-02
   5.6900000e+01   1.2661028e-02  -4.4575368e-02
   5.7000000e+01   1.4040450e-02  -2.1446529e-02
   5.7100000e+01   1.3606670e-02   1.6653558e-02
   5.7200000e+01   2.9787548e-03   5.0467291e-02
   5.7300000e+01  -1.9375785e-02   6.3341342e-02
   5.7400000e+01  -4.1589309e-02   5.0222500e-02
   5.7500000e+01  -4.6175983e-02   2.0526475e-02
   5.7600000e+01  -2.6480046e-02  -7.1469008e-03
   5.7700000e+01   4.8346180e-03  -1.6676253e-02
   5.7800000e+01   2.5420772e-02  -5.5634510e-03
   5.7900000e+01   2.2787029e-02   1.3087995e-02
   5.8000000e+01   4.7731533e-03   2.0747936e-02
   5.8100000e+01  -8.9545384e-03   8.6640758e-03
   5.8200000e+01  -5.1861690e-03  -1.4463452e-02
   5.8300000e+01   1.2458450e-02  -2.9375708e-02
   5.8400000e+01   2.8886411e-02  -2.2342583e-02
   5.8500000e+01   3.1016213e-02   3.0521459e-03
   5.8600000e+01   1.6985048e-02   2.8388313e-02
   5.8700000e+01  -4.2415510e-03   3.5144522e-02
   5.8800000e+01  -1.9919292e-02   1.9491678e-02
   5.8900000e+01  -2.1816760e-02  -5.1859149e-03
   5.9000000e+01  -1.1360609e-02  -2.0134973e-02
   5.9100000e+01   1.4013351e-03  -1.6985696e-02
   5.9200000e+01   5.1157539e-03  -3.2216009e-03
   5.9300000e+01  -4.1445003e-03   7.1414559e-03
   5.9400000e+01  -1.9919304e-02   7.5935292e-03
   5.9500000e+01  -3.0975618e-02   3.4912368e-03
   5.9600000e+01  -3.0618600e-02   3.4629151e-03
   5.9700000e+01  -2.1603111e-02   8.7806066e-03
   5.9800000e+01  -1.2905608e-02   1.2724698e-02
   5.9900000e+01  -1.1970282e-02   9.5619575e-03
   6.0000000e+01  -1.9509473e-02   2.1550488e-03
   6.0100000e+01  -3.0738646e-02  -1.1527692e-04
   6.0200000e+01  -4.0374534e-02   9.4225060e-03
   6.0300000e+01  -4.5478776e-02   2.7445146e-02
   6.0400000e+01  -4.4044587e-02   4.1858865e-02
   6.0500000e+01  -3.3691801e-02   4.0919176e-02
   6.0600000e+01  -1.4962818e-02   2.3304894e-02
   6.0700000e+01   4.1619862e-03   3.6842088e-04
   6.0800000e+01   1.1135229e-02  -1.2739142e-02
   6.0900000e+01   3.5516338e-04  -9.8101743e-03
   6.1000000e+01  -1.8336299e-02   2.2128658e-03
   6.1100000e+01  -2.6259832e-02   1.1522749e-02
   6.1200000e+01  -1.3389473e-02   1.2333496e-02
   6.1300000e+01   1.1551719e-02   6.7001196e-03
   6.1400000e+01   2.9570316e-02  -1.5741603e-03
   6.1500000e+01   2.8977915e-02  -1.0492410e-02
   6.1600000e+01   1.3785781e-02  -1.7588338e-02
   6.1700000e+01  -2.7623671e-03  -1.9643496e-02
   6.1800000e+01  -9.2366848e-03  -1.8270806e-02
   6.1900000e+01  -1.3363705e-03  -2.1996013e-02
   6.2000000e+01   1.7937104e-02  -3.6523236e-02
   6.2100000e+01   3.8951838e-02  -5.3208098e-02
   6.2200000e+01   4.8801728e-02  -5.4161104e-02
   6.2300000e+01   4.0458417e-02  -3.3149875e-02
   6.2400000e+01   2.1338398e-02  -7.5713567e-03
   6.2500000e+01   9.4212931e-03  -3.2490087e-03
   6.2600000e+01   1.6601106e-02  -2.6561750e-02
   6.2700000e+01   3.5850623e-02  -5.5878917e-02
   6.2800000e+01   4.7740082e-02  -6.2882212e-02
   6.2900000e+01   4.0702885e-02  -4.0421276e-02
   6.3000000e+01   2.2933190e-02  -7.9218057e-03
   6.3100000e+01   1.2711891e-02   8.4843446e-03
   6.3200000e+01   1.8302323e-02  -7.9431356e-04
   6.3300000e+01   2.9779097e-02  -2.2569429e-02
   6.3400000e+01   3.0851056e-02  -3.3147946e-02
   6.3500000e+01   1.6425125e-02  -1.6858336e-02
   6.3600000e+01  -3.2388863e-03   2.2128977e-02
   6.3700000e+01  -1.4450234e-02   6.1664949e-02
   6.3800000e+01  -1.3182063e-02   7.6433586e-02
   6.3900000e+01  -5.5148823e-03   5.6264753e-02
   6.4000000e+01   1.9564805e-03   1.3833810e-02
   6.4100000e+01   8.2065509e-03  -2.5484765e-02
   6.4200000e+01   1.3840315e-02  -4.3219035e-02
   6.4300000e+01   1.4966299e-02  -3.9239159e-02
   6.4400000e+01   5.2758436e-03  -2.5621198e-02
   6.4500000e+01  -1.5181598e-02  -1.1465138e-02
   6.4600000e+01  -3.6016570e-02   4.3070521e-03
   6.4700000e+01  -4.3756983e-02   2.5331189e-02
   6.4800000e+01  -3.3583502e-02   4.6049768e-02
   6.4900000e+01  -1.3735952e-02   5.1753722e-02
   6.5000000e+01   1.3763660e-03   3.2876827e-02
   6.5100000e+01   2.6930482e-03  -1.5958282e-03
   6.5200000e+01  -7.1860923e-03  -2.8118036e-02
   6.5300000e+01  -1.7740205e-02  -2.8490737e-02
   6.5400000e+01  -2.0933559e-02  -6.1632799e-03
   6.5500000e+01  -1.8765296e-02   1.7824766e-02
   6.5600000e+01  -1.9855449e-02   2.4728124e-02
   6.5700000e+01  -2.7659649e-02   1.3360368e-02
   6.5800000e+01  -3.3724251e-02  -2.7853395e-03
   6.5900000e+01  -2.5946895e-02  -9.9379589e-03
   6.6000000e+01  -4.1238692e-03  -3.8555667e-03
   6.6100000e+01   1.6255149e-02   1.1504618e-02
   6.6200000e+01   1.8923458e-02   2.9574553e-02
   6.6300000e+01   4.2655843e-03   4.3476821e-02
   6.6400000e+01  -1.1546526e-02   4.6488101e-02
   6.6500000e+01  -1.4764425e-02   3.5579043e-02
   6.6600000e+01  -7.5219705e-03   1.6273701e-02
   6.6700000e+01  -1.2226696e-03   1.4982109e-03
   6.6800000e+01  -3.4894128e-04   2.2784091e-03
   6.6900000e+01   1.6386475e-03   1.8265550e-02
   6.7000000e+01   9.9673928e-03   3.7900644e-02
   6.7100000e+01   1.7663495e-02   4.8416045e-02
   6.7200000e+01   1.2005611e-02   4.5564933e-02
   6.7300000e+01  -8.8205283e-03   3.3707505e-02
   6.7400000e+01  -3.0090923e-02   1.8019926e-02
   6.7500000e+01  -3.4445695e-02  -4.6589985e-04
   6.7600000e+01  -2.0240105e-02  -2.0511018e-02
   6.7700000e+01  -3.4320364e-03  -3.3903155e-02
   6.7800000e+01  -5.7577034e-04  -2.8857790e-02
   6.7900000e+01  -1.1444676e-02  -4.0537940e-03
   6.8000000e+01  -1.9823715e-02   2.3315153e-02
   6.8100000e+01  -1.1177410e-02   3.0138082e-02
   6.8200000e+01   1.1606942e-02   1.1146488e-02
   6.8300000e+01   3.0510416e-02  -1.3574023e-02
   6.8400000e+01   3.0126435e-02  -1.9578618e-02
   6.8500000e+01   1.3072808e-02  -5.4633373e-03
   6.8600000e+01  -2.1376838e-03   5.9225652e-03
   6.8700000e+01   9.9228799e-04  -5.2028757e-03
   6.8800000e+01   2.0260639e-02  -3.2372684e-02
   6.8900000e+01   3.5814250e-02  -5.1326367e-02
   6.9000000e+01   2.9092042e-02  -4.8168694e-02
   6.9100000e+01   2.0728064e-03  -3.2258732e-02
   6.9200000e+01  -2.2655212e-02  -2.0796973e-02
   6.9300000e+01  -2.2755791e-02  -1.8163379e-02
   6.9400000e+01   1.6864428e-03  -1.5980289e-02
   6.9500000e+01   2.7201078e-02  -9.2984689e-03
   6.9600000e+01   2.9144796e-02  -4.0407659e-03
   6.9700000e+01   5.3009342e-03  -6.7063864e-03
   6.9800000e+01  -2.2604196e-02  -1.3689369e-02
   6.9900000e+01  -3.0263293e-02  -1.6573775e-02
   7.0000000e+01  -1.3018979e-02  -1.4908124e-02
   7.0100000e+01   1.2178011e-02  -1.6574236e-02
   7.0200000e+01   2.4461163e-02  -2.4444469e-02
   7.0300000e+01   1.7452317e-02  -2.9194539e-02
   7.0400000e+01   2.0546353e-03  -2.0645334e-02
   7.0500000e+01  -5.7015378e-03  -3.5732169e-03
   7.0600000e+01   1.2584404e-03   4.2895858e-03
   7.0700000e+01   1.6363714e-02  -8.0998297e-03
   7.0800000e+01   2.5771343e-02  -3.1327223e-02
   7.0900000e+01   1.9790393e-02  -4.4350600e-02
   7.1000000e+01   1.1579902e-03  -3.5102985e-02
   7.1100000e+01  -1.5883384e-02  -9.5686135e-03
   7.1200000e+01  -1.6087764e-02   1.7586841e-02
   7.1300000e+01   3.8545172e-03   3.6438768e-02
   7.1400000e+01   3.0855987e-02   4.5009166e-02
   7.1500000e+01   4.4819883e-02   4.4286423e-02
   7.1600000e+01   3.5002998e-02   3.5207502e-02
   7.1700000e+01   8.8847393e-03   2.0049842e-02
   7.1800000e+01  -1.4903871e-02   2.8359229e-03
   7.1900000e+01  -2.2966023e-02  -1.2962557e-02
   7.2000000e+01  -1.7226074e-02  -2.4857991e-02
   7.2100000e+01  -9.9315076e-03  -2.8616168e-02
   7.2200000e+01  -1.0250994e-02  -1.8422485e-02
   7.2300000e+01  -1.6543984e-02   6.3454232e-03
   7.2400000e+01  -2.0485993e-02   3.4863596e-02
   7.2500000e+01  -1.6379972e-02   4.9434569e-02
   7.2600000e+01  -5.7403519e-03   3.9722775e-02
   7.2700000e+01   5.2265214e-03   1.2951629e-02
   7.2800000e+01   1.0637209e-02  -1.1070322e-02
   7.2900000e+01   8.5095280e-03  -1.6062713e-02
   7.3000000e+01   2.2514991e-03  -1.7911876e-03
   7.3100000e+01  -8.8994592e-04   1.7505151e-02
   7.3200000e+01   4.1960301e-03   2.6074283e-02
   7.3300000e+01   1.3640838e-02   1.9120614e-02
   7.3400000e+01   1.5392843e-02   4.6551226e-03
   7.3500000e+01   5.6469583e-04  -5.5512605e-03
   7.3600000e+01  -2.5053465e-02  -6.8398967e-03
   7.3700000e+01  -4.3351654e-02  -4.4159666e-03
   7.3800000e+01  -3.9872233e-02  -6.3875693e-03
   7.3900000e+01  -1.6830444e-02  -1.4831799e-02
   7.4000000e+01   1.0496271e-02  -2.3519571e-02
   7.4100000e+01   2.8436524e-02  -2.3423187e-02
   7.4200000e+01   3.3791846e-02  -1.0259895e-02
   7.4300000e+01   2.9951583e-02   1.1598697e-02
   7.4400000e+01   1.9420946e-02   3.0624817e-02
   7.4500000e+01   3.0998810e-03   3.4474406e-02
   7.4600000e+01  -1.5657553e-02   1.9003024e-02
   7.4700000e+01  -3.0759217e-02  -5.8269280e-03
   7.4800000e+01  -3.8126019e-02  -2.0504081e-02
   7.4900000e+01  -3.8383242e-02  -1.1109060e-02
   7.5000000e+01  -3.3733171e-02   1.7043016e-02
   7.5100000e+01  -2.4287151e-02   4.1819371e-02
   7.5200000e+01  -9.7203342e-03   4.3032117e-02
   7.5300000e+01   6.3870654e-03   2.0322973e-02
   7.5400000e+01   1.6767257e-02  -7.4304177e-03
   7.5500000e+01   1.6430491e-02  -2.0135868e-02
   7.5600000e+01   7.6331675e-03  -1.3538944e-02
   7.5700000e+01  -1.8651474e-03   4.1324603e-04
   7.5800000e+01  -5.1011650e-03   7.3866835e-03
   7.5900000e+01  -4.9776858e-04   3.1655993e-03
   7.6000000e+01   8.0743519e-03  -6.0439301e-03
   7.6100000e+01   1.4013999e-02  -1.2316948e-02
   7.6200000e+01   1.1583075e-02  -1.3042907e-02
   7.6300000e+01  -1.0036437e-04  -1.0438245e-02
   7.6400000e+01  -1.4666508e-02  -6.8243348e-03
   7.6500000e+01  -2.1531659e-02  -2.2391473e-03
   7.6600000e+01  -1.4474552e-02   3.4153533e-03
   7.6700000e+01   1.4951252e-03   7.3960523e-03
   7.6800000e+01   1.3233534e-02   5.0427394e-03
   7.6900000e+01   1.1170059e-02  -5.2898989e-03
   7.7000000e+01  -1.9796954e-03  -1.8448862e-02
   7.7100000e+01  -1.4734647e-02  -2.4981656e-02
   7.7200000e+01  -1.8268720e-02  -1.8931963e-02
   7.7300000e+01  -1.2778226e-02  -3.8013915e-03
   7.7400000e+01  -2.9862559e-03   9.4744119e-03
   7.7500000e+01   9.2288491e-03   1.0920220e-02
   7.7600000e+01   2.4472051e-02  -1.3670857e-03
   7.7700000e+01   3.8924873e-02  -2.0672050e-02
   7.7800000e+01   4.2320375e-02  -3.5989481e-02
   7.7900000e+01   2.6651863e-02  -3.6979862e-02
   7.8000000e+01  -3.2395477e-03  -1.8541097e-02
   7.8100000e+01  -3.0525086e-02   1.4639112e-02
   7.8200000e+01  -3.9554676e-02   4.7228585e-02
   7.8300000e+01  -2.7899710e-02   6.1289303e-02
   7.8400000e+01  -5.4279754e-03   5.0122961e-02
   7.8500000e+01   1.6332827e-02   2.4857344e-02
   7.8600000e+01   3.1669805e-02   4.6261496e-03
   7.8700000e+01   3.8937959e-02  -1.2323470e-03
   7.8800000e+01   3.6219880e-02   7.6219513e-05
   7.8900000e+01   2.2573674e-02  -3.5804727e-03
   7.9000000e+01   2.7888488e-03  -1.3494913e-02
   7.9100000e+01  -1.3018444e-02  -1.9119213e-02
   7.9200000e+01  -1.7052042e-02  -1.2284820e-02
   7.9300000e+01  -1.0536350e-02   1.5215413e-03
   7.9400000e+01  -1.8078358e-03   8.7287808e-03
   7.9500000e+01   1.5727871e-03   2.9183642e-03
   7.9600000e+01  -1.8601059e-03  -8.7938195e-03
   7.9700000e+01  -8.3071875e-03  -1.5043274e-02
   7.9800000e+01  -1.2417517e-02  -1.2745773e-02
   7.9900000e+01  -1.0730360e-02  -7.6605522e-03
   8.0000000e+01  -4.2125362e-03  -4.3867949e-03
