   1.0221618e+02   2.8602761e+01   2.5212700e+03
   1.0222247e+02   2.8215703e+01   2.0540200e+03
   0.0000000e+00  -7.7998179e-01  -7.7998179e-01
   1.0000000e-01  -7.7120898e-01  -7.2437352e-01
   2.0000000e-01  -7.2646203e-01  -6.0620404e-01
   3.0000000e-01  -6.8433651e-01  -4.6188040e-01
   4.0000000e-01  -6.7047464e-01  -3.4270920e-01
   5.0000000e-01  -6.8313759e-01  -2.7895108e-01
   6.0000000e-01  -6.9653146e-01  -2.5501727e-01
   7.0000000e-01  -6.8093001e-01  -2.2205785e-01
   8.0000000e-01  -6.2398033e-01  -1.4258554e-01
   9.0000000e-01  -5.3430548e-01  -2.7174685e-02
   1.0000000e+00  -4.2586130e-01   7.3687675e-02
   1.1000000e+00  -3.0278321e-01   1.1539726e-01
   1.2000000e+00  -1.6282820e-01   9.6426347e-02
   1.3000000e+00  -1.2354575e-02   5.1752795e-02
   1.4000000e+00   1.3100879e-01   1.6221842e-02
   1.5000000e+00   2.5567733e-01   5.2600969e-04
   1.6000000e+00   3.7096731e-01  -4.9242710e-04
   1.7000000e+00   4.9512571e-01   1.0844863e-02
   1.8000000e+00   6.2658950e-01   3.5778823e-02
   1.9000000e+00   7.3604359e-01   6.5865544e-02
   2.0000000e+00   7.9621578e-01   8.2178568e-02
   2.1000000e+00   8.1743879e-01   7.4274823e-02
   2.2000000e+00   8.4266602e-01   5.4385929e-02
   2.3000000e+00   9.0091493e-01   4.4852454e-02
   2.4000000e+00   9.7100814e-01   5.2110058e-02
   2.5000000e+00   1.0000000e+00   6.0279170e-02
   2.6000000e+00   9.5750316e-01   5.3704696e-02
   2.7000000e+00   8.6458649e-01   4.0941585e-02
   2.8000000e+00   7.6678769e-01   4.9899999e-02
   2.9000000e+00   6.8660647e-01   9.8060210e-02
   3.0000000e+00   6.1082810e-01   1.7073533e-01
   3.1000000e+00   5.2108081e-01   2.3146634e-01
   3.2000000e+00   4.2386441e-01   2.5455743e-01
   3.3000000e+00   3.4197342e-01   2.4819706e-01
   3.4000000e+00   2.8045145e-01   2.4703505e-01
   3.5000000e+00   2.1167373e-01   2.8172676e-01
   3.6000000e+00   1.0068520e-01   3.5250256e-01
   3.7000000e+00  -5.5025362e-02   4.2900744e-01
   3.8000000e+00  -2.1400923e-01   4.7552516e-01
   3.9000000e+00  -3.2185914e-01   4.7919890e-01
   4.0000000e+00  -3.5715495e-01   4.5720331e-01
   4.1000000e+00  -3.5029509e-01   4.3848470e-01
   4.2000000e+00  -3.5793156e-01   4.3841810e-01
   4.3000000e+00  -4.1602821e-01   4.4871760e-01
   4.4000000e+00  -5.1323150e-01   4.4763362e-01
   4.5000000e+00  -6.0584884e-01   4.1689459e-01
   4.6000000e+00  -6.5636511e-01   3.5112089e-01
   4.7000000e+00  -6.5852942e-01   2.5827068e-01
   4.8000000e+00  -6.3102506e-01   1.5656685e-01
   4.9000000e+00  -5.9475353e-01   6.7875453e-02
   5.0000000e+00  -5.5926602e-01   4.5132269e-03
   5.1000000e+00  -5.2551335e-01  -4.3100420e-02
   5.2000000e+00  -4.9233499e-01  -1.0112177e-01
   5.3000000e+00  -4.5621701e-01  -1.8560656e-01
   5.4000000e+00  -4.0900979e-01  -2.7883955e-01
   5.5000000e+00  -3.4259502e-01  -3.3984994e-01
   5.6000000e+00  -2.5802414e-01  -3.4725983e-01
   5.7000000e+00  -1.6769424e-01  -3.3142569e-01
   5.8000000e+00  -8.6491769e-02  -3.5479776e-01
   5.9000000e+00  -2.1833698e-02  -4.5166912e-01
   6.0000000e+00   2.6028173e-02  -5.8688495e-01
   6.1000000e+00   5.5857328e-02  -6.8014624e-01
   6.2000000e+00   6.3138847e-02  -6.7629322e-01
   6.3000000e+00   5.0386755e-02  -5.9265796e-01
   6.4000000e+00   3.8343154e-02  -4.9755508e-01
   6.5000000e+00   5.9360036e-02  -4.4529328e-01
   6.6000000e+00   1.3097534e-01  -4.3471772e-01
   6.7000000e+00   2.3263645e-01  -4.2667313e-01
   6.8000000e+00   3.1273966e-01  -3.9078655e-01
   6.9000000e+00   3.2686573e-01  -3.2797094e-01
   7.0000000e+00   2.7531927e-01  -2.5315379e-01
   7.1000000e+00   2.0389216e-01  -1.7057125e-01
   7.2000000e+00   1.6433490e-01  -7.4578031e-02
   7.3000000e+00   1.6999351e-01   3.0672877e-02
   7.4000000e+00   1.8800989e-01   1.2427103e-01
   7.5000000e+00   1.7473288e-01   1.8675864e-01
   7.6000000e+00   1.1917965e-01   2.2193212e-01
   7.7000000e+00   5.2353992e-02   2.5584228e-01
   7.8000000e+00   1.5152320e-02   3.1359477e-01
   7.9000000e+00   1.8820334e-02   3.9756552e-01
   8.0000000e+00   3.7415743e-02   4.8519376e-01
   8.1000000e+00   3.7012226e-02   5.4383086e-01
   8.2000000e+00   9.0772677e-03   5.4974197e-01
   8.3000000e+00  -2.5508596e-02   5.0218378e-01
   8.4000000e+00  -4.1629660e-02   4.2744446e-01
   8.5000000e+00  -3.4420828e-02   3.6731274e-01
   8.6000000e+00  -1.8565507e-02   3.5260444e-01
   8.7000000e+00  -8.3783458e-03   3.7825582e-01
   8.8000000e+00  -3.7979093e-03   4.0390489e-01
   8.9000000e+00   4.0389934e-03   3.8542037e-01
   9.0000000e+00   1.8426284e-02   3.1148321e-01
   9.1000000e+00   3.2466668e-02   2.1042448e-01
   9.2000000e+00   3.7915098e-02   1.2108062e-01
   9.3000000e+00   3.4949672e-02   5.8408061e-02
   9.4000000e+00   3.1619888e-02   7.9669580e-03
   9.5000000e+00   3.5337621e-02  -5.0566512e-02
   9.6000000e+00   4.6454718e-02  -1.2130755e-01
   9.7000000e+00   5.9190143e-02  -1.9411014e-01
   9.8000000e+00   6.7428964e-02  -2.6059175e-01
   9.9000000e+00   7.0676836e-02  -3.1996306e-01
   1.0000000e+01   7.6492062e-02  -3.7014645e-01
   1.0100000e+01   9.6493631e-02  -4.0291983e-01
   1.0200000e+01   1.3647574e-01  -4.1495119e-01
   1.0300000e+01   1.8810129e-01  -4.1979229e-01
   1.0400000e+01   2.3146775e-01  -4.3917028e-01
   1.0500000e+01   2.4816049e-01  -4.7837688e-01
   1.0600000e+01   2.3292108e-01  -5.1549831e-01
   1.0700000e+01   1.9388736e-01  -5.2119341e-01
   1.0800000e+01   1.4435669e-01  -4.8816235e-01
   1.0900000e+01   9.5520831e-02  -4.3582149e-01
   1.1000000e+01   5.2951738e-02  -3.8536666e-01
   1.1100000e+01   1.3787843e-02  -3.3636852e-01
   1.1200000e+01  -3.3000480e-02  -2.7272594e-01
   1.1300000e+01  -9.6477413e-02  -1.8846062e-01
   1.1400000e+01  -1.6822526e-01  -1.0038388e-01
   1.1500000e+01  -2.2055059e-01  -3.2674504e-02
   1.1600000e+01  -2.2900552e-01   7.7018939e-03
   1.1700000e+01  -2.0011182e-01   3.7525548e-02
   1.1800000e+01  -1.7144677e-01   8.1196972e-02
   1.1900000e+01  -1.7784874e-01   1.5026086e-01
   1.2000000e+01  -2.1734933e-01   2.3662192e-01
   1.2100000e+01  -2.5444057e-01   3.2137837e-01
   1.2200000e+01  -2.5818981e-01   3.8915552e-01
   1.2300000e+01  -2.3420858e-01   4.3732614e-01
   1.2400000e+01  -2.1705546e-01   4.7521688e-01
   1.2500000e+01  -2.3338262e-01   5.1496647e-01
   1.2600000e+01  -2.7563526e-01   5.6095216e-01
   1.2700000e+01  -3.1088377e-01   6.0561826e-01
   1.2800000e+01  -3.1105117e-01   6.3428236e-01
   1.2900000e+01  -2.7296442e-01   6.3426451e-01
   1.3000000e+01  -2.1373897e-01   6.0131678e-01
   1.3100000e+01  -1.5335501e-01   5.4015706e-01
   1.3200000e+01  -1.0251577e-01   4.6105247e-01
   1.3300000e+01  -6.0841789e-02   3.7621720e-01
   1.3400000e+01  -2.0285031e-02   2.9772067e-01
   1.3500000e+01   2.8800204e-02   2.3517281e-01
   1.3600000e+01   8.8486951e-02   1.9077363e-01
   1.3700000e+01   1.4684031e-01   1.5405919e-01
   1.3800000e+01   1.8427042e-01   1.0444715e-01
   1.3900000e+01   1.9107844e-01   2.6226051e-02
   1.4000000e+01   1.7827167e-01  -7.3995202e-02
   1.4100000e+01   1.6787631e-01  -1.6707950e-01
   1.4200000e+01   1.7347145e-01  -2.2512347e-01
   1.4300000e+01   1.9422584e-01  -2.4861977e-01
   1.4400000e+01   2.2631433e-01  -2.6724493e-01
   1.4500000e+01   2.7017122e-01  -3.1025595e-01
   1.4600000e+01   3.1935032e-01  -3.7700019e-01
   1.4700000e+01   3.4936974e-01  -4.3954286e-01
   1.4800000e+01   3.3331416e-01  -4.7341922e-01
   1.4900000e+01   2.7482757e-01  -4.8086351e-01
   1.5000000e+01   2.1536200e-01  -4.8138069e-01
   1.5100000e+01   1.9538464e-01  -4.8409151e-01
   1.5200000e+01   2.0851793e-01  -4.7701335e-01
   1.5300000e+01   2.0539954e-01  -4.4621290e-01
   1.5400000e+01   1.4869523e-01  -4.0029564e-01
   1.5500000e+01   5.7193557e-02  -3.6794093e-01
   1.5600000e+01  -1.2995636e-02  -3.6736843e-01
   1.5700000e+01  -2.8218863e-02  -3.8081872e-01
   1.5800000e+01  -9.4727461e-03  -3.6504238e-01
   1.5900000e+01  -4.3737476e-03  -2.9140790e-01
   1.6000000e+01  -3.6242725e-02  -1.7643678e-01
   1.6100000e+01  -8.6798967e-02  -7.1062853e-02
   1.6200000e+01  -1.2302180e-01  -1.7843236e-02
   1.6300000e+01  -1.3113358e-01  -1.7136707e-02
   1.6400000e+01  -1.2372463e-01  -3.2890617e-02
   1.6500000e+01  -1.2234335e-01  -2.8178244e-02
   1.6600000e+01  -1.3858693e-01   6.5344913e-03
   1.6700000e+01  -1.6748706e-01   5.6480860e-02
   1.6800000e+01  -1.9186309e-01   1.0612835e-01
   1.6900000e+01  -1.9297319e-01   1.5453283e-01
   1.7000000e+01  -1.6336115e-01   2.0883887e-01
   1.7100000e+01  -1.1385095e-01   2.6800348e-01
   1.7200000e+01  -6.6908478e-02   3.1659167e-01
   1.7300000e+01  -4.0426359e-02   3.3482744e-01
   1.7400000e+01  -3.6822717e-02   3.1486967e-01
   1.7500000e+01  -4.6288288e-02   2.6961556e-01
   1.7600000e+01  -5.7051848e-02   2.2751088e-01
   1.7700000e+01  -6.1187345e-02   2.1612520e-01
   1.7800000e+01  -5.5537595e-02   2.4406876e-01
   1.7900000e+01  -4.4201145e-02   2.9333108e-01
   1.8000000e+01  -4.0227162e-02   3.2930340e-01
   1.8100000e+01  -5.6134060e-02   3.2375852e-01
   1.8200000e+01  -8.4934715e-02   2.7494922e-01
   1.8300000e+01  -9.3586078e-02   2.0906706e-01
   1.8400000e+01  -4.7081157e-02   1.6047881e-01
   1.8500000e+01   5.2011587e-02   1.4510117e-01
   1.8600000e+01   1.4990109e-01   1.4852205e-01
   1.8700000e+01   1.7713453e-01   1.4024391e-01
   1.8800000e+01   1.0726915e-01   1.0302794e-01
   1.8900000e+01  -1.5506745e-02   5.0277999e-02
   1.9000000e+01  -1.0808747e-01   1.2845760e-02
   1.9100000e+01  -1.1314604e-01   6.3228814e-03
   1.9200000e+01  -4.1429889e-02   1.2250744e-02
   1.9300000e+01   4.1684365e-02  -4.9461798e-03
   1.9400000e+01   7.0421898e-02  -6.0739435e-02
   1.9500000e+01   2.8065697e-02  -1.3161565e-01
   1.9600000e+01  -4.5344212e-02  -1.7508021e-01
   1.9700000e+01  -8.8694063e-02  -1.6843688e-01
   1.9800000e+01  -6.7593876e-02  -1.2762683e-01
   1.9900000e+01   3.5108780e-03  -8.9929697e-02
   2.0000000e+01   7.9023113e-02  -8.0893488e-02
   2.0100000e+01   1.1985388e-01  -9.7169828e-02
   2.0200000e+01   1.1725609e-01  -1.1609926e-01
   2.0300000e+01   8.7432524e-02  -1.1741853e-01
   2.0400000e+01   5.1447642e-02  -9.7539963e-02
   2.0500000e+01   2.3522889e-02  -6.9447970e-02
   2.0600000e+01   1.2090830e-02  -5.2669059e-02
   2.0700000e+01   2.0373416e-02  -6.0025033e-02
   2.0800000e+01   4.0751523e-02  -8.7493343e-02
   2.0900000e+01   5.5485910e-02  -1.1431826e-01
   2.1000000e+01   5.3240074e-02  -1.1643131e-01
   2.1100000e+01   4.5732234e-02  -8.4811130e-02
   2.1200000e+01   5.8837126e-02  -3.3026738e-02
   2.1300000e+01   1.0016368e-01   1.3422866e-02
   2.1400000e+01   1.3973735e-01   3.6083430e-02
   2.1500000e+01   1.3303203e-01   3.4069168e-02
   2.1600000e+01   6.7158487e-02   1.9633709e-02
   2.1700000e+01  -2.1072182e-02   5.8952303e-03
   2.1800000e+01  -7.8963636e-02  -3.2090661e-03
   2.1900000e+01  -8.9035549e-02  -1.5386697e-02
   2.2000000e+01  -8.2245956e-02  -4.2882840e-02
   2.2100000e+01  -1.0030644e-01  -8.7771100e-02
   2.2200000e+01  -1.5009775e-01  -1.3116132e-01
   2.2300000e+01  -1.9947737e-01  -1.4249977e-01
   2.2400000e+01  -2.1565024e-01  -1.0881328e-01
   2.2500000e+01  -2.0096826e-01  -5.6345938e-02
   2.2600000e+01  -1.8705142e-01  -3.4460630e-02
   2.2700000e+01  -1.9639849e-01  -6.8930266e-02
   2.2800000e+01  -2.1591977e-01  -1.3112726e-01
   2.2900000e+01  -2.1141404e-01  -1.6002199e-01
   2.3000000e+01  -1.6543537e-01  -1.1890977e-01
   2.3100000e+01  -9.5908650e-02  -2.9996832e-02
   2.3200000e+01  -3.6148772e-02   4.6926878e-02
   2.3300000e+01  -6.7048540e-04   6.7514393e-02
   2.3400000e+01   2.4794093e-02   3.5688266e-02
   2.3500000e+01   6.0903456e-02  -8.3373804e-03
   2.3600000e+01   1.0903668e-01  -2.4934880e-02
   2.3700000e+01   1.5181194e-01  -1.8750009e-03
   2.3800000e+01   1.7508686e-01   4.5322438e-02
   2.3900000e+01   1.8210225e-01   9.1917624e-02
   2.4000000e+01   1.8467835e-01   1.2406067e-01
   2.4100000e+01   1.8765428e-01   1.4597983e-01
   2.4200000e+01   1.8875041e-01   1.6942294e-01
   2.4300000e+01   1.9083632e-01   1.9518263e-01
   2.4400000e+01   2.0434165e-01   2.0673478e-01
   2.4500000e+01   2.3211572e-01   1.8657879e-01
   2.4600000e+01   2.5695250e-01   1.3984433e-01
   2.4700000e+01   2.5276908e-01   9.6302275e-02
   2.4800000e+01   2.1046679e-01   8.3115897e-02
   2.4900000e+01   1.4853235e-01   9.6281534e-02
   2.5000000e+01   9.5585330e-02   1.0445553e-01
   2.5100000e+01   6.5663587e-02   8.3116673e-02
   2.5200000e+01   5.3539724e-02   4.0971142e-02
   2.5300000e+01   4.9910378e-02   8.9000798e-03
   2.5400000e+01   5.2739988e-02   5.3069972e-03
   2.5500000e+01   6.1460502e-02   1.7740281e-02
   2.5600000e+01   6.7442708e-02   1.9091676e-02
   2.5700000e+01   5.8615345e-02  -3.7743806e-03
   2.5800000e+01   3.3489262e-02  -4.1475993e-02
   2.5900000e+01   4.3242969e-03  -7.8092238e-02
   2.6000000e+01  -1.6254275e-02  -1.0775436e-01
   2.6100000e+01  -2.7515922e-02  -1.3276140e-01
   2.6200000e+01  -3.6101585e-02  -1.5100592e-01
   2.6300000e+01  -4.3475538e-02  -1.5297687e-01
   2.6400000e+01  -4.5115253e-02  -1.3305402e-01
   2.6500000e+01  -4.2695598e-02  -9.9612517e-02
   2.6600000e+01  -4.9957930e-02  -7.0213595e-02
   2.6700000e+01  -8.1049571e-02  -5.7378345e-02
   2.6800000e+01  -1.3547626e-01  -6.0722013e-02
   2.6900000e+01  -1.9941197e-01  -7.0983861e-02
   2.7000000e+01  -2.6055657e-01  -7.7388701e-02
   2.7100000e+01  -3.1552081e-01  -7.0746018e-02
   2.7200000e+01  -3.6091003e-01  -4.5403587e-02
   2.7300000e+01  -3.8399582e-01  -4.5951691e-03
   2.7400000e+01  -3.7050687e-01   3.6464035e-02
   2.7500000e+01  -3.2299202e-01   5.8882126e-02
   2.7600000e+01  -2.6648351e-01   5.5998031e-02
   2.7700000e+01  -2.3132531e-01   4.0217126e-02
   2.7800000e+01  -2.2899687e-01   3.1465308e-02
   2.7900000e+01  -2.4396845e-01   3.8690897e-02
   2.8000000e+01  -2.4711070e-01   5.3650685e-02
   2.8100000e+01  -2.1635807e-01   6.1401896e-02
   2.8200000e+01  -1.4817234e-01   5.4043768e-02
   2.8300000e+01  -5.5780043e-02   3.4450364e-02
   2.8400000e+01   3.9107867e-02   1.0820845e-02
   2.8500000e+01   1.1439859e-01  -8.7712031e-03
   2.8600000e+01   1.5481480e-01  -1.7470393e-02
   2.8700000e+01   1.5956713e-01  -9.6423595e-03
   2.8800000e+01   1.4697948e-01   1.6532185e-02
   2.8900000e+01   1.4796604e-01   5.4911707e-02
   2.9000000e+01   1.8596787e-01   8.9921027e-02
   2.9100000e+01   2.5580434e-01   1.0156943e-01
   2.9200000e+01   3.2194493e-01   7.7300494e-02
   2.9300000e+01   3.4364475e-01   2.4481944e-02
   2.9400000e+01   3.0835984e-01  -2.8229070e-02
   2.9500000e+01   2.4305096e-01  -4.8014292e-02
   2.9600000e+01   1.9159566e-01  -2.4350007e-02
   2.9700000e+01   1.7881536e-01   1.8561234e-02
   2.9800000e+01   1.9397055e-01   3.9484948e-02
   2.9900000e+01   2.0613364e-01   1.6502232e-02
   3.0000000e+01   1.9295508e-01  -3.0888198e-02
   3.0100000e+01   1.5492989e-01  -5.7005392e-02
   3.0200000e+01   1.0628215e-01  -3.0911803e-02
   3.0300000e+01   5.8043008e-02   3.4124268e-02
   3.0400000e+01   1.2865098e-02   8.9742005e-02
   3.0500000e+01  -2.6875948e-02   9.1560417e-02
   3.0600000e+01  -5.3355152e-02   3.3519155e-02
   3.0700000e+01  -6.1226539e-02  -4.9950829e-02
   3.0800000e+01  -5.9864152e-02  -1.1138946e-01
   3.0900000e+01  -7.0364150e-02  -1.2236076e-01
   3.1000000e+01  -1.0411792e-01  -8.7389801e-02
   3.1100000e+01  -1.4530213e-01  -3.5280681e-02
   3.1200000e+01  -1.6098700e-01   1.7993354e-03
   3.1300000e+01  -1.3286560e-01   7.5157363e-03
   3.1400000e+01  -7.7425582e-02  -1.1763342e-02
   3.1500000e+01  -3.1837623e-02  -3.6262534e-02
   3.1600000e+01  -2.1040650e-02  -5.1178914e-02
   3.1700000e+01  -4.1427956e-02  -5.7589198e-02
   3.1800000e+01  -7.3995411e-02  -6.4301404e-02
   3.1900000e+01  -1.0464036e-01  -6.9840141e-02
   3.2000000e+01  -1.2658925e-01  -5.8257966e-02
   3.2100000e+01  -1.3008765e-01  -1.8342223e-02
   3.2200000e+01  -1.0338354e-01   3.5139667e-02
   3.2300000e+01  -4.9524453e-02   6.7898349e-02
   3.2400000e+01   5.8698659e-03   5.9259691e-02
   3.2500000e+01   3.4819400e-02   2.5757031e-02
   3.2600000e+01   3.6315730e-02   5.6626015e-03
   3.2700000e+01   3.7569299e-02   1.9588874e-02
   3.2800000e+01   6.1198258e-02   5.1008377e-02
   3.2900000e+01   9.6498821e-02   6.7322379e-02
   3.3000000e+01   1.1112745e-01   5.5518573e-02
   3.3100000e+01   9.0153647e-02   3.2639767e-02
   3.3200000e+01   5.4491804e-02   2.3260015e-02
   3.3300000e+01   3.6163479e-02   3.2185932e-02
   3.3400000e+01   4.2022768e-02   4.0710855e-02
   3.3500000e+01   5.1117609e-02   2.6301124e-02
   3.3600000e+01   4.6902860e-02  -1.5687512e-02
   3.3700000e+01   4.1271771e-02  -6.6144490e-02
   3.3800000e+01   5.9067990e-02  -9.4077982e-02
   3.3900000e+01   1.0277576e-01  -7.6822599e-02
   3.4000000e+01   1.4205905e-01  -1.6171643e-02
   3.4100000e+01   1.4201252e-01   5.9769844e-02
   3.4200000e+01   9.7649713e-02   1.1178270e-01
   3.4300000e+01   3.6234571e-02   1.1312077e-01
   3.4400000e+01  -1.2539737e-02   6.5491966e-02
   3.4500000e+01  -4.3085574e-02  -3.8418168e-03
   3.4600000e+01  -6.8653287e-02  -6.1007641e-02
   3.4700000e+01  -9.4035797e-02  -8.5973695e-02
   3.4800000e+01  -1.0138949e-01  -8.0263449e-02
   3.4900000e+01  -6.8889183e-02  -5.9090764e-02
   3.5000000e+01  -2.8325179e-03  -3.7513284e-02
   3.5100000e+01   5.5286100e-02  -2.2712007e-02
   3.5200000e+01   6.0631707e-02  -1.5479154e-02
   3.5300000e+01   6.1640342e-03  -1.4043004e-02
   3.5400000e+01  -6.9884523e-02  -1.4167276e-02
   3.5500000e+01  -1.1864477e-01  -8.7122727e-03
   3.5600000e+01  -1.2166502e-01   6.9801184e-03
   3.5700000e+01  -9.9023961e-02   2.6769330e-02
   3.5800000e+01  -8.3228849e-02   3.4005368e-02
   3.5900000e+01  -9.0251105e-02   1.4992223e-02
   3.6000000e+01  -1.1230640e-01  -2.6047431e-02
   3.6100000e+01  -1.2937356e-01  -6.6442830e-02
   3.6200000e+01  -1.2478192e-01  -8.0569820e-02
   3.6300000e+01  -9.7710474e-02  -5.7601456e-02
   3.6400000e+01  -6.8538799e-02  -8.3875698e-03
   3.6500000e+01  -6.7871757e-02   4.0482668e-02
   3.6600000e+01  -1.0862258e-01   6.0936901e-02
   3.6700000e+01  -1.6503774e-01   4.0945166e-02
   3.6800000e+01  -1.8810594e-01  -3.5785596e-03
   3.6900000e+01  -1.5144896e-01  -3.5571301e-02
   3.7000000e+01  -8.1348796e-02  -2.5218882e-02
   3.7100000e+01  -3.4260722e-02   2.0618969e-02
   3.7200000e+01  -4.2081557e-02   5.8710039e-02
   3.7300000e+01  -8.3202748e-02   4.6510792e-02
   3.7400000e+01  -1.0884449e-01  -1.5761816e-02
   3.7500000e+01  -9.2891783e-02  -8.0463055e-02
   3.7600000e+01  -5.1310895e-02  -9.3476280e-02
   3.7700000e+01  -1.5827482e-02  -4.3151630e-02
   3.7800000e+01   3.4081970e-03   2.9630750e-02
   3.7900000e+01   2.5208346e-02   6.9393172e-02
   3.8000000e+01   7.1067443e-02   5.4927423e-02
   3.8100000e+01   1.3706361e-01   1.3382391e-02
   3.8200000e+01   1.9456505e-01  -1.0571217e-02
   3.8300000e+01   2.1860007e-01   2.3304673e-03
   3.8400000e+01   2.1386202e-01   3.2443721e-02
   3.8500000e+01   2.0995221e-01   4.6998739e-02
   3.8600000e+01   2.2868711e-01   3.6144197e-02
   3.8700000e+01   2.5732732e-01   2.2344038e-02
   3.8800000e+01   2.5886980e-01   3.5168228e-02
   3.8900000e+01   2.1228421e-01   7.8623467e-02
   3.9000000e+01   1.4067391e-01   1.2427258e-01
   3.9100000e+01   9.4747591e-02   1.3620859e-01
   3.9200000e+01   1.0614498e-01   1.0269299e-01
   3.9300000e+01   1.5824096e-01   4.5016449e-02
   3.9400000e+01   2.0313350e-01  -1.7917349e-03
   3.9500000e+01   2.0448520e-01  -1.6222031e-02
   3.9600000e+01   1.6232652e-01  -2.4294982e-03
   3.9700000e+01   1.0097219e-01   1.8458963e-02
   3.9800000e+01   4.1522098e-02   2.6680130e-02
   3.9900000e+01  -9.7296996e-03   1.7530144e-02
   4.0000000e+01  -5.1316054e-02   2.7603800e-03
   4.0100000e+01  -7.5552748e-02  -4.8355163e-04
   4.0200000e+01  -7.4028736e-02   1.3578354e-02
   4.0300000e+01  -5.2886762e-02   2.9947378e-02
   4.0400000e+01  -3.6136613e-02   2.2111270e-02
   4.0500000e+01  -4.7164710e-02  -2.3920677e-02
   4.0600000e+01  -8.4387480e-02  -9.1937555e-02
   4.0700000e+01  -1.1799422e-01  -1.4359151e-01
   4.0800000e+01  -1.1644835e-01  -1.4789889e-01
   4.0900000e+01  -7.9805973e-02  -1.0605141e-01
   4.1000000e+01  -4.5036684e-02  -4.9505486e-02
   4.1100000e+01  -5.3091246e-02  -1.4614347e-02
   4.1200000e+01  -1.0723351e-01  -1.6859209e-02
   4.1300000e+01  -1.6535366e-01  -4.4580075e-02
   4.1400000e+01  -1.7747117e-01  -7.3150785e-02
   4.1500000e+01  -1.3301191e-01  -8.4527395e-02
   4.1600000e+01  -7.0209663e-02  -7.5880098e-02
   4.1700000e+01  -3.7696207e-02  -5.3438706e-02
   4.1800000e+01  -4.7728854e-02  -2.2229942e-02
   4.1900000e+01  -6.8884689e-02   1.5258197e-02
   4.2000000e+01  -6.3756209e-02   5.1698393e-02
   4.2100000e+01  -2.9457315e-02   7.2535999e-02
   4.2200000e+01   2.6323151e-03   6.7266398e-02
   4.2300000e+01   5.2256785e-03   4.3461588e-02
   4.2400000e+01  -1.3281389e-02   2.4406312e-02
   4.2500000e+01  -1.9724800e-02   2.8390610e-02
   4.2600000e+01   4.1970032e-03   5.0492992e-02
   4.2700000e+01   3.9974647e-02   6.6804717e-02
   4.2800000e+01   5.2792581e-02   5.6951778e-02
   4.2900000e+01   2.9792333e-02   2.2560697e-02
   4.3000000e+01  -7.5750166e-03  -1.3998251e-02
   4.3100000e+01  -2.8808378e-02  -2.6793787e-02
   4.3200000e+01  -2.6198746e-02  -5.1567782e-03
   4.3300000e+01  -1.8488553e-02   3.7417202e-02
   4.3400000e+01  -2.6830143e-02   6.9314105e-02
   4.3500000e+01  -5.3035021e-02   6.0334899e-02
   4.3600000e+01  -8.1933084e-02   4.2532052e-03
   4.3700000e+01  -9.9566532e-02  -7.2768853e-02
   4.3800000e+01  -1.0431293e-01  -1.2817227e-01
   4.3900000e+01  -1.0146544e-01  -1.3357773e-01
   4.4000000e+01  -9.2286491e-02  -9.5310620e-02
   4.4100000e+01  -7.2309248e-02  -4.7641077e-02
   4.4200000e+01  -4.0392482e-02  -2.5365024e-02
   4.4300000e+01  -7.1268901e-03  -3.9369203e-02
   4.4400000e+01   8.3969862e-03  -7.3450283e-02
   4.4500000e+01  -6.9969435e-03  -1.0055138e-01
   4.4600000e+01  -4.6619202e-02  -1.0224055e-01
   4.4700000e+01  -8.3587787e-02  -7.7747838e-02
   4.4800000e+01  -8.7514729e-02  -4.0781477e-02
   4.4900000e+01  -4.7251434e-02  -9.9457974e-03
   4.5000000e+01   1.8706557e-02   1.7340649e-03
   4.5100000e+01   7.4829484e-02  -5.7078992e-03
   4.5200000e+01   9.5737748e-02  -1.9080282e-02
   4.5300000e+01   8.5198204e-02  -2.1272691e-02
   4.5400000e+01   6.9846854e-02  -3.9991197e-03
   4.5500000e+01   7.3499083e-02   2.6571341e-02
   4.5600000e+01   9.6406634e-02   5.5582572e-02
   4.5700000e+01   1.1831537e-01   6.9983376e-02
   4.5800000e+01   1.1988559e-01   6.5123341e-02
   4.5900000e+01   9.9941091e-02   4.6305678e-02
   4.6000000e+01   7.3608454e-02   2.7823875e-02
   4.6100000e+01   5.7678731e-02   2.7393456e-02
   4.6200000e+01   5.9509887e-02   5.3514885e-02
   4.6300000e+01   7.6306725e-02   9.4204530e-02
   4.6400000e+01   9.8744253e-02   1.2215181e-01
   4.6500000e+01   1.1318282e-01   1.1710298e-01
   4.6600000e+01   1.0560793e-01   8.4234956e-02
   4.6700000e+01   7.1342019e-02   4.8049328e-02
   4.6800000e+01   2.3988513e-02   2.8558054e-02
   4.6900000e+01  -9.5421305e-03   2.6571785e-02
   4.7000000e+01  -1.0149857e-02   3.1512675e-02
   4.7100000e+01   1.3801181e-02   3.6961251e-02
   4.7200000e+01   3.0806348e-02   4.3613122e-02
   4.7300000e+01   1.5864081e-02   5.0516735e-02
   4.7400000e+01  -2.1836264e-02   5.1166444e-02
   4.7500000e+01  -4.4068089e-02   4.0891882e-02
   4.7600000e+01  -2.1077473e-02   2.4259317e-02
   4.7700000e+01   3.5513630e-02   1.1925870e-02
   4.7800000e+01   8.0801505e-02   1.1468377e-02
   4.7900000e+01   7.9407196e-02   2.2571333e-02
   4.8000000e+01   3.7403875e-02   3.8007635e-02
   4.8100000e+01  -1.0674098e-02   4.5517686e-02
   4.8200000e+01  -4.1602354e-02   3.1341495e-02
   4.8300000e+01  -6.1050383e-02  -9.8537205e-03
   4.8400000e+01  -7.9958675e-02  -6.3587135e-02
   4.8500000e+01  -8.5257281e-02  -9.8092294e-02
   4.8600000e+01  -4.9360597e-02  -8.6751416e-02
   4.8700000e+01   2.8283978e-02  -3.2673304e-02
   4.8800000e+01   1.0128408e-01   3.0624750e-02
   4.8900000e+01   1.1156850e-01   6.6113479e-02
   4.9000000e+01   4.7142922e-02   6.1684148e-02
   4.9100000e+01  -4.1237772e-02   3.2392404e-02
   4.9200000e+01  -8.4310609e-02  -1.6646408e-03
   4.9300000e+01  -5.3358612e-02  -3.3842270e-02
   4.9400000e+01   2.3090220e-02  -6.5822945e-02
   4.9500000e+01   9.1642814e-02  -9.0331422e-02
   4.9600000e+01   1.1508852e-01  -8.8689101e-02
   4.9700000e+01   8.7572931e-02  -5.0303496e-02
   4.9800000e+01   2.6743185e-02   9.2174089e-03
   4.9900000e+01  -3.7273918e-02   5.6595074e-02
   5.0000000e+01  -7.1047339e-02   7.0687992e-02
   5.0100000e+01  -5.3290643e-02   6.1684002e-02
   5.0200000e+01   6.6309347e-03   5.7887354e-02
   5.0300000e+01   6.6775237e-02   7.3644587e-02
   5.0400000e+01   7.8997294e-02   9.1980340e-02
   5.0500000e+01   2.6853205e-02   7.9293929e-02
   5.0600000e+01  -5.8318061e-02   1.7246270e-02
   5.0700000e+01  -1.2047067e-01  -7.7481150e-02
   5.0800000e+01  -1.2377425e-01  -1.6157792e-01
   5.0900000e+01  -8.1156630e-02  -1.9400108e-01
   5.1000000e+01  -4.0854104e-02  -1.6390320e-01
   5.1100000e+01  -4.2131386e-02  -9.8213558e-02
   5.1200000e+01  -8.0415938e-02  -4.3153664e-02
   5.1300000e+01  -1.1480717e-01  -3.1874401e-02
   5.1400000e+01  -1.1052994e-01  -6.2120904e-02
   5.1500000e+01  -7.3842737e-02  -1.0212870e-01
   5.1600000e+01  -4.4677930e-02  -1.1999737e-01
   5.1700000e+01  -5.6329792e-02  -1.1030756e-01
   5.1800000e+01  -1.0439148e-01  -9.4061071e-02
   5.1900000e+01  -1.5391376e-01  -9.4262542e-02
   5.2000000e+01  -1.7243037e-01  -1.1310118e-01
   5.2100000e+01  -1.5421329e-01  -1.3250896e-01
   5.2200000e+01  -1.1729817e-01  -1.3360585e-01
   5.2300000e+01  -8.3946124e-02  -1.1255434e-01
   5.2400000e+01  -6.5100527e-02  -7.9045126e-02
   5.2500000e+01  -5.8215956e-02  -4.4603165e-02
   5.2600000e+01  -5.4982893e-02  -1.5141008e-02
   5.2700000e+01  -5.1152739e-02   8.3226461e-03
   5.2800000e+01  -5.0707329e-02   2.6717761e-02
   5.2900000e+01  -5.9648446e-02   4.1465056e-02
   5.3000000e+01  -7.4447584e-02   5.3199815e-02
   5.3100000e+01  -7.9679221e-02   6.1522810e-02
   5.3200000e+01  -6.2438079e-02   6.8733012e-02
   5.3300000e+01  -2.9357587e-02   8.3331796e-02
   5.3400000e+01  -3.0413329e-03   1.1307603e-01
   5.3500000e+01   2.9709028e-03   1.4899693e-01
   5.3600000e+01   1.7863603e-03   1.6113987e-01
   5.3700000e+01   1.8526975e-02   1.2244410e-01
   5.3800000e+01   5.7810817e-02   4.3255930e-02
   5.3900000e+01   9.3298409e-02  -2.4449318e-02
   5.4000000e+01   9.5115127e-02  -2.8613645e-02
   5.4100000e+01   6.4558954e-02   3.3056606e-02
   5.4200000e+01   3.5556119e-02   1.0893704e-01
   5.4300000e+01   4.1857984e-02   1.4278671e-01
   5.4400000e+01   8.7780770e-02   1.2561471e-01
   5.4500000e+01   1.5128348e-01   9.6725247e-02
   5.4600000e+01   2.0767477e-01   9.7022770e-02
   5.4700000e+01   2.4394856e-01   1.2744294e-01
   5.4800000e+01   2.5560010e-01   1.5425734e-01
   5.4900000e+01   2.4268831e-01   1.4919296e-01
   5.5000000e+01   2.1480031e-01   1.1833989e-01
   5.5100000e+01   1.9171923e-01   9.2261173e-02
   5.5200000e+01   1.8788560e-01   9.2954311e-02
   5.5300000e+01   1.9544739e-01   1.1321304e-01
   5.5400000e+01   1.9125205e-01   1.2554324e-01
   5.5500000e+01   1.6524161e-01   1.0736681e-01
   5.5600000e+01   1.3624769e-01   5.8389706e-02
   5.5700000e+01   1.3247488e-01  -1.0146806e-03
   5.5800000e+01   1.5796034e-01  -4.4299234e-02
   5.5900000e+01   1.8550518e-01  -5.4706410e-02
   5.6000000e+01   1.8416106e-01  -3.5296538e-02
   5.6100000e+01   1.4758495e-01  -8.6388974e-03
   5.6200000e+01   9.2468144e-02  -3.5851131e-03
   5.6300000e+01   3.6347420e-02  -3.4450680e-02
   5.6400000e+01  -1.4149219e-02  -8.8608686e-02
   5.6500000e+01  -5.5530627e-02  -1.3618189e-01
   5.6600000e+01  -8.0475234e-02  -1.5530882e-01
   5.6700000e+01  -8.6833087e-02  -1.4889560e-01
   5.6800000e+01  -8.9012499e-02  -1.3696629e-01
   5.6900000e+01  -1.0995568e-01  -1.3514494e-01
   5.7000000e+01  -1.5713996e-01  -1.4260091e-01
   5.7100000e+01  -2.1002189e-01  -1.4790284e-01
   5.7200000e+01  -2.3620102e-01  -1.4089931e-01
   5.7300000e+01  -2.2131852e-01  -1.1857316e-01
   5.7400000e+01  -1.8206781e-01  -8.6120535e-02
   5.7500000e+01  -1.4972111e-01  -5.7290747e-02
   5.7600000e+01  -1.4198205e-01  -4.9046852e-02
   5.7700000e+01  -1.5154947e-01  -6.6723177e-02
   5.7800000e+01  -1.6098377e-01  -9.2219202e-02
   5.7900000e+01  -1.6531858e-01  -9.3931600e-02
   5.8000000e+01  -1.7566081e-01  -5.5702265e-02
   5.8100000e+01  -1.9896549e-01   3.7569887e-03
   5.8200000e+01  -2.1911222e-01   4.3892794e-02
   5.8300000e+01  -2.0688988e-01   3.6519106e-02
   5.8400000e+01  -1.5325662e-01  -1.2110841e-02
   5.8500000e+01  -8.7590020e-02  -6.9272411e-02
   5.8600000e+01  -5.3864212e-02  -1.0040823e-01
   5.8700000e+01  -6.6275928e-02  -8.7008929e-02
   5.8800000e+01  -9.4350139e-02  -3.0582929e-02
   5.8900000e+01  -9.6409783e-02   4.8997908e-02
   5.9000000e+01  -6.3483228e-02   1.1688232e-01
   5.9100000e+01  -2.3532925e-02   1.3590962e-01
   5.9200000e+01  -4.6399860e-03   9.1395054e-02
   5.9300000e+01  -4.1025387e-03   1.0766691e-02
   5.9400000e+01   1.5363798e-03  -4.7368560e-02
   5.9500000e+01   2.3595282e-02  -3.6615576e-02
   5.9600000e+01   4.8371126e-02   3.6380014e-02
   5.9700000e+01   5.6837880e-02   1.1584335e-01
   5.9800000e+01   4.9112672e-02   1.4727375e-01
   5.9900000e+01   4.5263407e-02   1.2585988e-01
   6.0000000e+01   6.5047487e-02   9.2734393e-02
   6.0100000e+01   1.0896890e-01   8.4396894e-02
   6.0200000e+01   1.5552049e-01   9.2858277e-02
   6.0300000e+01   1.7437395e-01   8.0720799e-02
   6.0400000e+01   1.4791770e-01   3.0638471e-02
   6.0500000e+01   8.8551585e-02  -3.0200255e-02
   6.0600000e+01   3.5598129e-02  -5.7222411e-02
   6.0700000e+01   2.7088016e-02  -3.2757094e-02
   6.0800000e+01   6.7403035e-02   2.1656086e-02
   6.0900000e+01   1.2282827e-01   7.0699171e-02
   6.1000000e+01   1.5229610e-01   9.3306300e-02
   6.1100000e+01   1.4333028e-01   8.7272692e-02
   6.1200000e+01   1.1745487e-01   5.9800752e-02
   6.1300000e+01   1.0283437e-01   2.3107457e-02
   6.1400000e+01   1.0527704e-01  -6.4937739e-03
   6.1500000e+01   1.0572653e-01  -1.8103585e-02
   6.1600000e+01   8.1953282e-02  -1.8490815e-02
   6.1700000e+01   3.0644284e-02  -2.7153233e-02
   6.1800000e+01  -2.8494645e-02  -5.3174246e-02
   6.1900000e+01  -6.6371826e-02  -8.1002441e-02
   6.2000000e+01  -6.4068441e-02  -8.5720383e-02
   6.2100000e+01  -2.6262548e-02  -6.0951131e-02
   6.2200000e+01   1.9513275e-02  -2.5077397e-02
   6.2300000e+01   4.0038747e-02   3.7981293e-04
   6.2400000e+01   2.1671524e-02   1.0576935e-02
   6.2500000e+01  -1.5900320e-02   1.1299545e-02
   6.2600000e+01  -3.4230208e-02   8.6236500e-04
   6.2700000e+01  -1.1766313e-02  -2.9930283e-02
   6.2800000e+01   3.2331606e-02  -7.7459738e-02
   6.2900000e+01   5.3792131e-02  -1.1454119e-01
   6.3000000e+01   2.6065827e-02  -1.0999850e-01
   6.3100000e+01  -3.3961459e-02  -5.9900946e-02
   6.3200000e+01  -8.4458248e-02   5.5652270e-03
   6.3300000e+01  -9.8226650e-02   4.8126995e-02
   6.3400000e+01  -7.8865603e-02   5.2048952e-02
   6.3500000e+01  -4.3420501e-02   2.9934854e-02
   6.3600000e+01  -3.9934833e-03   5.7568898e-03
   6.3700000e+01   2.6939890e-02  -1.4058654e-03
   6.3800000e+01   2.6468196e-02   1.8673857e-02
   6.3900000e+01  -2.2962102e-02   6.5874757e-02
   6.4000000e+01  -1.0309681e-01   1.2284829e-01
   6.4100000e+01  -1.6001735e-01   1.5471198e-01
   6.4200000e+01  -1.4962458e-01   1.2996188e-01
   6.4300000e+01  -8.2621791e-02   5.1423880e-02
   6.4400000e+01  -1.5560802e-02  -3.5503692e-02
   6.4500000e+01   4.3257688e-03  -7.3591654e-02
   6.4600000e+01  -2.0643787e-02  -3.9247127e-02
   6.4700000e+01  -5.3525451e-02   3.8873942e-02
   6.4800000e+01  -6.7681793e-02   1.0329388e-01
   6.4900000e+01  -6.8599309e-02   1.0945508e-01
   6.5000000e+01  -7.5593785e-02   5.1856873e-02
   6.5100000e+01  -9.3591946e-02  -3.8491036e-02
   6.5200000e+01  -1.0810102e-01  -1.1609543e-01
   6.5300000e+01  -1.0295420e-01  -1.4758619e-01
   6.5400000e+01  -7.6871748e-02  -1.3032606e-01
   6.5500000e+01  -4.2924036e-02  -9.1793753e-02
   6.5600000e+01  -1.5627477e-02  -6.6550253e-02
   6.5700000e+01   4.9233009e-04  -6.6700031e-02
   6.5800000e+01   1.2036023e-02  -7.3486275e-02
   6.5900000e+01   2.8022983e-02  -6.1000079e-02
   6.6000000e+01   4.9294069e-02  -2.8992890e-02
   6.6100000e+01   6.6372716e-02  -8.4002303e-03
   6.6200000e+01   6.9326844e-02  -2.9902649e-02
   6.6300000e+01   6.0312526e-02  -8.6367441e-02
   6.6400000e+01   5.4491402e-02  -1.2992994e-01
   6.6500000e+01   6.6667680e-02  -1.1122511e-01
   6.6600000e+01   9.7459177e-02  -2.5262909e-02
   6.6700000e+01   1.3377329e-01   8.0325554e-02
   6.6800000e+01   1.6203402e-01   1.4381989e-01
   6.6900000e+01   1.7917549e-01   1.3915419e-01
   6.7000000e+01   1.9122553e-01   9.1436940e-02
   6.7100000e+01   2.0375294e-01   4.7615083e-02
   6.7200000e+01   2.1461799e-01   3.4987997e-02
   6.7300000e+01   2.1426518e-01   4.7178491e-02
   6.7400000e+01   1.9256043e-01   6.3091883e-02
   6.7500000e+01   1.4851495e-01   7.0378805e-02
   6.7600000e+01   9.6059131e-02   6.8709958e-02
   6.7700000e+01   5.7400225e-02   5.9018569e-02
   6.7800000e+01   4.4597528e-02   4.0094201e-02
   6.7900000e+01   4.6083134e-02   1.6475320e-02
   6.8000000e+01   3.6310730e-02   8.8437856e-04
   6.8100000e+01   3.1601703e-03   1.9924012e-03
   6.8200000e+01  -3.6459406e-02   1.2057323e-02
   6.8300000e+01  -5.3562922e-02   1.2418110e-02
   6.8400000e+01  -4.0156907e-02  -8.1624011e-03
   6.8500000e+01  -2.0496910e-02  -4.3627196e-02
   6.8600000e+01  -2.5894218e-02  -7.7802222e-02
   6.8700000e+01  -6.0598127e-02  -9.6206244e-02
   6.8800000e+01  -9.6953529e-02  -9.1001830e-02
   6.8900000e+01  -1.0485016e-01  -6.3449762e-02
   6.9000000e+01  -8.3022618e-02  -2.8971617e-02
   6.9100000e+01  -5.9870877e-02  -1.4268488e-02
   6.9200000e+01  -6.5309843e-02  -3.6005134e-02
   6.9300000e+01  -1.0325705e-01  -7.7431345e-02
   6.9400000e+01  -1.4967206e-01  -9.5564900e-02
   6.9500000e+01  -1.7449810e-01  -6.2728697e-02
   6.9600000e+01  -1.6637921e-01  -1.2249959e-04
   6.9700000e+01  -1.4085737e-01   3.9539951e-02
   6.9800000e+01  -1.2778267e-01   2.7212487e-02
   6.9900000e+01  -1.4778392e-01  -1.0348589e-02
   7.0000000e+01  -1.9414701e-01  -1.9776290e-02
   7.0100000e+01  -2.3415440e-01   1.9955562e-02
   7.0200000e+01  -2.3215065e-01   7.4722365e-02
   7.0300000e+01  -1.7912212e-01   9.2763335e-02
   7.0400000e+01  -1.0390355e-01   5.9213292e-02
   7.0500000e+01  -5.2931111e-02   8.8264321e-03
   7.0600000e+01  -5.3387995e-02  -1.2357053e-02
   7.0700000e+01  -9.2158961e-02   8.4313698e-03
   7.0800000e+01  -1.2943001e-01   4.4952960e-02
   7.0900000e+01  -1.3284551e-01   6.4006403e-02
   7.1000000e+01  -1.0024894e-01   5.7127134e-02
   7.1100000e+01  -5.3875129e-02   4.1881416e-02
   7.1200000e+01  -1.7476151e-02   3.8710855e-02
   7.1300000e+01   5.6803438e-04   5.1350439e-02
   7.1400000e+01   7.2200224e-03   6.8297124e-02
   7.1500000e+01   1.3807305e-02   7.7679481e-02
   7.1600000e+01   2.5667334e-02   7.6675296e-02
   7.1700000e+01   4.0012790e-02   6.7768120e-02
   7.1800000e+01   5.2992118e-02   5.1291420e-02
   7.1900000e+01   6.8973991e-02   2.6397564e-02
   7.2000000e+01   9.9853379e-02  -1.0639376e-03
   7.2100000e+01   1.4995728e-01  -1.6999305e-02
   7.2200000e+01   2.0133929e-01  -1.0539604e-02
   7.2300000e+01   2.2156296e-01   1.2715992e-02
   7.2400000e+01   1.9407492e-01   3.2777907e-02
   7.2500000e+01   1.4075507e-01   3.3420812e-02
   7.2600000e+01   1.0762988e-01   1.7336380e-02
   7.2700000e+01   1.2326607e-01   1.2193673e-03
   7.2800000e+01   1.7122795e-01  -3.5713635e-03
   7.2900000e+01   2.0439248e-01  -2.9773654e-03
   7.3000000e+01   1.8626059e-01  -1.2253250e-02
   7.3100000e+01   1.2114948e-01  -3.7785115e-02
   7.3200000e+01   5.0476532e-02  -6.8162310e-02
   7.3300000e+01   2.1621090e-02  -8.3047018e-02
   7.3400000e+01   5.2010664e-02  -7.1373181e-02
   7.3500000e+01   1.1239035e-01  -4.3162257e-02
   7.3600000e+01   1.4498494e-01  -2.4514914e-02
   7.3700000e+01   1.1011765e-01  -3.7545786e-02
   7.3800000e+01   2.5325567e-02  -7.9575844e-02
   7.3900000e+01  -4.3833901e-02  -1.2037195e-01
   7.4000000e+01  -4.1239696e-02  -1.2474034e-01
   7.4100000e+01   2.6774628e-02  -8.4641780e-02
   7.4200000e+01   9.7654339e-02  -3.0940516e-02
   7.4300000e+01   1.1295328e-01  -8.9081430e-03
   7.4400000e+01   7.0157623e-02  -3.6066962e-02
   7.4500000e+01   1.5032540e-02  -8.2496873e-02
   7.4600000e+01  -1.0047537e-02  -9.6152651e-02
   7.4700000e+01  -2.9008585e-03  -5.1833911e-02
   7.4800000e+01   9.9411306e-03   2.3705717e-02
   7.4900000e+01   9.3912773e-03   7.6231293e-02
   7.5000000e+01   4.2505919e-04   7.3706388e-02
   7.5100000e+01  -3.2570367e-03   3.1221207e-02
   7.5200000e+01  -6.8010387e-04  -1.1073883e-02
   7.5300000e+01  -4.7792983e-03  -2.8593585e-02
   7.5400000e+01  -2.6289802e-02  -2.6880188e-02
   7.5500000e+01  -6.2344522e-02  -2.1095266e-02
   7.5600000e+01  -1.0114926e-01  -1.3765918e-02
   7.5700000e+01  -1.3321545e-01  -4.3574615e-04
   7.5800000e+01  -1.5527267e-01   1.0064791e-02
   7.5900000e+01  -1.6602145e-01  -2.7625087e-03
   7.6000000e+01  -1.6314676e-01  -4.1674118e-02
   7.6100000e+01  -1.4641994e-01  -7.3724028e-02
   7.6200000e+01  -1.2145540e-01  -5.7997381e-02
   7.6300000e+01  -9.7511329e-02   4.0984765e-03
   7.6400000e+01  -8.1083443e-02   5.7514108e-02
   7.6500000e+01  -7.2597293e-02   4.5674693e-02
   7.6600000e+01  -6.8913867e-02  -2.5228104e-02
   7.6700000e+01  -6.6653808e-02  -8.3474970e-02
   7.6800000e+01  -6.1668965e-02  -6.0163598e-02
   7.6900000e+01  -4.7947980e-02   4.1145541e-02
   7.7000000e+01  -2.2464403e-02   1.4593304e-01
   7.7100000e+01   6.5397082e-03   1.7759067e-01
   7.7200000e+01   2.0873948e-02   1.2234850e-01
   7.7300000e+01   1.0112134e-02   3.1209284e-02
   7.7400000e+01  -9.8331034e-03  -3.1493353e-02
   7.7500000e+01  -3.8474149e-03  -3.7267637e-02
   7.7600000e+01   4.6155271e-02  -1.4068992e-03
   7.7700000e+01   1.1126777e-01   4.2410201e-02
   7.7800000e+01   1.3251655e-01   6.9052492e-02
   7.7900000e+01   7.8270490e-02   7.1283314e-02
   7.8000000e+01  -1.6105174e-02   5.5298344e-02
   7.8100000e+01  -7.5160312e-02   3.3805925e-02
   7.8200000e+01  -5.5252698e-02   2.0854235e-02
   7.8300000e+01   1.3481788e-02   2.6176865e-02
   7.8400000e+01   6.0369622e-02   4.8956737e-02
   7.8500000e+01   4.5858891e-02   7.5848272e-02
   7.8600000e+01  -5.3365468e-03   8.7434278e-02
   7.8700000e+01  -3.9874911e-02   7.0679606e-02
   7.8800000e+01  -3.4324347e-02   2.9167305e-02
   7.8900000e+01  -1.2225181e-02  -1.6623777e-02
   7.9000000e+01  -8.4279390e-03  -4.0769123e-02
   7.9100000e+01  -2.7078691e-02  -2.9290390e-02
   7.9200000e+01  -3.9291913e-02   8.0004756e-03
   7.9300000e+01  -1.8022166e-02   4.2363473e-02
   7.9400000e+01   3.0630802e-02   4.8101706e-02
   7.9500000e+01   7.1742608e-02   2.4914941e-02
   7.9600000e+01   7.4812555e-02  -2.2554388e-03
   7.9700000e+01   4.2190002e-02  -9.5649858e-03
   7.9800000e+01   6.0851853e-03   2.5193061e-04
   7.9900000e+01  -2.2480814e-03   4.6799752e-03
   8.0000000e+01   1.7966872e-02  -6.4468188e-03
