   1.0221618e+02   2.8602761e+01   2.5212700e+03
   1.0213658e+02   2.8115456e+01   1.7044300e+03
   0.0000000e+00  -6.6431387e-01  -6.6431387e-01
   1.0000000e-01  -7.1826518e-01  -5.7070527e-01
   2.0000000e-01  -7.1323657e-01  -4.8185009e-01
   3.0000000e-01  -6.6908272e-01  -4.2594184e-01
   4.0000000e-01  -6.2335882e-01  -3.8991835e-01
   5.0000000e-01  -6.0373192e-01  -3.3813783e-01
   6.0000000e-01  -6.1916671e-01  -2.5231084e-01
   7.0000000e-01  -6.6426389e-01  -1.4885660e-01
   8.0000000e-01  -7.2075815e-01  -6.0701604e-02
   9.0000000e-01  -7.5789300e-01  -9.8084445e-03
   1.0000000e+00  -7.4438933e-01   3.0005606e-03
   1.1000000e+00  -6.6912946e-01  -7.6543691e-03
   1.2000000e+00  -5.4983070e-01  -1.9090249e-02
   1.3000000e+00  -4.1791979e-01  -7.7874476e-03
   1.4000000e+00  -2.9345201e-01   3.8132338e-02
   1.5000000e+00  -1.7348632e-01   1.0868325e-01
   1.6000000e+00  -4.1710072e-02   1.7940124e-01
   1.7000000e+00   1.1218657e-01   2.3333110e-01
   1.8000000e+00   2.7950802e-01   2.7302730e-01
   1.9000000e+00   4.3518800e-01   3.0828750e-01
   2.0000000e+00   5.5547355e-01   3.3779332e-01
   2.1000000e+00   6.3849775e-01   3.5165719e-01
   2.2000000e+00   7.0806398e-01   3.5184380e-01
   2.3000000e+00   7.9148668e-01   3.5952364e-01
   2.4000000e+00   8.8945254e-01   3.9336304e-01
   2.5000000e+00   9.7041712e-01   4.4258401e-01
   2.6000000e+00   1.0000000e+00   4.7002791e-01
   2.7000000e+00   9.7686741e-01   4.4680880e-01
   2.8000000e+00   9.3660069e-01   3.8274664e-01
   2.9000000e+00   9.1809193e-01   3.2023363e-01
   3.0000000e+00   9.2575903e-01   2.9754648e-01
   3.1000000e+00   9.2333560e-01   3.1714709e-01
   3.2000000e+00   8.6323519e-01   3.4684544e-01
   3.3000000e+00   7.2528744e-01   3.4957548e-01
   3.4000000e+00   5.3454067e-01   3.1354393e-01
   3.5000000e+00   3.4553129e-01   2.5773845e-01
   3.6000000e+00   2.0450877e-01   2.1148300e-01
   3.7000000e+00   1.1851848e-01   1.8863516e-01
   3.8000000e+00   5.7838864e-02   1.7876092e-01
   3.9000000e+00  -9.5097014e-03   1.5988733e-01
   4.0000000e+00  -8.5258754e-02   1.1849420e-01
   4.1000000e+00  -1.4543888e-01   5.9137228e-02
   4.2000000e+00  -1.7725317e-01  -2.3112588e-03
   4.3000000e+00  -2.0440022e-01  -5.4451383e-02
   4.4000000e+00  -2.6700655e-01  -1.0168700e-01
   4.5000000e+00  -3.7461199e-01  -1.6003872e-01
   4.6000000e+00  -4.8491434e-01  -2.3779811e-01
   4.7000000e+00  -5.3541159e-01  -3.1790060e-01
   4.8000000e+00  -4.9824787e-01  -3.6417689e-01
   4.9000000e+00  -4.0469558e-01  -3.5304432e-01
   5.0000000e+00  -3.1832000e-01  -3.0085904e-01
   5.1000000e+00  -2.8513844e-01  -2.5400806e-01
   5.2000000e+00  -3.0417392e-01  -2.4690765e-01
   5.3000000e+00  -3.3658520e-01  -2.7137330e-01
   5.4000000e+00  -3.3932091e-01  -2.9006181e-01
   5.5000000e+00  -2.9706466e-01  -2.7665073e-01
   5.6000000e+00  -2.3270271e-01  -2.3743022e-01
   5.7000000e+00  -1.8999499e-01  -1.9602362e-01
   5.8000000e+00  -1.9897232e-01  -1.6668988e-01
   5.9000000e+00  -2.5030181e-01  -1.4693281e-01
   6.0000000e+00  -3.0329893e-01  -1.2865845e-01
   6.1000000e+00  -3.2384998e-01  -1.0710216e-01
   6.2000000e+00  -3.1564789e-01  -8.0314299e-02
   6.3000000e+00  -3.1036529e-01  -4.9426267e-02
   6.4000000e+00  -3.2612248e-01  -2.2632082e-02
   6.5000000e+00  -3.4242321e-01  -1.0978450e-02
   6.6000000e+00  -3.2400830e-01  -1.2843102e-02
   6.7000000e+00  -2.6816583e-01  -6.8937365e-03
   6.8000000e+00  -2.1776055e-01   2.8900937e-02
   6.9000000e+00  -2.1855526e-01   8.8248280e-02
   7.0000000e+00  -2.6540181e-01   1.3408675e-01
   7.1000000e+00  -2.9920889e-01   1.3222140e-01
   7.2000000e+00  -2.6191525e-01   8.5336499e-02
   7.3000000e+00  -1.5220121e-01   2.7844194e-02
   7.4000000e+00  -2.4674644e-02  -1.1628961e-02
   7.5000000e+00   6.2161519e-02  -3.4513101e-02
   7.6000000e+00   9.2383532e-02  -5.6272799e-02
   7.7000000e+00   9.1910455e-02  -7.4884694e-02
   7.8000000e+00   9.4708734e-02  -6.7195349e-02
   7.9000000e+00   1.1792502e-01  -1.9388712e-02
   8.0000000e+00   1.6299933e-01   4.6513114e-02
   8.1000000e+00   2.2470122e-01   8.4654472e-02
   8.2000000e+00   2.9087644e-01   6.5643020e-02
   8.3000000e+00   3.4142149e-01   3.4969617e-03
   8.4000000e+00   3.6071598e-01  -5.7074401e-02
   8.5000000e+00   3.5379495e-01  -7.8936761e-02
   8.6000000e+00   3.4230071e-01  -6.0105789e-02
   8.7000000e+00   3.3931050e-01  -2.7902533e-02
   8.8000000e+00   3.3322561e-01  -8.4200199e-03
   8.9000000e+00   3.0341001e-01  -9.5658394e-04
   9.0000000e+00   2.4945132e-01   1.8687075e-02
   9.1000000e+00   1.9618520e-01   6.9447216e-02
   9.2000000e+00   1.6670476e-01   1.3940984e-01
   9.3000000e+00   1.5680917e-01   1.9039417e-01
   9.4000000e+00   1.4234411e-01   1.9031424e-01
   9.5000000e+00   1.0903688e-01   1.4264781e-01
   9.6000000e+00   6.7764087e-02   8.4911321e-02
   9.7000000e+00   3.8841397e-02   5.8165059e-02
   9.8000000e+00   2.6919606e-02   7.5157858e-02
   9.9000000e+00   1.6004440e-02   1.1251976e-01
   1.0000000e+01  -1.2084000e-02   1.3031463e-01
   1.0100000e+01  -5.6959786e-02   1.0263694e-01
   1.0200000e+01  -9.5873276e-02   3.7399840e-02
   1.0300000e+01  -9.8436054e-02  -2.9003389e-02
   1.0400000e+01  -4.8572342e-02  -5.9473690e-02
   1.0500000e+01   4.0824641e-02  -4.5150918e-02
   1.0600000e+01   1.3217142e-01  -1.0453949e-02
   1.0700000e+01   1.8708574e-01   1.0436907e-02
   1.0800000e+01   1.9323156e-01   2.5923488e-03
   1.0900000e+01   1.7041140e-01  -2.2593937e-02
   1.1000000e+01   1.4955101e-01  -4.4682164e-02
   1.1100000e+01   1.4565759e-01  -5.3532237e-02
   1.1200000e+01   1.5148869e-01  -5.2298551e-02
   1.1300000e+01   1.5430959e-01  -4.8303051e-02
   1.1400000e+01   1.5292450e-01  -4.6027256e-02
   1.1500000e+01   1.5579597e-01  -4.5657748e-02
   1.1600000e+01   1.6591264e-01  -4.1483155e-02
   1.1700000e+01   1.7222478e-01  -2.1452347e-02
   1.1800000e+01   1.5708147e-01   2.4052549e-02
   1.1900000e+01   1.1108095e-01   8.7769131e-02
   1.2000000e+01   4.1413521e-02   1.4426853e-01
   1.2100000e+01  -3.2274317e-02   1.7105526e-01
   1.2200000e+01  -9.0502439e-02   1.7180981e-01
   1.2300000e+01  -1.2568133e-01   1.7221712e-01
   1.2400000e+01  -1.4405515e-01   1.8918834e-01
   1.2500000e+01  -1.5654891e-01   2.0922953e-01
   1.2600000e+01  -1.6798124e-01   2.0380527e-01
   1.2700000e+01  -1.7631647e-01   1.6454669e-01
   1.2800000e+01  -1.8157955e-01   1.1527429e-01
   1.2900000e+01  -1.9115129e-01   8.5518533e-02
   1.3000000e+01  -2.1260530e-01   7.7678846e-02
   1.3100000e+01  -2.4297138e-01   6.7345911e-02
   1.3200000e+01  -2.6985844e-01   3.4627090e-02
   1.3300000e+01  -2.8438355e-01  -1.3358084e-02
   1.3400000e+01  -2.8908375e-01  -5.5436620e-02
   1.3500000e+01  -2.9042792e-01  -8.5762657e-02
   1.3600000e+01  -2.8723139e-01  -1.2104151e-01
   1.3700000e+01  -2.7230058e-01  -1.7704592e-01
   1.3800000e+01  -2.4549708e-01  -2.4550021e-01
   1.3900000e+01  -2.1904425e-01  -3.0117540e-01
   1.4000000e+01  -2.0558407e-01  -3.3017223e-01
   1.4100000e+01  -2.0301907e-01  -3.4432035e-01
   1.4200000e+01  -1.9471352e-01  -3.6516142e-01
   1.4300000e+01  -1.6408171e-01  -3.9826182e-01
   1.4400000e+01  -1.0731928e-01  -4.2747766e-01
   1.4500000e+01  -3.5525208e-02  -4.3181007e-01
   1.4600000e+01   2.9003668e-02  -4.0242888e-01
   1.4700000e+01   5.9371304e-02  -3.4424239e-01
   1.4800000e+01   3.8427172e-02  -2.6950049e-01
   1.4900000e+01  -2.2738469e-02  -1.9592196e-01
   1.5000000e+01  -8.2647397e-02  -1.4540321e-01
   1.5100000e+01  -9.7659493e-02  -1.3156117e-01
   1.5200000e+01  -6.0868760e-02  -1.4166058e-01
   1.5300000e+01  -1.1603453e-02  -1.3647262e-01
   1.5400000e+01  -9.0159267e-04  -7.8821293e-02
   1.5500000e+01  -4.4784260e-02   3.2397776e-02
   1.5600000e+01  -1.1056110e-01   1.5810338e-01
   1.5700000e+01  -1.4692854e-01   2.5100937e-01
   1.5800000e+01  -1.2668114e-01   2.9200180e-01
   1.5900000e+01  -6.4440517e-02   2.9718312e-01
   1.6000000e+01   2.7808333e-04   2.9574788e-01
   1.6100000e+01   3.4973456e-02   3.0634648e-01
   1.6200000e+01   3.4520188e-02   3.3164764e-01
   1.6300000e+01   1.7883536e-02   3.6535528e-01
   1.6400000e+01   9.3492653e-03   3.9766171e-01
   1.6500000e+01   2.2632892e-02   4.1785638e-01
   1.6600000e+01   5.9057231e-02   4.2057528e-01
   1.6700000e+01   1.1479791e-01   4.1215132e-01
   1.6800000e+01   1.8519106e-01   4.0513482e-01
   1.6900000e+01   2.6299444e-01   4.0157486e-01
   1.7000000e+01   3.3780667e-01   3.8459818e-01
   1.7100000e+01   4.0047913e-01   3.3316148e-01
   1.7200000e+01   4.4640955e-01   2.4687998e-01
   1.7300000e+01   4.7289085e-01   1.5211994e-01
   1.7400000e+01   4.7702505e-01   8.0337461e-02
   1.7500000e+01   4.6211892e-01   4.1824567e-02
   1.7600000e+01   4.4565871e-01   2.2324167e-02
   1.7700000e+01   4.5221133e-01   2.1189300e-03
   1.7800000e+01   4.8923713e-01  -2.6871055e-02
   1.7900000e+01   5.2898133e-01  -6.2807968e-02
   1.8000000e+01   5.2224881e-01  -1.0578806e-01
   1.8100000e+01   4.4006805e-01  -1.6081941e-01
   1.8200000e+01   3.0613335e-01  -2.2744198e-01
   1.8300000e+01   1.8427820e-01  -2.9011413e-01
   1.8400000e+01   1.2588946e-01  -3.2427823e-01
   1.8500000e+01   1.2465948e-01  -3.1634410e-01
   1.8600000e+01   1.2460057e-01  -2.7948484e-01
   1.8700000e+01   7.6291163e-02  -2.4769625e-01
   1.8800000e+01  -1.4969268e-02  -2.4960276e-01
   1.8900000e+01  -9.9320675e-02  -2.8472675e-01
   1.9000000e+01  -1.3862656e-01  -3.2578382e-01
   1.9100000e+01  -1.4592292e-01  -3.4558246e-01
   1.9200000e+01  -1.6570600e-01  -3.4047526e-01
   1.9300000e+01  -2.2169153e-01  -3.2553684e-01
   1.9400000e+01  -2.9394854e-01  -3.0928815e-01
   1.9500000e+01  -3.4810480e-01  -2.8012381e-01
   1.9600000e+01  -3.7640128e-01  -2.2182161e-01
   1.9700000e+01  -4.0073266e-01  -1.3868784e-01
   1.9800000e+01  -4.3863001e-01  -5.8044942e-02
   1.9900000e+01  -4.7780524e-01  -5.3848833e-03
   2.0000000e+01  -4.9032874e-01   1.9227805e-02
   2.0100000e+01  -4.6717198e-01   3.7261527e-02
   2.0200000e+01  -4.3124658e-01   6.7257492e-02
   2.0300000e+01  -4.1543857e-01   1.0848682e-01
   2.0400000e+01  -4.3218086e-01   1.4765859e-01
   2.0500000e+01  -4.6582164e-01   1.7604007e-01
   2.0600000e+01  -4.8954507e-01   1.9713107e-01
   2.0700000e+01  -4.8465464e-01   2.2079568e-01
   2.0800000e+01  -4.4643838e-01   2.5348197e-01
   2.0900000e+01  -3.8098848e-01   2.9184769e-01
   2.1000000e+01  -3.0251309e-01   3.2054390e-01
   2.1100000e+01  -2.2976159e-01   3.1641863e-01
   2.1200000e+01  -1.7587374e-01   2.6300319e-01
   2.1300000e+01  -1.3729437e-01   1.6897731e-01
   2.1400000e+01  -9.5585738e-02   7.1961664e-02
   2.1500000e+01  -3.4146833e-02   1.6067316e-02
   2.1600000e+01   4.6802467e-02   1.7965906e-02
   2.1700000e+01   1.3301971e-01   5.2771466e-02
   2.1800000e+01   2.1208469e-01   7.4849746e-02
   2.1900000e+01   2.8315637e-01   5.4668681e-02
   2.2000000e+01   3.5087559e-01  -1.9576903e-03
   2.2100000e+01   4.1280170e-01  -6.6056104e-02
   2.2200000e+01   4.5522289e-01  -1.1187696e-01
   2.2300000e+01   4.6148755e-01  -1.3105661e-01
   2.2400000e+01   4.2569552e-01  -1.2663765e-01
   2.2500000e+01   3.6177454e-01  -1.0121520e-01
   2.2600000e+01   3.0015866e-01  -5.5508686e-02
   2.2700000e+01   2.6969343e-01   2.9918533e-03
   2.2800000e+01   2.7411265e-01   5.5527390e-02
   2.2900000e+01   2.8394214e-01   8.1272494e-02
   2.3000000e+01   2.5846520e-01   7.3123691e-02
   2.3100000e+01   1.8456331e-01   4.4172569e-02
   2.3200000e+01   9.5847136e-02   1.8073280e-02
   2.3300000e+01   4.7729158e-02   1.2505311e-02
   2.3400000e+01   6.7016924e-02   2.9644856e-02
   2.3500000e+01   1.2437257e-01   5.7921554e-02
   2.3600000e+01   1.5894842e-01   7.9584411e-02
   2.3700000e+01   1.3283692e-01   7.9412412e-02
   2.3800000e+01   6.2608971e-02   5.4012798e-02
   2.3900000e+01  -1.0393633e-03   1.7293129e-02
   2.4000000e+01  -2.2018594e-02  -7.7756258e-03
   2.4100000e+01  -6.9066332e-03  -1.1365443e-02
   2.4200000e+01   1.0636225e-02  -1.2145794e-02
   2.4300000e+01   6.1204986e-03  -4.2087328e-02
   2.4400000e+01  -1.7741125e-02  -1.0837988e-01
   2.4500000e+01  -4.3692274e-02  -1.7419911e-01
   2.4600000e+01  -6.1638659e-02  -1.8837137e-01
   2.4700000e+01  -7.3728669e-02  -1.3888778e-01
   2.4800000e+01  -8.2164598e-02  -7.0651001e-02
   2.4900000e+01  -8.0300261e-02  -4.2940912e-02
   2.5000000e+01  -6.1174464e-02  -7.1096974e-02
   2.5100000e+01  -3.3639284e-02  -1.1618956e-01
   2.5200000e+01  -2.3624832e-02  -1.3051110e-01
   2.5300000e+01  -5.2356255e-02  -1.0408997e-01
   2.5400000e+01  -1.1056199e-01  -6.3603211e-02
   2.5500000e+01  -1.5798719e-01  -3.6138948e-02
   2.5600000e+01  -1.5556733e-01  -2.5935923e-02
   2.5700000e+01  -1.0243665e-01  -2.3926085e-02
   2.5800000e+01  -3.9820758e-02  -2.5231886e-02
   2.5900000e+01  -1.4679544e-02  -2.8783508e-02
   2.6000000e+01  -3.7728230e-02  -2.7241102e-02
   2.6100000e+01  -7.6823535e-02  -9.6858810e-03
   2.6200000e+01  -8.9513988e-02   2.3658294e-02
   2.6300000e+01  -5.9777831e-02   5.6722212e-02
   2.6400000e+01  -5.6013097e-03   7.1858131e-02
   2.6500000e+01   4.1496159e-02   6.5670853e-02
   2.6600000e+01   5.9482946e-02   4.8134347e-02
   2.6700000e+01   4.4001169e-02   2.9973391e-02
   2.6800000e+01   5.1747382e-03   1.5890670e-02
   2.6900000e+01  -3.7593170e-02   8.4280201e-03
   2.7000000e+01  -6.1955790e-02   1.1661535e-02
   2.7100000e+01  -5.3011615e-02   2.7350320e-02
   2.7200000e+01  -1.3752794e-02   4.9509260e-02
   2.7300000e+01   3.3728546e-02   6.5888307e-02
   2.7400000e+01   6.0176692e-02   6.5523565e-02
   2.7500000e+01   4.7654547e-02   4.5511819e-02
   2.7600000e+01   2.1914877e-03   1.3341261e-02
   2.7700000e+01  -4.9138890e-02  -1.4878074e-02
   2.7800000e+01  -7.6339277e-02  -2.0434493e-02
   2.7900000e+01  -6.6805835e-02   7.6742570e-03
   2.8000000e+01  -3.0969500e-02   6.2675367e-02
   2.8100000e+01   1.0525920e-02   1.1853359e-01
   2.8200000e+01   4.2856464e-02   1.4202134e-01
   2.8300000e+01   5.9426123e-02   1.1398017e-01
   2.8400000e+01   5.3866067e-02   4.6454449e-02
   2.8500000e+01   1.9845880e-02  -1.9413862e-02
   2.8600000e+01  -3.5947987e-02  -3.9294859e-02
   2.8700000e+01  -8.6210189e-02   2.4092400e-04
   2.8800000e+01  -9.8202070e-02   6.8138613e-02
   2.8900000e+01  -6.0639450e-02   1.1172520e-01
   2.9000000e+01   6.4215082e-03   9.8979693e-02
   2.9100000e+01   6.8908118e-02   4.2789791e-02
   2.9200000e+01   1.0312713e-01  -1.3658830e-02
   2.9300000e+01   1.0395355e-01  -3.4405300e-02
   2.9400000e+01   7.7235629e-02  -1.7376164e-02
   2.9500000e+01   3.2642684e-02   8.2045522e-03
   2.9600000e+01  -1.6197432e-02   6.4612271e-03
   2.9700000e+01  -5.2148632e-02  -3.6987376e-02
   2.9800000e+01  -6.1844905e-02  -1.0028628e-01
   2.9900000e+01  -4.4547565e-02  -1.3601359e-01
   3.0000000e+01  -1.4002137e-02  -1.0682320e-01
   3.0100000e+01   8.9128636e-03  -2.2299718e-02
   3.0200000e+01   9.1121691e-03   5.9211500e-02
   3.0300000e+01  -1.0904560e-02   7.5115691e-02
   3.0400000e+01  -3.0134588e-02   1.3030018e-02
   3.0500000e+01  -2.5219321e-02  -7.8418121e-02
   3.0600000e+01   6.2814210e-03  -1.3511218e-01
   3.0700000e+01   3.9154379e-02  -1.3369134e-01
   3.0800000e+01   4.2125750e-02  -1.0304947e-01
   3.0900000e+01   8.3349120e-03  -8.5091844e-02
   3.1000000e+01  -3.7697847e-02  -9.0823422e-02
   3.1100000e+01  -6.3609310e-02  -9.6640691e-02
   3.1200000e+01  -5.6413644e-02  -7.8490224e-02
   3.1300000e+01  -2.6680791e-02  -4.2990462e-02
   3.1400000e+01   6.2645983e-03  -2.2350772e-02
   3.1500000e+01   2.5758896e-02  -3.9877083e-02
   3.1600000e+01   1.8669063e-02  -8.2533913e-02
   3.1700000e+01  -2.1525452e-02  -1.0950475e-01
   3.1800000e+01  -8.4314967e-02  -9.0229367e-02
   3.1900000e+01  -1.4060015e-01  -3.5583039e-02
   3.2000000e+01  -1.6303797e-01   9.6861967e-03
   3.2100000e+01  -1.5168638e-01   8.6415331e-03
   3.2200000e+01  -1.3378940e-01  -3.1076253e-02
   3.2300000e+01  -1.3321649e-01  -6.1622316e-02
   3.2400000e+01  -1.4265512e-01  -3.7543490e-02
   3.2500000e+01  -1.3117146e-01   4.3079048e-02
   3.2600000e+01  -7.9269157e-02   1.3654751e-01
   3.2700000e+01  -2.0276530e-03   1.9095194e-01
   3.2800000e+01   6.4360689e-02   1.8845089e-01
   3.2900000e+01   9.5969731e-02   1.5601570e-01
   3.3000000e+01   9.8761276e-02   1.3765289e-01
   3.3100000e+01   9.6349250e-02   1.5450219e-01
   3.3200000e+01   1.0645725e-01   1.8900533e-01
   3.3300000e+01   1.3134737e-01   2.0714074e-01
   3.3400000e+01   1.6598992e-01   1.9620520e-01
   3.3500000e+01   2.0714386e-01   1.7873056e-01
   3.3600000e+01   2.5028978e-01   1.8638231e-01
   3.3700000e+01   2.8170583e-01   2.2101382e-01
   3.3800000e+01   2.8251475e-01   2.4639028e-01
   3.3900000e+01   2.4663174e-01   2.2185203e-01
   3.4000000e+01   1.9296249e-01   1.4282387e-01
   3.4100000e+01   1.5318177e-01   4.5789592e-02
   3.4200000e+01   1.4339947e-01  -2.5301540e-02
   3.4300000e+01   1.4967290e-01  -5.4974259e-02
   3.4400000e+01   1.4429815e-01  -6.1406331e-02
   3.4500000e+01   1.1478552e-01  -7.2779138e-02
   3.4600000e+01   7.3201558e-02  -1.0174139e-01
   3.4700000e+01   3.8444003e-02  -1.3940496e-01
   3.4800000e+01   1.6081107e-02  -1.6905148e-01
   3.4900000e+01  -1.0590336e-03  -1.8425393e-01
   3.5000000e+01  -1.8459676e-02  -1.9423127e-01
   3.5100000e+01  -3.4939656e-02  -2.1072222e-01
   3.5200000e+01  -5.2371041e-02  -2.2997037e-01
   3.5300000e+01  -8.1119562e-02  -2.3276073e-01
   3.5400000e+01  -1.2769809e-01  -2.0758574e-01
   3.5500000e+01  -1.7903473e-01  -1.7084792e-01
   3.5600000e+01  -2.0812232e-01  -1.5454993e-01
   3.5700000e+01  -2.0110077e-01  -1.7014117e-01
   3.5800000e+01  -1.7577321e-01  -1.9214849e-01
   3.5900000e+01  -1.6591739e-01  -1.8567746e-01
   3.6000000e+01  -1.8373653e-01  -1.4625883e-01
   3.6100000e+01  -2.0156519e-01  -1.0204180e-01
   3.6200000e+01  -1.7749273e-01  -7.5946505e-02
   3.6300000e+01  -1.0191012e-01  -5.7846143e-02
   3.6400000e+01  -1.5214387e-02  -2.3106283e-02
   3.6500000e+01   2.5982056e-02   2.8201096e-02
   3.6600000e+01   2.1671653e-03   6.4006348e-02
   3.6700000e+01  -5.0470257e-02   5.4969399e-02
   3.6800000e+01  -7.4636611e-02   8.4875127e-03
   3.6900000e+01  -4.3877128e-02  -3.6214371e-02
   3.7000000e+01   1.7856660e-02  -4.1520041e-02
   3.7100000e+01   6.1774599e-02   3.4543895e-03
   3.7200000e+01   5.5328348e-02   8.2284893e-02
   3.7300000e+01   3.7983750e-03   1.6319918e-01
   3.7400000e+01  -5.7431104e-02   2.1171802e-01
   3.7500000e+01  -8.8094867e-02   2.0551399e-01
   3.7600000e+01  -7.0009359e-02   1.4972782e-01
   3.7700000e+01  -2.1786316e-02   7.8059751e-02
   3.7800000e+01   1.1072924e-02   3.1087810e-02
   3.7900000e+01  -9.5973865e-03   2.7574517e-02
   3.8000000e+01  -8.0341497e-02   5.4552281e-02
   3.8100000e+01  -1.5491333e-01   8.2713409e-02
   3.8200000e+01  -1.8260411e-01   8.9620519e-02
   3.8300000e+01  -1.5190529e-01   7.2007677e-02
   3.8400000e+01  -9.7238954e-02   4.3968102e-02
   3.8500000e+01  -6.3682020e-02   2.6694423e-02
   3.8600000e+01  -6.6698324e-02   3.3577211e-02
   3.8700000e+01  -8.4833250e-02   5.6307376e-02
   3.8800000e+01  -8.6041069e-02   6.4946346e-02
   3.8900000e+01  -5.7052049e-02   3.0397954e-02
   3.9000000e+01  -1.0068212e-02  -4.4677347e-02
   3.9100000e+01   3.2123304e-02  -1.1716117e-01
   3.9200000e+01   5.4949876e-02  -1.3259956e-01
   3.9300000e+01   6.1247171e-02  -7.0420901e-02
   3.9400000e+01   6.8300484e-02   3.6292730e-02
   3.9500000e+01   9.5678546e-02   1.2601782e-01
   3.9600000e+01   1.4928802e-01   1.5610224e-01
   3.9700000e+01   2.1142121e-01   1.3032246e-01
   3.9800000e+01   2.4768053e-01   8.6771300e-02
   3.9900000e+01   2.3155904e-01   6.3121433e-02
   4.0000000e+01   1.7004752e-01   7.1160784e-02
   4.0100000e+01   1.0589209e-01   9.6843466e-02
   4.0200000e+01   8.7616114e-02   1.1819837e-01
   4.0300000e+01   1.2879697e-01   1.2339322e-01
   4.0400000e+01   1.9407195e-01   1.1643119e-01
   4.0500000e+01   2.2858539e-01   1.0851838e-01
   4.0600000e+01   2.0501142e-01   1.0339882e-01
   4.0700000e+01   1.4269598e-01   9.1065158e-02
   4.0800000e+01   8.2223615e-02   5.8402220e-02
   4.0900000e+01   4.5854578e-02   7.1672507e-03
   4.1000000e+01   2.5413649e-02  -4.2152852e-02
   4.1100000e+01   3.0677106e-03  -6.8647945e-02
   4.1200000e+01  -2.5927807e-02  -7.2375704e-02
   4.1300000e+01  -5.2804894e-02  -7.3650638e-02
   4.1400000e+01  -6.8364681e-02  -9.1058830e-02
   4.1500000e+01  -6.9032471e-02  -1.2448206e-01
   4.1600000e+01  -5.4759928e-02  -1.6071628e-01
   4.1700000e+01  -3.1282310e-02  -1.8968587e-01
   4.1800000e+01  -1.5115528e-02  -2.0971411e-01
   4.1900000e+01  -2.5221330e-02  -2.2020334e-01
   4.2000000e+01  -6.1139765e-02  -2.1692346e-01
   4.2100000e+01  -9.3940469e-02  -1.9641187e-01
   4.2200000e+01  -8.9540467e-02  -1.6068098e-01
   4.2300000e+01  -4.4482443e-02  -1.1631293e-01
   4.2400000e+01   6.4087705e-03  -7.3359342e-02
   4.2500000e+01   2.1747576e-02  -4.6118080e-02
   4.2600000e+01  -8.6088260e-03  -4.6860787e-02
   4.2700000e+01  -5.7890419e-02  -7.0624238e-02
   4.2800000e+01  -8.9539541e-02  -8.9457610e-02
   4.2900000e+01  -8.5966470e-02  -7.2711152e-02
   4.3000000e+01  -5.4946159e-02  -1.7904883e-02
   4.3100000e+01  -1.7410728e-02   4.3677680e-02
   4.3200000e+01   6.9970180e-03   7.7001837e-02
   4.3300000e+01   8.6570027e-03   7.6373562e-02
   4.3400000e+01  -8.1216948e-03   6.5246866e-02
   4.3500000e+01  -2.6907201e-02   6.7038087e-02
   4.3600000e+01  -2.9583880e-02   8.3177487e-02
   4.3700000e+01  -1.1143572e-02   9.9577013e-02
   4.3800000e+01   1.3873539e-02   1.0600858e-01
   4.3900000e+01   2.2068043e-02   1.0287733e-01
   4.4000000e+01   2.1455491e-03   9.2579517e-02
   4.4100000e+01  -3.2585056e-02   7.2239739e-02
   4.4200000e+01  -5.3615152e-02   3.7822207e-02
   4.4300000e+01  -4.2342332e-02  -7.7848051e-03
   4.4400000e+01  -8.4760073e-03  -5.3306285e-02
   4.4500000e+01   1.6533275e-02  -8.4383692e-02
   4.4600000e+01   6.4033856e-03  -8.9589603e-02
   4.4700000e+01  -3.7369253e-02  -6.5080336e-02
   4.4800000e+01  -8.7822895e-02  -1.8915824e-02
   4.4900000e+01  -1.1584096e-01   2.8330322e-02
   4.5000000e+01  -1.1145686e-01   5.2719733e-02
   4.5100000e+01  -8.5811963e-02   4.3373707e-02
   4.5200000e+01  -5.7516834e-02   1.2041099e-02
   4.5300000e+01  -3.9054151e-02  -1.5823879e-02
   4.5400000e+01  -3.2213776e-02  -2.1878229e-02
   4.5500000e+01  -3.0216637e-02  -7.3432998e-03
   4.5600000e+01  -2.2574481e-02   1.4380462e-02
   4.5700000e+01  -2.6894598e-03   3.4219104e-02
   4.5800000e+01   2.4173851e-02   5.3401520e-02
   4.5900000e+01   4.1328684e-02   7.4259021e-02
   4.6000000e+01   3.4501700e-02   9.0591305e-02
   4.6100000e+01   8.1928564e-03   9.1666372e-02
   4.6200000e+01  -1.4663599e-02   7.5448520e-02
   4.6300000e+01  -1.3670367e-02   5.4851927e-02
   4.6400000e+01   8.4559489e-03   4.9199048e-02
   4.6500000e+01   2.9701405e-02   6.8777487e-02
   4.6600000e+01   3.3827588e-02   1.0520522e-01
   4.6700000e+01   2.7365383e-02   1.3393594e-01
   4.6800000e+01   2.7913797e-02   1.2837365e-01
   4.6900000e+01   3.8582484e-02   7.9755599e-02
   4.7000000e+01   4.1864172e-02   9.4146736e-03
   4.7100000e+01   2.2712396e-02  -4.1911700e-02
   4.7200000e+01  -7.2598013e-03  -4.6189856e-02
   4.7300000e+01  -1.6906513e-02  -1.4085305e-02
   4.7400000e+01   1.0582119e-02   1.4576653e-02
   4.7500000e+01   5.5912649e-02   9.9929407e-03
   4.7600000e+01   8.1378218e-02  -2.0627126e-02
   4.7700000e+01   6.9888074e-02  -4.9083772e-02
   4.7800000e+01   4.1487615e-02  -6.5061720e-02
   4.7900000e+01   2.8771511e-02  -8.8489044e-02
   4.8000000e+01   3.9698915e-02  -1.3831483e-01
   4.8100000e+01   5.0350242e-02  -1.9669086e-01
   4.8200000e+01   3.5297302e-02  -2.1642093e-01
   4.8300000e+01   3.1622461e-04  -1.6813636e-01
   4.8400000e+01  -2.0110638e-02  -7.4950200e-02
   4.8500000e+01   1.5373297e-03   4.3027403e-03
   4.8600000e+01   5.5439688e-02   2.4847898e-02
   4.8700000e+01   1.0184570e-01  -1.1680896e-02
   4.8800000e+01   1.0865329e-01  -6.7413910e-02
   4.8900000e+01   8.0641472e-02  -1.0151338e-01
   4.9000000e+01   5.1463926e-02  -9.4768283e-02
   4.9100000e+01   4.8071790e-02  -5.4468462e-02
   4.9200000e+01   6.4433674e-02  -5.9693856e-03
   4.9300000e+01   6.9957741e-02   2.3866810e-02
   4.9400000e+01   4.1246116e-02   2.6854396e-02
   4.9500000e+01  -1.6494872e-02   2.2261198e-02
   4.9600000e+01  -7.6981738e-02   3.8996316e-02
   4.9700000e+01  -1.1538524e-01   8.2347567e-02
   4.9800000e+01  -1.2081139e-01   1.2155594e-01
   4.9900000e+01  -9.3521075e-02   1.1825577e-01
   5.0000000e+01  -4.1788420e-02   6.8513308e-02
   5.0100000e+01   1.4107258e-02   1.1158280e-02
   5.0200000e+01   4.3799589e-02  -8.0386803e-03
   5.0300000e+01   2.6177047e-02   2.3164793e-02
   5.0400000e+01  -2.8529660e-02   7.9255492e-02
   5.0500000e+01  -8.1947732e-02   1.2487892e-01
   5.0600000e+01  -9.9835316e-02   1.3935394e-01
   5.0700000e+01  -8.2052185e-02   1.1888202e-01
   5.0800000e+01  -5.8177517e-02   6.9936703e-02
   5.0900000e+01  -5.4072079e-02   9.5639042e-03
   5.1000000e+01  -6.6118337e-02  -3.4568807e-02
   5.1100000e+01  -6.9405616e-02  -3.8724612e-02
   5.1200000e+01  -4.8053733e-02  -5.2199993e-03
   5.1300000e+01  -1.3757898e-02   3.2952291e-02
   5.1400000e+01   5.9838753e-03   3.6483124e-02
   5.1500000e+01  -4.2881870e-03  -6.2952664e-03
   5.1600000e+01  -3.3422460e-02  -6.7608576e-02
   5.1700000e+01  -5.5739847e-02  -1.0307504e-01
   5.1800000e+01  -5.5114065e-02  -9.0240189e-02
   5.1900000e+01  -3.6028555e-02  -4.8504125e-02
   5.2000000e+01  -1.3472121e-02  -2.0479730e-02
   5.2100000e+01   3.0209932e-03  -2.9627241e-02
   5.2200000e+01   1.3056530e-02  -5.4954805e-02
   5.2300000e+01   1.7436051e-02  -5.1459337e-02
   5.2400000e+01   1.3539537e-02   9.5283371e-04
   5.2500000e+01   6.4072420e-04   7.1350470e-02
   5.2600000e+01  -1.4986635e-02   1.0553503e-01
   5.2700000e+01  -2.4952892e-02   8.0440319e-02
   5.2800000e+01  -2.6964766e-02   2.6588952e-02
   5.2900000e+01  -2.3309769e-02  -5.7004543e-03
   5.3000000e+01  -1.1537779e-02   1.5755135e-03
   5.3100000e+01   1.6612452e-02   2.0306725e-02
   5.3200000e+01   6.2061904e-02   1.2453450e-02
   5.3300000e+01   1.0727640e-01  -2.7049810e-02
   5.3400000e+01   1.2561301e-01  -6.7039320e-02
   5.3500000e+01   1.0553735e-01  -7.5378981e-02
   5.3600000e+01   6.4181074e-02  -5.0846816e-02
   5.3700000e+01   3.4587538e-02  -1.9386413e-02
   5.3800000e+01   3.8371744e-02  -5.1620391e-03
   5.3900000e+01   6.8664610e-02  -1.1027400e-02
   5.4000000e+01   9.6318485e-02  -2.5044157e-02
   5.4100000e+01   9.2500869e-02  -3.7317983e-02
   5.4200000e+01   5.0886049e-02  -4.4776613e-02
   5.4300000e+01  -5.6374256e-03  -4.3548243e-02
   5.4400000e+01  -3.9882065e-02  -2.6203489e-02
   5.4500000e+01  -2.8214619e-02   8.4771391e-03
   5.4600000e+01   2.0741725e-02   4.6193377e-02
   5.4700000e+01   7.4607175e-02   6.3315972e-02
   5.4800000e+01   1.0593459e-01   4.5103130e-02
   5.4900000e+01   1.1219215e-01  -1.3947304e-03
   5.5000000e+01   1.0737303e-01  -5.0684523e-02
   5.5100000e+01   9.8563724e-02  -7.4522364e-02
   5.5200000e+01   7.7998921e-02  -5.9407985e-02
   5.5300000e+01   4.0072227e-02  -1.6401995e-02
   5.5400000e+01  -5.0712321e-04   2.4295544e-02
   5.5500000e+01  -1.6131373e-02   3.4669257e-02
   5.5600000e+01   5.6446166e-03   1.1419556e-02
   5.5700000e+01   4.5031046e-02  -2.2848666e-02
   5.5800000e+01   6.4591492e-02  -4.4144790e-02
   5.5900000e+01   4.1352420e-02  -5.1635130e-02
   5.6000000e+01  -1.5512282e-02  -6.3578554e-02
   5.6100000e+01  -7.6057112e-02  -9.0067042e-02
   5.6200000e+01  -1.1486509e-01  -1.1743988e-01
   5.6300000e+01  -1.2580356e-01  -1.2373661e-01
   5.6400000e+01  -1.1832430e-01  -1.0364176e-01
   5.6500000e+01  -1.0643801e-01  -7.0723149e-02
   5.6600000e+01  -1.0207838e-01  -3.8016251e-02
   5.6700000e+01  -1.1213003e-01  -6.8058669e-03
   5.6800000e+01  -1.3364618e-01   2.2681796e-02
   5.6900000e+01  -1.5100520e-01   4.0033267e-02
   5.7000000e+01  -1.4504968e-01   3.4949370e-02
   5.7100000e+01  -1.1257131e-01   1.6437631e-02
   5.7200000e+01  -7.6830327e-02   1.0579267e-02
   5.7300000e+01  -7.2507211e-02   3.4104288e-02
   5.7400000e+01  -1.1486555e-01   7.5368412e-02
   5.7500000e+01  -1.8307290e-01   1.0640672e-01
   5.7600000e+01  -2.3508208e-01   1.1052890e-01
   5.7700000e+01  -2.3936184e-01   9.3323348e-02
   5.7800000e+01  -1.9437907e-01   7.0367766e-02
   5.7900000e+01  -1.2359568e-01   5.3182932e-02
   5.8000000e+01  -5.7172611e-02   4.8455471e-02
   5.8100000e+01  -1.5644407e-02   6.0881756e-02
   5.8200000e+01  -1.0200565e-03   8.7497026e-02
   5.8300000e+01   3.0329373e-03   1.1240763e-01
   5.8400000e+01   1.8293020e-02   1.1792334e-01
   5.8500000e+01   5.0768022e-02   1.0521191e-01
   5.8600000e+01   8.0639112e-02   9.7722576e-02
   5.8700000e+01   7.9885778e-02   1.1731811e-01
   5.8800000e+01   4.5197044e-02   1.5810326e-01
   5.8900000e+01   1.0297523e-02   1.8888601e-01
   5.9000000e+01   1.8030842e-02   1.8201648e-01
   5.9100000e+01   7.6465439e-02   1.3652255e-01
   5.9200000e+01   1.4522006e-01   7.4014485e-02
   5.9300000e+01   1.7011567e-01   1.9220325e-02
   5.9400000e+01   1.3459839e-01  -1.1509319e-02
   5.9500000e+01   7.7855287e-02  -1.0436295e-02
   5.9600000e+01   6.1161645e-02   1.8978067e-02
   5.9700000e+01   1.1337052e-01   5.5097815e-02
   5.9800000e+01   2.0550870e-01   6.3694585e-02
   5.9900000e+01   2.7633434e-01   2.4409124e-02
   6.0000000e+01   2.8357129e-01  -4.4345177e-02
   6.0100000e+01   2.3425315e-01  -9.4317038e-02
   6.0200000e+01   1.7078939e-01  -8.9919196e-02
   6.0300000e+01   1.3166164e-01  -4.3646036e-02
   6.0400000e+01   1.2454462e-01  -5.9912635e-03
   6.0500000e+01   1.3040021e-01  -1.8091754e-02
   6.0600000e+01   1.2586921e-01  -7.4648542e-02
   6.0700000e+01   1.0116833e-01  -1.3295947e-01
   6.0800000e+01   6.3928128e-02  -1.5582003e-01
   6.0900000e+01   3.2824001e-02  -1.4431707e-01
   6.1000000e+01   2.5615072e-02  -1.3104867e-01
   6.1100000e+01   4.4847131e-02  -1.4463982e-01
   6.1200000e+01   7.0401824e-02  -1.8137523e-01
   6.1300000e+01   7.0306138e-02  -2.0985082e-01
   6.1400000e+01   2.6729308e-02  -2.0294744e-01
   6.1500000e+01  -4.5413674e-02  -1.6613457e-01
   6.1600000e+01  -1.0810861e-01  -1.3345545e-01
   6.1700000e+01  -1.3202094e-01  -1.3283949e-01
   6.1800000e+01  -1.2062209e-01  -1.5517969e-01
   6.1900000e+01  -1.0392619e-01  -1.6217640e-01
   6.2000000e+01  -1.0933865e-01  -1.2876798e-01
   6.2100000e+01  -1.3790801e-01  -7.5213410e-02
   6.2200000e+01  -1.6618181e-01  -5.0131485e-02
   6.2300000e+01  -1.6896725e-01  -7.8568263e-02
   6.2400000e+01  -1.4168388e-01  -1.3082904e-01
   6.2500000e+01  -1.0428952e-01  -1.4817308e-01
   6.2600000e+01  -8.4831376e-02  -1.0014276e-01
   6.2700000e+01  -9.6037982e-02  -1.4233664e-02
   6.2800000e+01  -1.2360259e-01   5.0945606e-02
   6.2900000e+01  -1.3674089e-01   5.9218693e-02
   6.3000000e+01  -1.1424679e-01   2.4346075e-02
   6.3100000e+01  -6.4802357e-02  -9.5903771e-03
   6.3200000e+01  -2.2546025e-02  -9.4424247e-03
   6.3300000e+01  -1.9355120e-02   2.3824967e-02
   6.3400000e+01  -5.6993864e-02   6.5363956e-02
   6.3500000e+01  -1.0388264e-01   9.3372226e-02
   6.3600000e+01  -1.1976534e-01   1.0612004e-01
   6.3700000e+01  -8.7310079e-02   1.1731953e-01
   6.3800000e+01  -2.5229014e-02   1.3892830e-01
   6.3900000e+01   2.5667924e-02   1.6893674e-01
   6.4000000e+01   3.1693789e-02   1.9382840e-01
   6.4100000e+01  -9.5834358e-03   2.0094333e-01
   6.4200000e+01  -6.6297840e-02   1.8816978e-01
   6.4300000e+01  -9.4005301e-02   1.6315221e-01
   6.4400000e+01  -6.9100357e-02   1.3554532e-01
   6.4500000e+01  -8.1811673e-03   1.1165314e-01
   6.4600000e+01   4.5837748e-02   9.5417289e-02
   6.4700000e+01   6.1411918e-02   9.0772485e-02
   6.4800000e+01   4.4803536e-02   9.9760196e-02
   6.4900000e+01   2.9114844e-02   1.1879325e-01
   6.5000000e+01   3.8874076e-02   1.3960797e-01
   6.5100000e+01   6.9046964e-02   1.5444592e-01
   6.5200000e+01   9.8514659e-02   1.5747974e-01
   6.5300000e+01   1.1714761e-01   1.4038781e-01
   6.5400000e+01   1.3279897e-01   9.2746457e-02
   6.5500000e+01   1.5337472e-01   1.5648521e-02
   6.5600000e+01   1.7050859e-01  -6.3990033e-02
   6.5700000e+01   1.6646217e-01  -1.0268885e-01
   6.5800000e+01   1.3496898e-01  -7.5769811e-02
   6.5900000e+01   9.0691127e-02  -6.0396572e-03
   6.6000000e+01   5.7569059e-02   4.9424472e-02
   6.6100000e+01   5.0017399e-02   4.7435516e-02
   6.6200000e+01   6.4662863e-02  -5.6064846e-03
   6.6300000e+01   8.5537775e-02  -6.6587501e-02
   6.6400000e+01   9.3845974e-02  -1.0083189e-01
   6.6500000e+01   7.5566149e-02  -1.1016079e-01
   6.6600000e+01   2.7131230e-02  -1.1740819e-01
   6.6700000e+01  -4.0541425e-02  -1.3064661e-01
   6.6800000e+01  -1.0434276e-01  -1.3008353e-01
   6.6900000e+01  -1.4122318e-01  -9.1862884e-02
   6.7000000e+01  -1.4391337e-01  -2.0960859e-02
   6.7100000e+01  -1.2590961e-01   4.4752754e-02
   6.7200000e+01  -1.0902005e-01   6.6641590e-02
   6.7300000e+01  -1.0490127e-01   4.2062043e-02
   6.7400000e+01  -1.0971849e-01   7.0282910e-03
   6.7500000e+01  -1.1598085e-01  -1.2820945e-04
   6.7600000e+01  -1.2412618e-01   2.2777833e-02
   6.7700000e+01  -1.3710277e-01   4.2358038e-02
   6.7800000e+01  -1.4592345e-01   2.8582280e-02
   6.7900000e+01  -1.3020444e-01  -1.1947933e-02
   6.8000000e+01  -7.9794176e-02  -4.5837354e-02
   6.8100000e+01  -1.2660233e-02  -5.2070763e-02
   6.8200000e+01   3.6508728e-02  -4.2187233e-02
   6.8300000e+01   4.7682650e-02  -3.8631224e-02
   6.8400000e+01   3.1705151e-02  -4.2301135e-02
   6.8500000e+01   1.4652697e-02  -3.3465482e-02
   6.8600000e+01   1.2304301e-02  -5.3121715e-03
   6.8700000e+01   2.4188238e-02   1.5350332e-02
   6.8800000e+01   4.5935983e-02  -8.4712366e-03
   6.8900000e+01   7.5604340e-02  -8.1041671e-02
   6.9000000e+01   1.0580397e-01  -1.6283115e-01
   6.9100000e+01   1.2083147e-01  -2.0620293e-01
   6.9200000e+01   1.1213778e-01  -1.9850907e-01
   6.9300000e+01   9.3585075e-02  -1.6669564e-01
   6.9400000e+01   8.9931844e-02  -1.4345647e-01
   6.9500000e+01   1.0592492e-01  -1.3593328e-01
   6.9600000e+01   1.1467167e-01  -1.2813114e-01
   6.9700000e+01   8.5699390e-02  -1.0602259e-01
   6.9800000e+01   2.3706883e-02  -7.2561337e-02
   6.9900000e+01  -2.8626299e-02  -3.9290952e-02
   7.0000000e+01  -3.1171976e-02  -1.1547263e-02
   7.0100000e+01   1.2422462e-02   1.2304193e-02
   7.0200000e+01   5.7030064e-02   3.0055794e-02
   7.0300000e+01   5.8682468e-02   3.2434277e-02
   7.0400000e+01   1.3211956e-02   1.5765312e-02
   7.0500000e+01  -4.5108358e-02  -4.7751742e-03
   7.0600000e+01  -7.7869570e-02  -1.8945170e-03
   7.0700000e+01  -7.3530963e-02   3.8583775e-02
   7.0800000e+01  -4.9501317e-02   9.9918159e-02
   7.0900000e+01  -3.1126077e-02   1.4622218e-01
   7.1000000e+01  -3.0836485e-02   1.5469817e-01
   7.1100000e+01  -4.2632329e-02   1.3506566e-01
   7.1200000e+01  -5.0329676e-02   1.1547392e-01
   7.1300000e+01  -4.0665680e-02   1.1121666e-01
   7.1400000e+01  -1.3757817e-02   1.1146295e-01
   7.1500000e+01   1.5426263e-02   9.7319713e-02
   7.1600000e+01   2.8637690e-02   6.7832108e-02
   7.1700000e+01   2.2471679e-02   4.2798976e-02
   7.1800000e+01   1.4837565e-02   4.0438763e-02
   7.1900000e+01   2.7776139e-02   5.7269056e-02
   7.2000000e+01   6.0594345e-02   7.2570060e-02
   7.2100000e+01   8.4257344e-02   6.9826884e-02
   7.2200000e+01   6.9174954e-02   5.0317834e-02
   7.2300000e+01   1.9567003e-02   2.7080474e-02
   7.2400000e+01  -2.5127574e-02   1.0338037e-02
   7.2500000e+01  -2.7859650e-02   6.1731131e-04
   7.2600000e+01   7.3510517e-03  -7.3086253e-03
   7.2700000e+01   3.7399567e-02  -1.7541573e-02
   7.2800000e+01   2.2683729e-02  -2.9310758e-02
   7.2900000e+01  -3.1701321e-02  -3.6624614e-02
   7.3000000e+01  -7.6868842e-02  -3.1234378e-02
   7.3100000e+01  -6.3127358e-02  -9.5130751e-03
   7.3200000e+01   1.3816625e-02   2.1043119e-02
   7.3300000e+01   1.0441672e-01   4.4112944e-02
   7.3400000e+01   1.4204602e-01   4.6923033e-02
   7.3500000e+01   9.4112310e-02   3.0998235e-02
   7.3600000e+01  -1.3976656e-02   8.9408406e-03
   7.3700000e+01  -1.1915784e-01  -9.1644668e-03
   7.3800000e+01  -1.6607448e-01  -2.3307559e-02
   7.3900000e+01  -1.4145043e-01  -3.7013440e-02
   7.4000000e+01  -7.5535937e-02  -4.7799938e-02
   7.4100000e+01  -1.5984269e-02  -4.9383382e-02
   7.4200000e+01   4.1472332e-03  -4.2905475e-02
   7.4300000e+01  -1.5645356e-02  -3.9897790e-02
   7.4400000e+01  -4.7999289e-02  -4.9214977e-02
   7.4500000e+01  -6.0640002e-02  -6.2444405e-02
   7.4600000e+01  -4.1636112e-02  -5.7797981e-02
   7.4700000e+01  -7.4108982e-03  -2.2146430e-02
   7.4800000e+01   1.3744958e-02   3.1689462e-02
   7.4900000e+01   7.9629460e-03   7.2539794e-02
   7.5000000e+01  -1.3018202e-02   7.7337459e-02
   7.5100000e+01  -2.6014092e-02   4.9893767e-02
   7.5200000e+01  -2.0565247e-02   1.3735855e-02
   7.5300000e+01  -8.4247421e-03  -1.1394296e-02
   7.5400000e+01  -9.8180867e-03  -2.3418014e-02
   7.5500000e+01  -3.1438050e-02  -2.9353615e-02
   7.5600000e+01  -5.8156369e-02  -2.8437040e-02
   7.5700000e+01  -6.6074814e-02  -1.0273906e-02
   7.5800000e+01  -4.4301391e-02   2.8001097e-02
   7.5900000e+01  -5.2708063e-03   6.6735526e-02
   7.6000000e+01   2.5746393e-02   7.2961821e-02
   7.6100000e+01   3.2267093e-02   2.9940990e-02
   7.6200000e+01   1.9558646e-02  -4.1214691e-02
   7.6300000e+01   7.3802583e-03  -9.1976922e-02
   7.6400000e+01   9.9959049e-03  -8.3590271e-02
   7.6500000e+01   2.2683814e-02  -1.9940316e-02
   7.6600000e+01   2.7285822e-02   5.2549070e-02
   7.6700000e+01   1.1120685e-02   7.8894992e-02
   7.6800000e+01  -1.8782900e-02   3.6544266e-02
   7.6900000e+01  -3.9764546e-02  -4.8035844e-02
   7.7000000e+01  -3.2879469e-02  -1.1833598e-01
   7.7100000e+01  -2.7037354e-04  -1.2703722e-01
   7.7200000e+01   3.5802198e-02  -6.7734700e-02
   7.7300000e+01   5.2345472e-02   2.0978034e-02
   7.7400000e+01   4.5578367e-02   8.0258070e-02
   7.7500000e+01   3.1776511e-02   6.8567625e-02
   7.7600000e+01   2.7966928e-02  -1.0965678e-02
   7.7700000e+01   3.3028280e-02  -1.1057473e-01
   7.7800000e+01   3.0407328e-02  -1.6652421e-01
   7.7900000e+01   1.0106101e-02  -1.3966851e-01
   7.8000000e+01  -1.5083526e-02  -4.2107384e-02
   7.8100000e+01  -1.9040287e-02   6.8730818e-02
   7.8200000e+01   1.1229558e-02   1.2685609e-01
   7.8300000e+01   6.0233937e-02   1.0214907e-01
   7.8400000e+01   9.5423670e-02   2.1371969e-02
   7.8500000e+01   9.2550929e-02  -5.1518393e-02
   7.8600000e+01   5.1163544e-02  -6.3491030e-02
   7.8700000e+01  -8.0867494e-03  -1.2424902e-02
   7.8800000e+01  -5.5170842e-02   5.3976633e-02
   7.8900000e+01  -6.3470366e-02   7.9788793e-02
   7.9000000e+01  -2.4300503e-02   4.6791787e-02
   7.9100000e+01   4.0921231e-02  -1.4735512e-02
   7.9200000e+01   8.6336287e-02  -5.6077536e-02
   7.9300000e+01   7.2436215e-02  -4.9783720e-02
   7.9400000e+01   6.9656106e-04  -4.4423983e-03
   7.9500000e+01  -8.2926344e-02   5.0687304e-02
   7.9600000e+01  -1.2455128e-01   8.9376263e-02
   7.9700000e+01  -1.0658275e-01   9.9976278e-02
   7.9800000e+01  -5.7391874e-02   8.3476250e-02
   7.9900000e+01  -1.8042520e-02   4.7456161e-02
   8.0000000e+01  -7.2367822e-04   1.6712724e-03
