   1.0221618e+02   2.8602761e+01   2.5212700e+03
   1.0225242e+02   2.8571088e+01   2.0741900e+03
   0.0000000e+00   9.5294283e-01   9.5294283e-01
   1.0000000e-01   9.9123128e-01   8.8690224e-01
   2.0000000e-01   1.0000000e+00   7.8219607e-01
   3.0000000e-01   9.6311399e-01   6.4469760e-01
   4.0000000e-01   8.8017479e-01   5.0680238e-01
   5.0000000e-01   7.8170368e-01   3.9903461e-01
   6.0000000e-01   7.0127488e-01   3.2211996e-01
   7.0000000e-01   6.3810581e-01   2.5661181e-01
   8.0000000e-01   5.5976264e-01   1.9133265e-01
   9.0000000e-01   4.4282914e-01   1.2803678e-01
   1.0000000e+00   3.0104586e-01   6.1588056e-02
   1.1000000e+00   1.6822250e-01  -2.5832582e-02
   1.2000000e+00   6.0093275e-02  -1.4212693e-01
   1.3000000e+00  -3.7768420e-02  -2.6719522e-01
   1.4000000e+00  -1.4394547e-01  -3.6849571e-01
   1.5000000e+00  -2.5132812e-01  -4.3177520e-01
   1.6000000e+00  -3.3054295e-01  -4.6921411e-01
   1.7000000e+00  -3.6295929e-01  -5.0044998e-01
   1.8000000e+00  -3.6397378e-01  -5.3442288e-01
   1.9000000e+00  -3.6808155e-01  -5.6923299e-01
   2.0000000e+00  -3.9212461e-01  -5.9949082e-01
   2.1000000e+00  -4.1947629e-01  -6.1797675e-01
   2.2000000e+00  -4.2337501e-01  -6.1470816e-01
   2.3000000e+00  -4.0070269e-01  -5.8083095e-01
   2.4000000e+00  -3.7566259e-01  -5.1547694e-01
   2.5000000e+00  -3.7082509e-01  -4.3067486e-01
   2.6000000e+00  -3.8267945e-01  -3.5286027e-01
   2.7000000e+00  -3.9053204e-01  -3.1647900e-01
   2.8000000e+00  -3.8436100e-01  -3.4373580e-01
   2.9000000e+00  -3.7559207e-01  -4.2105278e-01
   3.0000000e+00  -3.7946170e-01  -4.9976693e-01
   3.1000000e+00  -3.9298385e-01  -5.3057626e-01
   3.2000000e+00  -3.9451118e-01  -4.9923898e-01
   3.3000000e+00  -3.6314799e-01  -4.2362849e-01
   3.4000000e+00  -2.9673081e-01  -3.1985838e-01
   3.5000000e+00  -2.1421915e-01  -1.8633199e-01
   3.6000000e+00  -1.4481157e-01  -2.7950744e-02
   3.7000000e+00  -1.1204065e-01   1.1785873e-01
   3.8000000e+00  -1.1945784e-01   1.9906417e-01
   3.9000000e+00  -1.4569183e-01   1.9695827e-01
   4.0000000e+00  -1.5637490e-01   1.4610347e-01
   4.1000000e+00  -1.2889486e-01   1.0139462e-01
   4.2000000e+00  -7.0566296e-02   9.1277431e-02
   4.3000000e+00  -1.2070411e-02   1.0633574e-01
   4.4000000e+00   1.9423938e-02   1.2398049e-01
   4.5000000e+00   2.1865603e-02   1.3331354e-01
   4.6000000e+00   1.4232135e-02   1.3900355e-01
   4.7000000e+00   1.3786654e-02   1.5325409e-01
   4.8000000e+00   2.0920526e-02   1.8781336e-01
   4.9000000e+00   2.6822073e-02   2.4498333e-01
   5.0000000e+00   3.1203172e-02   3.0899424e-01
   5.1000000e+00   4.5944394e-02   3.5016822e-01
   5.2000000e+00   7.9467091e-02   3.4595910e-01
   5.3000000e+00   1.2202954e-01   3.0056100e-01
   5.4000000e+00   1.5172647e-01   2.4234176e-01
   5.5000000e+00   1.5532082e-01   2.0256080e-01
   5.6000000e+00   1.4007824e-01   1.9665770e-01
   5.7000000e+00   1.2469310e-01   2.1966309e-01
   5.8000000e+00   1.2219370e-01   2.5062724e-01
   5.9000000e+00   1.3367652e-01   2.6172201e-01
   6.0000000e+00   1.5471609e-01   2.3460099e-01
   6.1000000e+00   1.8165779e-01   1.7776452e-01
   6.2000000e+00   2.1029159e-01   1.2542065e-01
   6.3000000e+00   2.3303444e-01   1.1013648e-01
   6.4000000e+00   2.4261524e-01   1.3301819e-01
   6.5000000e+00   2.3958292e-01   1.6401490e-01
   6.6000000e+00   2.3358366e-01   1.7270831e-01
   6.7000000e+00   2.3411655e-01   1.5466000e-01
   6.8000000e+00   2.3892899e-01   1.2574753e-01
   6.9000000e+00   2.3356405e-01   9.7133156e-02
   7.0000000e+00   2.0614240e-01   6.4243355e-02
   7.1000000e+00   1.6394449e-01   2.0200415e-02
   7.2000000e+00   1.3168481e-01  -2.8637096e-02
   7.3000000e+00   1.2834880e-01  -6.6965506e-02
   7.4000000e+00   1.4562735e-01  -8.7536815e-02
   7.5000000e+00   1.5369875e-01  -9.7324567e-02
   7.6000000e+00   1.3010863e-01  -1.0584902e-01
   7.7000000e+00   7.9313155e-02  -1.1297044e-01
   7.8000000e+00   2.1856962e-02  -1.1239082e-01
   7.9000000e+00  -2.9722989e-02  -1.0417152e-01
   8.0000000e+00  -7.6888643e-02  -9.7452460e-02
   8.1000000e+00  -1.1971988e-01  -9.9259828e-02
   8.2000000e+00  -1.4668861e-01  -1.0537307e-01
   8.3000000e+00  -1.4587916e-01  -1.0656340e-01
   8.4000000e+00  -1.2104946e-01  -1.0209405e-01
   8.5000000e+00  -8.9506813e-02  -1.0212242e-01
   8.6000000e+00  -6.6301149e-02  -1.1567288e-01
   8.7000000e+00  -5.7508128e-02  -1.4011705e-01
   8.8000000e+00  -6.7690599e-02  -1.6514764e-01
   8.9000000e+00  -1.0265972e-01  -1.8406626e-01
   9.0000000e+00  -1.5722703e-01  -1.9652246e-01
   9.1000000e+00  -2.0613801e-01  -2.0106376e-01
   9.2000000e+00  -2.1929658e-01  -1.9139935e-01
   9.3000000e+00  -1.9060784e-01  -1.6426320e-01
   9.4000000e+00  -1.4666515e-01  -1.2817840e-01
   9.5000000e+00  -1.2180181e-01  -9.8920314e-02
   9.6000000e+00  -1.2581677e-01  -8.5052582e-02
   9.7000000e+00  -1.3915163e-01  -8.0973357e-02
   9.8000000e+00  -1.3741679e-01  -7.5464011e-02
   9.9000000e+00  -1.1500800e-01  -6.3863010e-02
   1.0000000e+01  -8.3865436e-02  -4.9018358e-02
   1.0100000e+01  -5.5455998e-02  -3.3078114e-02
   1.0200000e+01  -3.0237797e-02  -1.4280361e-02
   1.0300000e+01  -3.5353783e-03   6.4601267e-03
   1.0400000e+01   2.4829554e-02   2.0632053e-02
   1.0500000e+01   4.9949271e-02   1.9317333e-02
   1.0600000e+01   6.7230297e-02   5.5525596e-03
   1.0700000e+01   7.4181697e-02  -4.2835549e-03
   1.0800000e+01   6.8727958e-02   6.1922374e-03
   1.0900000e+01   5.1475959e-02   3.9355978e-02
   1.1000000e+01   3.1127271e-02   8.3147390e-02
   1.1100000e+01   2.2311698e-02   1.2222985e-01
   1.1200000e+01   3.2598826e-02   1.4772378e-01
   1.1300000e+01   5.2601297e-02   1.5840994e-01
   1.1400000e+01   6.3700694e-02   1.5746207e-01
   1.1500000e+01   5.6820666e-02   1.5002873e-01
   1.1600000e+01   4.0322581e-02   1.4090793e-01
   1.1700000e+01   2.8097056e-02   1.3072548e-01
   1.1800000e+01   2.3988650e-02   1.1458737e-01
   1.1900000e+01   2.1820254e-02   8.7752163e-02
   1.2000000e+01   1.7825430e-02   5.4235419e-02
   1.2100000e+01   1.6264648e-02   2.7886404e-02
   1.2200000e+01   2.1110676e-02   2.2105540e-02
   1.2300000e+01   2.7796594e-02   3.7396163e-02
   1.2400000e+01   2.8170055e-02   5.9455912e-02
   1.2500000e+01   2.1432041e-02   7.0148122e-02
   1.2600000e+01   1.4844559e-02   6.1316089e-02
   1.2700000e+01   1.3355664e-02   3.9559039e-02
   1.2800000e+01   1.3621142e-02   1.8819525e-02
   1.2900000e+01   1.0987398e-02   7.8761760e-03
   1.3000000e+01   8.4230963e-03   3.6382036e-03
   1.3100000e+01   1.3145459e-02  -3.9253245e-03
   1.3200000e+01   2.4566100e-02  -2.0000201e-02
   1.3300000e+01   3.0477033e-02  -3.8385704e-02
   1.3400000e+01   1.8292800e-02  -4.7652104e-02
   1.3500000e+01  -1.1354511e-02  -4.3516341e-02
   1.3600000e+01  -4.4344031e-02  -3.3174762e-02
   1.3700000e+01  -6.5623192e-02  -2.6580795e-02
   1.3800000e+01  -7.0456454e-02  -2.5754463e-02
   1.3900000e+01  -6.4493563e-02  -2.5393389e-02
   1.4000000e+01  -5.6240493e-02  -2.2823368e-02
   1.4100000e+01  -5.0991360e-02  -2.2939295e-02
   1.4200000e+01  -4.9764559e-02  -3.1152265e-02
   1.4300000e+01  -5.0792091e-02  -4.4230659e-02
   1.4400000e+01  -5.1323510e-02  -5.2029974e-02
   1.4500000e+01  -4.9749249e-02  -4.8576259e-02
   1.4600000e+01  -4.7223424e-02  -3.8844628e-02
   1.4700000e+01  -4.6494303e-02  -3.3322830e-02
   1.4800000e+01  -4.8041882e-02  -3.7159647e-02
   1.4900000e+01  -4.7741031e-02  -4.5720565e-02
   1.5000000e+01  -3.9773769e-02  -4.9896750e-02
   1.5100000e+01  -2.2646714e-02  -4.4579224e-02
   1.5200000e+01  -1.8610683e-03  -3.2321256e-02
   1.5300000e+01   1.4265247e-02  -1.9936944e-02
   1.5400000e+01   2.1929517e-02  -1.2069317e-02
   1.5500000e+01   2.5196235e-02  -8.0423380e-03
   1.5600000e+01   3.2102937e-02  -4.9127299e-03
   1.5700000e+01   4.7171807e-02  -2.8433549e-03
   1.5800000e+01   6.7183361e-02  -5.7709178e-03
   1.5900000e+01   8.3947552e-02  -1.5792924e-02
   1.6000000e+01   9.1444755e-02  -2.8082303e-02
   1.6100000e+01   9.0699275e-02  -3.3303446e-02
   1.6200000e+01   8.7779255e-02  -2.5369065e-02
   1.6300000e+01   8.6978644e-02  -5.9196014e-03
   1.6400000e+01   8.6335978e-02   1.8343775e-02
   1.6500000e+01   8.0512180e-02   4.0598987e-02
   1.6600000e+01   6.8098301e-02   5.5586976e-02
   1.6700000e+01   5.5036219e-02   5.9206390e-02
   1.6800000e+01   4.9541965e-02   5.0007228e-02
   1.6900000e+01   5.3284136e-02   3.1677948e-02
   1.7000000e+01   5.8303414e-02   1.1877818e-02
   1.7100000e+01   5.3743696e-02  -2.9699637e-03
   1.7200000e+01   3.6449359e-02  -1.1235685e-02
   1.7300000e+01   1.5167064e-02  -1.4024921e-02
   1.7400000e+01   3.6637306e-03  -1.1103485e-02
   1.7500000e+01   8.2316139e-03  -9.5499213e-04
   1.7600000e+01   2.0725160e-02   1.5092550e-02
   1.7700000e+01   2.4261083e-02   3.0896561e-02
   1.7800000e+01   7.6487098e-03   3.9356737e-02
   1.7900000e+01  -2.4198946e-02   3.8092613e-02
   1.8000000e+01  -5.4100592e-02   3.0546143e-02
   1.8100000e+01  -6.7646152e-02   2.1789656e-02
   1.8200000e+01  -6.4922273e-02   1.4163429e-02
   1.8300000e+01  -5.7574611e-02   6.8233709e-03
   1.8400000e+01  -5.5372773e-02  -1.8488488e-03
   1.8500000e+01  -5.7279659e-02  -1.2051831e-02
   1.8600000e+01  -5.5768328e-02  -2.1594388e-02
   1.8700000e+01  -4.7542789e-02  -2.5979841e-02
   1.8800000e+01  -3.7665697e-02  -2.0657310e-02
   1.8900000e+01  -3.3707898e-02  -5.7354055e-03
   1.9000000e+01  -3.8496714e-02   1.1108391e-02
   1.9100000e+01  -4.9499767e-02   1.9199476e-02
   1.9200000e+01  -6.2686598e-02   1.5063983e-02
   1.9300000e+01  -7.3923522e-02   7.2672217e-03
   1.9400000e+01  -7.7340286e-02   8.0044418e-03
   1.9500000e+01  -6.6780073e-02   1.8882725e-02
   1.9600000e+01  -4.2380422e-02   2.7527789e-02
   1.9700000e+01  -1.4820528e-02   2.0653827e-02
   1.9800000e+01   6.7409607e-04  -5.1715141e-04
   1.9900000e+01  -3.0262158e-03  -2.0286148e-02
   2.0000000e+01  -1.8615096e-02  -2.3741005e-02
   2.0100000e+01  -3.1585850e-02  -9.6824939e-03
   2.0200000e+01  -3.3435424e-02   1.1661911e-02
   2.0300000e+01  -2.6918086e-02   2.9940684e-02
   2.0400000e+01  -1.9150663e-02   4.0632602e-02
   2.0500000e+01  -1.2171440e-02   4.2276924e-02
   2.0600000e+01  -2.1789371e-03   3.3742829e-02
   2.0700000e+01   1.2839838e-02   1.6870538e-02
   2.0800000e+01   2.7569898e-02  -1.3591289e-03
   2.0900000e+01   3.3395989e-02  -1.3424586e-02
   2.1000000e+01   2.7645439e-02  -1.8062570e-02
   2.1100000e+01   1.7373716e-02  -1.9961509e-02
   2.1200000e+01   1.3299763e-02  -2.2610783e-02
   2.1300000e+01   2.0534897e-02  -2.4457533e-02
   2.1400000e+01   3.5677162e-02  -2.3613846e-02
   2.1500000e+01   5.1888215e-02  -2.3391614e-02
   2.1600000e+01   6.4755454e-02  -2.9035773e-02
   2.1700000e+01   7.2463324e-02  -3.8717576e-02
   2.1800000e+01   7.2313750e-02  -4.1530782e-02
   2.1900000e+01   6.0592654e-02  -2.7770569e-02
   2.2000000e+01   3.7674457e-02  -1.1436419e-03
   2.2100000e+01   1.1854720e-02   2.1290675e-02
   2.2200000e+01  -4.7676671e-03   2.2787513e-02
   2.2300000e+01  -5.7451225e-03   1.1925429e-03
   2.2400000e+01   4.8808387e-03  -2.9388185e-02
   2.2500000e+01   1.7794295e-02  -5.0174566e-02
   2.2600000e+01   2.7505309e-02  -5.1659535e-02
   2.2700000e+01   3.4803735e-02  -3.8548677e-02
   2.2800000e+01   4.0728238e-02  -2.3178317e-02
   2.2900000e+01   4.1156063e-02  -1.4327807e-02
   2.3000000e+01   3.0140801e-02  -1.1024834e-02
   2.3100000e+01   8.2264641e-03  -5.6675322e-03
   2.3200000e+01  -1.5322197e-02   7.4740291e-03
   2.3300000e+01  -3.0207275e-02   2.6364876e-02
   2.3400000e+01  -3.3992109e-02   4.2565598e-02
   2.3500000e+01  -3.2056818e-02   4.7646058e-02
   2.3600000e+01  -2.9862923e-02   3.8849644e-02
   2.3700000e+01  -2.7775372e-02   2.0243130e-02
   2.3800000e+01  -2.3888436e-02  -2.7240177e-04
   2.3900000e+01  -1.9190407e-02  -1.5570264e-02
   2.4000000e+01  -1.7216983e-02  -2.3025560e-02
   2.4100000e+01  -1.9025657e-02  -2.5275492e-02
   2.4200000e+01  -2.1025040e-02  -2.6986839e-02
   2.4300000e+01  -1.9018251e-02  -2.9525218e-02
   2.4400000e+01  -1.3375836e-02  -2.8352452e-02
   2.4500000e+01  -8.9929205e-03  -1.6721572e-02
   2.4600000e+01  -1.0260199e-02   6.7349081e-03
   2.4700000e+01  -1.6610031e-02   3.3843932e-02
   2.4800000e+01  -2.2748382e-02   5.1258010e-02
   2.4900000e+01  -2.2893299e-02   5.0437593e-02
   2.5000000e+01  -1.5481492e-02   3.4521401e-02
   2.5100000e+01  -4.8002271e-03   1.5682328e-02
   2.5200000e+01   2.1670624e-03   4.9168420e-03
   2.5300000e+01   1.7951720e-03   3.0956463e-03
   2.5400000e+01  -2.6489551e-03   1.5130432e-03
   2.5500000e+01  -4.2559568e-03  -7.9846907e-03
   2.5600000e+01   9.9864544e-05  -2.2681160e-02
   2.5700000e+01   6.2310919e-03  -2.9546290e-02
   2.5800000e+01   7.4707795e-03  -1.7742986e-02
   2.5900000e+01   2.7097956e-03   9.1223740e-03
   2.6000000e+01  -1.6258521e-03   3.4695635e-02
   2.6100000e+01   1.8449960e-03   4.4670626e-02
   2.6200000e+01   1.3431964e-02   3.8761950e-02
   2.6300000e+01   2.5337798e-02   2.7064818e-02
   2.6400000e+01   2.8387990e-02   1.6659687e-02
   2.6500000e+01   1.9753534e-02   5.4350861e-03
   2.6600000e+01   4.7952888e-03  -1.0354623e-02
   2.6700000e+01  -7.8128163e-03  -2.6310645e-02
   2.6800000e+01  -1.2698897e-02  -3.1542279e-02
   2.6900000e+01  -1.0334072e-02  -1.9966438e-02
   2.7000000e+01  -4.1020387e-03   2.5581719e-03
   2.7100000e+01   3.9591841e-03   2.3223276e-02
   2.7200000e+01   1.3617537e-02   3.3145640e-02
   2.7300000e+01   2.3144579e-02   3.2974258e-02
   2.7400000e+01   2.7741495e-02   2.9390044e-02
   2.7500000e+01   2.3448645e-02   2.7336665e-02
   2.7600000e+01   1.2532603e-02   2.5053188e-02
   2.7700000e+01   2.7496470e-03   1.5986338e-02
   2.7800000e+01  -3.5411388e-04  -3.5539842e-03
   2.7900000e+01   5.1447012e-04  -2.7683215e-02
   2.8000000e+01  -2.0537884e-03  -4.2996423e-02
   2.8100000e+01  -1.0501368e-02  -3.9584862e-02
   2.8200000e+01  -1.8141766e-02  -2.0676362e-02
   2.8300000e+01  -1.6096711e-02  -2.8932091e-04
   2.8400000e+01  -3.6186491e-03   9.0316189e-03
   2.8500000e+01   1.0085219e-02   5.4280876e-03
   2.8600000e+01   1.4475653e-02  -4.4656695e-03
   2.8700000e+01   7.1316316e-03  -1.3814721e-02
   2.8800000e+01  -5.2814354e-03  -1.9775215e-02
   2.8900000e+01  -1.3685370e-02  -2.1657056e-02
   2.9000000e+01  -1.3198728e-02  -1.9054087e-02
   2.9100000e+01  -4.9164745e-03  -1.3187750e-02
   2.9200000e+01   5.7595104e-03  -7.9881045e-03
   2.9300000e+01   1.1724503e-02  -7.7696551e-03
   2.9400000e+01   7.6808468e-03  -1.3947835e-02
   2.9500000e+01  -5.7835321e-03  -2.4370966e-02
   2.9600000e+01  -2.1001204e-02  -3.4523033e-02
   2.9700000e+01  -2.7922424e-02  -3.8317012e-02
   2.9800000e+01  -2.1907811e-02  -2.9774821e-02
   2.9900000e+01  -7.5985518e-03  -7.7338294e-03
   3.0000000e+01   4.7914333e-03   1.9970084e-02
   3.0100000e+01   7.2206474e-03   3.9797798e-02
   3.0200000e+01  -7.7893489e-04   4.3073345e-02
   3.0300000e+01  -1.2244110e-02   3.3373242e-02
   3.0400000e+01  -1.7616839e-02   2.1904984e-02
   3.0500000e+01  -1.1593892e-02   1.5810921e-02
   3.0600000e+01   2.0166181e-03   1.2969900e-02
   3.0700000e+01   1.2139976e-02   8.4153787e-03
   3.0800000e+01   9.7257737e-03   2.6297187e-03
   3.0900000e+01  -2.9145372e-03   4.1086958e-04
   3.1000000e+01  -1.3026706e-02   2.6924651e-03
   3.1100000e+01  -9.5841936e-03   3.8337991e-03
   3.1200000e+01   5.3965466e-03  -6.2520471e-04
   3.1300000e+01   1.9026991e-02  -5.9120193e-03
   3.1400000e+01   2.1143473e-02  -1.7300183e-03
   3.1500000e+01   1.4300445e-02   1.5072938e-02
   3.1600000e+01   9.6360035e-03   3.4092154e-02
   3.1700000e+01   1.4285056e-02   3.9825370e-02
   3.1800000e+01   2.4377753e-02   2.6064819e-02
   3.1900000e+01   2.9815958e-02   7.7563885e-04
   3.2000000e+01   2.4273569e-02  -2.2222468e-02
   3.2100000e+01   1.0475066e-02  -3.4187758e-02
   3.2200000e+01  -2.7243836e-03  -3.4488888e-02
   3.2300000e+01  -7.8843960e-03  -2.6523167e-02
   3.2400000e+01  -5.2802064e-03  -1.4012389e-02
   3.2500000e+01  -3.1488921e-03  -9.5500631e-04
   3.2600000e+01  -1.0445498e-02   7.8121919e-03
   3.2700000e+01  -2.6861451e-02   8.2571760e-03
   3.2800000e+01  -3.9802966e-02  -3.3669567e-04
   3.2900000e+01  -3.4110812e-02  -1.4587425e-02
   3.3000000e+01  -7.6509242e-03  -2.8518339e-02
   3.3100000e+01   2.2846388e-02  -3.6464065e-02
   3.3200000e+01   3.4129141e-02  -3.6198479e-02
   3.3300000e+01   1.7185371e-02  -3.0247463e-02
   3.3400000e+01  -1.3485829e-02  -2.3486336e-02
   3.3500000e+01  -3.2034884e-02  -1.8598920e-02
   3.3600000e+01  -2.4034064e-02  -1.4337929e-02
   3.3700000e+01   1.3669035e-03  -8.8342443e-03
   3.3800000e+01   2.0756008e-02  -3.4635031e-03
   3.3900000e+01   1.7711394e-02  -1.4649959e-03
   3.4000000e+01  -3.8514271e-03  -2.7182514e-03
   3.4100000e+01  -2.5293967e-02  -2.2138165e-03
   3.4200000e+01  -3.0842036e-02   4.4963706e-03
   3.4300000e+01  -2.0333573e-02   1.5119328e-02
   3.4400000e+01  -6.6193691e-03   2.1725144e-02
   3.4500000e+01  -1.8797737e-03   1.8449850e-02
   3.4600000e+01  -6.3375516e-03   7.3106992e-03
   3.4700000e+01  -9.3553438e-03  -3.6714076e-03
   3.4800000e+01  -1.1187320e-03  -7.1173543e-03
   3.4900000e+01   1.6428865e-02  -9.5914545e-04
   3.5000000e+01   3.0020506e-02   1.1675121e-02
   3.5100000e+01   2.6961754e-02   2.5252841e-02
   3.5200000e+01   7.3667891e-03   3.4768942e-02
   3.5300000e+01  -1.5307417e-02   3.8174520e-02
   3.5400000e+01  -2.6132467e-02   3.7643796e-02
   3.5500000e+01  -2.1211149e-02   3.7917626e-02
   3.5600000e+01  -8.9164069e-03   4.1614898e-02
   3.5700000e+01  -2.7162466e-04   4.5458966e-02
   3.5800000e+01   6.1244463e-04   4.2283430e-02
   3.5900000e+01  -2.3748821e-03   2.8304274e-02
   3.6000000e+01  -2.8396458e-03   8.5576869e-03
   3.6100000e+01   2.8867905e-03  -6.0590945e-03
   3.6200000e+01   1.3877489e-02  -8.1899798e-03
   3.6300000e+01   2.5053272e-02  -5.3969023e-04
   3.6400000e+01   2.9662721e-02   7.2619825e-03
   3.6500000e+01   2.4251249e-02   8.1795292e-03
   3.6600000e+01   1.2872721e-02   3.9408107e-03
   3.6700000e+01   4.8795140e-03   1.9858938e-03
   3.6800000e+01   6.3699119e-03   6.7801288e-03
   3.6900000e+01   1.3897206e-02   1.4328728e-02
   3.7000000e+01   1.8121158e-02   1.5383704e-02
   3.7100000e+01   1.3878172e-02   4.5820984e-03
   3.7200000e+01   5.4173620e-03  -1.3255298e-02
   3.7300000e+01   1.3200016e-03  -2.6742500e-02
   3.7400000e+01   5.4525281e-03  -2.9182293e-02
   3.7500000e+01   1.3733025e-02  -2.5994804e-02
   3.7600000e+01   1.8918915e-02  -2.8813265e-02
   3.7700000e+01   1.7458093e-02  -4.1008383e-02
   3.7800000e+01   1.1992174e-02  -5.1142287e-02
   3.7900000e+01   8.1681227e-03  -4.3978750e-02
   3.8000000e+01   8.9711966e-03  -1.8206240e-02
   3.8100000e+01   1.1452059e-02   9.6439895e-03
   3.8200000e+01   9.2761752e-03   2.0654216e-02
   3.8300000e+01  -3.7939327e-04   1.1327550e-02
   3.8400000e+01  -1.2453123e-02  -5.6471370e-03
   3.8500000e+01  -1.8093183e-02  -1.6551000e-02
   3.8600000e+01  -1.4182031e-02  -1.9173102e-02
   3.8700000e+01  -7.7178901e-03  -2.0277851e-02
   3.8800000e+01  -9.0157446e-03  -2.4729263e-02
   3.8900000e+01  -2.0616579e-02  -3.0468334e-02
   3.9000000e+01  -3.4409373e-02  -3.2912027e-02
   3.9100000e+01  -4.0104573e-02  -3.0458847e-02
   3.9200000e+01  -3.5158603e-02  -2.4352025e-02
   3.9300000e+01  -2.5520569e-02  -1.5685493e-02
   3.9400000e+01  -1.8145250e-02  -5.3547705e-03
   3.9500000e+01  -1.4971997e-02   3.5412506e-03
   3.9600000e+01  -1.4089444e-02   6.3172754e-03
   3.9700000e+01  -1.4120150e-02   1.7044517e-03
   3.9800000e+01  -1.5302167e-02  -4.8499118e-03
   3.9900000e+01  -1.6992046e-02  -5.4405272e-03
   4.0000000e+01  -1.6584795e-02   1.7533717e-03
   4.0100000e+01  -1.2254584e-02   9.7023558e-03
   4.0200000e+01  -5.9652122e-03   1.0142838e-02
   4.0300000e+01  -2.3492273e-03   3.5820708e-03
   4.0400000e+01  -4.1739396e-03  -4.5524905e-04
   4.0500000e+01  -9.2310498e-03   5.8402651e-03
   4.0600000e+01  -1.1710980e-02   1.9144279e-02
   4.0700000e+01  -6.4540703e-03   2.8164484e-02
   4.0800000e+01   7.4283082e-03   2.5711010e-02
   4.0900000e+01   2.5448837e-02   1.5671994e-02
   4.1000000e+01   3.9386621e-02   7.8324708e-03
   4.1100000e+01   4.1537640e-02   8.0269540e-03
   4.1200000e+01   3.0097646e-02   1.4809181e-02
   4.1300000e+01   1.1651322e-02   2.3799519e-02
   4.1400000e+01  -2.8002573e-03   3.1894820e-02
   4.1500000e+01  -6.1189388e-03   3.6581814e-02
   4.1600000e+01  -5.3566555e-05   3.4155713e-02
   4.1700000e+01   8.0270372e-03   2.2053486e-02
   4.1800000e+01   1.2822059e-02   3.6891795e-03
   4.1900000e+01   1.4618333e-02  -1.0806348e-02
   4.2000000e+01   1.5638401e-02  -1.1071073e-02
   4.2100000e+01   1.5112642e-02   4.4289955e-03
   4.2200000e+01   9.9640677e-03   2.5234216e-02
   4.2300000e+01   2.6788782e-04   3.6105158e-02
   4.2400000e+01  -7.7289890e-03   2.9974566e-02
   4.2500000e+01  -5.7266820e-03   1.5023370e-02
   4.2600000e+01   8.5503328e-03   7.3505586e-03
   4.2700000e+01   2.7043605e-02   1.4276898e-02
   4.2800000e+01   3.5781965e-02   2.5102916e-02
   4.2900000e+01   2.5666299e-02   2.1042189e-02
   4.3000000e+01   1.0459933e-03  -4.2375096e-03
   4.3100000e+01  -2.2143685e-02  -3.5616418e-02
   4.3200000e+01  -2.8462599e-02  -5.0190089e-02
   4.3300000e+01  -1.4912501e-02  -3.9626052e-02
   4.3400000e+01   8.3279705e-03  -1.7254574e-02
   4.3500000e+01   2.8026209e-02  -3.2745221e-03
   4.3600000e+01   3.7278085e-02  -5.4345429e-03
   4.3700000e+01   3.5384694e-02  -1.5315760e-02
   4.3800000e+01   2.2633192e-02  -2.0910672e-02
   4.3900000e+01  -5.0893675e-05  -1.9222436e-02
   4.4000000e+01  -2.6184650e-02  -1.6246310e-02
   4.4100000e+01  -4.3451469e-02  -1.7746651e-02
   4.4200000e+01  -4.2900862e-02  -2.2740479e-02
   4.4300000e+01  -2.8170804e-02  -2.5714084e-02
   4.4400000e+01  -1.2478436e-02  -2.3374878e-02
   4.4500000e+01  -5.4365004e-03  -1.8304913e-02
   4.4600000e+01  -4.7665384e-03  -1.6164678e-02
   4.4700000e+01  -2.2156243e-03  -1.9323036e-02
   4.4800000e+01   4.3345854e-03  -2.3034030e-02
   4.4900000e+01   7.5275751e-03  -1.8544326e-02
   4.5000000e+01  -4.0558364e-04  -1.4726978e-03
   4.5100000e+01  -1.7356621e-02   2.2096852e-02
   4.5200000e+01  -3.1876427e-02   3.8751614e-02
   4.5300000e+01  -3.3956832e-02   3.8622783e-02
   4.5400000e+01  -2.4446455e-02   2.3979102e-02
   4.5500000e+01  -1.3404667e-02   6.7264533e-03
   4.5600000e+01  -9.3762124e-03  -2.9740619e-03
   4.5700000e+01  -1.0770113e-02  -5.3203658e-03
   4.5800000e+01  -8.3448488e-03  -7.9828024e-03
   4.5900000e+01   3.6197450e-03  -1.5576754e-02
   4.6000000e+01   1.9316795e-02  -2.3631819e-02
   4.6100000e+01   2.5816990e-02  -2.3596770e-02
   4.6200000e+01   1.6213372e-02  -1.2418650e-02
   4.6300000e+01  -2.0784910e-03   4.6619678e-03
   4.6400000e+01  -1.3077646e-02   2.0399409e-02
   4.6500000e+01  -6.6776491e-03   3.1857560e-02
   4.6600000e+01   1.2537925e-02   3.8848563e-02
   4.6700000e+01   3.0093463e-02   3.8552918e-02
   4.6800000e+01   3.4179103e-02   2.6350477e-02
   4.6900000e+01   2.3976026e-02   3.7336890e-03
   4.7000000e+01   8.0600049e-03  -1.7817760e-02
   4.7100000e+01  -3.2904890e-03  -2.5152630e-02
   4.7200000e+01  -5.0622089e-03  -1.6318919e-02
   4.7300000e+01   4.2621189e-05  -2.6936213e-03
   4.7400000e+01   4.2601366e-03   2.9817473e-03
   4.7500000e+01   1.1617314e-03  -8.7752197e-04
   4.7600000e+01  -8.2680588e-03  -5.3351624e-03
   4.7700000e+01  -1.5477542e-02  -2.2457074e-03
   4.7800000e+01  -1.1600259e-02   7.6565435e-03
   4.7900000e+01   4.0896868e-03   1.7350386e-02
   4.8000000e+01   2.2835369e-02   2.0887991e-02
   4.8100000e+01   3.3220086e-02   1.6824999e-02
   4.8200000e+01   2.9040452e-02   7.1669607e-03
   4.8300000e+01   1.1829527e-02  -3.5996562e-03
   4.8400000e+01  -1.1333641e-02  -8.9288054e-03
   4.8500000e+01  -3.1063915e-02  -3.7526819e-03
   4.8600000e+01  -3.9417057e-02   9.5674951e-03
   4.8700000e+01  -3.4710301e-02   2.0234650e-02
   4.8800000e+01  -2.3686244e-02   1.7419680e-02
   4.8900000e+01  -1.6077119e-02   1.1936181e-03
   4.9000000e+01  -1.4688370e-02  -1.6171977e-02
   4.9100000e+01  -1.2093135e-02  -2.1262467e-02
   4.9200000e+01   4.5344054e-04  -1.1702486e-02
   4.9300000e+01   2.1070671e-02   3.1592979e-03
   4.9400000e+01   3.6480974e-02   1.2524385e-02
   4.9500000e+01   3.4023842e-02   1.3243336e-02
   4.9600000e+01   1.3491066e-02   9.1278672e-03
   4.9700000e+01  -1.2749171e-02   4.4041834e-03
   4.9800000e+01  -2.9220338e-02   3.0980165e-04
   4.9900000e+01  -2.6632623e-02  -3.0971234e-03
   5.0000000e+01  -5.9638214e-03  -5.0801627e-03
   5.0100000e+01   2.1808557e-02  -5.3695143e-03
   5.0200000e+01   4.0453751e-02  -5.3819192e-03
   5.0300000e+01   3.8591057e-02  -6.7855354e-03
   5.0400000e+01   1.9446863e-02  -9.6297951e-03
   5.0500000e+01  -5.6322147e-04  -1.2881534e-02
   5.0600000e+01  -6.5156565e-03  -1.5755492e-02
   5.0700000e+01   9.0950900e-04  -1.7191756e-02
   5.0800000e+01   7.7070787e-03  -1.5379922e-02
   5.0900000e+01   3.1311720e-03  -1.0454410e-02
   5.1000000e+01  -8.4042701e-03  -7.1941997e-03
   5.1100000e+01  -1.3408288e-02  -1.1075372e-02
   5.1200000e+01  -5.2251514e-03  -1.9466507e-02
   5.1300000e+01   8.9279627e-03  -2.0048944e-02
   5.1400000e+01   1.6366199e-02  -3.0530231e-03
   5.1500000e+01   1.1399972e-02   2.4502531e-02
   5.1600000e+01  -1.5825040e-03   4.1295900e-02
   5.1700000e+01  -1.4646988e-02   3.2011432e-02
   5.1800000e+01  -2.2783662e-02   4.0771771e-03
   5.1900000e+01  -2.4541651e-02  -1.8836507e-02
   5.2000000e+01  -2.0064735e-02  -2.0365723e-02
   5.2100000e+01  -1.1113568e-02  -6.5043073e-03
   5.2200000e+01  -1.8386365e-03   3.3703870e-03
   5.2300000e+01   3.4773740e-03  -1.7637614e-03
   5.2400000e+01   4.6126051e-03  -1.3891119e-02
   5.2500000e+01   5.8408771e-03  -1.6257045e-02
   5.2600000e+01   1.0477198e-02  -1.9694944e-03
   5.2700000e+01   1.5452986e-02   1.8802008e-02
   5.2800000e+01   1.3465524e-02   2.9381313e-02
   5.2900000e+01   1.8464422e-03   2.3204837e-02
   5.3000000e+01  -1.1752432e-02   9.6837905e-03
   5.3100000e+01  -1.4923054e-02   3.8309808e-03
   5.3200000e+01  -3.2476946e-03   1.0459688e-02
   5.3300000e+01   1.3158902e-02   1.9294304e-02
   5.3400000e+01   1.7880219e-02   1.6242744e-02
   5.3500000e+01   4.4546711e-03  -1.0536803e-03
   5.3600000e+01  -1.5961569e-02  -2.0263572e-02
   5.3700000e+01  -2.4800785e-02  -2.7205016e-02
   5.3800000e+01  -1.4857914e-02  -1.9965362e-02
   5.3900000e+01   2.0331744e-03  -8.6940258e-03
   5.4000000e+01   7.4607827e-03  -2.7049950e-03
   5.4100000e+01  -3.7938264e-03  -1.2091479e-03
   5.4200000e+01  -1.8401059e-02   1.9431997e-03
   5.4300000e+01  -1.9640168e-02   7.5809392e-03
   5.4400000e+01  -5.8536078e-03   9.5515360e-03
   5.4500000e+01   8.6416395e-03   3.9150913e-03
   5.4600000e+01   1.0279940e-02  -4.1514759e-03
   5.4700000e+01   5.3562364e-04  -5.6553143e-03
   5.4800000e+01  -7.8739090e-03   1.3082945e-03
   5.4900000e+01  -6.3067174e-03   9.0014379e-03
   5.5000000e+01   1.6107624e-03   8.7655121e-03
   5.5100000e+01   6.4980165e-03   4.8374046e-05
   5.5200000e+01   4.2150600e-03  -1.0151475e-02
   5.5300000e+01  -1.5047757e-03  -1.4722662e-02
   5.5400000e+01  -5.1881790e-03  -1.1550534e-02
   5.5500000e+01  -5.3363409e-03  -3.0608538e-03
   5.5600000e+01  -3.9982439e-03   5.9106635e-03
   5.5700000e+01  -3.1064908e-03   9.6080672e-03
   5.5800000e+01  -2.7168152e-03   4.3991571e-03
   5.5900000e+01  -1.9532385e-03  -6.8054930e-03
   5.6000000e+01  -2.2951211e-04  -1.4635787e-02
   5.6100000e+01   2.5010135e-03  -1.1135078e-02
   5.6200000e+01   5.7724784e-03   1.6993149e-03
   5.6300000e+01   8.6189682e-03   1.3286529e-02
   5.6400000e+01   1.0253925e-02   1.5390822e-02
   5.6500000e+01   1.1132957e-02   1.0116825e-02
   5.6600000e+01   1.2636800e-02   5.8235620e-03
   5.6700000e+01   1.4789612e-02   6.8202490e-03
   5.6800000e+01   1.4669264e-02   9.6103619e-03
   5.6900000e+01   8.7707765e-03   8.8537329e-03
   5.7000000e+01  -1.8924517e-03   4.0231156e-03
   5.7100000e+01  -1.0046810e-02  -1.2219709e-03
   5.7200000e+01  -7.8993697e-03  -4.1746038e-03
   5.7300000e+01   4.1641540e-03  -5.1260142e-03
   5.7400000e+01   1.5901466e-02  -4.8069050e-03
   5.7500000e+01   1.6400617e-02  -2.3187735e-03
   5.7600000e+01   5.4583342e-03   3.2261349e-03
   5.7700000e+01  -5.6155247e-03   1.0185997e-02
   5.7800000e+01  -5.6591942e-03   1.4911606e-02
   5.7900000e+01   4.6007801e-03   1.4728585e-02
   5.8000000e+01   1.3738350e-02   9.7198568e-03
   5.8100000e+01   1.2182400e-02   1.7924931e-03
   5.8200000e+01   1.7449279e-03  -6.8820698e-03
   5.8300000e+01  -8.0757725e-03  -1.3926082e-02
   5.8400000e+01  -1.1246477e-02  -1.6289251e-02
   5.8500000e+01  -9.8876925e-03  -1.1733228e-02
   5.8600000e+01  -7.9900379e-03  -1.9745384e-03
   5.8700000e+01  -4.2006266e-03   6.5325989e-03
   5.8800000e+01   5.5419048e-03   7.1137968e-03
   5.8900000e+01   1.8887308e-02  -6.3548773e-04
   5.9000000e+01   2.5044447e-02  -9.7078395e-03
   5.9100000e+01   1.5231070e-02  -1.2280566e-02
   5.9200000e+01  -5.9420796e-03  -7.1803097e-03
   5.9300000e+01  -2.2999931e-02   2.1485741e-04
   5.9400000e+01  -2.4774633e-02   4.7370396e-03
   5.9500000e+01  -1.5089662e-02   5.7283268e-03
   5.9600000e+01  -6.7008959e-03   4.1564567e-03
   5.9700000e+01  -6.2861770e-03  -1.2739040e-03
   5.9800000e+01  -8.4743364e-03  -1.1593307e-02
   5.9900000e+01  -4.8331386e-03  -2.2044536e-02
   6.0000000e+01   4.7462555e-03  -2.3660133e-02
   6.0100000e+01   1.2487208e-02  -1.3042427e-02
   6.0200000e+01   1.3089892e-02   1.5933831e-03
   6.0300000e+01   9.6699462e-03   7.6630886e-03
   6.0400000e+01   7.7175405e-03   1.6425199e-03
   6.0500000e+01   5.8918681e-03  -7.3627067e-03
   6.0600000e+01  -3.0930971e-03  -8.3808729e-03
   6.0700000e+01  -2.1450739e-02  -6.0045573e-04
   6.0800000e+01  -3.9112022e-02   7.3641901e-03
   6.0900000e+01  -4.0996458e-02   8.7043918e-03
   6.1000000e+01  -2.2261771e-02   5.5881441e-03
   6.1100000e+01   5.3383112e-03   4.1881309e-03
   6.1200000e+01   2.3568254e-02   5.1696839e-03
   6.1300000e+01   2.3630781e-02   2.3230023e-03
   6.1400000e+01   1.1391288e-02  -8.6978133e-03
   6.1500000e+01  -1.7224248e-03  -2.2277187e-02
   6.1600000e+01  -1.0092615e-02  -2.5936732e-02
   6.1700000e+01  -1.5231895e-02  -1.2668542e-02
   6.1800000e+01  -1.8541737e-02   1.0336720e-02
   6.1900000e+01  -1.6969634e-02   2.6739231e-02
   6.2000000e+01  -7.5078765e-03   2.6062803e-02
   6.2100000e+01   6.1789376e-03   1.3798264e-02
   6.2200000e+01   1.4883861e-02   5.7382418e-03
   6.2300000e+01   1.2587601e-02   1.1685704e-02
   6.2400000e+01   2.5657126e-03   2.5169235e-02
   6.2500000e+01  -6.4645377e-03   2.9976588e-02
   6.2600000e+01  -9.3173621e-03   1.6851566e-02
   6.2700000e+01  -7.6815388e-03  -6.7259349e-03
   6.2800000e+01  -4.9352517e-03  -2.3228607e-02
   6.2900000e+01  -6.8127146e-04  -2.1095493e-02
   6.3000000e+01   7.1895512e-03  -4.6838226e-03
   6.3100000e+01   1.6405584e-02   1.0184389e-02
   6.3200000e+01   2.0042350e-02   1.0115183e-02
   6.3300000e+01   1.4017297e-02  -4.5471461e-03
   6.3400000e+01   2.8760811e-03  -1.9884398e-02
   6.3500000e+01  -4.2792652e-03  -1.9928840e-02
   6.3600000e+01  -3.1349296e-03  -7.5040197e-04
   6.3700000e+01   2.4799034e-03   2.4640719e-02
   6.3800000e+01   6.2343484e-03   3.6025347e-02
   6.3900000e+01   5.7905997e-03   2.3107514e-02
   6.4000000e+01   2.9713837e-03  -5.2609033e-03
   6.4100000e+01   1.5407432e-04  -2.8815392e-02
   6.4200000e+01  -1.0242935e-03  -3.3396107e-02
   6.4300000e+01   1.2315906e-03  -2.1502074e-02
   6.4400000e+01   7.6139070e-03  -6.8556003e-03
   6.4500000e+01   1.4741365e-02  -3.9951566e-04
   6.4600000e+01   1.6095886e-02  -2.2628106e-03
   6.4700000e+01   8.2621253e-03  -5.5860822e-03
   6.4800000e+01  -4.3024370e-03  -5.2287437e-03
   6.4900000e+01  -1.2371770e-02  -1.5568116e-03
   6.5000000e+01  -1.0154905e-02   2.5623384e-03
   6.5100000e+01  -8.2677630e-05   5.7836898e-03
   6.5200000e+01   9.8810000e-03   8.3226479e-03
   6.5300000e+01   1.2817455e-02   9.2271042e-03
   6.5400000e+01   7.7381073e-03   5.5673268e-03
   6.5500000e+01   7.2491433e-05  -4.5031994e-03
   6.5600000e+01  -2.3596515e-03  -1.7907463e-02
   6.5700000e+01   4.0064008e-03  -2.6704021e-02
   6.5800000e+01   1.4199969e-02  -2.3229760e-02
   6.5900000e+01   1.8150186e-02  -6.4904965e-03
   6.6000000e+01   1.0414593e-02   1.5685921e-02
   6.6100000e+01  -3.5688148e-03   3.0967763e-02
   6.6200000e+01  -1.2660555e-02   3.0436250e-02
   6.6300000e+01  -1.1802386e-02   1.4597427e-02
   6.6400000e+01  -6.8220495e-03  -6.5768755e-03
   6.6500000e+01  -6.2938740e-03  -1.9764762e-02
   6.6600000e+01  -1.0303615e-02  -1.6897026e-02
   6.6700000e+01  -1.0202936e-02  -6.1279423e-04
   6.6800000e+01  -1.5167224e-04   1.7653292e-02
   6.6900000e+01   1.3470614e-02   2.6148211e-02
   6.7000000e+01   1.6769338e-02   2.1477317e-02
   6.7100000e+01   2.8200910e-03   1.0314618e-02
   6.7200000e+01  -1.9810346e-02   2.8493463e-03
   6.7300000e+01  -3.3893978e-02   4.1087481e-03
   6.7400000e+01  -2.8877435e-02   1.0796936e-02
   6.7500000e+01  -9.7838325e-03   1.5476256e-02
   6.7600000e+01   7.8088042e-03   1.3220060e-02
   6.7700000e+01   1.0793194e-02   4.8714020e-03
   6.7800000e+01  -1.9827621e-03  -4.6322200e-03
   6.7900000e+01  -2.0066099e-02  -1.0185498e-02
   6.8000000e+01  -2.9526716e-02  -9.4100924e-03
   6.8100000e+01  -2.2731095e-02  -3.2237017e-03
   6.8200000e+01  -3.9416808e-03   5.2129788e-03
   6.8300000e+01   1.3074996e-02   1.1816114e-02
   6.8400000e+01   1.5233833e-02   1.2618418e-02
   6.8500000e+01   1.4858359e-03   5.2599457e-03
   6.8600000e+01  -1.4878275e-02  -8.6435331e-03
   6.8700000e+01  -1.7155844e-02  -2.2295807e-02
   6.8800000e+01  -6.9713567e-04  -2.6947599e-02
   6.8900000e+01   2.2074541e-02  -1.9037958e-02
   6.9000000e+01   3.2767333e-02  -4.7910180e-03
   6.9100000e+01   2.3542017e-02   3.9859750e-03
   6.9200000e+01   2.8825804e-03   3.8693900e-04
   6.9300000e+01  -1.3839028e-02  -1.1215090e-02
   6.9400000e+01  -1.7940341e-02  -1.9726985e-02
   6.9500000e+01  -1.1784361e-02  -1.7860321e-02
   6.9600000e+01  -2.3785905e-03  -7.6851088e-03
   6.9700000e+01   6.1844415e-03   3.1069640e-03
   6.9800000e+01   1.3403293e-02   8.4485906e-03
   6.9900000e+01   1.8275119e-02   7.2804970e-03
   7.0000000e+01   1.7976327e-02   2.0931081e-03
   7.0100000e+01   1.1674091e-02  -3.7375734e-03
   7.0200000e+01   3.7526398e-03  -7.6381082e-03
   7.0300000e+01   6.6095223e-04  -8.8998970e-03
   7.0400000e+01   3.9104494e-03  -8.9113754e-03
   7.0500000e+01   7.7931237e-03  -9.5350594e-03
   7.0600000e+01   5.6248411e-03  -1.0684005e-02
   7.0700000e+01  -2.2767497e-03  -1.0084685e-02
   7.0800000e+01  -8.7050149e-03  -5.8768838e-03
   7.0900000e+01  -8.0825923e-03   1.2115486e-03
   7.1000000e+01  -2.8715706e-03   8.7823600e-03
   7.1100000e+01   4.3958857e-04   1.4848449e-02
   7.1200000e+01   5.9066397e-04   1.7709588e-02
   7.1300000e+01   3.4329651e-03   1.4608985e-02
   7.1400000e+01   1.3207803e-02   3.3809902e-03
   7.1500000e+01   2.4628531e-02  -1.2898752e-02
   7.1600000e+01   2.7171390e-02  -2.4713238e-02
   7.1700000e+01   1.7195892e-02  -2.2988951e-02
   7.1800000e+01   2.6353419e-03  -8.5401450e-03
   7.1900000e+01  -5.9099594e-03   7.0397874e-03
   7.2000000e+01  -6.4645214e-03   1.1943733e-02
   7.2100000e+01  -5.5666895e-03   5.4933064e-03
   7.2200000e+01  -8.2326401e-03  -2.4127998e-03
   7.2300000e+01  -1.1741006e-02  -3.1343086e-03
   7.2400000e+01  -1.0509727e-02   1.2716553e-03
   7.2500000e+01  -4.2839935e-03   1.6846991e-03
   7.2600000e+01   1.3223972e-03  -6.1886607e-03
   7.2700000e+01   1.6498502e-03  -1.5850052e-02
   7.2800000e+01  -2.1771169e-03  -1.6637304e-02
   7.2900000e+01  -5.5407886e-03  -4.9205393e-03
   7.3000000e+01  -5.3835916e-03   1.2566752e-02
   7.3100000e+01  -1.9839286e-03   2.5735427e-02
   7.3200000e+01   2.6058951e-03   2.9580127e-02
   7.3300000e+01   5.8874598e-03   2.5484872e-02
   7.3400000e+01   5.0496745e-03   1.6702830e-02
   7.3500000e+01  -2.1120178e-03   5.4633470e-03
   7.3600000e+01  -1.4971132e-02  -5.3880176e-03
   7.3700000e+01  -2.8847704e-02  -1.1014351e-02
   7.3800000e+01  -3.6776469e-02  -7.9361662e-03
   7.3900000e+01  -3.3552169e-02   1.3264026e-03
   7.4000000e+01  -1.9555058e-02   9.5501170e-03
   7.4100000e+01  -1.7266287e-03   1.2351710e-02
   7.4200000e+01   1.0011947e-02   1.3138945e-02
   7.4300000e+01   9.7539134e-03   1.8341125e-02
   7.4400000e+01   6.8119103e-04   2.7816784e-02
   7.4500000e+01  -7.5740442e-03   3.2583371e-02
   7.4600000e+01  -8.2059911e-03   2.4093959e-02
   7.4700000e+01  -3.8864511e-03   5.0531996e-03
   7.4800000e+01  -2.9171869e-03  -1.1081041e-02
   7.4900000e+01  -8.7215986e-03  -1.2243498e-02
   7.5000000e+01  -1.5042987e-02   1.0768820e-03
   7.5100000e+01  -1.2976251e-02   1.6722669e-02
   7.5200000e+01  -1.6182185e-03   2.1744883e-02
   7.5300000e+01   1.0464732e-02   1.2176778e-02
   7.5400000e+01   1.4548936e-02  -5.8343217e-03
   7.5500000e+01   1.0563547e-02  -2.1747373e-02
   7.5600000e+01   5.6002775e-03  -2.7171684e-02
   7.5700000e+01   5.4153555e-03  -1.9753253e-02
   7.5800000e+01   9.7038127e-03  -4.0994635e-03
   7.5900000e+01   1.5185396e-02   1.0353076e-02
   7.6000000e+01   2.0072059e-02   1.4679106e-02
   7.6100000e+01   2.3498411e-02   6.6786883e-03
   7.6200000e+01   2.2538695e-02  -6.9549395e-03
   7.6300000e+01   1.3589061e-02  -1.5562884e-02
   7.6400000e+01  -1.9461779e-03  -1.3372036e-02
   7.6500000e+01  -1.5432748e-02  -4.5008211e-03
   7.6600000e+01  -1.7041406e-02   9.8682537e-04
   7.6700000e+01  -4.6433102e-03  -3.3245926e-03
   7.6800000e+01   1.3807823e-02  -1.4161299e-02
   7.6900000e+01   2.6683511e-02  -2.2008407e-02
   7.7000000e+01   2.7300584e-02  -2.0400701e-02
   7.7100000e+01   1.7484452e-02  -1.1613432e-02
   7.7200000e+01   4.7795755e-03  -3.5042133e-03
   7.7300000e+01  -3.2580263e-03  -1.5378613e-03
   7.7400000e+01  -3.7794847e-03  -4.2748046e-03
   7.7500000e+01   2.8276794e-04  -6.1612347e-03
   7.7600000e+01   3.5640015e-03  -4.0621695e-03
   7.7700000e+01   3.3939606e-03  -9.0063504e-04
   7.7800000e+01   1.5945083e-03  -2.7448685e-03
   7.7900000e+01   9.0097039e-04  -1.1687766e-02
   7.8000000e+01   6.1338248e-04  -2.1473857e-02
   7.8100000e+01  -2.4537200e-03  -2.1703757e-02
   7.8200000e+01  -8.7453555e-03  -8.4041726e-03
   7.8300000e+01  -1.3983262e-02   9.6415654e-03
   7.8400000e+01  -1.3934231e-02   1.7464408e-02
   7.8500000e+01  -9.6611912e-03   8.5615515e-03
   7.8600000e+01  -5.6788855e-03  -7.8669385e-03
   7.8700000e+01  -3.4882986e-03  -1.5982149e-02
   7.8800000e+01  -1.1142341e-04  -9.3608693e-03
   7.8900000e+01   5.7938620e-03   3.4374441e-03
   7.9000000e+01   9.4500117e-03   9.0493604e-03
   7.9100000e+01   5.0721870e-03   2.8949181e-03
   7.9200000e+01  -5.3827852e-03  -8.1101057e-03
   7.9300000e+01  -1.2563665e-02  -1.4063995e-02
   7.9400000e+01  -1.0401676e-02  -1.0898944e-02
   7.9500000e+01  -3.6670204e-03  -1.6957217e-03
   7.9600000e+01  -2.0857140e-03   7.6464024e-03
   7.9700000e+01  -8.2319603e-03   1.2798866e-02
   7.9800000e+01  -1.4471671e-02   1.2788416e-02
   7.9900000e+01  -1.2144200e-02   9.2722259e-03
   8.0000000e+01  -1.2989450e-03   4.3913282e-03
