   1.0221618e+02   2.8602761e+01   2.5212700e+03
   1.0217536e+02   2.8527570e+01   1.7950000e+03
   0.0000000e+00   7.6044384e-01   7.6044384e-01
   1.0000000e-01   7.9603130e-01   6.9896858e-01
   2.0000000e-01   8.3589672e-01   5.9201603e-01
   3.0000000e-01   8.9551731e-01   4.4951993e-01
   4.0000000e-01   9.6139963e-01   3.0867995e-01
   5.0000000e-01   1.0000000e+00   2.0783825e-01
   6.0000000e-01   9.8577933e-01   1.5487679e-01
   7.0000000e-01   9.2387494e-01   1.1921705e-01
   8.0000000e-01   8.4249289e-01   5.7814283e-02
   9.0000000e-01   7.6032509e-01  -4.8612938e-02
   1.0000000e+00   6.6517120e-01  -1.8365961e-01
   1.1000000e+00   5.3068498e-01  -3.1490850e-01
   1.2000000e+00   3.5375245e-01  -4.1965870e-01
   1.3000000e+00   1.6847164e-01  -4.9172623e-01
   1.4000000e+00   1.9176645e-02  -5.3279099e-01
   1.5000000e+00  -7.6845957e-02  -5.4776263e-01
   1.6000000e+00  -1.3602948e-01  -5.4858214e-01
   1.7000000e+00  -1.8251587e-01  -5.5175595e-01
   1.8000000e+00  -2.2460659e-01  -5.6294248e-01
   1.9000000e+00  -2.5899890e-01  -5.6614028e-01
   2.0000000e+00  -2.8875521e-01  -5.3746884e-01
   2.1000000e+00  -3.2560273e-01  -4.7460131e-01
   2.2000000e+00  -3.7349502e-01  -4.0869180e-01
   2.3000000e+00  -4.1933241e-01  -3.8085831e-01
   2.4000000e+00  -4.4765229e-01  -4.0500859e-01
   2.5000000e+00  -4.6165592e-01  -4.5518984e-01
   2.6000000e+00  -4.8111926e-01  -4.8876798e-01
   2.7000000e+00  -5.1637684e-01  -4.7946217e-01
   2.8000000e+00  -5.4975085e-01  -4.2948646e-01
   2.9000000e+00  -5.4885164e-01  -3.5790187e-01
   3.0000000e+00  -4.9834738e-01  -2.8507412e-01
   3.1000000e+00  -4.1576409e-01  -2.2675810e-01
   3.2000000e+00  -3.3683423e-01  -1.9251790e-01
   3.3000000e+00  -2.8875513e-01  -1.8039690e-01
   3.4000000e+00  -2.7626028e-01  -1.7309876e-01
   3.5000000e+00  -2.8564906e-01  -1.4629289e-01
   3.6000000e+00  -2.9636787e-01  -8.6333539e-02
   3.7000000e+00  -2.9253374e-01  -8.8106002e-04
   3.8000000e+00  -2.7240896e-01   8.8282646e-02
   3.9000000e+00  -2.5023701e-01   1.6214259e-01
   4.0000000e+00  -2.4412877e-01   2.1440422e-01
   4.1000000e+00  -2.5716683e-01   2.4794254e-01
   4.2000000e+00  -2.7132856e-01   2.6521926e-01
   4.3000000e+00  -2.6345392e-01   2.6320418e-01
   4.4000000e+00  -2.2750705e-01   2.3708404e-01
   4.5000000e+00  -1.7923777e-01   1.9003930e-01
   4.6000000e+00  -1.3925625e-01   1.4082734e-01
   4.7000000e+00  -1.1361937e-01   1.1840481e-01
   4.8000000e+00  -9.0714623e-02   1.4116586e-01
   4.9000000e+00  -5.4299129e-02   1.9716847e-01
   5.0000000e+00   1.2799195e-03   2.4939624e-01
   5.1000000e+00   6.5868555e-02   2.6766763e-01
   5.2000000e+00   1.2099010e-01   2.5587214e-01
   5.3000000e+00   1.5399891e-01   2.4352303e-01
   5.4000000e+00   1.6749077e-01   2.5114586e-01
   5.5000000e+00   1.7492660e-01   2.7026327e-01
   5.6000000e+00   1.8636531e-01   2.7847905e-01
   5.7000000e+00   2.0045459e-01   2.6551219e-01
   5.8000000e+00   2.1289779e-01   2.3752934e-01
   5.9000000e+00   2.3034184e-01   2.0200643e-01
   6.0000000e+00   2.6885242e-01   1.5959041e-01
   6.1000000e+00   3.3430136e-01   1.1113320e-01
   6.2000000e+00   4.0741064e-01   6.2677823e-02
   6.3000000e+00   4.5482891e-01   1.9679597e-02
   6.4000000e+00   4.5798120e-01  -1.5578160e-02
   6.5000000e+00   4.2920877e-01  -3.5735755e-02
   6.6000000e+00   3.9774448e-01  -2.6839750e-02
   6.7000000e+00   3.8113280e-01   1.3217500e-02
   6.8000000e+00   3.7217128e-01   5.8347258e-02
   6.9000000e+00   3.5233005e-01   7.1145947e-02
   7.0000000e+00   3.1394408e-01   4.2060976e-02
   7.1000000e+00   2.6724196e-01   2.8872792e-03
   7.2000000e+00   2.2797624e-01  -6.8359414e-03
   7.3000000e+00   2.0204524e-01   1.7517282e-02
   7.4000000e+00   1.8293883e-01   4.3896262e-02
   7.5000000e+00   1.6079642e-01   4.1034346e-02
   7.6000000e+00   1.3044484e-01   8.0247721e-03
   7.7000000e+00   9.1446568e-02  -3.4291068e-02
   7.8000000e+00   4.4964509e-02  -7.1062568e-02
   7.9000000e+00  -6.0757008e-03  -1.0428043e-01
   8.0000000e+00  -5.5229897e-02  -1.3880168e-01
   8.1000000e+00  -9.4942847e-02  -1.6555722e-01
   8.2000000e+00  -1.2251648e-01  -1.6266139e-01
   8.3000000e+00  -1.4239466e-01  -1.1355307e-01
   8.4000000e+00  -1.6120204e-01  -2.5786409e-02
   8.5000000e+00  -1.8112848e-01   6.5823048e-02
   8.6000000e+00  -1.9915400e-01   1.1688959e-01
   8.7000000e+00  -2.1218292e-01   1.0136463e-01
   8.8000000e+00  -2.2163943e-01   2.8346524e-02
   8.9000000e+00  -2.3262776e-01  -6.6859493e-02
   9.0000000e+00  -2.4856599e-01  -1.4963456e-01
   9.1000000e+00  -2.6597818e-01  -2.0643083e-01
   9.2000000e+00  -2.7464568e-01  -2.4223564e-01
   9.3000000e+00  -2.6557679e-01  -2.6298369e-01
   9.4000000e+00  -2.4207091e-01  -2.6424063e-01
   9.5000000e+00  -2.2214516e-01  -2.3688903e-01
   9.6000000e+00  -2.2486293e-01  -1.8055044e-01
   9.7000000e+00  -2.5030497e-01  -1.0879955e-01
   9.8000000e+00  -2.7479725e-01  -4.1596699e-02
   9.9000000e+00  -2.7060272e-01   5.6807543e-03
   1.0000000e+01  -2.3194222e-01   2.6351656e-02
   1.0100000e+01  -1.7936705e-01   2.0060960e-02
   1.0200000e+01  -1.3724409e-01  -8.6386277e-03
   1.0300000e+01  -1.0931491e-01  -4.8655588e-02
   1.0400000e+01  -7.8942834e-02  -8.4082208e-02
   1.0500000e+01  -3.2043438e-02  -1.0280106e-01
   1.0600000e+01   2.3985781e-02  -1.0378197e-01
   1.0700000e+01   6.5497751e-02  -9.2881873e-02
   1.0800000e+01   7.5007125e-02  -7.1542678e-02
   1.0900000e+01   5.7386737e-02  -3.4444238e-02
   1.1000000e+01   3.5396978e-02   1.8758347e-02
   1.1100000e+01   3.0830419e-02   7.3534209e-02
   1.1200000e+01   4.8834268e-02   1.0874634e-01
   1.1300000e+01   7.7472128e-02   1.1569424e-01
   1.1400000e+01   1.0046053e-01   1.0505025e-01
   1.1500000e+01   1.1074245e-01   9.3847303e-02
   1.1600000e+01   1.1353551e-01   8.9256413e-02
   1.1700000e+01   1.1812698e-01   8.6758554e-02
   1.1800000e+01   1.2825816e-01   7.9870635e-02
   1.1900000e+01   1.4103661e-01   6.7230014e-02
   1.2000000e+01   1.5364976e-01   5.1863848e-02
   1.2100000e+01   1.6771954e-01   3.7778988e-02
   1.2200000e+01   1.8454718e-01   2.7191488e-02
   1.2300000e+01   1.9733077e-01   1.8431165e-02
   1.2400000e+01   1.9258919e-01   8.0789480e-03
   1.2500000e+01   1.6296827e-01  -4.9345041e-04
   1.2600000e+01   1.1802284e-01   7.8040743e-03
   1.2700000e+01   7.8538485e-02   4.7846918e-02
   1.2800000e+01   5.7855423e-02   1.1249581e-01
   1.2900000e+01   5.0482068e-02   1.6765801e-01
   1.3000000e+01   4.1872655e-02   1.7686518e-01
   1.3100000e+01   2.8322466e-02   1.3222741e-01
   1.3200000e+01   2.2261257e-02   5.8796518e-02
   1.3300000e+01   3.4899873e-02  -9.3672439e-03
   1.3400000e+01   5.6870570e-02  -5.2280485e-02
   1.3500000e+01   6.2200188e-02  -6.5639338e-02
   1.3600000e+01   3.3710875e-02  -5.0794388e-02
   1.3700000e+01  -1.8476700e-02  -1.1941237e-02
   1.3800000e+01  -6.6179022e-02   3.9237320e-02
   1.3900000e+01  -8.8887092e-02   8.4609358e-02
   1.4000000e+01  -8.7824778e-02   1.0953053e-01
   1.4100000e+01  -7.7120440e-02   1.1089493e-01
   1.4200000e+01  -6.7387263e-02   9.5324078e-02
   1.4300000e+01  -6.0421589e-02   7.1612063e-02
   1.4400000e+01  -5.5221429e-02   4.5056306e-02
   1.4500000e+01  -5.2952341e-02   1.6063587e-02
   1.4600000e+01  -5.5461640e-02  -1.7518456e-02
   1.4700000e+01  -6.2990580e-02  -5.4711597e-02
   1.4800000e+01  -7.5043894e-02  -8.6091797e-02
   1.4900000e+01  -9.0396306e-02  -9.6365923e-02
   1.5000000e+01  -1.0358388e-01  -7.6679015e-02
   1.5100000e+01  -1.0392971e-01  -3.6101394e-02
   1.5200000e+01  -8.3078978e-02   1.2361594e-03
   1.5300000e+01  -4.5148528e-02   1.3570596e-02
   1.5400000e+01  -6.8544700e-03  -1.8763667e-03
   1.5500000e+01   1.4884114e-02  -2.8518554e-02
   1.5600000e+01   1.5523155e-02  -4.6240768e-02
   1.5700000e+01   3.3280688e-03  -4.8696609e-02
   1.5800000e+01  -1.0266632e-02  -4.6916564e-02
   1.5900000e+01  -1.8557360e-02  -5.6954542e-02
   1.6000000e+01  -1.9544067e-02  -8.3338411e-02
   1.6100000e+01  -1.2501738e-02  -1.1325105e-01
   1.6200000e+01   2.6610487e-03  -1.2628260e-01
   1.6300000e+01   2.3415245e-02  -1.1072506e-01
   1.6400000e+01   4.3798692e-02  -7.2578737e-02
   1.6500000e+01   5.6232100e-02  -3.1097129e-02
   1.6600000e+01   5.4881034e-02  -5.8997614e-03
   1.6700000e+01   3.9525383e-02  -5.3277148e-03
   1.6800000e+01   1.8049169e-02  -2.2819737e-02
   1.6900000e+01   3.7012161e-03  -4.2710360e-02
   1.7000000e+01   5.8909322e-03  -5.1729885e-02
   1.7100000e+01   2.1096296e-02  -4.8228821e-02
   1.7200000e+01   3.3766548e-02  -4.1278118e-02
   1.7300000e+01   2.8721232e-02  -3.9643952e-02
   1.7400000e+01   4.4714058e-03  -4.1004908e-02
   1.7500000e+01  -2.4597046e-02  -3.3131536e-02
   1.7600000e+01  -3.8599100e-02  -7.2058927e-03
   1.7700000e+01  -2.6257877e-02   2.9959946e-02
   1.7800000e+01   6.8188075e-03   5.8513451e-02
   1.7900000e+01   4.0141677e-02   6.2322358e-02
   1.8000000e+01   5.0322199e-02   4.4113293e-02
   1.8100000e+01   2.7575592e-02   2.3234992e-02
   1.8200000e+01  -1.4792008e-02   1.7142923e-02
   1.8300000e+01  -4.8511113e-02   2.5198873e-02
   1.8400000e+01  -5.2668949e-02   3.2153137e-02
   1.8500000e+01  -3.0744939e-02   2.7577534e-02
   1.8600000e+01  -4.9166003e-03   1.8912218e-02
   1.8700000e+01   7.2388008e-03   2.2559162e-02
   1.8800000e+01   9.0625982e-03   4.3653549e-02
   1.8900000e+01   1.6652065e-02   6.9162039e-02
   1.9000000e+01   3.5924788e-02   8.2286530e-02
   1.9100000e+01   5.1465346e-02   7.9580066e-02
   1.9200000e+01   4.0900053e-02   7.0310377e-02
   1.9300000e+01   1.7382348e-04   6.2126379e-02
   1.9400000e+01  -4.7605406e-02   5.3847979e-02
   1.9500000e+01  -7.0390260e-02   4.2964824e-02
   1.9600000e+01  -5.5029293e-02   3.3211851e-02
   1.9700000e+01  -1.7513454e-02   2.9376020e-02
   1.9800000e+01   1.3216611e-02   2.8327262e-02
   1.9900000e+01   2.0378675e-02   2.2537609e-02
   2.0000000e+01   9.1805748e-03   1.2759553e-02
   2.0100000e+01  -4.5011132e-03   1.0016650e-02
   2.0200000e+01  -1.0992511e-02   2.0838978e-02
   2.0300000e+01  -1.1941600e-02   3.5279942e-02
   2.0400000e+01  -1.2786942e-02   3.6071820e-02
   2.0500000e+01  -1.4791758e-02   1.8621723e-02
   2.0600000e+01  -1.5065916e-02  -4.1221057e-03
   2.0700000e+01  -1.1013634e-02  -1.7595542e-02
   2.0800000e+01  -1.8911936e-03  -2.0393571e-02
   2.0900000e+01   1.2824379e-02  -1.9872946e-02
   2.1000000e+01   3.2713498e-02  -1.8748847e-02
   2.1100000e+01   5.1826642e-02  -1.3830240e-02
   2.1200000e+01   5.6941398e-02  -7.3240664e-03
   2.1300000e+01   3.5734333e-02  -1.0975622e-02
   2.1400000e+01  -8.7273425e-03  -3.3631008e-02
   2.1500000e+01  -5.1752433e-02  -6.7768712e-02
   2.1600000e+01  -6.0631264e-02  -9.3589870e-02
   2.1700000e+01  -2.1138738e-02  -9.6618111e-02
   2.1800000e+01   4.6790514e-02  -7.8631523e-02
   2.1900000e+01   1.0212493e-01  -5.2436888e-02
   2.2000000e+01   1.1507030e-01  -3.0557467e-02
   2.2100000e+01   8.8337180e-02  -2.0023059e-02
   2.2200000e+01   4.8025527e-02  -2.2536119e-02
   2.2300000e+01   1.7151843e-02  -3.3561934e-02
   2.2400000e+01   8.7654122e-04  -4.1781410e-02
   2.2500000e+01  -6.0295343e-03  -3.5423909e-02
   2.2600000e+01  -6.5021855e-03  -1.3361178e-02
   2.2700000e+01  -1.3115255e-03   1.1106694e-02
   2.2800000e+01   3.2758944e-03   2.0464280e-02
   2.2900000e+01  -2.2920434e-03   8.0264074e-03
   2.3000000e+01  -1.7910704e-02  -1.7282858e-02
   2.3100000e+01  -2.9193262e-02  -3.9837948e-02
   2.3200000e+01  -2.2369074e-02  -4.9106130e-02
   2.3300000e+01  -2.9881204e-03  -4.3565951e-02
   2.3400000e+01   6.0459805e-03  -2.7273138e-02
   2.3500000e+01  -1.1897045e-02  -6.0841715e-03
   2.3600000e+01  -4.7778594e-02   1.3853917e-02
   2.3700000e+01  -7.4112201e-02   2.8084897e-02
   2.3800000e+01  -7.1498476e-02   3.6631080e-02
   2.3900000e+01  -4.6377666e-02   4.3401793e-02
   2.4000000e+01  -2.2557138e-02   5.0865775e-02
   2.4100000e+01  -1.7215285e-02   5.5759250e-02
   2.4200000e+01  -2.6731238e-02   5.1702476e-02
   2.4300000e+01  -3.5233390e-02   3.6270176e-02
   2.4400000e+01  -3.4342953e-02   1.4716194e-02
   2.4500000e+01  -3.1843205e-02  -2.9018296e-03
   2.4600000e+01  -4.0187614e-02  -7.4982694e-03
   2.4700000e+01  -5.8499561e-02   4.4029016e-03
   2.4800000e+01  -6.9633748e-02   2.8022243e-02
   2.4900000e+01  -5.7579871e-02   5.1085549e-02
   2.5000000e+01  -2.6764452e-02   6.0720301e-02
   2.5100000e+01  -3.5434328e-04   5.3770610e-02
   2.5200000e+01   3.2754429e-03   4.0380064e-02
   2.5300000e+01  -8.8984383e-03   3.4637169e-02
   2.5400000e+01  -1.1153193e-02   4.0765326e-02
   2.5500000e+01   1.2207996e-02   4.9985025e-02
   2.5600000e+01   4.7314348e-02   5.0953443e-02
   2.5700000e+01   6.3804191e-02   4.0718290e-02
   2.5800000e+01   4.7681028e-02   2.4384240e-02
   2.5900000e+01   1.7388148e-02   7.1646440e-03
   2.6000000e+01   4.4618293e-03  -9.6492179e-03
   2.6100000e+01   2.0508154e-02  -2.5760221e-02
   2.6200000e+01   4.7686275e-02  -3.8954176e-02
   2.6300000e+01   6.1689782e-02  -4.6707627e-02
   2.6400000e+01   5.8477385e-02  -4.8477486e-02
   2.6500000e+01   5.4036760e-02  -4.4571378e-02
   2.6600000e+01   6.0747510e-02  -3.4334244e-02
   2.6700000e+01   7.1010436e-02  -1.8053895e-02
   2.6800000e+01   6.7131772e-02  -6.0498718e-04
   2.6900000e+01   4.3719045e-02   9.1933926e-03
   2.7000000e+01   1.5663569e-02   4.6184477e-03
   2.7100000e+01   3.5914985e-03  -1.3367288e-02
   2.7200000e+01   1.3734557e-02  -3.6528424e-02
   2.7300000e+01   3.2759946e-02  -5.4949327e-02
   2.7400000e+01   4.0905631e-02  -6.2668864e-02
   2.7500000e+01   2.9636217e-02  -5.9573310e-02
   2.7600000e+01   7.9161310e-03  -4.9559858e-02
   2.7700000e+01  -7.4201980e-03  -3.7392850e-02
   2.7800000e+01  -7.6766856e-03  -2.6724769e-02
   2.7900000e+01   3.3903197e-04  -1.9939720e-02
   2.8000000e+01   2.3451838e-03  -1.8247162e-02
   2.8100000e+01  -8.6462185e-03  -2.0428662e-02
   2.8200000e+01  -2.6277755e-02  -2.1629290e-02
   2.8300000e+01  -3.8743239e-02  -1.5710007e-02
   2.8400000e+01  -4.0147625e-02  -1.4402600e-03
   2.8500000e+01  -3.2812159e-02   1.3376907e-02
   2.8600000e+01  -2.1337413e-02   1.6424188e-02
   2.8700000e+01  -9.1567536e-03   2.2131273e-03
   2.8800000e+01  -1.5857692e-03  -2.0697954e-02
   2.8900000e+01  -7.1169456e-03  -3.5579891e-02
   2.9000000e+01  -3.0097273e-02  -3.2198247e-02
   2.9100000e+01  -6.1812002e-02  -1.5500495e-02
   2.9200000e+01  -8.3043997e-02   1.0791717e-03
   2.9300000e+01  -7.9123031e-02   1.0333141e-02
   2.9400000e+01  -5.3103180e-02   1.7306536e-02
   2.9500000e+01  -2.3591759e-02   2.9950748e-02
   2.9600000e+01  -9.5073242e-03   4.6463026e-02
   2.9700000e+01  -1.5986974e-02   5.6106406e-02
   2.9800000e+01  -3.2437314e-02   5.3604410e-02
   2.9900000e+01  -4.2137593e-02   4.8593872e-02
   3.0000000e+01  -3.4994865e-02   5.5647204e-02
   3.0100000e+01  -1.4698495e-02   7.4754121e-02
   3.0200000e+01   4.3009041e-03   8.6979617e-02
   3.0300000e+01   8.1105577e-03   7.3980910e-02
   3.0400000e+01  -5.2979687e-03   4.0225940e-02
   3.0500000e+01  -2.4183711e-02   1.0637558e-02
   3.0600000e+01  -3.2448075e-02   4.4699074e-03
   3.0700000e+01  -2.2172322e-02   1.5407479e-02
   3.0800000e+01   1.2985609e-03   2.1243541e-02
   3.0900000e+01   2.4738285e-02   1.1026626e-02
   3.1000000e+01   3.7028609e-02  -3.0038744e-03
   3.1100000e+01   3.6039447e-02  -1.7890256e-03
   3.1200000e+01   2.8794437e-02   1.7157699e-02
   3.1300000e+01   2.5654341e-02   3.7057066e-02
   3.1400000e+01   3.1988551e-02   4.0490831e-02
   3.1500000e+01   4.3020127e-02   2.5480237e-02
   3.1600000e+01   4.7102577e-02   2.3586964e-03
   3.1700000e+01   3.6408602e-02  -1.9810294e-02
   3.1800000e+01   1.5809569e-02  -3.8803168e-02
   3.1900000e+01   4.8678799e-04  -5.3241442e-02
   3.2000000e+01   3.3770030e-03  -5.7590825e-02
   3.2100000e+01   2.4140771e-02  -4.7126297e-02
   3.2200000e+01   4.9676162e-02  -2.6371718e-02
   3.2300000e+01   6.4396318e-02  -9.0206727e-03
   3.2400000e+01   6.0378774e-02  -7.6983840e-03
   3.2500000e+01   4.0652986e-02  -2.3566593e-02
   3.2600000e+01   1.6416837e-02  -4.5307760e-02
   3.2700000e+01   1.3096555e-03  -5.7538641e-02
   3.2800000e+01   3.9765987e-03  -5.1596055e-02
   3.2900000e+01   2.1141597e-02  -3.1553854e-02
   3.3000000e+01   3.7174288e-02  -1.1836076e-02
   3.3100000e+01   3.4529285e-02  -7.1535572e-03
   3.3200000e+01   9.4591706e-03  -2.0902004e-02
   3.3300000e+01  -2.1256603e-02  -4.1640033e-02
   3.3400000e+01  -3.2045977e-02  -5.2501093e-02
   3.3500000e+01  -1.1228741e-02  -4.6122433e-02
   3.3600000e+01   2.5911194e-02  -3.0451546e-02
   3.3700000e+01   4.8091951e-02  -1.9352462e-02
   3.3800000e+01   3.5149387e-02  -1.8552823e-02
   3.3900000e+01  -3.7764526e-03  -2.2267930e-02
   3.4000000e+01  -3.8953830e-02  -2.2319610e-02
   3.4100000e+01  -4.7244222e-02  -1.6893585e-02
   3.4200000e+01  -3.0837234e-02  -8.9341694e-03
   3.4300000e+01  -1.0507040e-02   6.3066026e-04
   3.4400000e+01  -3.6846145e-03   1.3609714e-02
   3.4500000e+01  -1.1419262e-02   2.8571014e-02
   3.4600000e+01  -2.4448941e-02   3.8377789e-02
   3.4700000e+01  -3.6297678e-02   3.6744578e-02
   3.4800000e+01  -4.7315056e-02   2.6120266e-02
   3.4900000e+01  -5.8684484e-02   1.6375538e-02
   3.5000000e+01  -6.7379570e-02   1.5163113e-02
   3.5100000e+01  -6.8367497e-02   2.1048554e-02
   3.5200000e+01  -5.9526982e-02   2.6769066e-02
   3.5300000e+01  -4.3135414e-02   2.7953276e-02
   3.5400000e+01  -2.4265825e-02   2.7185465e-02
   3.5500000e+01  -9.3951700e-03   2.9731695e-02
   3.5600000e+01  -5.0285765e-03   3.6903399e-02
   3.5700000e+01  -1.4144050e-02   4.4902352e-02
   3.5800000e+01  -3.2036220e-02   4.9709223e-02
   3.5900000e+01  -4.6714391e-02   5.1082726e-02
   3.6000000e+01  -4.6032840e-02   5.0279833e-02
   3.6100000e+01  -2.6820119e-02   4.5264798e-02
   3.6200000e+01   1.8418648e-03   3.1977425e-02
   3.6300000e+01   2.4795178e-02   1.2469253e-02
   3.6400000e+01   3.1989421e-02  -1.0540510e-03
   3.6500000e+01   2.5352442e-02   4.1742275e-03
   3.6600000e+01   1.5342155e-02   2.5526346e-02
   3.6700000e+01   1.0742067e-02   4.1893284e-02
   3.6800000e+01   1.1924091e-02   3.1400264e-02
   3.6900000e+01   1.3744804e-02  -6.3946633e-03
   3.7000000e+01   1.3409463e-02  -4.7828337e-02
   3.7100000e+01   1.3801087e-02  -6.5845684e-02
   3.7200000e+01   1.9482754e-02  -5.2980413e-02
   3.7300000e+01   3.1412522e-02  -2.4596509e-02
   3.7400000e+01   4.6066075e-02  -2.6437482e-03
   3.7500000e+01   5.7724119e-02   1.6567293e-03
   3.7600000e+01   6.0367315e-02  -8.1823634e-03
   3.7700000e+01   4.9814418e-02  -2.1477273e-02
   3.7800000e+01   2.7910656e-02  -2.9492750e-02
   3.7900000e+01   4.9686811e-03  -2.9993415e-02
   3.8000000e+01  -5.7684054e-03  -2.6852867e-02
   3.8100000e+01   5.4170118e-04  -2.5825737e-02
   3.8200000e+01   1.5003919e-02  -2.8682653e-02
   3.8300000e+01   2.3183045e-02  -3.0758107e-02
   3.8400000e+01   1.9005300e-02  -2.5878302e-02
   3.8500000e+01   9.3481568e-03  -1.4705895e-02
   3.8600000e+01   5.0731616e-03  -6.4575837e-03
   3.8700000e+01   9.4637299e-03  -9.8770734e-03
   3.8800000e+01   1.6258092e-02  -2.2628774e-02
   3.8900000e+01   1.7304837e-02  -3.2279434e-02
   3.9000000e+01   1.0460799e-02  -2.9499970e-02
   3.9100000e+01   8.1658809e-04  -1.8838873e-02
   3.9200000e+01  -3.9367054e-03  -1.3648498e-02
   3.9300000e+01   5.6128944e-04  -1.9757519e-02
   3.9400000e+01   1.1963329e-02  -2.6623749e-02
   3.9500000e+01   2.2558809e-02  -1.7599424e-02
   3.9600000e+01   2.4805992e-02   1.0415038e-02
   3.9700000e+01   1.6671658e-02   3.9439037e-02
   3.9800000e+01   1.9052444e-03   4.5056426e-02
   3.9900000e+01  -1.4046645e-02   2.0214517e-02
   4.0000000e+01  -2.6669781e-02  -1.5460766e-02
   4.0100000e+01  -3.1161690e-02  -3.1388180e-02
   4.0200000e+01  -2.2604970e-02  -1.3137910e-02
   4.0300000e+01  -1.8861355e-03   2.4480341e-02
   4.0400000e+01   1.8873356e-02   5.1129162e-02
   4.0500000e+01   2.2140275e-02   4.8632067e-02
   4.0600000e+01   7.2947574e-04   2.6038121e-02
   4.0700000e+01  -3.2964288e-02   8.0257931e-03
   4.0800000e+01  -5.6846213e-02   9.6624047e-03
   4.0900000e+01  -5.9122732e-02   2.3884725e-02
   4.1000000e+01  -4.6837931e-02   3.3013053e-02
   4.1100000e+01  -3.4831283e-02   2.8920597e-02
   4.1200000e+01  -2.9765057e-02   1.8697736e-02
   4.1300000e+01  -2.7151854e-02   1.2132912e-02
   4.1400000e+01  -2.0986821e-02   9.4651484e-03
   4.1500000e+01  -1.1454150e-02   5.1975663e-03
   4.1600000e+01  -3.0397721e-03   7.5595058e-04
   4.1700000e+01   4.4538065e-04   6.2572847e-03
   4.1800000e+01  -3.1929811e-03   2.6678819e-02
   4.1900000e+01  -1.4780911e-02   5.0541912e-02
   4.2000000e+01  -3.0745960e-02   5.8534250e-02
   4.2100000e+01  -4.1705388e-02   4.4251570e-02
   4.2200000e+01  -3.9743032e-02   2.1865217e-02
   4.2300000e+01  -2.8521536e-02   1.0141788e-02
   4.2400000e+01  -2.1320675e-02   1.1659327e-02
   4.2500000e+01  -2.5020565e-02   1.2414262e-02
   4.2600000e+01  -2.8794436e-02   1.2885297e-03
   4.2700000e+01  -1.4494274e-02  -1.6007500e-02
   4.2800000e+01   2.0678249e-02  -2.5669126e-02
   4.2900000e+01   5.6229038e-02  -2.4333751e-02
   4.3000000e+01   6.6429232e-02  -2.2509833e-02
   4.3100000e+01   4.5247952e-02  -2.9055809e-02
   4.3200000e+01   1.1556794e-02  -3.8059212e-02
   4.3300000e+01  -9.0243197e-03  -3.5661921e-02
   4.3400000e+01  -5.2483289e-03  -1.8054193e-02
   4.3500000e+01   1.4913425e-02   1.9157679e-03
   4.3600000e+01   3.5440926e-02   7.1049940e-03
   4.3700000e+01   4.5737343e-02  -7.5149445e-03
   4.3800000e+01   4.5687569e-02  -3.1851617e-02
   4.3900000e+01   4.1727354e-02  -5.1487839e-02
   4.4000000e+01   3.9538487e-02  -5.8840365e-02
   4.4100000e+01   3.9449161e-02  -5.4805183e-02
   4.4200000e+01   3.7675774e-02  -4.3615574e-02
   4.4300000e+01   3.1490633e-02  -2.9279753e-02
   4.4400000e+01   2.2442821e-02  -1.6392826e-02
   4.4500000e+01   1.3911776e-02  -1.0615721e-02
   4.4600000e+01   6.5428350e-03  -1.4640444e-02
   4.4700000e+01  -1.6031630e-03  -2.3192768e-02
   4.4800000e+01  -9.7625146e-03  -2.5009145e-02
   4.4900000e+01  -1.2016050e-02  -1.3102114e-02
   4.5000000e+01  -3.5077485e-03   6.6717247e-03
   4.5100000e+01   1.0834286e-02   1.9780427e-02
   4.5200000e+01   1.7483232e-02   1.7408891e-02
   4.5300000e+01   7.6185578e-03   5.5183416e-03
   4.5400000e+01  -1.1334991e-02  -2.1480698e-03
   4.5500000e+01  -2.1038312e-02   7.2052659e-04
   4.5600000e+01  -1.1423239e-02   7.0532680e-03
   4.5700000e+01   6.6832669e-03   5.7512035e-03
   4.5800000e+01   1.0915460e-02  -5.5862484e-03
   4.5900000e+01  -9.4949041e-03  -1.8823881e-02
   4.6000000e+01  -4.0895871e-02  -2.4218094e-02
   4.6100000e+01  -5.6661374e-02  -1.8379543e-02
   4.6200000e+01  -4.1793806e-02  -3.8764348e-03
   4.6300000e+01  -6.6619750e-03   1.5292600e-02
   4.6400000e+01   2.2505226e-02   3.5110735e-02
   4.6500000e+01   2.6316060e-02   4.9916001e-02
   4.6600000e+01   7.1279159e-03   5.3359957e-02
   4.6700000e+01  -1.5991686e-02   4.3508527e-02
   4.6800000e+01  -2.5980504e-02   2.6323342e-02
   4.6900000e+01  -2.2267062e-02   1.2008442e-02
   4.7000000e+01  -1.7861869e-02   6.9539342e-03
   4.7100000e+01  -2.3017974e-02   9.6787934e-03
   4.7200000e+01  -3.3190427e-02   1.4566019e-02
   4.7300000e+01  -3.4599178e-02   1.7975378e-02
   4.7400000e+01  -2.1014271e-02   1.9570876e-02
   4.7500000e+01  -2.0569530e-03   1.9475998e-02
   4.7600000e+01   6.8853819e-03   1.7682950e-02
   4.7700000e+01   9.0744288e-04   1.7056519e-02
   4.7800000e+01  -1.1141596e-02   2.3073188e-02
   4.7900000e+01  -1.8360211e-02   3.6414141e-02
   4.8000000e+01  -1.8063353e-02   4.6876225e-02
   4.8100000e+01  -1.2788833e-02   4.0133194e-02
   4.8200000e+01  -2.1400999e-03   1.3953723e-02
   4.8300000e+01   1.5896680e-02  -1.4663992e-02
   4.8400000e+01   3.5495078e-02  -2.2926581e-02
   4.8500000e+01   4.1655444e-02  -4.0737388e-03
   4.8600000e+01   2.4324403e-02   2.5592788e-02
   4.8700000e+01  -6.8765313e-03   4.1597542e-02
   4.8800000e+01  -2.7212459e-02   3.1886710e-02
   4.8900000e+01  -1.9501148e-02   3.7811531e-03
   4.9000000e+01   8.5211654e-03  -2.4940367e-02
   4.9100000e+01   3.1405122e-02  -3.8935234e-02
   4.9200000e+01   3.0618164e-02  -3.2768696e-02
   4.9300000e+01   1.0937826e-02  -1.2629744e-02
   4.9400000e+01  -7.2551611e-03   6.1709995e-03
   4.9500000e+01  -9.5398763e-03   7.2954356e-03
   4.9600000e+01   5.4216808e-04  -1.4436746e-02
   4.9700000e+01   9.5421007e-03  -4.6079611e-02
   4.9800000e+01   1.0114035e-02  -6.4317450e-02
   4.9900000e+01   6.3708350e-03  -5.4660619e-02
   5.0000000e+01   5.0271624e-03  -2.5178140e-02
   5.0100000e+01   5.7009795e-03  -1.8982586e-04
   5.0200000e+01   2.5452680e-03   1.6961420e-03
   5.0300000e+01  -6.3904399e-03  -1.5951625e-02
   5.0400000e+01  -1.5063568e-02  -3.3035830e-02
   5.0500000e+01  -1.5634363e-02  -3.4346759e-02
   5.0600000e+01  -6.5863337e-03  -2.3522723e-02
   5.0700000e+01   6.8565207e-03  -1.5260988e-02
   5.0800000e+01   1.8729272e-02  -1.6688460e-02
   5.0900000e+01   2.6077838e-02  -2.0487029e-02
   5.1000000e+01   2.7085786e-02  -1.6463986e-02
   5.1100000e+01   1.9229835e-02  -5.1237044e-03
   5.1200000e+01   2.6214431e-03   4.1462788e-03
   5.1300000e+01  -1.5442168e-02   6.3079955e-03
   5.1400000e+01  -2.3081076e-02   6.7514842e-03
   5.1500000e+01  -1.4152525e-02   1.2597711e-02
   5.1600000e+01   4.1676541e-03   2.1902793e-02
   5.1700000e+01   1.6611647e-02   2.5399410e-02
   5.1800000e+01   1.4415986e-02   1.7849139e-02
   5.1900000e+01   4.0968862e-03   3.9610975e-03
   5.2000000e+01   6.0471202e-05  -7.5007301e-03
   5.2100000e+01   8.4127865e-03  -1.2241237e-02
   5.2200000e+01   1.9889822e-02  -1.1230434e-02
   5.2300000e+01   2.0020337e-02  -5.8156013e-03
   5.2400000e+01   5.1576420e-03   3.7689247e-03
   5.2500000e+01  -1.3290890e-02   1.4645330e-02
   5.2600000e+01  -2.0213230e-02   1.9743810e-02
   5.2700000e+01  -1.0727992e-02   1.3301985e-02
   5.2800000e+01   6.7699837e-03  -2.1975535e-03
   5.2900000e+01   1.8653624e-02  -1.6412091e-02
   5.3000000e+01   1.6016721e-02  -1.9086736e-02
   5.3100000e+01  -1.7982906e-04  -7.3691628e-03
   5.3200000e+01  -1.9749925e-02   1.3429856e-02
   5.3300000e+01  -2.9353762e-02   3.3429069e-02
   5.3400000e+01  -2.2387210e-02   4.1820232e-02
   5.3500000e+01  -5.7464018e-03   3.1067584e-02
   5.3600000e+01   5.0677658e-03   3.2617961e-03
   5.3700000e+01   8.1044396e-04  -2.6511043e-02
   5.3800000e+01  -1.1315020e-02  -3.8165771e-02
   5.3900000e+01  -1.4437467e-02  -2.3746789e-02
   5.4000000e+01   1.9551797e-04   2.9097730e-03
   5.4100000e+01   2.3308178e-02   1.7493999e-02
   5.4200000e+01   3.5859351e-02   8.6575856e-03
   5.4300000e+01   2.6229456e-02  -1.1139413e-02
   5.4400000e+01  -5.2824907e-04  -1.9479975e-02
   5.4500000e+01  -2.7866652e-02  -6.9446310e-03
   5.4600000e+01  -4.0301392e-02   1.5496319e-02
   5.4700000e+01  -3.3051226e-02   2.9675833e-02
   5.4800000e+01  -1.3553045e-02   2.6860327e-02
   5.4900000e+01   4.8932545e-03   1.1916533e-02
   5.5000000e+01   1.3076590e-02  -3.5639642e-03
   5.5100000e+01   1.1980715e-02  -9.2097112e-03
   5.5200000e+01   9.3155314e-03  -8.6380802e-04
   5.5300000e+01   9.6842376e-03   1.6444330e-02
   5.5400000e+01   9.3459650e-03   2.9916382e-02
   5.5500000e+01   1.9771551e-03   2.7625881e-02
   5.5600000e+01  -1.1627241e-02   8.7888991e-03
   5.5700000e+01  -2.2486320e-02  -1.4868948e-02
   5.5800000e+01  -2.2961211e-02  -2.8477452e-02
   5.5900000e+01  -1.5221636e-02  -2.4466383e-02
   5.6000000e+01  -8.1616267e-03  -5.6376145e-03
   5.6100000e+01  -6.7574417e-03   1.7939018e-02
   5.6200000e+01  -6.9298437e-03   3.3933895e-02
   5.6300000e+01  -1.5986516e-03   3.4155250e-02
   5.6400000e+01   9.9584738e-03   2.0646717e-02
   5.6500000e+01   2.0339097e-02   4.6679143e-03
   5.6600000e+01   2.1094978e-02  -3.6841032e-03
   5.6700000e+01   1.0449134e-02  -4.4357539e-03
   5.6800000e+01  -5.6630820e-03  -3.6395488e-03
   5.6900000e+01  -1.8622139e-02  -2.2086952e-03
   5.7000000e+01  -2.2528636e-02   4.8580650e-03
   5.7100000e+01  -1.6175464e-02   1.6411054e-02
   5.7200000e+01  -2.4165573e-03   1.9508035e-02
   5.7300000e+01   1.2675344e-02   3.4403301e-03
   5.7400000e+01   2.0876681e-02  -2.2475918e-02
   5.7500000e+01   1.5227961e-02  -3.3620629e-02
   5.7600000e+01  -4.3558004e-03  -1.6428656e-02
   5.7700000e+01  -2.8211022e-02   1.4339959e-02
   5.7800000e+01  -4.1994809e-02   2.9419497e-02
   5.7900000e+01  -3.7428101e-02   1.4753238e-02
   5.8000000e+01  -1.8669010e-02  -1.6141247e-02
   5.8100000e+01   2.7723659e-03  -3.8302147e-02
   5.8200000e+01   1.8980929e-02  -3.9140247e-02
   5.8300000e+01   2.9690889e-02  -2.5365180e-02
   5.8400000e+01   3.5671109e-02  -1.1459422e-02
   5.8500000e+01   3.2294032e-02  -6.3169303e-03
   5.8600000e+01   1.4428046e-02  -9.9381268e-03
   5.8700000e+01  -1.2316981e-02  -1.7381436e-02
   5.8800000e+01  -3.0366891e-02  -2.2466908e-02
   5.8900000e+01  -2.5072329e-02  -1.9999228e-02
   5.9000000e+01  -9.8043036e-04  -9.0961297e-03
   5.9100000e+01   2.0100014e-02   4.1968070e-03
   5.9200000e+01   1.9808453e-02   1.0376788e-02
   5.9300000e+01   1.8234847e-03   5.4883786e-03
   5.9400000e+01  -1.1497594e-02  -3.8886860e-03
   5.9500000e+01  -1.5503561e-03  -7.3093611e-03
   5.9600000e+01   2.7541656e-02  -2.6007869e-03
   5.9700000e+01   5.2158535e-02   1.4942985e-03
   5.9800000e+01   5.1039795e-02  -3.0834263e-03
   5.9900000e+01   2.4350622e-02  -1.1875233e-02
   6.0000000e+01  -7.6631108e-03  -1.2251398e-02
   6.0100000e+01  -2.3537267e-02  -1.8174586e-04
   6.0200000e+01  -1.7778523e-02   1.2308203e-02
   6.0300000e+01  -9.7122637e-04   1.0884329e-02
   6.0400000e+01   1.3856800e-02  -2.1205958e-03
   6.0500000e+01   2.2129500e-02  -8.8896000e-03
   6.0600000e+01   2.5603079e-02   1.5879676e-03
   6.0700000e+01   2.3946459e-02   1.7753295e-02
   6.0800000e+01   1.3566323e-02   1.8022046e-02
   6.0900000e+01  -4.2254046e-03  -2.1848227e-03
   6.1000000e+01  -1.8172718e-02  -2.2800322e-02
   6.1100000e+01  -1.5507510e-02  -2.1677404e-02
   6.1200000e+01   3.3662416e-03  -1.8346332e-04
   6.1300000e+01   2.1900370e-02   1.9403832e-02
   6.1400000e+01   2.2535665e-02   2.0480597e-02
   6.1500000e+01   4.7577916e-03   9.2018722e-03
   6.1600000e+01  -1.4225172e-02   2.6020480e-03
   6.1700000e+01  -1.7521171e-02   5.8110620e-03
   6.1800000e+01  -5.5154021e-03   8.2316851e-03
   6.1900000e+01   6.2745721e-03   1.2595251e-03
   6.2000000e+01   4.4731790e-03  -8.1342379e-03
   6.2100000e+01  -9.4334080e-03  -6.1376300e-03
   6.2200000e+01  -2.2899446e-02   9.3595984e-03
   6.2300000e+01  -2.5460278e-02   2.5052411e-02
   6.2400000e+01  -1.6676960e-02   2.7452404e-02
   6.2500000e+01  -3.8619700e-03   1.7285501e-02
   6.2600000e+01   4.4514151e-03   6.4030605e-03
   6.2700000e+01   3.1120935e-03   3.3882343e-03
   6.2800000e+01  -7.6534870e-03   5.9596859e-03
   6.2900000e+01  -2.2251079e-02   6.9951314e-03
   6.3000000e+01  -3.2958792e-02   4.2156570e-03
   6.3100000e+01  -3.5431733e-02   1.7011540e-03
   6.3200000e+01  -3.1088284e-02   3.1813208e-03
   6.3300000e+01  -2.3265641e-02   6.4392491e-03
   6.3400000e+01  -1.2539123e-02   5.6977239e-03
   6.3500000e+01   1.2813242e-03  -7.7831901e-04
   6.3600000e+01   1.2949008e-02  -6.9499457e-03
   6.3700000e+01   1.2546838e-02  -4.8449275e-03
   6.3800000e+01  -3.3297154e-03   5.0371604e-03
   6.3900000e+01  -2.2987502e-02   1.1109024e-02
   6.4000000e+01  -2.7980539e-02   1.8895264e-03
   6.4100000e+01  -1.2565830e-02  -1.9258456e-02
   6.4200000e+01   8.4531103e-03  -3.3659487e-02
   6.4300000e+01   1.5045913e-02  -2.5100164e-02
   6.4400000e+01   3.8207832e-03   2.1060180e-03
   6.4500000e+01  -9.3730972e-03   2.5616679e-02
   6.4600000e+01  -8.7333448e-03   2.6629663e-02
   6.4700000e+01   4.2338391e-03   7.3354525e-03
   6.4800000e+01   1.5330843e-02  -1.3604137e-02
   6.4900000e+01   1.5703689e-02  -2.0282679e-02
   6.5000000e+01   9.8357329e-03  -1.2153587e-02
   6.5100000e+01   6.1465475e-03  -1.6047615e-05
   6.5200000e+01   5.7822386e-03   5.6401762e-03
   6.5300000e+01   4.3274195e-03   1.1548531e-03
   6.5400000e+01   1.0717054e-03  -1.1098020e-02
   6.5500000e+01   9.1631833e-04  -2.5310429e-02
   6.5600000e+01   6.6289436e-03  -3.3949619e-02
   6.5700000e+01   1.3593320e-02  -3.0596970e-02
   6.5800000e+01   1.5010124e-02  -1.4462930e-02
   6.5900000e+01   1.0432286e-02   7.1153143e-03
   6.6000000e+01   6.3425935e-03   2.1912042e-02
   6.6100000e+01   8.4855294e-03   2.0952290e-02
   6.6200000e+01   1.5553753e-02   6.0929972e-03
   6.6300000e+01   2.0705522e-02  -9.6449898e-03
   6.6400000e+01   1.7938775e-02  -1.1722649e-02
   6.6500000e+01   6.7612053e-03   2.3912765e-03
   6.6600000e+01  -7.7002541e-03   1.8878303e-02
   6.6700000e+01  -1.7850863e-02   2.0037769e-02
   6.6800000e+01  -1.7753719e-02   3.5765256e-03
   6.6900000e+01  -6.4185975e-03  -1.2638965e-02
   6.7000000e+01   1.1110419e-02  -9.0361334e-03
   6.7100000e+01   2.5528924e-02   1.2490445e-02
   6.7200000e+01   2.7714792e-02   2.8422660e-02
   6.7300000e+01   1.4577423e-02   1.9733723e-02
   6.7400000e+01  -7.1121864e-03  -4.6839415e-03
   6.7500000e+01  -2.3734095e-02  -1.6032754e-02
   6.7600000e+01  -2.5194115e-02   2.0061529e-03
   6.7700000e+01  -1.4091006e-02   3.3297391e-02
   6.7800000e+01  -2.7202327e-03   4.5345583e-02
   6.7900000e+01   7.5830392e-04   2.3843011e-02
   6.8000000e+01   9.5517791e-04  -1.2599041e-02
   6.8100000e+01   6.8611838e-03  -3.2479649e-02
   6.8200000e+01   1.6708831e-02  -2.2765098e-02
   6.8300000e+01   1.7671096e-02   1.4126440e-03
   6.8400000e+01   3.5801710e-03   1.5347237e-02
   6.8500000e+01  -1.2445860e-02   9.0341816e-03
   6.8600000e+01  -1.0523367e-02  -6.9291703e-03
   6.8700000e+01   1.0739407e-02  -1.5551936e-02
   6.8800000e+01   2.8445305e-02  -1.0397464e-02
   6.8900000e+01   1.9561827e-02   6.3911790e-04
   6.9000000e+01  -1.2016792e-02   5.1132140e-03
   6.9100000e+01  -3.7745647e-02  -2.2802116e-03
   6.9200000e+01  -3.3919576e-02  -1.6555973e-02
   6.9300000e+01  -5.0900822e-03  -2.8155885e-02
   6.9400000e+01   2.2919148e-02  -3.0200796e-02
   6.9500000e+01   2.9538940e-02  -2.1410201e-02
   6.9600000e+01   1.6013733e-02  -5.3290305e-03
   6.9700000e+01  -1.8328847e-03   1.0988058e-02
   6.9800000e+01  -1.1624866e-02   1.9118868e-02
   6.9900000e+01  -1.2797205e-02   1.4258832e-02
   7.0000000e+01  -1.0200689e-02   1.8081895e-04
   7.0100000e+01  -5.0330832e-03  -1.2745018e-02
   7.0200000e+01   4.4073332e-03  -1.7108873e-02
   7.0300000e+01   1.4205062e-02  -1.5376744e-02
   7.0400000e+01   1.2420172e-02  -1.4886149e-02
   7.0500000e+01  -9.1941202e-03  -1.6706157e-02
   7.0600000e+01  -4.0260037e-02  -1.3668143e-02
   7.0700000e+01  -5.4041293e-02  -1.4043040e-03
   7.0800000e+01  -3.1380220e-02   1.2498305e-02
   7.0900000e+01   1.6370408e-02   1.5370194e-02
   7.1000000e+01   5.2861436e-02   5.0223771e-03
   7.1100000e+01   4.9153241e-02  -6.5541559e-03
   7.1200000e+01   1.0167116e-02  -7.3235771e-03
   7.1300000e+01  -3.2279773e-02   4.7487998e-04
   7.1400000e+01  -5.0052813e-02   3.9429355e-03
   7.1500000e+01  -3.9296161e-02  -4.2381780e-03
   7.1600000e+01  -1.4503606e-02  -1.7790664e-02
   7.1700000e+01   8.4841242e-03  -2.5480213e-02
   7.1800000e+01   1.9803532e-02  -2.3074060e-02
   7.1900000e+01   1.4092407e-02  -1.3741648e-02
   7.2000000e+01  -6.9202198e-03  -2.2703860e-04
   7.2100000e+01  -2.9017810e-02   1.7302400e-02
   7.2200000e+01  -3.1918089e-02   3.4908219e-02
   7.2300000e+01  -8.7012057e-03   4.2055955e-02
   7.2400000e+01   2.3228323e-02   3.0572607e-02
   7.2500000e+01   3.6793579e-02   6.3401101e-03
   7.2600000e+01   2.2182216e-02  -1.1828942e-02
   7.2700000e+01  -3.9276118e-03  -7.8141652e-03
   7.2800000e+01  -1.6540691e-02   1.7008848e-02
   7.2900000e+01  -6.4119384e-03   4.4716667e-02
   7.3000000e+01   1.4933642e-02   5.6099395e-02
   7.3100000e+01   2.9699852e-02   4.5430157e-02
   7.3200000e+01   2.9136452e-02   2.2524062e-02
   7.3300000e+01   1.6571754e-02   2.9399517e-03
   7.3400000e+01   1.1348912e-03  -3.5346570e-03
   7.3500000e+01  -9.1141521e-03   2.4365560e-03
   7.3600000e+01  -1.0839542e-02   1.2755959e-02
   7.3700000e+01  -5.9797948e-03   1.8266050e-02
   7.3800000e+01   6.6839579e-04   1.4338270e-02
   7.3900000e+01   5.4070945e-03   3.5551887e-03
   7.4000000e+01   7.5134325e-03  -5.9104927e-03
   7.4100000e+01   7.5338733e-03  -6.3942594e-03
   7.4200000e+01   5.3331085e-03   2.3872876e-03
   7.4300000e+01   1.1725234e-03   1.2227626e-02
   7.4400000e+01  -2.3462574e-03   1.3538014e-02
   7.4500000e+01  -1.7635093e-03   4.2740379e-03
   7.4600000e+01   3.1444602e-03  -8.7237780e-03
   7.4700000e+01   8.0894648e-03  -1.7204490e-02
   7.4800000e+01   8.0474839e-03  -1.8913895e-02
   7.4900000e+01   1.8734008e-03  -1.6967273e-02
   7.5000000e+01  -7.0247509e-03  -1.3966073e-02
   7.5100000e+01  -1.3519067e-02  -9.7571339e-03
   7.5200000e+01  -1.3642199e-02  -5.2703999e-03
   7.5300000e+01  -6.2274520e-03  -5.3578967e-03
   7.5400000e+01   5.8690571e-03  -1.4556670e-02
   7.5500000e+01   1.5761792e-02  -2.9958489e-02
   7.5600000e+01   1.6041056e-02  -4.0794308e-02
   7.5700000e+01   5.0284804e-03  -3.7250931e-02
   7.5800000e+01  -9.7660266e-03  -2.0038000e-02
   7.5900000e+01  -1.6200024e-02  -6.3803798e-04
   7.6000000e+01  -8.1214013e-03   8.3128197e-03
   7.6100000e+01   7.3672124e-03   3.2636530e-03
   7.6200000e+01   1.4584936e-02  -8.6490154e-03
   7.6300000e+01   3.6794379e-03  -1.7082533e-02
   7.6400000e+01  -1.8756669e-02  -1.7285426e-02
   7.6500000e+01  -3.4934103e-02  -1.2434819e-02
   7.6600000e+01  -3.3065500e-02  -8.8857456e-03
   7.6700000e+01  -1.8325941e-02  -1.0235809e-02
   7.6800000e+01  -5.0793247e-03  -1.5643098e-02
   7.6900000e+01   4.5298995e-04  -2.1948672e-02
   7.7000000e+01   5.9237684e-03  -2.5435151e-02
   7.7100000e+01   1.9815874e-02  -2.1863840e-02
   7.7200000e+01   3.6173374e-02  -8.0245691e-03
   7.7300000e+01   3.7251145e-02   1.3426279e-02
   7.7400000e+01   1.2749786e-02   3.0953193e-02
   7.7500000e+01  -2.5742147e-02   3.0209406e-02
   7.7600000e+01  -5.1527139e-02   7.4899538e-03
   7.7700000e+01  -4.4849784e-02  -2.2458799e-02
   7.7800000e+01  -9.9349201e-03  -3.5575935e-02
   7.7900000e+01   2.7516253e-02  -1.9212575e-02
   7.8000000e+01   4.0262156e-02   1.5062390e-02
   7.8100000e+01   2.1383343e-02   4.0359666e-02
   7.8200000e+01  -9.8552178e-03   3.7689326e-02
   7.8300000e+01  -2.4837174e-02   1.1898637e-02
   7.8400000e+01  -1.1748218e-02  -1.3788113e-02
   7.8500000e+01   1.3933355e-02  -1.8306193e-02
   7.8600000e+01   2.6194326e-02   5.1306128e-04
   7.8700000e+01   1.5098121e-02   2.6282533e-02
   7.8800000e+01  -5.6736940e-03   3.8967625e-02
   7.8900000e+01  -1.6795685e-02   3.0702307e-02
   7.9000000e+01  -1.3236265e-02   1.0096376e-02
   7.9100000e+01  -3.3377979e-03  -6.7577787e-03
   7.9200000e+01   6.3932063e-03  -9.5517524e-03
   7.9300000e+01   1.6970870e-02   1.4063364e-04
   7.9400000e+01   2.6860346e-02   1.3622580e-02
   7.9500000e+01   2.5173506e-02   2.3939209e-02
   7.9600000e+01   2.8207271e-03   2.9560982e-02
   7.9700000e+01  -3.1162896e-02   3.1204409e-02
   7.9800000e+01  -5.1561418e-02   2.8190086e-02
   7.9900000e+01  -3.8892833e-02   1.9367539e-02
   8.0000000e+01   1.4163644e-03   6.1679682e-03
