   1.0221618e+02   2.8602761e+01   2.5212700e+03
   1.0213958e+02   2.8186523e+01   1.5951200e+03
   0.0000000e+00  -6.6976565e-01  -6.6976565e-01
   1.0000000e-01  -7.1863048e-01  -6.2981536e-01
   2.0000000e-01  -7.7896661e-01  -5.7971533e-01
   3.0000000e-01  -8.3063751e-01  -5.0547991e-01
   4.0000000e-01  -8.4340961e-01  -4.1712854e-01
   5.0000000e-01  -7.9926359e-01  -3.4450738e-01
   6.0000000e-01  -7.0864685e-01  -3.0959849e-01
   7.0000000e-01  -6.0567202e-01  -3.0148259e-01
   8.0000000e-01  -5.2159128e-01  -2.8229554e-01
   9.0000000e-01  -4.5828028e-01  -2.2230650e-01
   1.0000000e+00  -3.8919714e-01  -1.3008730e-01
   1.1000000e+00  -2.8892951e-01  -4.6213324e-02
   1.2000000e+00  -1.5896314e-01  -5.5585805e-03
   1.3000000e+00  -1.9935016e-02  -5.3286854e-03
   1.4000000e+00   1.1800457e-01  -9.4932512e-03
   1.5000000e+00   2.6600623e-01   1.6938809e-02
   1.6000000e+00   4.3201849e-01   7.8495225e-02
   1.7000000e+00   5.9361786e-01   1.5063146e-01
   1.8000000e+00   7.0914380e-01   2.0512708e-01
   1.9000000e+00   7.6047397e-01   2.3208012e-01
   2.0000000e+00   7.7708250e-01   2.4103049e-01
   2.1000000e+00   8.0931311e-01   2.4745171e-01
   2.2000000e+00   8.7827396e-01   2.6087315e-01
   2.3000000e+00   9.5695212e-01   2.8192880e-01
   2.4000000e+00   1.0000000e+00   3.0486183e-01
   2.5000000e+00   9.8577949e-01   3.2175680e-01
   2.6000000e+00   9.2731041e-01   3.2825824e-01
   2.7000000e+00   8.5008487e-01   3.2819887e-01
   2.8000000e+00   7.6912221e-01   3.3136969e-01
   2.9000000e+00   6.8752329e-01   3.4427013e-01
   3.0000000e+00   6.0654564e-01   3.6307329e-01
   3.1000000e+00   5.2740724e-01   3.7681978e-01
   3.2000000e+00   4.4458481e-01   3.7657163e-01
   3.3000000e+00   3.4628930e-01   3.5972621e-01
   3.4000000e+00   2.2738690e-01   3.2728198e-01
   3.5000000e+00   1.0046119e-01   2.8230039e-01
   3.6000000e+00  -9.4316679e-03   2.3368557e-01
   3.7000000e+00  -8.2182501e-02   1.9693882e-01
   3.8000000e+00  -1.1617106e-01   1.8356478e-01
   3.9000000e+00  -1.2894195e-01   1.8694950e-01
   4.0000000e+00  -1.4792699e-01   1.8293864e-01
   4.1000000e+00  -1.9637166e-01   1.5005421e-01
   4.2000000e+00  -2.7812461e-01   9.0235890e-02
   4.3000000e+00  -3.6990790e-01   2.6461028e-02
   4.4000000e+00  -4.3283570e-01  -2.2227113e-02
   4.5000000e+00  -4.4142148e-01  -6.1168679e-02
   4.6000000e+00  -4.0662868e-01  -1.1216179e-01
   4.7000000e+00  -3.6849132e-01  -1.8520389e-01
   4.8000000e+00  -3.6260483e-01  -2.6232487e-01
   4.9000000e+00  -3.9296567e-01  -3.1301160e-01
   5.0000000e+00  -4.3649061e-01  -3.2412865e-01
   5.1000000e+00  -4.6946334e-01  -3.1052605e-01
   5.2000000e+00  -4.8531109e-01  -2.9662943e-01
   5.3000000e+00  -4.8945619e-01  -2.9425074e-01
   5.4000000e+00  -4.8593154e-01  -3.0266882e-01
   5.5000000e+00  -4.7477557e-01  -3.2307153e-01
   5.6000000e+00  -4.5827031e-01  -3.5843329e-01
   5.7000000e+00  -4.4079295e-01  -3.9410835e-01
   5.8000000e+00  -4.1987662e-01  -3.9157721e-01
   5.9000000e+00  -3.8399438e-01  -3.2022093e-01
   6.0000000e+00  -3.2665556e-01  -1.9981192e-01
   6.1000000e+00  -2.6221281e-01  -9.8336183e-02
   6.2000000e+00  -2.2020910e-01  -7.3862434e-02
   6.3000000e+00  -2.1795634e-01  -1.1867968e-01
   6.4000000e+00  -2.3947856e-01  -1.6868191e-01
   6.5000000e+00  -2.4662564e-01  -1.6754234e-01
   6.6000000e+00  -2.1432011e-01  -1.1284826e-01
   6.7000000e+00  -1.5424069e-01  -3.8658061e-02
   6.8000000e+00  -1.0205505e-01   3.1133848e-02
   6.9000000e+00  -8.1654300e-02   9.6080963e-02
   7.0000000e+00  -8.3629593e-02   1.5235542e-01
   7.1000000e+00  -7.8549057e-02   1.7738305e-01
   7.2000000e+00  -4.7692904e-02   1.5711647e-01
   7.3000000e+00   2.6739413e-03   1.1875510e-01
   7.4000000e+00   5.5366550e-02   1.1450135e-01
   7.5000000e+00   1.0352603e-01   1.6496671e-01
   7.6000000e+00   1.5316635e-01   2.3082451e-01
   7.7000000e+00   2.0792743e-01   2.5400259e-01
   7.8000000e+00   2.5930896e-01   2.2446907e-01
   7.9000000e+00   2.9558539e-01   1.9315672e-01
   8.0000000e+00   3.1618839e-01   2.1339492e-01
   8.1000000e+00   3.3217068e-01   2.7822013e-01
   8.2000000e+00   3.5359550e-01   3.2585801e-01
   8.3000000e+00   3.8085786e-01   3.0573301e-01
   8.4000000e+00   4.0801140e-01   2.2957745e-01
   8.5000000e+00   4.2941583e-01   1.5455545e-01
   8.6000000e+00   4.4164086e-01   1.2464613e-01
   8.7000000e+00   4.4435878e-01   1.3633864e-01
   8.8000000e+00   4.4354629e-01   1.5589754e-01
   8.9000000e+00   4.4930456e-01   1.5613133e-01
   9.0000000e+00   4.6338361e-01   1.3206881e-01
   9.1000000e+00   4.7012761e-01   9.2681239e-02
   9.2000000e+00   4.4821767e-01   5.0397159e-02
   9.3000000e+00   3.9481175e-01   1.6531140e-02
   9.4000000e+00   3.3200558e-01  -5.7423354e-03
   9.5000000e+00   2.8417362e-01  -2.8431609e-02
   9.6000000e+00   2.5326308e-01  -6.9403851e-02
   9.7000000e+00   2.2311014e-01  -1.2772863e-01
   9.8000000e+00   1.8457038e-01  -1.7410588e-01
   9.9000000e+00   1.4521082e-01  -1.7799331e-01
   1.0000000e+01   1.1126234e-01  -1.4613394e-01
   1.0100000e+01   7.1503386e-02  -1.2417097e-01
   1.0200000e+01   1.1179871e-02  -1.5246681e-01
   1.0300000e+01  -6.0792328e-02  -2.2355703e-01
   1.0400000e+01  -1.1238307e-01  -2.8925428e-01
   1.0500000e+01  -1.2400542e-01  -3.0848275e-01
   1.0600000e+01  -1.1753751e-01  -2.8330551e-01
   1.0700000e+01  -1.3965431e-01  -2.4964290e-01
   1.0800000e+01  -2.1385103e-01  -2.4029807e-01
   1.0900000e+01  -3.1388088e-01  -2.5974065e-01
   1.1000000e+01  -3.8762104e-01  -2.8808128e-01
   1.1100000e+01  -4.0451664e-01  -3.0167570e-01
   1.1200000e+01  -3.7752293e-01  -2.9015374e-01
   1.1300000e+01  -3.4320440e-01  -2.5974658e-01
   1.1400000e+01  -3.2838783e-01  -2.2394166e-01
   1.1500000e+01  -3.3793453e-01  -1.8999476e-01
   1.1600000e+01  -3.6590656e-01  -1.5341179e-01
   1.1700000e+01  -4.0563455e-01  -1.0631894e-01
   1.1800000e+01  -4.4426716e-01  -5.0596048e-02
   1.1900000e+01  -4.5644826e-01   4.4606201e-04
   1.2000000e+01  -4.1795296e-01   3.4974669e-02
   1.2100000e+01  -3.3235485e-01   5.4689864e-02
   1.2200000e+01  -2.3837108e-01   7.1844491e-02
   1.2300000e+01  -1.8069744e-01   9.7070501e-02
   1.2400000e+01  -1.7020037e-01   1.3420145e-01
   1.2500000e+01  -1.7672552e-01   1.8454893e-01
   1.2600000e+01  -1.6291564e-01   2.4755393e-01
   1.2700000e+01  -1.2017644e-01   3.1295259e-01
   1.2800000e+01  -6.7573431e-02   3.5931439e-01
   1.2900000e+01  -2.1918383e-02   3.7103304e-01
   1.3000000e+01   1.8807189e-02   3.5835774e-01
   1.3100000e+01   5.9768657e-02   3.5211505e-01
   1.3200000e+01   8.9676944e-02   3.7180797e-01
   1.3300000e+01   9.1376034e-02   4.0192620e-01
   1.3400000e+01   7.2227156e-02   4.0654394e-01
   1.3500000e+01   7.0191378e-02   3.6752027e-01
   1.3600000e+01   1.1750037e-01   3.0256809e-01
   1.3700000e+01   1.9929010e-01   2.4408805e-01
   1.3800000e+01   2.5805864e-01   2.0671653e-01
   1.3900000e+01   2.4584045e-01   1.8134055e-01
   1.4000000e+01   1.7157130e-01   1.5613174e-01
   1.4100000e+01   9.4754278e-02   1.3182948e-01
   1.4200000e+01   7.2599681e-02   1.1155376e-01
   1.4300000e+01   1.1284165e-01   8.4064195e-02
   1.4400000e+01   1.7353083e-01   2.9938729e-02
   1.4500000e+01   2.0330625e-01  -5.1872702e-02
   1.4600000e+01   1.8244935e-01  -1.3145140e-01
   1.4700000e+01   1.3223815e-01  -1.7177164e-01
   1.4800000e+01   9.1469397e-02  -1.6798270e-01
   1.4900000e+01   8.4207354e-02  -1.5820951e-01
   1.5000000e+01   1.0532325e-01  -1.8898962e-01
   1.5100000e+01   1.3231667e-01  -2.6721438e-01
   1.5200000e+01   1.4861438e-01  -3.4784769e-01
   1.5300000e+01   1.5535887e-01  -3.7302015e-01
   1.5400000e+01   1.6380404e-01  -3.2695883e-01
   1.5500000e+01   1.8170004e-01  -2.5395246e-01
   1.5600000e+01   2.0884562e-01  -2.2068645e-01
   1.5700000e+01   2.3965727e-01  -2.5692951e-01
   1.5800000e+01   2.6203337e-01  -3.2890523e-01
   1.5900000e+01   2.5545822e-01  -3.6853304e-01
   1.6000000e+01   2.0238260e-01  -3.3018310e-01
   1.6100000e+01   1.1032607e-01  -2.2460167e-01
   1.6200000e+01   1.8069563e-02  -1.0539379e-01
   1.6300000e+01  -3.1028351e-02  -2.6902912e-02
   1.6400000e+01  -2.5826991e-02  -1.0566043e-02
   1.6500000e+01   5.5098036e-03  -3.9646090e-02
   1.6600000e+01   2.4763911e-02  -7.6065128e-02
   1.6700000e+01   1.4335975e-02  -8.3733754e-02
   1.6800000e+01  -2.1088267e-02  -4.7972778e-02
   1.6900000e+01  -7.2012263e-02   1.6014065e-02
   1.7000000e+01  -1.3223487e-01   7.2801164e-02
   1.7100000e+01  -1.9252313e-01   9.3037847e-02
   1.7200000e+01  -2.3912404e-01   7.7753287e-02
   1.7300000e+01  -2.6554700e-01   5.7396690e-02
   1.7400000e+01  -2.8113170e-01   6.3493831e-02
   1.7500000e+01  -3.0129705e-01   9.8971061e-02
   1.7600000e+01  -3.2945931e-01   1.3603788e-01
   1.7700000e+01  -3.5203282e-01   1.4282629e-01
   1.7800000e+01  -3.5126115e-01   1.1201760e-01
   1.7900000e+01  -3.2084046e-01   6.5823318e-02
   1.8000000e+01  -2.6973711e-01   3.6722615e-02
   1.8100000e+01  -2.1333171e-01   4.3185405e-02
   1.8200000e+01  -1.6055943e-01   7.7870571e-02
   1.8300000e+01  -1.0741346e-01   1.1272428e-01
   1.8400000e+01  -4.3768577e-02   1.1677124e-01
   1.8500000e+01   3.0421697e-02   7.8667887e-02
   1.8600000e+01   9.7003987e-02   2.0428935e-02
   1.8700000e+01   1.3402597e-01  -1.3507480e-02
   1.8800000e+01   1.4136433e-01   7.3499958e-03
   1.8900000e+01   1.4663490e-01   6.5476481e-02
   1.9000000e+01   1.7872146e-01   1.0213868e-01
   1.9100000e+01   2.3642501e-01   7.1188070e-02
   1.9200000e+01   2.8948381e-01  -7.5820867e-03
   1.9300000e+01   3.1102834e-01  -5.6640480e-02
   1.9400000e+01   3.0211963e-01  -1.4892702e-02
   1.9500000e+01   2.8129778e-01   9.3545655e-02
   1.9600000e+01   2.5792928e-01   1.7328629e-01
   1.9700000e+01   2.2534369e-01   1.4793261e-01
   1.9800000e+01   1.7782977e-01   3.4921331e-02
   1.9900000e+01   1.2263734e-01  -7.3459618e-02
   2.0000000e+01   6.9939656e-02  -1.0014965e-01
   2.0100000e+01   1.8852147e-02  -4.8302353e-02
   2.0200000e+01  -3.7681278e-02   1.9152047e-02
   2.0300000e+01  -9.7456219e-02   4.9765765e-02
   2.0400000e+01  -1.4889983e-01   4.3114276e-02
   2.0500000e+01  -1.8800487e-01   3.2480289e-02
   2.0600000e+01  -2.2515481e-01   4.2826654e-02
   2.0700000e+01  -2.6768404e-01   7.1937315e-02
   2.0800000e+01  -3.0243349e-01   1.0207195e-01
   2.0900000e+01  -3.0780102e-01   1.1842530e-01
   2.1000000e+01  -2.8364844e-01   1.1608763e-01
   2.1100000e+01  -2.5709089e-01   9.6795008e-02
   2.1200000e+01  -2.5043309e-01   6.4574824e-02
   2.1300000e+01  -2.5023549e-01   2.5416271e-02
   2.1400000e+01  -2.2034889e-01  -1.0067796e-02
   2.1500000e+01  -1.4676746e-01  -2.7192978e-02
   2.1600000e+01  -5.9601282e-02  -1.6955567e-02
   2.1700000e+01  -4.4549003e-03   1.0489322e-02
   2.1800000e+01   2.7276841e-03   2.6561329e-02
   2.1900000e+01  -1.3949867e-02   8.1404631e-03
   2.2000000e+01  -2.0485352e-02  -3.5680365e-02
   2.2100000e+01  -3.5389366e-03  -6.6979250e-02
   2.2200000e+01   2.9540821e-02  -5.6041780e-02
   2.2300000e+01   6.9402864e-02  -1.3794763e-02
   2.2400000e+01   1.1344225e-01   1.8281183e-02
   2.2500000e+01   1.5942625e-01   1.1161160e-02
   2.2600000e+01   2.0132716e-01  -2.3370389e-02
   2.2700000e+01   2.3554817e-01  -4.8636530e-02
   2.2800000e+01   2.6534257e-01  -4.2494748e-02
   2.2900000e+01   2.9323380e-01  -1.7312776e-02
   2.3000000e+01   3.1110522e-01  -4.2250068e-03
   2.3100000e+01   3.0361928e-01  -2.3273427e-02
   2.3200000e+01   2.6337706e-01  -6.8399360e-02
   2.3300000e+01   2.0045456e-01  -1.1497852e-01
   2.3400000e+01   1.3558033e-01  -1.3809062e-01
   2.3500000e+01   8.4959555e-02  -1.2797764e-01
   2.3600000e+01   5.2254164e-02  -9.5886746e-02
   2.3700000e+01   3.3425013e-02  -6.7719240e-02
   2.3800000e+01   2.6286705e-02  -6.7154177e-02
   2.3900000e+01   3.2681744e-02  -9.8289556e-02
   2.4000000e+01   5.0187821e-02  -1.4239477e-01
   2.4100000e+01   6.4172888e-02  -1.7350995e-01
   2.4200000e+01   5.4797321e-02  -1.7921189e-01
   2.4300000e+01   1.7958897e-02  -1.6642804e-01
   2.4400000e+01  -2.2429867e-02  -1.4796562e-01
   2.4500000e+01  -3.1821183e-02  -1.2710186e-01
   2.4600000e+01  -8.9383234e-04  -9.9159841e-02
   2.4700000e+01   3.8700448e-02  -6.7078844e-02
   2.4800000e+01   4.0909470e-02  -4.8618811e-02
   2.4900000e+01  -1.0624214e-02  -6.1127950e-02
   2.5000000e+01  -8.6956238e-02  -9.7932826e-02
   2.5100000e+01  -1.4096226e-01  -1.2475390e-01
   2.5200000e+01  -1.4615884e-01  -1.0567132e-01
   2.5300000e+01  -1.1090308e-01  -3.5573804e-02
   2.5400000e+01  -6.4513028e-02   5.3303382e-02
   2.5500000e+01  -3.6392749e-02   1.1770160e-01
   2.5600000e+01  -4.2456260e-02   1.3688342e-01
   2.5700000e+01  -7.8619967e-02   1.2307947e-01
   2.5800000e+01  -1.2204904e-01   1.0452878e-01
   2.5900000e+01  -1.4490533e-01   1.0262776e-01
   2.6000000e+01  -1.3450060e-01   1.2330897e-01
   2.6100000e+01  -1.0155252e-01   1.6162741e-01
   2.6200000e+01  -6.8478334e-02   2.0657269e-01
   2.6300000e+01  -5.2450980e-02   2.4219859e-01
   2.6400000e+01  -6.0455750e-02   2.5286090e-01
   2.6500000e+01  -9.2634700e-02   2.3482126e-01
   2.6600000e+01  -1.4000818e-01   2.0194788e-01
   2.6700000e+01  -1.7993572e-01   1.7409631e-01
   2.6800000e+01  -1.8654106e-01   1.5685946e-01
   2.6900000e+01  -1.5424282e-01   1.3554107e-01
   2.7000000e+01  -1.0577155e-01   9.3173094e-02
   2.7100000e+01  -6.8320543e-02   3.4569737e-02
   2.7200000e+01  -4.4338711e-02  -1.1640313e-02
   2.7300000e+01  -1.5556187e-02  -1.9440702e-02
   2.7400000e+01   2.4396747e-02   5.0849714e-03
   2.7500000e+01   5.4807697e-02   2.4262761e-02
   2.7600000e+01   5.4081204e-02   4.2852679e-03
   2.7700000e+01   3.2521103e-02  -4.7842811e-02
   2.7800000e+01   2.4486503e-02  -8.6921731e-02
   2.7900000e+01   4.7259948e-02  -7.4958348e-02
   2.8000000e+01   8.0533897e-02  -2.4361526e-02
   2.8100000e+01   9.3333539e-02   9.9212914e-03
   2.8200000e+01   8.1862005e-02  -1.4054190e-02
   2.8300000e+01   6.9639346e-02  -7.9519915e-02
   2.8400000e+01   7.4438461e-02  -1.2541835e-01
   2.8500000e+01   8.8813756e-02  -1.0716640e-01
   2.8600000e+01   9.6571339e-02  -4.0278866e-02
   2.8700000e+01   9.6304451e-02   1.7008547e-02
   2.8800000e+01   9.7804390e-02   2.1561822e-02
   2.8900000e+01   9.9949819e-02  -1.5277833e-02
   2.9000000e+01   8.5370703e-02  -4.2478953e-02
   2.9100000e+01   4.2348927e-02  -2.0039207e-02
   2.9200000e+01  -1.3746495e-02   4.3327433e-02
   2.9300000e+01  -4.7364933e-02   9.8829746e-02
   2.9400000e+01  -3.2426447e-02   1.0279714e-01
   2.9500000e+01   2.3913585e-02   5.6120376e-02
   2.9600000e+01   8.3239818e-02   1.2203107e-03
   2.9700000e+01   1.0105505e-01  -2.0078354e-02
   2.9800000e+01   5.8353431e-02  -6.2411539e-03
   2.9900000e+01  -2.1096584e-02   5.6521318e-03
   3.0000000e+01  -8.3606347e-02  -2.0397607e-02
   3.0100000e+01  -8.5460564e-02  -8.2486249e-02
   3.0200000e+01  -2.9938091e-02  -1.4151037e-01
   3.0300000e+01   3.4848342e-02  -1.5487769e-01
   3.0400000e+01   6.0599821e-02  -1.1060727e-01
   3.0500000e+01   4.3587823e-02  -3.5682693e-02
   3.0600000e+01   2.2017193e-02   2.2999908e-02
   3.0700000e+01   2.8548928e-02   2.9648034e-02
   3.0800000e+01   5.2593794e-02  -1.7097352e-02
   3.0900000e+01   5.6788017e-02  -8.4287127e-02
   3.1000000e+01   2.6627966e-02  -1.3027443e-01
   3.1100000e+01  -9.6902937e-03  -1.3649828e-01
   3.1200000e+01  -1.7298929e-02  -1.1717090e-01
   3.1300000e+01  -4.2246021e-04  -9.8789163e-02
   3.1400000e+01   2.6432840e-03  -9.3052619e-02
   3.1500000e+01  -2.9615815e-02  -9.1984046e-02
   3.1600000e+01  -7.1885507e-02  -8.5293626e-02
   3.1700000e+01  -8.4245193e-02  -7.4290913e-02
   3.1800000e+01  -6.5944100e-02  -6.6213341e-02
   3.1900000e+01  -5.8830529e-02  -6.1093510e-02
   3.2000000e+01  -9.2252552e-02  -5.0434020e-02
   3.2100000e+01  -1.3873796e-01  -2.7306618e-02
   3.2200000e+01  -1.3962177e-01   6.8182080e-03
   3.2300000e+01  -7.3400911e-02   4.3890913e-02
   3.2400000e+01   1.3834465e-02   7.2480842e-02
   3.2500000e+01   5.1462708e-02   7.9956988e-02
   3.2600000e+01   1.1684794e-02   6.0113963e-02
   3.2700000e+01  -6.9920138e-02   2.3948094e-02
   3.2800000e+01  -1.3311659e-01  -2.6402713e-03
   3.2900000e+01  -1.4263637e-01  -1.4218013e-04
   3.3000000e+01  -1.0390948e-01   2.6065772e-02
   3.3100000e+01  -4.6618008e-02   5.4963257e-02
   3.3200000e+01  -2.9329258e-03   7.7404954e-02
   3.3300000e+01   6.9316901e-03   1.0563107e-01
   3.3400000e+01  -1.4749886e-02   1.5103152e-01
   3.3500000e+01  -4.0589004e-02   2.0083283e-01
   3.3600000e+01  -3.5204410e-02   2.2752007e-01
   3.3700000e+01   1.3906177e-02   2.1970031e-01
   3.3800000e+01   8.1490301e-02   1.9296356e-01
   3.3900000e+01   1.2574876e-01   1.6753495e-01
   3.4000000e+01   1.2644796e-01   1.4574279e-01
   3.4100000e+01   1.0046229e-01   1.2008613e-01
   3.4200000e+01   8.1180320e-02   9.6001265e-02
   3.4300000e+01   8.7559590e-02   9.0991442e-02
   3.4400000e+01   1.1368117e-01   1.0711140e-01
   3.4500000e+01   1.4096595e-01   1.1636172e-01
   3.4600000e+01   1.5399995e-01   8.5860808e-02
   3.4700000e+01   1.4818522e-01   1.6323111e-02
   3.4800000e+01   1.3139014e-01  -5.4449298e-02
   3.4900000e+01   1.2011881e-01  -9.0504037e-02
   3.5000000e+01   1.2570289e-01  -9.4397231e-02
   3.5100000e+01   1.3782091e-01  -9.9222311e-02
   3.5200000e+01   1.2756257e-01  -1.2703747e-01
   3.5300000e+01   7.8326701e-02  -1.6352936e-01
   3.5400000e+01   1.5240077e-02  -1.7762408e-01
   3.5500000e+01  -7.8504066e-03  -1.6101216e-01
   3.5600000e+01   3.8124157e-02  -1.3993921e-01
   3.5700000e+01   1.1900382e-01  -1.4496228e-01
   3.5800000e+01   1.6304020e-01  -1.7364032e-01
   3.5900000e+01   1.2971133e-01  -1.8980384e-01
   3.6000000e+01   4.7832113e-02  -1.6211524e-01
   3.6100000e+01  -1.8880449e-02  -1.0061609e-01
   3.6200000e+01  -3.8267440e-02  -5.1290947e-02
   3.6300000e+01  -3.3895258e-02  -5.2767072e-02
   3.6400000e+01  -4.6551324e-02  -9.8226783e-02
   3.6500000e+01  -8.5134107e-02  -1.3989642e-01
   3.6600000e+01  -1.2284298e-01  -1.3153907e-01
   3.6700000e+01  -1.3386517e-01  -6.8983662e-02
   3.6800000e+01  -1.2150089e-01   7.8247309e-03
   3.6900000e+01  -1.0931953e-01   5.1395985e-02
   3.7000000e+01  -1.1446816e-01   4.7126072e-02
   3.7100000e+01  -1.3538642e-01   2.0787952e-02
   3.7200000e+01  -1.6025709e-01   8.7422193e-03
   3.7300000e+01  -1.7994990e-01   2.2631948e-02
   3.7400000e+01  -1.9314415e-01   4.3775262e-02
   3.7500000e+01  -2.0416355e-01   4.9142786e-02
   3.7600000e+01  -2.1698644e-01   3.7119999e-02
   3.7700000e+01  -2.2813560e-01   2.5256398e-02
   3.7800000e+01  -2.2543896e-01   2.7507208e-02
   3.7900000e+01  -1.9893411e-01   4.0789858e-02
   3.8000000e+01  -1.5594506e-01   5.4111375e-02
   3.8100000e+01  -1.2123170e-01   6.3497753e-02
   3.8200000e+01  -1.1615071e-01   7.2728497e-02
   3.8300000e+01  -1.3676621e-01   8.3353063e-02
   3.8400000e+01  -1.5560063e-01   9.1331966e-02
   3.8500000e+01  -1.4596951e-01   9.4100215e-02
   3.8600000e+01  -1.0314682e-01   9.4921053e-02
   3.8700000e+01  -4.3117237e-02   9.7097634e-02
   3.8800000e+01   1.3839491e-02   9.7834933e-02
   3.8900000e+01   5.5278156e-02   9.2321448e-02
   3.9000000e+01   7.7330080e-02   8.2320135e-02
   3.9100000e+01   8.1743563e-02   7.6010822e-02
   3.9200000e+01   7.5468259e-02   7.8262992e-02
   3.9300000e+01   6.9651248e-02   8.4058873e-02
   3.9400000e+01   7.4195097e-02   8.3617956e-02
   3.9500000e+01   9.1353710e-02   7.3128338e-02
   3.9600000e+01   1.1469585e-01   5.8972418e-02
   3.9700000e+01   1.3460439e-01   5.0884271e-02
   3.9800000e+01   1.4587602e-01   5.0581522e-02
   3.9900000e+01   1.5179055e-01   4.7304287e-02
   4.0000000e+01   1.6077724e-01   2.6689483e-02
   4.0100000e+01   1.7649794e-01  -1.3540530e-02
   4.0200000e+01   1.8988253e-01  -5.7531892e-02
   4.0300000e+01   1.8419543e-01  -8.4081635e-02
   4.0400000e+01   1.5248564e-01  -8.6168361e-02
   4.0500000e+01   1.0979372e-01  -7.5270987e-02
   4.0600000e+01   8.3374648e-02  -6.6167350e-02
   4.0700000e+01   8.7986233e-02  -6.2272101e-02
   4.0800000e+01   1.1267339e-01  -5.9249154e-02
   4.0900000e+01   1.3376187e-01  -5.8184096e-02
   4.1000000e+01   1.3840142e-01  -6.6670134e-02
   4.1100000e+01   1.3210482e-01  -8.5178369e-02
   4.1200000e+01   1.2548088e-01  -9.8886353e-02
   4.1300000e+01   1.2037579e-01  -8.8839368e-02
   4.1400000e+01   1.1225896e-01  -5.0971197e-02
   4.1500000e+01   1.0148098e-01  -2.5225642e-03
   4.1600000e+01   9.4735289e-02   2.8713222e-02
   4.1700000e+01   9.3491508e-02   2.1256614e-02
   4.1800000e+01   8.6062830e-02  -2.6989684e-02
   4.1900000e+01   5.7355453e-02  -9.3582831e-02
   4.2000000e+01   8.1301041e-03  -1.3952479e-01
   4.2100000e+01  -3.8487292e-02  -1.3266036e-01
   4.2200000e+01  -5.3651468e-02  -7.2842579e-02
   4.2300000e+01  -2.8242670e-02   4.9045730e-03
   4.2400000e+01   1.7178118e-02   5.5900460e-02
   4.2500000e+01   4.7148044e-02   5.7517002e-02
   4.2600000e+01   3.7339377e-02   2.0073266e-02
   4.2700000e+01  -9.4355560e-03  -2.5247101e-02
   4.2800000e+01  -6.7864357e-02  -4.4690070e-02
   4.2900000e+01  -1.1008547e-01  -1.7757249e-02
   4.3000000e+01  -1.2584265e-01   4.7429044e-02
   4.3100000e+01  -1.2734920e-01   1.0880600e-01
   4.3200000e+01  -1.3394259e-01   1.1510763e-01
   4.3300000e+01  -1.5032693e-01   5.3749487e-02
   4.3400000e+01  -1.6223463e-01  -2.6515583e-02
   4.3500000e+01  -1.5668906e-01  -5.6348190e-02
   4.3600000e+01  -1.4278426e-01  -1.7268137e-02
   4.3700000e+01  -1.4324094e-01   3.6430027e-02
   4.3800000e+01  -1.6289123e-01   3.6977857e-02
   4.3900000e+01  -1.7533315e-01  -2.0667825e-02
   4.4000000e+01  -1.5143033e-01  -7.3849066e-02
   4.4100000e+01  -9.8518112e-02  -6.3813655e-02
   4.4200000e+01  -5.9500856e-02  -5.4148538e-04
   4.4300000e+01  -6.8157545e-02   5.0475974e-02
   4.4400000e+01  -1.1215070e-01   3.8726053e-02
   4.4500000e+01  -1.4610881e-01  -2.3309758e-02
   4.4600000e+01  -1.3684906e-01  -7.9753022e-02
   4.4700000e+01  -8.9872076e-02  -8.8541280e-02
   4.4800000e+01  -3.6228989e-02  -5.5945986e-02
   4.4900000e+01  -3.7295341e-03  -2.1925275e-02
   4.5000000e+01  -1.2372560e-03  -1.9768432e-02
   4.5100000e+01  -1.9343375e-02  -5.0435070e-02
   4.5200000e+01  -3.7974745e-02  -8.9692082e-02
   4.5300000e+01  -3.8223674e-02  -1.1293663e-01
   4.5400000e+01  -1.5774821e-02  -1.1042550e-01
   4.5500000e+01   1.6477938e-02  -8.3156355e-02
   4.5600000e+01   4.3272734e-02  -3.4123087e-02
   4.5700000e+01   6.2778715e-02   2.9409952e-02
   4.5800000e+01   8.1729964e-02   8.9319082e-02
   4.5900000e+01   9.6729435e-02   1.2404385e-01
   4.6000000e+01   9.1807152e-02   1.2865035e-01
   4.6100000e+01   6.1451719e-02   1.2211768e-01
   4.6200000e+01   2.8660880e-02   1.2699274e-01
   4.6300000e+01   2.7767486e-02   1.4290140e-01
   4.6400000e+01   6.6991612e-02   1.4768318e-01
   4.6500000e+01   1.1525964e-01   1.2726631e-01
   4.6600000e+01   1.3046193e-01   9.8484755e-02
   4.6700000e+01   9.8036519e-02   9.5893399e-02
   4.6800000e+01   4.0844115e-02   1.3554024e-01
   4.6900000e+01  -2.8196527e-03   1.9443679e-01
   4.7000000e+01  -6.7336665e-03   2.2700848e-01
   4.7100000e+01   3.0306497e-02   2.0283306e-01
   4.7200000e+01   8.6513580e-02   1.3163136e-01
   4.7300000e+01   1.2899993e-01   5.4334743e-02
   4.7400000e+01   1.3252540e-01   8.6225795e-03
   4.7500000e+01   9.5720199e-02  -3.4623241e-04
   4.7600000e+01   4.0346408e-02   2.2336594e-03
   4.7700000e+01  -7.2220882e-03  -1.0262964e-02
   4.7800000e+01  -3.3428465e-02  -4.2504442e-02
   4.7900000e+01  -3.8073235e-02  -8.2531360e-02
   4.8000000e+01  -2.5548772e-02  -1.2175286e-01
   4.8100000e+01  -3.3359161e-03  -1.5906067e-01
   4.8200000e+01   1.4215064e-02  -1.8670054e-01
   4.8300000e+01   1.3034014e-02  -1.8718858e-01
   4.8400000e+01  -3.5653443e-03  -1.5507146e-01
   4.8500000e+01  -1.2436637e-02  -1.1428007e-01
   4.8600000e+01   4.9974844e-03  -9.8954840e-02
   4.8700000e+01   3.8003570e-02  -1.1567444e-01
   4.8800000e+01   5.6355592e-02  -1.3705009e-01
   4.8900000e+01   4.7105857e-02  -1.3767362e-01
   4.9000000e+01   3.1682833e-02  -1.2391649e-01
   4.9100000e+01   3.8666555e-02  -1.1602033e-01
   4.9200000e+01   6.5907168e-02  -1.0879231e-01
   4.9300000e+01   8.1596594e-02  -7.0193458e-02
   4.9400000e+01   6.3460950e-02   1.4182249e-02
   4.9500000e+01   2.5384027e-02   1.0846985e-01
   4.9600000e+01  -1.4837743e-03   1.5267946e-01
   4.9700000e+01  -5.9590266e-03   1.2144481e-01
   4.9800000e+01  -4.3210243e-03   4.9456932e-02
   4.9900000e+01  -1.3408116e-02  -2.2406155e-03
   5.0000000e+01  -2.9578472e-02  -4.3748548e-04
   5.0100000e+01  -4.0012234e-02   3.8611406e-02
   5.0200000e+01  -4.4801121e-02   7.3184160e-02
   5.0300000e+01  -5.5657713e-02   7.6434625e-02
   5.0400000e+01  -7.4912712e-02   5.6506100e-02
   5.0500000e+01  -8.9110202e-02   4.2724666e-02
   5.0600000e+01  -8.9671311e-02   5.3526953e-02
   5.0700000e+01  -9.0643037e-02   7.6786412e-02
   5.0800000e+01  -1.1339190e-01   8.1783887e-02
   5.0900000e+01  -1.5388955e-01   5.1098309e-02
   5.1000000e+01  -1.7715815e-01  -3.5616254e-04
   5.1100000e+01  -1.5252514e-01  -3.8709091e-02
   5.1200000e+01  -9.0296694e-02  -4.2557190e-02
   5.1300000e+01  -3.5094418e-02  -2.1566120e-02
   5.1400000e+01  -2.2175821e-02  -7.4892077e-03
   5.1500000e+01  -4.6060920e-02  -2.8337036e-02
   5.1600000e+01  -7.2873562e-02  -8.5654065e-02
   5.1700000e+01  -7.5524874e-02  -1.4920366e-01
   5.1800000e+01  -5.1178078e-02  -1.7475357e-01
   5.1900000e+01  -1.1401544e-02  -1.3795099e-01
   5.2000000e+01   3.1448732e-02  -5.9604231e-02
   5.2100000e+01   6.5277811e-02   5.3517179e-03
   5.2200000e+01   7.7913886e-02   1.3553499e-02
   5.2300000e+01   6.8391248e-02  -2.7379238e-02
   5.2400000e+01   5.7344360e-02  -6.7641897e-02
   5.2500000e+01   7.4230375e-02  -6.5908705e-02
   5.2600000e+01   1.2619187e-01  -2.9214496e-02
   5.2700000e+01   1.8263891e-01  -4.5988385e-04
   5.2800000e+01   1.9832266e-01  -9.7791136e-03
   5.2900000e+01   1.5533368e-01  -4.4238573e-02
   5.3000000e+01   8.1805725e-02  -6.6253238e-02
   5.3100000e+01   2.8929151e-02  -5.5317853e-02
   5.3200000e+01   2.9595276e-02  -2.5049534e-02
   5.3300000e+01   7.5977008e-02  -6.2164637e-04
   5.3400000e+01   1.3022911e-01   1.2170863e-02
   5.3500000e+01   1.5278265e-01   2.9603766e-02
   5.3600000e+01   1.2550828e-01   6.5300717e-02
   5.3700000e+01   5.9592344e-02   1.1103460e-01
   5.3800000e+01  -1.1045532e-02   1.4542615e-01
   5.3900000e+01  -4.8608122e-02   1.5697510e-01
   5.4000000e+01  -3.7173931e-02   1.5267358e-01
   5.4100000e+01   1.0847378e-03   1.4472855e-01
   5.4200000e+01   1.8725921e-02   1.3501372e-01
   5.4300000e+01  -1.7080396e-02   1.1638507e-01
   5.4400000e+01  -9.0914810e-02   8.7047567e-02
   5.4500000e+01  -1.4800275e-01   5.9385675e-02
   5.4600000e+01  -1.4310838e-01   5.2782687e-02
   5.4700000e+01  -8.3649845e-02   7.7298553e-02
   5.4800000e+01  -2.3456120e-02   1.2302662e-01
   5.4900000e+01  -1.2906849e-02   1.6452070e-01
   5.5000000e+01  -5.5236239e-02   1.7768349e-01
   5.5100000e+01  -1.1025639e-01   1.5628829e-01
   5.5200000e+01  -1.3667897e-01   1.1464847e-01
   5.5300000e+01  -1.2730594e-01   7.4491432e-02
   5.5400000e+01  -1.0453647e-01   4.8198090e-02
   5.5500000e+01  -8.8482859e-02   3.2390624e-02
   5.5600000e+01  -7.6511017e-02   1.4153405e-02
   5.5700000e+01  -5.4683785e-02  -1.8241611e-02
   5.5800000e+01  -2.2485893e-02  -6.7399171e-02
   5.5900000e+01   1.6404430e-03  -1.2394515e-01
   5.6000000e+01   3.6919547e-04  -1.7040117e-01
   5.6100000e+01  -2.2659000e-02  -1.9218397e-01
   5.6200000e+01  -4.7252735e-02  -1.8857781e-01
   5.6300000e+01  -5.7753765e-02  -1.7251331e-01
   5.6400000e+01  -5.4214436e-02  -1.5849547e-01
   5.6500000e+01  -4.4254833e-02  -1.5204701e-01
   5.6600000e+01  -3.2600600e-02  -1.5099482e-01
   5.6700000e+01  -2.3177570e-02  -1.5233176e-01
   5.6800000e+01  -2.4197071e-02  -1.5343604e-01
   5.6900000e+01  -4.0085042e-02  -1.4983929e-01
   5.7000000e+01  -5.7657720e-02  -1.3921926e-01
   5.7100000e+01  -5.0772147e-02  -1.2800441e-01
   5.7200000e+01  -6.5865162e-03  -1.2581258e-01
   5.7300000e+01   5.6706112e-02  -1.2864457e-01
   5.7400000e+01   1.0608937e-01  -1.1481293e-01
   5.7500000e+01   1.2661404e-01  -6.7919996e-02
   5.7600000e+01   1.3018190e-01  -3.2484708e-03
   5.7700000e+01   1.3098953e-01   3.9573667e-02
   5.7800000e+01   1.2448259e-01   3.6930256e-02
   5.7900000e+01   1.0191844e-01   9.4605414e-03
   5.8000000e+01   7.9598937e-02   2.4459092e-03
   5.8100000e+01   9.3937200e-02   3.8266211e-02
   5.8200000e+01   1.5603120e-01   9.4099705e-02
   5.8300000e+01   2.2102458e-01   1.2819619e-01
   5.8400000e+01   2.2213466e-01   1.2302928e-01
   5.8500000e+01   1.4268002e-01   9.8421426e-02
   5.8600000e+01   4.4454205e-02   8.4929708e-02
   5.8700000e+01   1.2093186e-02   9.0332005e-02
   5.8800000e+01   6.8195768e-02   9.4722394e-02
   5.8900000e+01   1.5039773e-01   7.6150112e-02
   5.9000000e+01   1.7439539e-01   3.7484230e-02
   5.9100000e+01   1.1401508e-01   5.9422237e-03
   5.9200000e+01   1.6705316e-02   5.7763881e-03
   5.9300000e+01  -5.1367478e-02   3.2779243e-02
   5.9400000e+01  -6.4428119e-02   5.8242693e-02
   5.9500000e+01  -4.3772648e-02   5.8953421e-02
   5.9600000e+01  -2.2320571e-02   4.0522567e-02
   5.9700000e+01  -1.6741171e-02   2.7991982e-02
   5.9800000e+01  -3.0606040e-02   3.5376851e-02
   5.9900000e+01  -6.6633198e-02   5.0510111e-02
   6.0000000e+01  -1.2261953e-01   5.2069569e-02
   6.0100000e+01  -1.8010105e-01   3.5874119e-02
   6.0200000e+01  -2.1144484e-01   1.8055405e-02
   6.0300000e+01  -2.0441992e-01   1.4351355e-02
   6.0400000e+01  -1.7356785e-01   2.4156608e-02
   6.0500000e+01  -1.4157557e-01   3.7281516e-02
   6.0600000e+01  -1.1465663e-01   4.9159727e-02
   6.0700000e+01  -8.4860185e-02   6.2239549e-02
   6.0800000e+01  -5.3579643e-02   7.5168340e-02
   6.0900000e+01  -3.8429319e-02   7.9486196e-02
   6.1000000e+01  -4.8666572e-02   7.0320115e-02
   6.1100000e+01  -6.2950732e-02   5.5038481e-02
   6.1200000e+01  -4.7090998e-02   4.5976260e-02
   6.1300000e+01   2.9469897e-03   4.6128200e-02
   6.1400000e+01   4.7156933e-02   4.6561304e-02
   6.1500000e+01   4.0513358e-02   3.7998549e-02
   6.1600000e+01  -1.7165147e-02   2.0602980e-02
   6.1700000e+01  -7.9019775e-02   3.2325386e-04
   6.1800000e+01  -9.9136894e-02  -2.0770306e-02
   6.1900000e+01  -7.4460718e-02  -4.5611673e-02
   6.2000000e+01  -3.5325469e-02  -7.3330661e-02
   6.2100000e+01  -3.4269687e-03  -9.3800606e-02
   6.2200000e+01   2.8025338e-02  -9.5632060e-02
   6.2300000e+01   7.1117983e-02  -8.0481859e-02
   6.2400000e+01   1.1257105e-01  -6.6365299e-02
   6.2500000e+01   1.1869901e-01  -7.2659269e-02
   6.2600000e+01   7.2081322e-02  -9.9982855e-02
   6.2700000e+01  -3.8653870e-03  -1.2660722e-01
   6.2800000e+01  -6.1391794e-02  -1.2816924e-01
   6.2900000e+01  -6.7977175e-02  -1.0283945e-01
   6.3000000e+01  -2.9098823e-02  -7.5821791e-02
   6.3100000e+01   2.2717124e-02  -7.5983506e-02
   6.3200000e+01   5.5701113e-02  -1.0579963e-01
   6.3300000e+01   5.8480703e-02  -1.3465935e-01
   6.3400000e+01   4.1658420e-02  -1.2464444e-01
   6.3500000e+01   2.5698779e-02  -6.6424269e-02
   6.3600000e+01   2.4018162e-02   8.7084629e-03
   6.3700000e+01   3.2291452e-02   5.3795984e-02
   6.3800000e+01   3.4029300e-02   4.6136334e-02
   6.3900000e+01   1.9603597e-02   4.6407299e-03
   6.4000000e+01  -1.0869829e-03  -3.1259637e-02
   6.4100000e+01  -8.8971853e-03  -3.8328526e-02
   6.4200000e+01   2.0036255e-03  -2.4202496e-02
   6.4300000e+01   1.7924255e-02  -8.7167303e-03
   6.4400000e+01   2.4582367e-02   1.7914655e-03
   6.4500000e+01   2.5094722e-02   1.6415604e-02
   6.4600000e+01   3.0684956e-02   3.9927894e-02
   6.4700000e+01   3.6872649e-02   6.0763842e-02
   6.4800000e+01   2.2143017e-02   6.3331599e-02
   6.4900000e+01  -2.3231718e-02   4.7363755e-02
   6.5000000e+01  -7.5929592e-02   2.8294333e-02
   6.5100000e+01  -9.8958516e-02   1.9152409e-02
   6.5200000e+01  -8.1154478e-02   1.8336678e-02
   6.5300000e+01  -4.6507002e-02   1.7298726e-02
   6.5400000e+01  -2.1108882e-02   1.4715415e-02
   6.5500000e+01  -1.6561333e-03   1.7445684e-02
   6.5600000e+01   3.3257888e-02   2.8936371e-02
   6.5700000e+01   8.6094624e-02   4.2098685e-02
   6.5800000e+01   1.2910943e-01   4.5421446e-02
   6.5900000e+01   1.3506759e-01   3.3470364e-02
   6.6000000e+01   1.0997125e-01   1.0066800e-02
   6.6100000e+01   8.5768216e-02  -1.6271283e-02
   6.6200000e+01   8.3146634e-02  -3.7638363e-02
   6.6300000e+01   9.0880394e-02  -4.8882778e-02
   6.6400000e+01   8.4588602e-02  -4.7176408e-02
   6.6500000e+01   5.9133036e-02  -3.0356999e-02
   6.6600000e+01   3.6254103e-02   3.4071671e-03
   6.6700000e+01   4.1678094e-02   5.0926644e-02
   6.6800000e+01   7.9254319e-02   9.6656857e-02
   6.6900000e+01   1.2763974e-01   1.1462547e-01
   6.7000000e+01   1.5828126e-01   8.7265383e-02
   6.7100000e+01   1.5499388e-01   2.7317596e-02
   6.7200000e+01   1.1985828e-01  -2.3934493e-02
   6.7300000e+01   6.6045613e-02  -2.8956347e-02
   6.7400000e+01   8.2073254e-03   1.1990821e-02
   6.7500000e+01  -4.1630356e-02   6.1066010e-02
   6.7600000e+01  -7.4399620e-02   7.8554488e-02
   6.7700000e+01  -8.6796698e-02   5.7548049e-02
   6.7800000e+01  -8.6050407e-02   2.4382750e-02
   6.7900000e+01  -8.7764821e-02   9.7292671e-03
   6.8000000e+01  -1.0313248e-01   2.2471116e-02
   6.8100000e+01  -1.2739691e-01   4.8288218e-02
   6.8200000e+01  -1.4461733e-01   6.6792997e-02
   6.8300000e+01  -1.4488332e-01   6.8018918e-02
   6.8400000e+01  -1.3310240e-01   5.7108087e-02
   6.8500000e+01  -1.1966312e-01   4.8039521e-02
   6.8600000e+01  -1.0876353e-01   5.2174610e-02
   6.8700000e+01  -1.0175301e-01   6.8880277e-02
   6.8800000e+01  -1.0665082e-01   8.5758138e-02
   6.8900000e+01  -1.3217689e-01   8.9708754e-02
   6.9000000e+01  -1.6892905e-01   7.8502685e-02
   6.9100000e+01  -1.8665762e-01   5.9817108e-02
   6.9200000e+01  -1.6082540e-01   3.8772058e-02
   6.9300000e+01  -1.0082669e-01   1.0630793e-02
   6.9400000e+01  -4.4467989e-02  -2.9760660e-02
   6.9500000e+01  -2.2742775e-02  -7.3043838e-02
   6.9600000e+01  -3.3621633e-02  -9.7168323e-02
   6.9700000e+01  -4.9720515e-02  -8.9269682e-02
   6.9800000e+01  -4.5471402e-02  -6.3304306e-02
   6.9900000e+01  -1.5261269e-02  -4.9395125e-02
   7.0000000e+01   2.7594772e-02  -6.2670358e-02
   7.0100000e+01   6.2992355e-02  -8.5633047e-02
   7.0200000e+01   7.8115948e-02  -8.5911716e-02
   7.0300000e+01   7.6408436e-02  -5.2776913e-02
   7.0400000e+01   7.3013221e-02  -1.3710861e-02
   7.0500000e+01   7.7009561e-02  -1.0786223e-02
   7.0600000e+01   7.9054142e-02  -5.7072588e-02
   7.0700000e+01   6.3163158e-02  -1.1611089e-01
   7.0800000e+01   3.2057401e-02  -1.2971581e-01
   7.0900000e+01   1.2357021e-02  -7.3983440e-02
   7.1000000e+01   2.6768633e-02   9.4103555e-03
   7.1100000e+01   6.4365867e-02   4.3861064e-02
   7.1200000e+01   8.7859374e-02  -1.0787221e-02
   7.1300000e+01   7.2879663e-02  -1.1434099e-01
   7.1400000e+01   3.3627492e-02  -1.7861076e-01
   7.1500000e+01   5.2029655e-03  -1.4906132e-01
   7.1600000e+01   5.2839866e-03  -5.4609863e-02
   7.1700000e+01   2.0025571e-02   2.4782928e-02
   7.1800000e+01   2.6062408e-02   3.6694743e-02
   7.1900000e+01   1.7805501e-02  -1.7132508e-03
   7.2000000e+01   9.0379488e-03  -3.6226424e-02
   7.2100000e+01   1.3256896e-02  -3.7894574e-02
   7.2200000e+01   2.9436608e-02  -2.4047831e-02
   7.2300000e+01   4.5900886e-02  -2.2358870e-02
   7.2400000e+01   5.1372023e-02  -2.9660133e-02
   7.2500000e+01   4.0480021e-02  -1.7722096e-02
   7.2600000e+01   1.4946757e-02   2.4012637e-02
   7.2700000e+01  -1.4737104e-02   6.5658866e-02
   7.2800000e+01  -3.1662792e-02   6.5901200e-02
   7.2900000e+01  -2.4080291e-02   1.9388298e-02
   7.3000000e+01   2.9174822e-03  -3.5314960e-02
   7.3100000e+01   3.1254003e-02  -5.7805957e-02
   7.3200000e+01   4.7917347e-02  -4.7605198e-02
   7.3300000e+01   5.5912702e-02  -3.6341544e-02
   7.3400000e+01   6.4001676e-02  -4.2796546e-02
   7.3500000e+01   6.9036146e-02  -4.8087075e-02
   7.3600000e+01   5.5937869e-02  -2.0902513e-02
   7.3700000e+01   1.8118007e-02   4.0257352e-02
   7.3800000e+01  -2.6479348e-02   9.9934405e-02
   7.3900000e+01  -4.5807076e-02   1.2062368e-01
   7.4000000e+01  -2.2756259e-02   9.7617830e-02
   7.4100000e+01   2.6502673e-02   5.7064040e-02
   7.4200000e+01   6.3825292e-02   2.5964959e-02
   7.4300000e+01   6.0113868e-02   9.7018633e-03
   7.4400000e+01   1.8676925e-02  -4.0569030e-03
   7.4500000e+01  -2.8070953e-02  -2.6626431e-02
   7.4600000e+01  -4.4057333e-02  -5.5228899e-02
   7.4700000e+01  -1.5532864e-02  -7.3965590e-02
   7.4800000e+01   4.1531133e-02  -6.5154823e-02
   7.4900000e+01   9.4446100e-02  -2.3414469e-02
   7.5000000e+01   1.1407204e-01   3.6643756e-02
   7.5100000e+01   8.8880607e-02   8.7109838e-02
   7.5200000e+01   2.8967709e-02   1.0580951e-01
   7.5300000e+01  -3.7983318e-02   9.2189173e-02
   7.5400000e+01  -7.8569730e-02   6.4742021e-02
   7.5500000e+01  -7.2644044e-02   4.2670864e-02
   7.5600000e+01  -2.9680718e-02   3.0887375e-02
   7.5700000e+01   1.3683769e-02   2.2431122e-02
   7.5800000e+01   1.9996227e-02   1.2218162e-02
   7.5900000e+01  -1.7662939e-02   5.0988515e-03
   7.6000000e+01  -6.9034688e-02   1.0692538e-02
   7.6100000e+01  -9.4507262e-02   3.3232729e-02
   7.6200000e+01  -8.2441061e-02   6.7904922e-02
   7.6300000e+01  -5.8599032e-02   1.0526336e-01
   7.6400000e+01  -5.7416293e-02   1.3653531e-01
   7.6500000e+01  -8.5298415e-02   1.5442714e-01
   7.6600000e+01  -1.1531663e-01   1.5187099e-01
   7.6700000e+01  -1.1809553e-01   1.2457778e-01
   7.6800000e+01  -9.3106204e-02   7.7903229e-02
   7.6900000e+01  -6.5103496e-02   3.0167741e-02
   7.7000000e+01  -5.2218275e-02   4.0094334e-03
   7.7100000e+01  -4.5470678e-02   8.9898299e-03
   7.7200000e+01  -2.3884018e-02   3.1781600e-02
   7.7300000e+01   1.5296532e-02   4.7012850e-02
   7.7400000e+01   4.9617271e-02   4.0415057e-02
   7.7500000e+01   5.5671987e-02   1.9902576e-02
   7.7600000e+01   3.4135233e-02   2.4316173e-03
   7.7700000e+01   6.9903182e-03  -6.6484944e-03
   7.7800000e+01  -5.2370185e-03  -1.6230953e-02
   7.7900000e+01   2.8920504e-03  -3.2936454e-02
   7.8000000e+01   2.7517583e-02  -4.9774596e-02
   7.8100000e+01   6.3154604e-02  -5.5708747e-02
   7.8200000e+01   9.8317924e-02  -5.1486633e-02
   7.8300000e+01   1.1152949e-01  -4.8615651e-02
   7.8400000e+01   8.5591157e-02  -5.3629970e-02
   7.8500000e+01   3.0006199e-02  -6.1148026e-02
   7.8600000e+01  -1.9426325e-02  -6.5168390e-02
   7.8700000e+01  -3.2218864e-02  -7.0230288e-02
   7.8800000e+01  -1.2974538e-02  -8.4577986e-02
   7.8900000e+01   6.8310623e-03  -1.0536671e-01
   7.9000000e+01   6.2546980e-03  -1.1878215e-01
   7.9100000e+01  -3.9241818e-03  -1.1608825e-01
   7.9200000e+01  -7.1798930e-04  -1.0284655e-01
   7.9300000e+01   1.8437386e-02  -8.8530164e-02
   7.9400000e+01   3.2469546e-02  -7.2620433e-02
   7.9500000e+01   2.4699568e-02  -4.8088401e-02
   7.9600000e+01   3.3318151e-03  -1.6868529e-02
   7.9700000e+01  -1.1281615e-02   6.3065151e-03
   7.9800000e+01  -1.2249403e-02   8.2864669e-03
   7.9900000e+01  -9.6081318e-03  -1.0022455e-02
   8.0000000e+01  -1.1183337e-02  -3.8372104e-02
