   1.0221618e+02   2.8602761e+01   2.5212700e+03
   1.0224478e+02   2.8405147e+01   2.1305100e+03
   0.0000000e+00   5.1634060e-01   5.1634060e-01
   1.0000000e-01   6.0576091e-01   4.2510465e-01
   2.0000000e-01   6.9650419e-01   3.2344394e-01
   3.0000000e-01   7.8628525e-01   2.0471062e-01
   4.0000000e-01   8.6936068e-01   7.5005579e-02
   5.0000000e-01   9.3731626e-01  -4.6008263e-02
   6.0000000e-01   9.8180972e-01  -1.3970924e-01
   7.0000000e-01   1.0000000e+00  -2.0541795e-01
   8.0000000e-01   9.9686611e-01  -2.6121789e-01
   9.0000000e-01   9.8058057e-01  -3.2710194e-01
   1.0000000e+00   9.5596119e-01  -4.0794279e-01
   1.1000000e+00   9.2289973e-01  -4.9259151e-01
   1.2000000e+00   8.7854911e-01  -5.6704188e-01
   1.3000000e+00   8.1746216e-01  -6.2647956e-01
   1.4000000e+00   7.3052657e-01  -6.7582856e-01
   1.5000000e+00   6.0951968e-01  -7.2191500e-01
   1.6000000e+00   4.5694237e-01  -7.6692163e-01
   1.7000000e+00   2.8982541e-01  -8.0819946e-01
   1.8000000e+00   1.3018917e-01  -8.4151529e-01
   1.9000000e+00  -8.6882448e-03  -8.6234295e-01
   2.0000000e+00  -1.2547319e-01  -8.6457727e-01
   2.1000000e+00  -2.2344783e-01  -8.4167314e-01
   2.2000000e+00  -3.0638495e-01  -7.9332612e-01
   2.3000000e+00  -3.8297027e-01  -7.3153946e-01
   2.4000000e+00  -4.6734653e-01  -6.7534002e-01
   2.5000000e+00  -5.6574210e-01  -6.3389805e-01
   2.6000000e+00  -6.6203295e-01  -5.9435257e-01
   2.7000000e+00  -7.2469641e-01  -5.3078750e-01
   2.8000000e+00  -7.3447325e-01  -4.2859796e-01
   2.9000000e+00  -7.0351829e-01  -2.9872633e-01
   3.0000000e+00  -6.6280385e-01  -1.6593979e-01
   3.1000000e+00  -6.3134165e-01  -4.5539988e-02
   3.2000000e+00  -6.0254753e-01   6.4026617e-02
   3.3000000e+00  -5.6162466e-01   1.6678046e-01
   3.4000000e+00  -5.1018095e-01   2.5556114e-01
   3.5000000e+00  -4.6730572e-01   3.1937971e-01
   3.6000000e+00  -4.4688540e-01   3.6224653e-01
   3.7000000e+00  -4.3969829e-01   4.0651294e-01
   3.8000000e+00  -4.2175935e-01   4.7223285e-01
   3.9000000e+00  -3.7892786e-01   5.5488259e-01
   4.0000000e+00  -3.2030810e-01   6.2770876e-01
   4.1000000e+00  -2.6730931e-01   6.6716513e-01
   4.2000000e+00  -2.3181866e-01   6.7416743e-01
   4.3000000e+00  -2.0625687e-01   6.6965278e-01
   4.4000000e+00  -1.7371103e-01   6.7150688e-01
   4.5000000e+00  -1.2611882e-01   6.7829771e-01
   4.6000000e+00  -7.2503648e-02   6.7499707e-01
   4.7000000e+00  -3.0439390e-02   6.5102249e-01
   4.8000000e+00  -9.8136232e-03   6.0940203e-01
   4.9000000e+00  -4.3584094e-03   5.5872409e-01
   5.0000000e+00   1.4567581e-03   5.0054089e-01
   5.1000000e+00   1.7427586e-02   4.2933674e-01
   5.2000000e+00   3.9794150e-02   3.4501634e-01
   5.3000000e+00   5.8412907e-02   2.6041871e-01
   5.4000000e+00   7.0340587e-02   1.9144462e-01
   5.5000000e+00   8.3752147e-02   1.3999150e-01
   5.6000000e+00   1.0743429e-01   9.1040355e-02
   5.7000000e+00   1.3903778e-01   2.8808876e-02
   5.8000000e+00   1.6749099e-01  -4.6958098e-02
   5.9000000e+00   1.8708333e-01  -1.2309576e-01
   6.0000000e+00   2.0475011e-01  -1.8776389e-01
   6.1000000e+00   2.2993557e-01  -2.3746741e-01
   6.2000000e+00   2.5979164e-01  -2.7106076e-01
   6.3000000e+00   2.8077706e-01  -2.8670009e-01
   6.4000000e+00   2.8764796e-01  -2.9160377e-01
   6.5000000e+00   2.9647678e-01  -3.0873596e-01
   6.6000000e+00   3.3219202e-01  -3.6025835e-01
   6.7000000e+00   4.0124992e-01  -4.3827322e-01
   6.8000000e+00   4.8000396e-01  -4.9894043e-01
   6.9000000e+00   5.3338345e-01  -4.9589822e-01
   7.0000000e+00   5.4467010e-01  -4.2245628e-01
   7.1000000e+00   5.2554892e-01  -3.1795819e-01
   7.2000000e+00   4.9900612e-01  -2.3215654e-01
   7.3000000e+00   4.7688340e-01  -1.8598536e-01
   7.4000000e+00   4.5516270e-01  -1.6552330e-01
   7.5000000e+00   4.2580780e-01  -1.4578723e-01
   7.6000000e+00   3.8651228e-01  -1.1361979e-01
   7.7000000e+00   3.3833888e-01  -7.0874411e-02
   7.8000000e+00   2.7983805e-01  -2.5656227e-02
   7.9000000e+00   2.0845793e-01   1.3582200e-02
   8.0000000e+00   1.2589844e-01   3.8906584e-02
   8.1000000e+00   3.7206006e-02   4.5224105e-02
   8.2000000e+00  -5.5330411e-02   3.5163029e-02
   8.3000000e+00  -1.5174339e-01   2.0274284e-02
   8.4000000e+00  -2.4500929e-01   1.4671090e-02
   8.5000000e+00  -3.1758592e-01   2.5299957e-02
   8.6000000e+00  -3.5535204e-01   4.6855937e-02
   8.7000000e+00  -3.6576585e-01   6.5874999e-02
   8.8000000e+00  -3.7526267e-01   7.1237135e-02
   8.9000000e+00  -4.0361239e-01   6.2205342e-02
   9.0000000e+00  -4.4344937e-01   4.5886295e-02
   9.1000000e+00  -4.6927121e-01   2.6150301e-02
   9.2000000e+00  -4.6434795e-01  -2.8153334e-03
   9.3000000e+00  -4.3338199e-01  -4.8019294e-02
   9.4000000e+00  -3.9035684e-01  -1.0224153e-01
   9.5000000e+00  -3.4331215e-01  -1.4229526e-01
   9.6000000e+00  -2.9610721e-01  -1.4857881e-01
   9.7000000e+00  -2.5764604e-01  -1.2631641e-01
   9.8000000e+00  -2.3749504e-01  -1.0205942e-01
   9.9000000e+00  -2.3024815e-01  -9.5940773e-02
   1.0000000e+01  -2.1287506e-01  -1.0046015e-01
   1.0100000e+01  -1.6515281e-01  -9.1227030e-02
   1.0200000e+01  -9.1975211e-02  -5.7804433e-02
   1.0300000e+01  -2.1682546e-02  -1.8550347e-02
   1.0400000e+01   1.7702411e-02  -2.2076770e-03
   1.0500000e+01   1.9523941e-02  -1.7576396e-02
   1.0600000e+01  -4.8971963e-04  -4.4303193e-02
   1.0700000e+01  -1.8827793e-02  -5.1622622e-02
   1.0800000e+01  -2.0561624e-02  -2.2694157e-02
   1.0900000e+01  -7.7772081e-03   3.7201271e-02
   1.1000000e+01   4.5160780e-03   1.0839249e-01
   1.1100000e+01   3.8308885e-03   1.6784205e-01
   1.1200000e+01  -5.2027677e-03   1.9754039e-01
   1.1300000e+01  -3.9045575e-03   1.9208446e-01
   1.1400000e+01   1.9438240e-02   1.6311374e-01
   1.1500000e+01   5.3953914e-02   1.3341515e-01
   1.1600000e+01   7.6964261e-02   1.2157918e-01
   1.1700000e+01   8.0302434e-02   1.3039387e-01
   1.1800000e+01   7.9760434e-02   1.4970679e-01
   1.1900000e+01   9.5079262e-02   1.6816974e-01
   1.2000000e+01   1.2514638e-01   1.7970872e-01
   1.2100000e+01   1.4886449e-01   1.8086504e-01
   1.2200000e+01   1.4949015e-01   1.6850024e-01
   1.2300000e+01   1.3253230e-01   1.4430658e-01
   1.2400000e+01   1.1824607e-01   1.1875886e-01
   1.2500000e+01   1.2096700e-01   1.0469997e-01
   1.2600000e+01   1.3890460e-01   1.0502502e-01
   1.2700000e+01   1.6100234e-01   1.0964343e-01
   1.2800000e+01   1.7842472e-01   1.0709934e-01
   1.2900000e+01   1.8825601e-01   9.7471955e-02
   1.3000000e+01   1.8951044e-01   9.0631892e-02
   1.3100000e+01   1.7949913e-01   9.1970474e-02
   1.3200000e+01   1.5622034e-01   9.3504681e-02
   1.3300000e+01   1.2477202e-01   8.1668861e-02
   1.3400000e+01   9.9441836e-02   5.2629572e-02
   1.3500000e+01   9.4420920e-02   1.7129794e-02
   1.3600000e+01   1.0784742e-01  -1.0239632e-02
   1.3700000e+01   1.1641455e-01  -2.4562751e-02
   1.3800000e+01   9.2896234e-02  -3.2510904e-02
   1.3900000e+01   3.4400052e-02  -4.2821109e-02
   1.4000000e+01  -2.8827911e-02  -5.7463778e-02
   1.4100000e+01  -5.8805739e-02  -7.2101887e-02
   1.4200000e+01  -4.6798343e-02  -8.2778600e-02
   1.4300000e+01  -2.2999807e-02  -9.0840142e-02
   1.4400000e+01  -2.7413280e-02  -1.0274928e-01
   1.4500000e+01  -7.1938351e-02  -1.2636029e-01
   1.4600000e+01  -1.3186465e-01  -1.6507240e-01
   1.4700000e+01  -1.7197005e-01  -2.1131604e-01
   1.4800000e+01  -1.7756115e-01  -2.4499062e-01
   1.4900000e+01  -1.6121056e-01  -2.4366983e-01
   1.5000000e+01  -1.4510574e-01  -2.0168583e-01
   1.5100000e+01  -1.4119825e-01  -1.4173762e-01
   1.5200000e+01  -1.4648840e-01  -1.0322701e-01
   1.5300000e+01  -1.5160068e-01  -1.1159711e-01
   1.5400000e+01  -1.5040650e-01  -1.5432191e-01
   1.5500000e+01  -1.4305957e-01  -1.8778516e-01
   1.5600000e+01  -1.3348868e-01  -1.7269728e-01
   1.5700000e+01  -1.2534008e-01  -1.0822064e-01
   1.5800000e+01  -1.1878492e-01  -3.3882448e-02
   1.5900000e+01  -1.0969553e-01   3.4799640e-03
   1.6000000e+01  -9.2519372e-02  -1.1502124e-02
   1.6100000e+01  -6.5633897e-02  -5.2835098e-02
   1.6200000e+01  -3.4340607e-02  -7.9389932e-02
   1.6300000e+01  -7.4817361e-03  -7.0470186e-02
   1.6400000e+01   9.9847454e-03  -3.7310483e-02
   1.6500000e+01   2.1343575e-02  -4.2613531e-03
   1.6600000e+01   3.5519336e-02   1.5606036e-02
   1.6700000e+01   6.0837393e-02   2.4993782e-02
   1.6800000e+01   1.0027193e-01   2.9247385e-02
   1.6900000e+01   1.4876613e-01   2.8231231e-02
   1.7000000e+01   1.9150186e-01   2.3671611e-02
   1.7100000e+01   2.0698669e-01   2.6412522e-02
   1.7200000e+01   1.8030670e-01   4.6217474e-02
   1.7300000e+01   1.2080096e-01   7.3846819e-02
   1.7400000e+01   6.5676325e-02   8.2957560e-02
   1.7500000e+01   5.7696440e-02   5.8112905e-02
   1.7600000e+01   1.1113503e-01   1.8378534e-02
   1.7700000e+01   1.9724658e-01   3.9453099e-03
   1.7800000e+01   2.6498601e-01   3.5080672e-02
   1.7900000e+01   2.7869357e-01   8.8695765e-02
   1.8000000e+01   2.3943310e-01   1.2088847e-01
   1.8100000e+01   1.7586350e-01   1.1180620e-01
   1.8200000e+01   1.1952390e-01   8.4130524e-02
   1.8300000e+01   8.6855108e-02   7.7202570e-02
   1.8400000e+01   7.5414391e-02   1.0699509e-01
   1.8500000e+01   6.8592125e-02   1.5294749e-01
   1.8600000e+01   4.4756471e-02   1.7997748e-01
   1.8700000e+01  -8.7907623e-03   1.6945897e-01
   1.8800000e+01  -8.2642879e-02   1.3095498e-01
   1.8900000e+01  -1.4656446e-01   8.9872324e-02
   1.9000000e+01  -1.7118823e-01   6.6445216e-02
   1.9100000e+01  -1.5454516e-01   6.3607905e-02
   1.9200000e+01  -1.2714610e-01   7.0567511e-02
   1.9300000e+01  -1.2681380e-01   7.5949498e-02
   1.9400000e+01  -1.6509995e-01   7.7396114e-02
   1.9500000e+01  -2.1761865e-01   7.8913346e-02
   1.9600000e+01  -2.4758686e-01   8.0681077e-02
   1.9700000e+01  -2.3878075e-01   7.4797950e-02
   1.9800000e+01  -2.0612408e-01   5.2967194e-02
   1.9900000e+01  -1.7682342e-01   1.6468095e-02
   2.0000000e+01  -1.6444651e-01  -2.4558228e-02
   2.0100000e+01  -1.6142214e-01  -6.1225337e-02
   2.0200000e+01  -1.5232337e-01  -9.1701775e-02
   2.0300000e+01  -1.2952709e-01  -1.1600381e-01
   2.0400000e+01  -9.6079927e-02  -1.2956510e-01
   2.0500000e+01  -5.8804966e-02  -1.2717209e-01
   2.0600000e+01  -2.3421506e-02  -1.1283975e-01
   2.0700000e+01   4.9419653e-03  -1.0059087e-01
   2.0800000e+01   2.2125098e-02  -1.0218571e-01
   2.0900000e+01   2.9044152e-02  -1.1591640e-01
   2.1000000e+01   3.3042314e-02  -1.3024586e-01
   2.1100000e+01   4.1167549e-02  -1.3716785e-01
   2.1200000e+01   5.1799341e-02  -1.3821765e-01
   2.1300000e+01   5.6074169e-02  -1.3694282e-01
   2.1400000e+01   4.9384725e-02  -1.3005305e-01
   2.1500000e+01   3.9170942e-02  -1.1043926e-01
   2.1600000e+01   3.7578094e-02  -7.8099350e-02
   2.1700000e+01   4.5548432e-02  -4.3520422e-02
   2.1800000e+01   4.7282142e-02  -1.7857498e-02
   2.1900000e+01   2.4685285e-02  -1.9519013e-03
   2.2000000e+01  -2.0811171e-02   1.2050869e-02
   2.2100000e+01  -6.2405004e-02   2.9267851e-02
   2.2200000e+01  -6.7334271e-02   4.6227084e-02
   2.2300000e+01  -2.5080697e-02   5.7864667e-02
   2.2400000e+01   4.2576799e-02   6.6849786e-02
   2.2500000e+01   9.9458229e-02   8.1363086e-02
   2.2600000e+01   1.2309307e-01   1.0323281e-01
   2.2700000e+01   1.1685481e-01   1.2211768e-01
   2.2800000e+01   9.8999622e-02   1.2452063e-01
   2.2900000e+01   8.5117193e-02   1.0758073e-01
   2.3000000e+01   8.1944090e-02   8.1315579e-02
   2.3100000e+01   9.1871629e-02   5.7225563e-02
   2.3200000e+01   1.1515231e-01   3.7548101e-02
   2.3300000e+01   1.4543226e-01   1.7628938e-02
   2.3400000e+01   1.6842670e-01  -3.0233379e-03
   2.3500000e+01   1.7142158e-01  -1.6155278e-02
   2.3600000e+01   1.5550531e-01  -1.3671823e-02
   2.3700000e+01   1.3555866e-01  -1.2791059e-04
   2.3800000e+01   1.2568131e-01   6.8950329e-03
   2.3900000e+01   1.2468820e-01  -8.1004262e-03
   2.4000000e+01   1.1713090e-01  -4.2001004e-02
   2.4100000e+01   8.9240458e-02  -7.2770179e-02
   2.4200000e+01   4.3868213e-02  -7.7732450e-02
   2.4300000e+01  -7.5597188e-04  -5.3757082e-02
   2.4400000e+01  -2.7946123e-02  -1.9767857e-02
   2.4500000e+01  -3.8802504e-02   8.6374000e-04
   2.4600000e+01  -5.0885951e-02   7.3136731e-04
   2.4700000e+01  -7.9607067e-02  -7.7234782e-03
   2.4800000e+01  -1.2147048e-01  -7.0931757e-03
   2.4900000e+01  -1.5761066e-01   7.0640796e-03
   2.5000000e+01  -1.7383583e-01   2.2361180e-02
   2.5100000e+01  -1.7413031e-01   2.2479506e-02
   2.5200000e+01  -1.7241104e-01   4.1423734e-03
   2.5300000e+01  -1.7403934e-01  -1.7842071e-02
   2.5400000e+01  -1.7067115e-01  -2.3048871e-02
   2.5500000e+01  -1.5372678e-01  -5.0352427e-03
   2.5600000e+01  -1.2738262e-01   2.0846735e-02
   2.5700000e+01  -1.0402106e-01   3.1468872e-02
   2.5800000e+01  -8.9734865e-02   1.9849248e-02
   2.5900000e+01  -8.0083096e-02   3.4080291e-03
   2.6000000e+01  -7.0098018e-02   4.7357000e-03
   2.6100000e+01  -6.1973207e-02   2.4171225e-02
   2.6200000e+01  -5.8687870e-02   3.6446460e-02
   2.6300000e+01  -5.4087089e-02   1.8382500e-02
   2.6400000e+01  -3.6248729e-02  -2.2835357e-02
   2.6500000e+01  -1.7360126e-03  -5.4848753e-02
   2.6600000e+01   3.8358539e-02  -5.4415031e-02
   2.6700000e+01   6.9438848e-02  -3.1134753e-02
   2.6800000e+01   8.7748369e-02  -1.3174875e-02
   2.6900000e+01   1.0076463e-01  -1.3410006e-02
   2.7000000e+01   1.1525987e-01  -1.7196155e-02
   2.7100000e+01   1.2886107e-01  -4.8079116e-03
   2.7200000e+01   1.3343569e-01   2.1189877e-02
   2.7300000e+01   1.2354769e-01   3.7369609e-02
   2.7400000e+01   1.0073451e-01   2.6251545e-02
   2.7500000e+01   7.2441690e-02  -4.5935650e-03
   2.7600000e+01   4.8660851e-02  -3.1463588e-02
   2.7700000e+01   3.7429086e-02  -3.7463761e-02
   2.7800000e+01   4.0624686e-02  -2.3686624e-02
   2.7900000e+01   5.3688314e-02  -2.5824437e-03
   2.8000000e+01   6.9475377e-02   1.2703820e-02
   2.8100000e+01   8.0605311e-02   1.3109700e-02
   2.8200000e+01   7.8007467e-02  -3.4600950e-03
   2.8300000e+01   5.2934685e-02  -2.7469974e-02
   2.8400000e+01   7.4649585e-03  -3.8995702e-02
   2.8500000e+01  -3.7853723e-02  -2.1848975e-02
   2.8600000e+01  -5.5951454e-02   1.9441771e-02
   2.8700000e+01  -3.9677734e-02   5.9265870e-02
   2.8800000e+01  -1.3480758e-02   7.1455899e-02
   2.8900000e+01  -1.1620860e-02   5.1617623e-02
   2.9000000e+01  -4.2924398e-02   1.9591894e-02
   2.9100000e+01  -8.0740945e-02   1.3902723e-03
   2.9200000e+01  -8.9492175e-02   9.1278317e-03
   2.9300000e+01  -5.8936018e-02   3.5248113e-02
   2.9400000e+01  -1.1965567e-02   6.1411224e-02
   2.9500000e+01   1.7202850e-02   7.1915801e-02
   2.9600000e+01   1.0474198e-02   6.2592611e-02
   2.9700000e+01  -2.2626500e-02   4.1592541e-02
   2.9800000e+01  -5.2994325e-02   2.2918733e-02
   2.9900000e+01  -5.1895324e-02   1.7156318e-02
   3.0000000e+01  -1.1927888e-02   2.5449568e-02
   3.0100000e+01   4.4553903e-02   3.9627627e-02
   3.0200000e+01   7.9518561e-02   4.6367975e-02
   3.0300000e+01   6.8597792e-02   3.2825330e-02
   3.0400000e+01   2.0969686e-02  -5.9131068e-03
   3.0500000e+01  -2.9504930e-02  -5.9191264e-02
   3.0600000e+01  -5.3704591e-02  -1.0151098e-01
   3.0700000e+01  -4.9025566e-02  -1.0869131e-01
   3.0800000e+01  -3.4972715e-02  -8.0181834e-02
   3.0900000e+01  -3.0923468e-02  -4.4308849e-02
   3.1000000e+01  -3.9012779e-02  -3.4845003e-02
   3.1100000e+01  -4.5965279e-02  -5.8551708e-02
   3.1200000e+01  -3.9019104e-02  -8.8174756e-02
   3.1300000e+01  -2.0760716e-02  -9.0871111e-02
   3.1400000e+01  -1.0390471e-02  -6.2448209e-02
   3.1500000e+01  -2.9437243e-02  -2.9789039e-02
   3.1600000e+01  -8.1694732e-02  -1.9250513e-02
   3.1700000e+01  -1.4355140e-01  -2.7389379e-02
   3.1800000e+01  -1.7576559e-01  -2.7012337e-02
   3.1900000e+01  -1.5161510e-01  -5.8607413e-04
   3.2000000e+01  -8.0506482e-02   3.7537882e-02
   3.2100000e+01  -5.4921267e-03   5.4690887e-02
   3.2200000e+01   2.7672084e-02   3.3653744e-02
   3.2300000e+01   6.7483206e-03  -9.3870728e-03
   3.2400000e+01  -3.7042259e-02  -3.9563115e-02
   3.2500000e+01  -5.6028932e-02  -3.3879313e-02
   3.2600000e+01  -2.6677641e-02   1.3906294e-03
   3.2700000e+01   3.3101510e-02   3.8710514e-02
   3.2800000e+01   8.3777959e-02   5.1746393e-02
   3.2900000e+01   9.8932361e-02   3.3433838e-02
   3.3000000e+01   8.2075952e-02  -1.2788244e-03
   3.3100000e+01   5.6049782e-02  -2.7143691e-02
   3.3200000e+01   4.2423079e-02  -2.5984870e-02
   3.3300000e+01   4.9959522e-02   1.7983828e-03
   3.3400000e+01   7.4397995e-02   3.9220960e-02
   3.3500000e+01   1.0250001e-01   6.5499038e-02
   3.3600000e+01   1.1831298e-01   6.8206302e-02
   3.3700000e+01   1.1284147e-01   4.6106600e-02
   3.3800000e+01   9.1603383e-02   5.5385255e-03
   3.3900000e+01   7.0820163e-02  -4.1302421e-02
   3.4000000e+01   6.3064870e-02  -7.5775805e-02
   3.4100000e+01   6.5964135e-02  -7.8356761e-02
   3.4200000e+01   6.5574930e-02  -4.2921944e-02
   3.4300000e+01   5.0949503e-02   1.2863000e-02
   3.4400000e+01   2.5695605e-02   5.6237090e-02
   3.4500000e+01   6.0312551e-03   6.4101507e-02
   3.4600000e+01   6.7799432e-03   4.1760775e-02
   3.4700000e+01   2.6585649e-02   1.7503230e-02
   3.4800000e+01   4.5703964e-02   1.8558573e-02
   3.4900000e+01   4.1450917e-02   5.0788511e-02
   3.5000000e+01   1.0302133e-02   9.7542436e-02
   3.5100000e+01  -2.4763870e-02   1.3374544e-01
   3.5200000e+01  -3.2637269e-02   1.4133749e-01
   3.5300000e+01  -3.1160922e-03   1.1731546e-01
   3.5400000e+01   4.2269233e-02   7.3889156e-02
   3.5500000e+01   6.9325169e-02   3.2246270e-02
   3.5600000e+01   6.0701716e-02   1.1104470e-02
   3.5700000e+01   2.6799328e-02   1.4995262e-02
   3.5800000e+01  -8.8104532e-03   3.1175813e-02
   3.5900000e+01  -3.0040875e-02   3.9545582e-02
   3.6000000e+01  -3.4891471e-02   2.8363448e-02
   3.6100000e+01  -2.8494283e-02   2.3859066e-03
   3.6200000e+01  -1.6588732e-02  -2.2943667e-02
   3.6300000e+01  -5.7631098e-03  -3.4908563e-02
   3.6400000e+01  -3.6055601e-03  -3.3047598e-02
   3.6500000e+01  -1.3106769e-02  -2.8854519e-02
   3.6600000e+01  -2.7763903e-02  -3.7698157e-02
   3.6700000e+01  -3.6859210e-02  -6.8434922e-02
   3.6800000e+01  -3.7549258e-02  -1.1614873e-01
   3.6900000e+01  -3.8805950e-02  -1.6276199e-01
   3.7000000e+01  -4.9869363e-02  -1.8710360e-01
   3.7100000e+01  -6.5785963e-02  -1.7895483e-01
   3.7200000e+01  -6.9439999e-02  -1.4629461e-01
   3.7300000e+01  -5.1511818e-02  -1.0900600e-01
   3.7400000e+01  -2.6350030e-02  -8.3851287e-02
   3.7500000e+01  -2.2193969e-02  -7.3284500e-02
   3.7600000e+01  -5.1841918e-02  -6.6802770e-02
   3.7700000e+01  -9.4652271e-02  -5.2388707e-02
   3.7800000e+01  -1.1234606e-01  -2.7740653e-02
   3.7900000e+01  -8.5545718e-02  -2.1606707e-03
   3.8000000e+01  -3.3952114e-02   1.2004712e-02
   3.8100000e+01   1.3624830e-03   1.0761246e-02
   3.8200000e+01  -4.2781919e-03   2.2949463e-03
   3.8300000e+01  -3.9098575e-02  -5.1053649e-04
   3.8400000e+01  -6.9694113e-02   8.7707550e-03
   3.8500000e+01  -7.1678162e-02   2.7004048e-02
   3.8600000e+01  -4.5684755e-02   4.8657723e-02
   3.8700000e+01  -9.7223239e-03   7.2677122e-02
   3.8800000e+01   1.6904090e-02   9.9268058e-02
   3.8900000e+01   2.2848002e-02   1.2146716e-01
   3.9000000e+01   7.3722359e-03   1.2547508e-01
   3.9100000e+01  -1.8309240e-02   1.0329320e-01
   3.9200000e+01  -3.4621383e-02   6.3807298e-02
   3.9300000e+01  -2.7598482e-02   2.7898683e-02
   3.9400000e+01  -4.2054336e-03   1.1569166e-02
   3.9500000e+01   9.9517636e-03   1.4824047e-02
   3.9600000e+01  -5.6622695e-03   2.5847077e-02
   3.9700000e+01  -4.3551654e-02   3.2191643e-02
   3.9800000e+01  -7.1263120e-02   2.6855983e-02
   3.9900000e+01  -5.9107870e-02   8.7237911e-03
   4.0000000e+01  -5.7115768e-03  -1.6224601e-02
   4.0100000e+01   6.1058965e-02  -3.4073969e-02
   4.0200000e+01   1.0496474e-01  -3.0410805e-02
   4.0300000e+01   1.0491895e-01  -4.7059240e-03
   4.0400000e+01   6.6302643e-02   2.3776621e-02
   4.0500000e+01   1.6641947e-02   2.9746294e-02
   4.0600000e+01  -1.1243845e-02   4.3939006e-03
   4.0700000e+01  -6.4068017e-04  -3.6811940e-02
   4.0800000e+01   3.7137173e-02  -6.9315973e-02
   4.0900000e+01   7.1979612e-02  -8.0459737e-02
   4.1000000e+01   8.0108475e-02  -7.4355911e-02
   4.1100000e+01   6.2860453e-02  -5.9367111e-02
   4.1200000e+01   4.1346870e-02  -3.6364660e-02
   4.1300000e+01   3.3674072e-02  -1.7620568e-03
   4.1400000e+01   3.9095870e-02   4.0473408e-02
   4.1500000e+01   4.4141761e-02   7.4268528e-02
   4.1600000e+01   4.0758793e-02   8.1772186e-02
   4.1700000e+01   3.4739206e-02   5.9556847e-02
   4.1800000e+01   3.6221102e-02   2.5036101e-02
   4.1900000e+01   4.5409168e-02   5.4837435e-03
   4.2000000e+01   5.1048314e-02   1.7008000e-02
   4.2100000e+01   4.3030019e-02   5.0713459e-02
   4.2200000e+01   2.3904898e-02   7.9237577e-02
   4.2300000e+01   6.1718206e-03   7.9833132e-02
   4.2400000e+01  -7.4426835e-04   5.3958921e-02
   4.2500000e+01   1.2132629e-03   2.4848832e-02
   4.2600000e+01   3.1302753e-03   1.5086089e-02
   4.2700000e+01  -8.2197012e-04   2.5990280e-02
   4.2800000e+01  -9.1523360e-03   3.8496533e-02
   4.2900000e+01  -1.6725177e-02   3.3161142e-02
   4.3000000e+01  -1.9244502e-02   8.4875619e-03
   4.3100000e+01  -1.3655042e-02  -1.9581471e-02
   4.3200000e+01   2.4810498e-03  -3.4331837e-02
   4.3300000e+01   2.8259152e-02  -3.3654851e-02
   4.3400000e+01   5.5566890e-02  -3.0022876e-02
   4.3500000e+01   7.0515223e-02  -3.6610316e-02
   4.3600000e+01   6.2019009e-02  -5.3595152e-02
   4.3700000e+01   3.1439354e-02  -6.7677298e-02
   4.3800000e+01  -5.1826095e-03  -6.5222251e-02
   4.3900000e+01  -2.5765474e-02  -4.6493993e-02
   4.4000000e+01  -1.7308306e-02  -2.6958024e-02
   4.4100000e+01   1.2776223e-02  -2.3670944e-02
   4.4200000e+01   3.9390336e-02  -3.9413198e-02
   4.4300000e+01   3.8003738e-02  -5.9873663e-02
   4.4400000e+01   5.7261823e-03  -6.6552043e-02
   4.4500000e+01  -3.4068944e-02  -5.2669082e-02
   4.4600000e+01  -5.0725319e-02  -2.7062881e-02
   4.4700000e+01  -3.3096560e-02  -3.8692761e-03
   4.4800000e+01   1.3081081e-03   1.0174916e-02
   4.4900000e+01   2.3295377e-02   1.8281347e-02
   4.5000000e+01   1.6845122e-02   2.5707980e-02
   4.5100000e+01  -1.2659223e-02   3.2048581e-02
   4.5200000e+01  -5.0474593e-02   3.2347998e-02
   4.5300000e+01  -8.6430337e-02   2.4256063e-02
   4.5400000e+01  -1.1538636e-01   1.1577507e-02
   4.5500000e+01  -1.3019155e-01   7.3331864e-05
   4.5600000e+01  -1.2298556e-01  -8.3146917e-03
   4.5700000e+01  -9.6335623e-02  -1.4941228e-02
   4.5800000e+01  -6.8023338e-02  -1.8929907e-02
   4.5900000e+01  -5.8020242e-02  -1.5607303e-02
   4.6000000e+01  -6.8783630e-02  -2.8582348e-03
   4.6100000e+01  -8.1320230e-02   1.2597474e-02
   4.6200000e+01  -7.3757355e-02   1.9340714e-02
   4.6300000e+01  -4.4124251e-02   1.3531183e-02
   4.6400000e+01  -1.3626713e-02   4.7022599e-03
   4.6500000e+01  -6.7258901e-03   5.7797187e-03
   4.6600000e+01  -2.7558394e-02   1.6955397e-02
   4.6700000e+01  -5.4986043e-02   2.2630375e-02
   4.6800000e+01  -6.0254885e-02   7.3271881e-03
   4.6900000e+01  -3.1239338e-02  -2.5591843e-02
   4.7000000e+01   1.6977798e-02  -5.3464225e-02
   4.7100000e+01   5.3098159e-02  -5.4356391e-02
   4.7200000e+01   5.3280104e-02  -2.7921815e-02
   4.7300000e+01   1.9714367e-02   3.7441083e-03
   4.7400000e+01  -1.9751178e-02   1.5988676e-02
   4.7500000e+01  -3.1193223e-02   3.0613540e-03
   4.7600000e+01   6.4751815e-04  -1.8415233e-02
   4.7700000e+01   6.0927090e-02  -2.5866974e-02
   4.7800000e+01   1.1502632e-01  -1.1124271e-02
   4.7900000e+01   1.3215189e-01   1.3515853e-02
   4.8000000e+01   1.0424174e-01   2.7898276e-02
   4.8100000e+01   4.7994464e-02   2.2834840e-02
   4.8200000e+01  -7.8654033e-03   7.6332192e-03
   4.8300000e+01  -3.8784695e-02  -2.8699838e-04
   4.8400000e+01  -3.4700274e-02   6.7234599e-03
   4.8500000e+01  -2.3057929e-03   1.8983957e-02
   4.8600000e+01   3.9122010e-02   2.0139551e-02
   4.8700000e+01   6.7189430e-02   5.3715236e-03
   4.8800000e+01   6.9013669e-02  -1.2124804e-02
   4.8900000e+01   5.0261443e-02  -1.4174298e-02
   4.9000000e+01   3.1931790e-02   3.0468354e-03
   4.9100000e+01   3.3989714e-02   2.4387052e-02
   4.9200000e+01   5.8131193e-02   3.1278918e-02
   4.9300000e+01   8.5915364e-02   2.0391731e-02
   4.9400000e+01   9.5229825e-02   4.8382280e-03
   4.9500000e+01   7.9478621e-02  -2.0954846e-03
   4.9600000e+01   5.1042249e-02  -5.4895863e-04
   4.9700000e+01   2.7822927e-02   3.3607412e-04
   4.9800000e+01   1.9023541e-02  -3.1643317e-03
   4.9900000e+01   2.3398181e-02  -4.7962420e-03
   5.0000000e+01   3.5844671e-02   1.1860855e-03
   5.0100000e+01   5.0319150e-02   1.0269446e-02
   5.0200000e+01   5.7610691e-02   1.3140002e-02
   5.0300000e+01   4.7527130e-02   9.0477725e-03
   5.0400000e+01   1.8576405e-02   7.7211183e-03
   5.0500000e+01  -1.6365350e-02   1.5577638e-02
   5.0600000e+01  -3.9200277e-02   2.4330286e-02
   5.0700000e+01  -4.3238605e-02   1.8824742e-02
   5.0800000e+01  -3.8735124e-02  -3.6161179e-03
   5.0900000e+01  -4.0946037e-02  -2.6066976e-02
   5.1000000e+01  -5.4592913e-02  -2.7057660e-02
   5.1100000e+01  -7.1058673e-02  -1.5000840e-03
   5.1200000e+01  -7.8317368e-02   3.5022376e-02
   5.1300000e+01  -7.1273499e-02   6.1153122e-02
   5.1400000e+01  -5.4761201e-02   6.6229832e-02
   5.1500000e+01  -4.0998421e-02   5.3189560e-02
   5.1600000e+01  -4.3806263e-02   3.0595562e-02
   5.1700000e+01  -6.8903637e-02   6.0081374e-03
   5.1800000e+01  -1.0477946e-01  -1.4227683e-02
   5.1900000e+01  -1.2585534e-01  -2.3967160e-02
   5.2000000e+01  -1.1206335e-01  -1.9860766e-02
   5.2100000e+01  -6.8958820e-02  -4.8088946e-03
   5.2200000e+01  -2.5707391e-02   1.3139846e-02
   5.2300000e+01  -9.3077211e-03   2.6420066e-02
   5.2400000e+01  -2.0589629e-02   3.2600070e-02
   5.2500000e+01  -3.7051186e-02   3.3840722e-02
   5.2600000e+01  -3.7935457e-02   3.2601923e-02
   5.2700000e+01  -2.3066733e-02   2.8328972e-02
   5.2800000e+01  -6.7495376e-03   1.8082745e-02
   5.2900000e+01   2.1353285e-03  -2.5604995e-05
   5.3000000e+01   9.1088030e-03  -2.4065961e-02
   5.3100000e+01   2.3659604e-02  -4.8415109e-02
   5.3200000e+01   4.4468915e-02  -6.5891908e-02
   5.3300000e+01   5.8610920e-02  -6.9762783e-02
   5.3400000e+01   5.5333771e-02  -5.5664415e-02
   5.3500000e+01   3.8620476e-02  -2.5432159e-02
   5.3600000e+01   2.4762721e-02   8.4042872e-03
   5.3700000e+01   2.7272907e-02   2.4527167e-02
   5.3800000e+01   4.4301070e-02   6.4229095e-03
   5.3900000e+01   6.1218543e-02  -4.0227179e-02
   5.4000000e+01   6.5995877e-02  -8.5095609e-02
   5.4100000e+01   6.1765558e-02  -9.4863340e-02
   5.4200000e+01   6.2918006e-02  -6.2318422e-02
   5.4300000e+01   7.7640802e-02  -1.3366123e-02
   5.4400000e+01   9.4881214e-02   1.7262169e-02
   5.4500000e+01   9.0866391e-02   1.6767758e-02
   5.4600000e+01   5.1040914e-02  -4.8445007e-04
   5.4700000e+01  -1.2990710e-02  -1.5028838e-02
   5.4800000e+01  -6.8242763e-02  -2.2363122e-02
   5.4900000e+01  -8.3703089e-02  -2.8394293e-02
   5.5000000e+01  -5.2839689e-02  -3.1981148e-02
   5.5100000e+01   2.3674130e-03  -2.2280929e-02
   5.5200000e+01   4.7629315e-02   4.3384723e-03
   5.5300000e+01   5.9733130e-02   3.2543228e-02
   5.5400000e+01   4.0681116e-02   4.1065239e-02
   5.5500000e+01   1.3619103e-02   2.6770171e-02
   5.5600000e+01   3.6436632e-03   9.4608454e-03
   5.5700000e+01   1.7026986e-02   1.0227658e-02
   5.5800000e+01   3.5337132e-02   2.9056039e-02
   5.5900000e+01   3.1623849e-02   4.7715084e-02
   5.6000000e+01  -2.7709540e-03   5.2182983e-02
   5.6100000e+01  -4.5387629e-02   4.6019341e-02
   5.6200000e+01  -5.9878794e-02   3.9854170e-02
   5.6300000e+01  -3.1149999e-02   3.3215277e-02
   5.6400000e+01   1.5632343e-02   1.3851231e-02
   5.6500000e+01   3.5138059e-02  -2.3577395e-02
   5.6600000e+01   5.2299833e-03  -6.3402110e-02
   5.6700000e+01  -4.9677207e-02  -7.9770196e-02
   5.6800000e+01  -8.1392066e-02  -6.3245859e-02
   5.6900000e+01  -6.5272622e-02  -3.3324408e-02
   5.7000000e+01  -2.3423796e-02  -2.0379896e-02
   5.7100000e+01  -3.2985867e-04  -3.4515781e-02
   5.7200000e+01  -1.8230855e-02  -5.5020550e-02
   5.7300000e+01  -5.9180300e-02  -5.2876471e-02
   5.7400000e+01  -8.8581037e-02  -2.2636523e-02
   5.7500000e+01  -9.0081126e-02   1.0562542e-02
   5.7600000e+01  -7.4864147e-02   1.6097953e-02
   5.7700000e+01  -6.2200532e-02  -1.1776894e-02
   5.7800000e+01  -5.8573656e-02  -4.9143981e-02
   5.7900000e+01  -5.6530634e-02  -6.5960397e-02
   5.8000000e+01  -4.7040827e-02  -5.2810097e-02
   5.8100000e+01  -2.7588819e-02  -2.5884598e-02
   5.8200000e+01  -1.2179844e-03  -8.6870146e-03
   5.8300000e+01   2.5414423e-02  -9.8662542e-03
   5.8400000e+01   4.1983369e-02  -1.7128529e-02
   5.8500000e+01   3.9093586e-02  -1.0836272e-02
   5.8600000e+01   1.8741996e-02   1.6395808e-02
   5.8700000e+01  -1.5872444e-03   5.2148305e-02
   5.8800000e+01  -1.2914794e-03   7.5189083e-02
   5.8900000e+01   2.4254052e-02   7.4249476e-02
   5.9000000e+01   5.8793517e-02   5.6909921e-02
   5.9100000e+01   8.0324452e-02   4.1224889e-02
   5.9200000e+01   7.9099726e-02   3.9522255e-02
   5.9300000e+01   6.0352579e-02   4.9840123e-02
   5.9400000e+01   3.4401570e-02   6.1155098e-02
   5.9500000e+01   1.0029116e-02   6.5510961e-02
   5.9600000e+01  -3.5541843e-03   6.5673123e-02
   5.9700000e+01   3.3780788e-03   7.1873867e-02
   5.9800000e+01   3.2234615e-02   8.9753478e-02
   5.9900000e+01   6.8138041e-02   1.0946310e-01
   6.0000000e+01   8.6551300e-02   1.0846489e-01
   6.0100000e+01   7.1739587e-02   7.1320264e-02
   6.0200000e+01   2.9322866e-02   1.1073243e-02
   6.0300000e+01  -1.8633980e-02  -3.2382745e-02
   6.0400000e+01  -4.9325199e-02  -2.3735545e-02
   6.0500000e+01  -5.1565814e-02   3.2721130e-02
   6.0600000e+01  -2.8946717e-02   9.1598511e-02
   6.0700000e+01   3.2572037e-03   1.0510036e-01
   6.0800000e+01   2.5112760e-02   6.5549021e-02
   6.0900000e+01   2.3017557e-02   8.9244793e-03
   6.1000000e+01  -2.0335708e-04  -2.3078496e-02
   6.1100000e+01  -2.6193996e-02  -2.1838930e-02
   6.1200000e+01  -3.6110134e-02  -1.2680520e-02
   6.1300000e+01  -2.7356950e-02  -2.1777956e-02
   6.1400000e+01  -1.4467621e-02  -4.7471970e-02
   6.1500000e+01  -1.1913249e-02  -6.4864371e-02
   6.1600000e+01  -1.7198203e-02  -5.4684776e-02
   6.1700000e+01  -1.3925687e-02  -2.4166360e-02
   6.1800000e+01   7.3296683e-03   5.9933206e-05
   6.1900000e+01   3.3912444e-02  -2.5995349e-03
   6.2000000e+01   4.0869673e-02  -2.8609424e-02
   6.2100000e+01   1.7352698e-02  -5.5539300e-02
   6.2200000e+01  -1.8801648e-02  -6.3730998e-02
   6.2300000e+01  -3.5644722e-02  -5.2800316e-02
   6.2400000e+01  -1.6808206e-02  -3.7452518e-02
   6.2500000e+01   2.4154757e-02  -2.8522156e-02
   6.2600000e+01   5.7950810e-02  -2.1153104e-02
   6.2700000e+01   6.4835336e-02  -4.3413212e-03
   6.2800000e+01   4.5163087e-02   1.9376953e-02
   6.2900000e+01   1.0431901e-02   2.9577198e-02
   6.3000000e+01  -2.8021900e-02   7.8250489e-03
   6.3100000e+01  -5.9514143e-02  -3.9469571e-02
   6.3200000e+01  -7.0970277e-02  -8.2883483e-02
   6.3300000e+01  -5.3617109e-02  -9.6619593e-02
   6.3400000e+01  -1.5529862e-02  -8.1256535e-02
   6.3500000e+01   1.8313434e-02  -5.9021695e-02
   6.3600000e+01   2.5012595e-02  -4.9802105e-02
   6.3700000e+01   3.6580467e-03  -5.5351013e-02
   6.3800000e+01  -2.5796185e-02  -6.5329169e-02
   6.3900000e+01  -4.2645917e-02  -7.2880078e-02
   6.4000000e+01  -4.1264733e-02  -8.0493389e-02
   6.4100000e+01  -2.8070932e-02  -9.2156502e-02
   6.4200000e+01  -1.0113401e-02  -1.0359721e-01
   6.4300000e+01   7.4883737e-03  -1.0274348e-01
   6.4400000e+01   1.6521432e-02  -8.1108515e-02
   6.4500000e+01   8.4961736e-03  -4.5780076e-02
   6.4600000e+01  -1.2057502e-02  -1.9220538e-02
   6.4700000e+01  -2.2670588e-02  -2.2825193e-02
   6.4800000e+01  -1.4035272e-03  -5.5817022e-02
   6.4900000e+01   4.5931124e-02  -8.9859899e-02
   6.5000000e+01   8.2290793e-02  -8.8863787e-02
   6.5100000e+01   7.0968425e-02  -3.9172708e-02
   6.5200000e+01   1.3758292e-02   3.7456908e-02
   6.5300000e+01  -4.4987369e-02   1.0085406e-01
   6.5400000e+01  -5.6846821e-02   1.2374401e-01
   6.5500000e+01  -1.4723214e-02   1.0927273e-01
   6.5600000e+01   3.9577829e-02   8.1853690e-02
   6.5700000e+01   5.3948259e-02   6.3749747e-02
   6.5800000e+01   1.3832827e-02   6.0070255e-02
   6.5900000e+01  -4.6276218e-02   6.3050806e-02
   6.6000000e+01  -7.7095271e-02   6.6762908e-02
   6.6100000e+01  -5.9658288e-02   7.4837805e-02
   6.6200000e+01  -1.8235400e-02   9.3315660e-02
   6.6300000e+01   7.6351854e-03   1.1801770e-01
   6.6400000e+01   8.3045993e-04   1.3269480e-01
   6.6500000e+01  -2.2402289e-02   1.2252788e-01
   6.6600000e+01  -3.3919579e-02   8.9560747e-02
   6.6700000e+01  -2.1769037e-02   5.3036675e-02
   6.6800000e+01   2.1838023e-03   3.3361781e-02
   6.6900000e+01   1.7649437e-02   3.5636050e-02
   6.7000000e+01   1.5543667e-02   4.7982024e-02
   6.7100000e+01   3.8989758e-03   5.3811248e-02
   6.7200000e+01  -1.8505899e-03   4.5115848e-02
   6.7300000e+01   6.7818082e-03   2.6796143e-02
   6.7400000e+01   2.4158801e-02   1.1807468e-02
   6.7500000e+01   3.5052331e-02   1.1776497e-02
   6.7600000e+01   2.7164558e-02   2.7770234e-02
   6.7700000e+01   2.5028311e-03   4.6836824e-02
   6.7800000e+01  -2.1737206e-02   4.9642881e-02
   6.7900000e+01  -2.5411919e-02   2.6601322e-02
   6.8000000e+01  -2.6179300e-03  -1.1191634e-02
   6.8100000e+01   3.0538650e-02  -3.9194719e-02
   6.8200000e+01   4.6124917e-02  -4.0673690e-02
   6.8300000e+01   2.6121378e-02  -2.1417847e-02
   6.8400000e+01  -2.1915928e-02  -2.4157706e-03
   6.8500000e+01  -6.9268729e-02   1.7305111e-03
   6.8600000e+01  -8.7834947e-02  -4.5311159e-03
   6.8700000e+01  -7.1247358e-02  -6.5443172e-03
   6.8800000e+01  -3.7650642e-02   1.9053546e-03
   6.8900000e+01  -1.2688009e-02   1.1696010e-02
   6.9000000e+01  -8.4895709e-03   9.8887102e-03
   6.9100000e+01  -1.6687327e-02  -4.8766350e-03
   6.9200000e+01  -1.9354023e-02  -2.0882892e-02
   6.9300000e+01  -5.7675760e-03  -2.6611769e-02
   6.9400000e+01   1.9890374e-02  -2.3042389e-02
   6.9500000e+01   4.4027094e-02  -2.1343057e-02
   6.9600000e+01   5.4860691e-02  -2.9595055e-02
   6.9700000e+01   4.9938344e-02  -4.4322795e-02
   6.9800000e+01   3.6327342e-02  -5.5978970e-02
   6.9900000e+01   2.5255209e-02  -6.0490985e-02
   7.0000000e+01   2.4627688e-02  -6.2166853e-02
   7.0100000e+01   3.3392469e-02  -6.5038276e-02
   7.0200000e+01   4.2073154e-02  -6.5194109e-02
   7.0300000e+01   4.0743264e-02  -5.5540062e-02
   7.0400000e+01   2.8824234e-02  -3.7445725e-02
   7.0500000e+01   1.7163024e-02  -2.3174613e-02
   7.0600000e+01   1.8556058e-02  -2.3857765e-02
   7.0700000e+01   3.4579352e-02  -3.6802333e-02
   7.0800000e+01   5.2049102e-02  -4.8004738e-02
   7.0900000e+01   5.4304470e-02  -4.7344940e-02
   7.1000000e+01   3.7569419e-02  -3.8446400e-02
   7.1100000e+01   1.6037674e-02  -3.2202340e-02
   7.1200000e+01   9.1629527e-03  -3.2978218e-02
   7.1300000e+01   2.2587751e-02  -3.4283766e-02
   7.1400000e+01   4.1985012e-02  -2.7976056e-02
   7.1500000e+01   4.6967623e-02  -1.4966846e-02
   7.1600000e+01   3.1189267e-02  -4.9120430e-03
   7.1700000e+01   7.5792745e-03  -5.8319842e-03
   7.1800000e+01  -6.4123676e-03  -1.5330028e-02
   7.1900000e+01  -6.8510048e-03  -2.2425087e-02
   7.2000000e+01  -5.3432652e-03  -1.7828100e-02
   7.2100000e+01  -1.4892134e-02  -2.4530510e-03
   7.2200000e+01  -3.6609438e-02   1.4147159e-02
   7.2300000e+01  -5.9989083e-02   2.3977564e-02
   7.2400000e+01  -7.2344963e-02   2.8978108e-02
   7.2500000e+01  -6.5971025e-02   3.7989082e-02
   7.2600000e+01  -4.0006609e-02   5.4493095e-02
   7.2700000e+01  -1.7095713e-03   6.8804893e-02
   7.2800000e+01   3.2499474e-02   6.5607239e-02
   7.2900000e+01   4.2551107e-02   4.1093622e-02
   7.3000000e+01   1.8233798e-02   1.1335696e-02
   7.3100000e+01  -2.9909225e-02   6.9411633e-04
   7.3200000e+01  -7.4846260e-02   1.9832411e-02
   7.3300000e+01  -9.1579859e-02   5.4583107e-02
   7.3400000e+01  -7.4701746e-02   7.6757008e-02
   7.3500000e+01  -4.0445164e-02   6.7096409e-02
   7.3600000e+01  -1.2884358e-02   3.0128598e-02
   7.3700000e+01  -6.6196487e-03  -1.0812690e-02
   7.3800000e+01  -1.8768748e-02  -3.2560036e-02
   7.3900000e+01  -3.4001569e-02  -2.8448089e-02
   7.4000000e+01  -3.7158700e-02  -9.4123585e-03
   7.4100000e+01  -2.4467488e-02   8.3014611e-03
   7.4200000e+01  -6.1527734e-03   1.5322847e-02
   7.4300000e+01   1.6406807e-03   1.0408396e-02
   7.4400000e+01  -9.5020749e-03  -5.8184150e-03
   7.4500000e+01  -3.1853004e-02  -3.2458967e-02
   7.4600000e+01  -4.6877724e-02  -6.1828333e-02
   7.4700000e+01  -4.0991663e-02  -7.6624663e-02
   7.4800000e+01  -1.7213944e-02  -6.1645826e-02
   7.4900000e+01   8.7501524e-03  -2.1311752e-02
   7.5000000e+01   2.3190937e-02   1.8573108e-02
   7.5100000e+01   2.3891590e-02   3.1696625e-02
   7.5200000e+01   1.6334104e-02   1.4704975e-02
   7.5300000e+01   5.1723635e-03  -1.1671018e-02
   7.5400000e+01  -6.9542350e-03  -2.3972132e-02
   7.5500000e+01  -1.4569441e-02  -1.5931051e-02
   7.5600000e+01  -9.9170982e-03   1.8281890e-03
   7.5700000e+01   8.0866074e-03   1.6375035e-02
   7.5800000e+01   2.8447909e-02   2.2779854e-02
   7.5900000e+01   3.6699131e-02   2.2395669e-02
   7.6000000e+01   2.9829001e-02   1.6781189e-02
   7.6100000e+01   1.9460057e-02   6.1415183e-03
   7.6200000e+01   1.8189914e-02  -7.8376773e-03
   7.6300000e+01   2.4834661e-02  -1.9831476e-02
   7.6400000e+01   2.6239673e-02  -2.2144977e-02
   7.6500000e+01   1.3680520e-02  -9.1023702e-03
   7.6600000e+01  -4.9919591e-03   1.7268920e-02
   7.6700000e+01  -1.0843178e-02   4.4541788e-02
   7.6800000e+01   8.8946690e-03   5.5403004e-02
   7.6900000e+01   4.8102744e-02   4.0465464e-02
   7.7000000e+01   8.3486954e-02   7.9227948e-03
   7.7100000e+01   8.8818892e-02  -2.0811374e-02
   7.7200000e+01   5.3269492e-02  -2.7424992e-02
   7.7300000e+01  -7.0808648e-03  -1.0056661e-02
   7.7400000e+01  -5.5469192e-02   1.8486384e-02
   7.7500000e+01  -6.0144442e-02   4.3831879e-02
   7.7600000e+01  -2.2151887e-02   5.9744585e-02
   7.7700000e+01   2.2243965e-02   6.5845468e-02
   7.7800000e+01   3.2908961e-02   5.9926413e-02
   7.7900000e+01   3.4867026e-03   3.7584218e-02
   7.8000000e+01  -3.3920692e-02   1.6732133e-03
   7.8100000e+01  -4.3535357e-02  -3.0820715e-02
   7.8200000e+01  -2.2653927e-02  -3.7890403e-02
   7.8300000e+01  -8.7653566e-05  -1.3612649e-02
   7.8400000e+01  -2.0920787e-04   2.0677744e-02
   7.8500000e+01  -1.5751540e-02   3.2135095e-02
   7.8600000e+01  -2.0006065e-02   8.0087313e-03
   7.8700000e+01  -1.3219494e-03  -2.9376039e-02
   7.8800000e+01   2.1941571e-02  -4.3145143e-02
   7.8900000e+01   2.2217212e-02  -1.8644750e-02
   7.9000000e+01  -6.3641437e-03   2.2440932e-02
   7.9100000e+01  -4.1236095e-02   4.5379507e-02
   7.9200000e+01  -5.3303966e-02   3.6442973e-02
   7.9300000e+01  -3.2320683e-02   1.0941867e-02
   7.9400000e+01   7.7814431e-03  -9.4170354e-03
   7.9500000e+01   4.3299930e-02  -2.0005774e-02
   7.9600000e+01   5.8234848e-02  -3.1156582e-02
   7.9700000e+01   5.1720306e-02  -4.7477902e-02
   7.9800000e+01   3.4086559e-02  -5.6899110e-02
   7.9900000e+01   1.6843080e-02  -4.3579537e-02
   8.0000000e+01   3.6952204e-03  -8.8621864e-03
