   1.0221618e+02   2.8602761e+01   2.5212700e+03
   1.0222633e+02   2.8144950e+01   1.8446800e+03
   0.0000000e+00  -6.8099602e-01  -6.8099602e-01
   1.0000000e-01  -7.2583800e-01  -5.9776375e-01
   2.0000000e-01  -7.5354383e-01  -4.7092985e-01
   3.0000000e-01  -7.7992082e-01  -3.2441276e-01
   4.0000000e-01  -8.0448150e-01  -2.0028873e-01
   5.0000000e-01  -8.1601827e-01  -1.2823655e-01
   6.0000000e-01  -8.0590834e-01  -9.9798751e-02
   7.0000000e-01  -7.7723551e-01  -7.2501343e-02
   8.0000000e-01  -7.4353750e-01  -5.5476052e-03
   9.0000000e-01  -7.1770484e-01   1.0161223e-01
   1.0000000e+00  -6.9768860e-01   2.0493315e-01
   1.1000000e+00  -6.6111259e-01   2.5436469e-01
   1.2000000e+00  -5.7818286e-01   2.4103005e-01
   1.3000000e+00  -4.3642003e-01   2.0578694e-01
   1.4000000e+00  -2.5505230e-01   1.9868015e-01
   1.5000000e+00  -7.2799195e-02   2.2990431e-01
   1.6000000e+00   8.1059058e-02   2.6256319e-01
   1.7000000e+00   2.0512192e-01   2.5359976e-01
   1.8000000e+00   3.1910613e-01   1.9962989e-01
   1.9000000e+00   4.4331287e-01   1.4209552e-01
   2.0000000e+00   5.8414734e-01   1.2981288e-01
   2.1000000e+00   7.3187198e-01   1.7720975e-01
   2.2000000e+00   8.6502955e-01   2.5463318e-01
   2.3000000e+00   9.5908855e-01   3.1317394e-01
   2.4000000e+00   1.0000000e+00   3.1878302e-01
   2.5000000e+00   9.9443629e-01   2.7076026e-01
   2.6000000e+00   9.6318884e-01   1.9749409e-01
   2.7000000e+00   9.2030512e-01   1.3694629e-01
   2.8000000e+00   8.6154639e-01   1.1420454e-01
   2.9000000e+00   7.7833006e-01   1.2884020e-01
   3.0000000e+00   6.8008590e-01   1.6126207e-01
   3.1000000e+00   5.9313944e-01   1.9416623e-01
   3.2000000e+00   5.3324991e-01   2.2848859e-01
   3.3000000e+00   4.8606617e-01   2.7424516e-01
   3.4000000e+00   4.2267928e-01   3.2419084e-01
   3.5000000e+00   3.3209256e-01   3.4474975e-01
   3.6000000e+00   2.2963260e-01   3.0551329e-01
   3.7000000e+00   1.3248579e-01   2.2111594e-01
   3.8000000e+00   3.7423678e-02   1.5393877e-01
   3.9000000e+00  -6.8880535e-02   1.6283070e-01
   4.0000000e+00  -1.8293505e-01   2.4561329e-01
   4.1000000e+00  -2.8039690e-01   3.3602569e-01
   4.2000000e+00  -3.4265066e-01   3.5964982e-01
   4.3000000e+00  -3.7902739e-01   2.9284788e-01
   4.4000000e+00  -4.1463722e-01   1.7180733e-01
   4.5000000e+00  -4.5901683e-01   5.4347277e-02
   4.6000000e+00  -4.9538646e-01  -2.2487712e-02
   4.7000000e+00  -5.0316179e-01  -5.7109913e-02
   4.8000000e+00  -4.8462697e-01  -7.2443637e-02
   4.9000000e+00  -4.6296846e-01  -9.6806593e-02
   5.0000000e+00  -4.5465097e-01  -1.4754328e-01
   5.1000000e+00  -4.4900206e-01  -2.2167705e-01
   5.2000000e+00  -4.1854329e-01  -2.9788938e-01
   5.3000000e+00  -3.4905797e-01  -3.5020889e-01
   5.4000000e+00  -2.5752227e-01  -3.6426506e-01
   5.5000000e+00  -1.7926902e-01  -3.4437031e-01
   5.6000000e+00  -1.3771848e-01  -3.0888263e-01
   5.7000000e+00  -1.2755382e-01  -2.8055639e-01
   5.8000000e+00  -1.2704877e-01  -2.7786133e-01
   5.9000000e+00  -1.2323509e-01  -3.0807899e-01
   6.0000000e+00  -1.2055088e-01  -3.6296507e-01
   6.1000000e+00  -1.2553482e-01  -4.2087432e-01
   6.2000000e+00  -1.3077010e-01  -4.5702021e-01
   6.3000000e+00  -1.2134897e-01  -4.5626202e-01
   6.4000000e+00  -9.5653107e-02  -4.1962973e-01
   6.5000000e+00  -7.1205071e-02  -3.6105435e-01
   6.6000000e+00  -6.5341137e-02  -2.9831802e-01
   6.7000000e+00  -7.4501313e-02  -2.4462339e-01
   6.8000000e+00  -7.8482923e-02  -2.0444933e-01
   6.9000000e+00  -6.3730397e-02  -1.7418391e-01
   7.0000000e+00  -3.6687791e-02  -1.4640626e-01
   7.1000000e+00  -1.3478346e-02  -1.1532818e-01
   7.2000000e+00  -1.5834925e-03  -7.9796015e-02
   7.3000000e+00   5.9187905e-03  -4.1657784e-02
   7.4000000e+00   2.2143174e-02  -1.5372102e-03
   7.5000000e+00   5.5531300e-02   4.2951099e-02
   7.6000000e+00   1.0281717e-01   9.3990668e-02
   7.7000000e+00   1.4744311e-01   1.4892227e-01
   7.8000000e+00   1.6834860e-01   2.0037036e-01
   7.9000000e+00   1.5958431e-01   2.4250712e-01
   8.0000000e+00   1.4354629e-01   2.7742902e-01
   8.1000000e+00   1.5589724e-01   3.1415217e-01
   8.2000000e+00   2.0821199e-01   3.5937746e-01
   8.3000000e+00   2.6727883e-01   4.0768824e-01
   8.4000000e+00   2.8091317e-01   4.4139502e-01
   8.5000000e+00   2.3015715e-01   4.4380259e-01
   8.6000000e+00   1.5381986e-01   4.1745627e-01
   8.7000000e+00   1.1654875e-01   3.9004076e-01
   8.8000000e+00   1.4981860e-01   3.9626196e-01
   8.9000000e+00   2.2263472e-01   4.4563288e-01
   9.0000000e+00   2.6858355e-01   5.0545439e-01
   9.1000000e+00   2.4270413e-01   5.2074149e-01
   9.2000000e+00   1.5717187e-01   4.5832400e-01
   9.3000000e+00   6.6796905e-02   3.3496466e-01
   9.4000000e+00   2.0287592e-02   2.0210528e-01
   9.5000000e+00   2.2358150e-02   1.0247389e-01
   9.6000000e+00   4.0447416e-02   4.0471336e-02
   9.7000000e+00   4.6308732e-02  -9.0880827e-03
   9.8000000e+00   4.6909580e-02  -6.8897194e-02
   9.9000000e+00   7.0032699e-02  -1.3751417e-01
   1.0000000e+01   1.2118900e-01  -1.9537002e-01
   1.0100000e+01   1.6425165e-01  -2.2731583e-01
   1.0200000e+01   1.5318381e-01  -2.3876938e-01
   1.0300000e+01   8.1278444e-02  -2.5219616e-01
   1.0400000e+01  -9.2738765e-03  -2.8835285e-01
   1.0500000e+01  -6.9041391e-02  -3.4844068e-01
   1.0600000e+01  -8.5603774e-02  -4.1222766e-01
   1.0700000e+01  -8.2078245e-02  -4.5390374e-01
   1.0800000e+01  -8.0381783e-02  -4.6171440e-01
   1.0900000e+01  -7.9899945e-02  -4.4408218e-01
   1.1000000e+01  -7.4159477e-02  -4.1864764e-01
   1.1100000e+01  -7.4257153e-02  -3.9730994e-01
   1.1200000e+01  -1.0180640e-01  -3.8159248e-01
   1.1300000e+01  -1.5999721e-01  -3.6843900e-01
   1.1400000e+01  -2.2270190e-01  -3.5515613e-01
   1.1500000e+01  -2.5708567e-01  -3.3691940e-01
   1.1600000e+01  -2.5234693e-01  -3.0317958e-01
   1.1700000e+01  -2.2364093e-01  -2.4270430e-01
   1.1800000e+01  -1.9406055e-01  -1.5585949e-01
   1.1900000e+01  -1.7886528e-01  -6.0657574e-02
   1.2000000e+01  -1.8228140e-01   1.7952167e-02
   1.2100000e+01  -1.9782468e-01   6.8700312e-02
   1.2200000e+01  -2.0748513e-01   1.0425332e-01
   1.2300000e+01  -1.8906566e-01   1.4857373e-01
   1.2400000e+01  -1.3530989e-01   2.1266443e-01
   1.2500000e+01  -6.7833462e-02   2.8394279e-01
   1.2600000e+01  -2.5366744e-02   3.4021338e-01
   1.2700000e+01  -3.0752337e-02   3.7121599e-01
   1.2800000e+01  -6.7102725e-02   3.8291044e-01
   1.2900000e+01  -8.8867695e-02   3.8262175e-01
   1.3000000e+01  -6.0607615e-02   3.6748100e-01
   1.3100000e+01   1.1813478e-02   3.3205983e-01
   1.3200000e+01   8.7232690e-02   2.8307186e-01
   1.3300000e+01   1.2676405e-01   2.3863334e-01
   1.3400000e+01   1.2654715e-01   2.1111180e-01
   1.3500000e+01   1.1449165e-01   1.9531820e-01
   1.3600000e+01   1.1690317e-01   1.7631176e-01
   1.3700000e+01   1.3132987e-01   1.4561346e-01
   1.3800000e+01   1.3340820e-01   1.0698011e-01
   1.3900000e+01   1.0815147e-01   7.0018753e-02
   1.4000000e+01   7.1050696e-02   4.3561712e-02
   1.4100000e+01   5.6505795e-02   3.3220886e-02
   1.4200000e+01   8.4620668e-02   3.6898827e-02
   1.4300000e+01   1.3818688e-01   3.8991314e-02
   1.4400000e+01   1.7280631e-01   1.6117425e-02
   1.4500000e+01   1.5410820e-01  -4.1531237e-02
   1.4600000e+01   9.0090717e-02  -1.1322262e-01
   1.4700000e+01   2.6200902e-02  -1.5940050e-01
   1.4800000e+01   2.5024716e-03  -1.5690706e-01
   1.4900000e+01   1.2394955e-02  -1.2218816e-01
   1.5000000e+01   7.8761355e-03  -9.5524074e-02
   1.5100000e+01  -4.8578050e-02  -1.0051704e-01
   1.5200000e+01  -1.3832334e-01  -1.2028543e-01
   1.5300000e+01  -1.9868333e-01  -1.1454009e-01
   1.5400000e+01  -1.8381197e-01  -5.9989808e-02
   1.5500000e+01  -1.1117232e-01   2.5272237e-02
   1.5600000e+01  -4.5513167e-02   9.5131072e-02
   1.5700000e+01  -3.8903190e-02   1.1229187e-01
   1.5800000e+01  -8.8190991e-02   7.4933662e-02
   1.5900000e+01  -1.4675170e-01   1.2037810e-02
   1.6000000e+01  -1.6992597e-01  -4.3718896e-02
   1.6100000e+01  -1.4696922e-01  -7.7813880e-02
   1.6200000e+01  -9.6456527e-02  -9.2436519e-02
   1.6300000e+01  -4.1194903e-02  -9.0888966e-02
   1.6400000e+01   8.7830770e-03  -7.1464433e-02
   1.6500000e+01   5.4607071e-02  -3.8948536e-02
   1.6600000e+01   9.9158115e-02  -1.4971245e-02
   1.6700000e+01   1.4308774e-01  -2.5788848e-02
   1.6800000e+01   1.8704189e-01  -7.5018845e-02
   1.6900000e+01   2.3245631e-01  -1.3360083e-01
   1.7000000e+01   2.7786328e-01  -1.6414594e-01
   1.7100000e+01   3.1606662e-01  -1.5619105e-01
   1.7200000e+01   3.3756289e-01  -1.3351632e-01
   1.7300000e+01   3.3793131e-01  -1.2628217e-01
   1.7400000e+01   3.2197915e-01  -1.4089341e-01
   1.7500000e+01   3.0046366e-01  -1.5960339e-01
   1.7600000e+01   2.8174988e-01  -1.6380567e-01
   1.7700000e+01   2.6494045e-01  -1.4998394e-01
   1.7800000e+01   2.4080072e-01  -1.2395374e-01
   1.7900000e+01   2.0138667e-01  -8.9246200e-02
   1.8000000e+01   1.5013845e-01  -4.7843804e-02
   1.8100000e+01   1.0020074e-01  -8.0570484e-03
   1.8200000e+01   5.9360686e-02   1.7607041e-02
   1.8300000e+01   1.7956300e-02   2.5558984e-02
   1.8400000e+01  -4.1955378e-02   2.7567881e-02
   1.8500000e+01  -1.2159260e-01   4.0055256e-02
   1.8600000e+01  -1.9403690e-01   6.8830725e-02
   1.8700000e+01  -2.2602651e-01   1.0791965e-01
   1.8800000e+01  -2.1375639e-01   1.5140204e-01
   1.8900000e+01  -1.9177594e-01   1.9924995e-01
   1.9000000e+01  -2.0078339e-01   2.4757640e-01
   1.9100000e+01  -2.4743276e-01   2.7820098e-01
   1.9200000e+01  -3.0021222e-01   2.6751613e-01
   1.9300000e+01  -3.2480668e-01   2.1047698e-01
   1.9400000e+01  -3.1787461e-01   1.3244052e-01
   1.9500000e+01  -3.0263449e-01   7.1615649e-02
   1.9600000e+01  -2.9617874e-01   4.8435523e-02
   1.9700000e+01  -2.9010718e-01   5.3673300e-02
   1.9800000e+01  -2.6645643e-01   6.4468531e-02
   1.9900000e+01  -2.2670828e-01   6.5549421e-02
   2.0000000e+01  -1.9693386e-01   5.2523034e-02
   2.0100000e+01  -2.0193702e-01   2.2947224e-02
   2.0200000e+01  -2.3727300e-01  -2.3177590e-02
   2.0300000e+01  -2.6896259e-01  -7.1717077e-02
   2.0400000e+01  -2.6022448e-01  -9.5016966e-02
   2.0500000e+01  -1.9965517e-01  -7.7497821e-02
   2.0600000e+01  -1.0876023e-01  -4.1166804e-02
   2.0700000e+01  -2.6728919e-02  -3.4073763e-02
   2.0800000e+01   1.5147880e-02  -8.3181927e-02
   2.0900000e+01   1.3817547e-02  -1.5927127e-01
   2.1000000e+01  -3.1029019e-03  -1.9622692e-01
   2.1100000e+01   3.4661102e-03  -1.5094586e-01
   2.1200000e+01   5.5197167e-02  -4.5474661e-02
   2.1300000e+01   1.4069568e-01   5.0232014e-02
   2.1400000e+01   2.2664991e-01   7.7685382e-02
   2.1500000e+01   2.8484367e-01   3.5602072e-02
   2.1600000e+01   3.1002712e-01  -2.6416533e-02
   2.1700000e+01   3.1563924e-01  -5.4576076e-02
   2.1800000e+01   3.1701746e-01  -3.3271475e-02
   2.1900000e+01   3.1924416e-01   1.1075591e-02
   2.2000000e+01   3.1613294e-01   4.0897789e-02
   2.2100000e+01   2.9654729e-01   4.0563991e-02
   2.2200000e+01   2.5425014e-01   2.3460779e-02
   2.2300000e+01   1.9799057e-01   1.3461734e-02
   2.2400000e+01   1.5261746e-01   2.3572015e-02
   2.2500000e+01   1.4219083e-01   5.0044213e-02
   2.2600000e+01   1.6379966e-01   7.9335484e-02
   2.2700000e+01   1.7961471e-01   9.5127245e-02
   2.2800000e+01   1.4484417e-01   8.2287037e-02
   2.2900000e+01   5.1498196e-02   3.4659656e-02
   2.3000000e+01  -5.6536502e-02  -3.4126648e-02
   2.3100000e+01  -1.1822929e-01  -9.1292181e-02
   2.3200000e+01  -1.0962665e-01  -1.0571612e-01
   2.3300000e+01  -6.4260113e-02  -7.3640799e-02
   2.3400000e+01  -3.9622163e-02  -2.2752310e-02
   2.3500000e+01  -6.3995531e-02   1.1528440e-02
   2.3600000e+01  -1.1552989e-01   1.4282747e-02
   2.3700000e+01  -1.5002723e-01  -2.3522280e-03
   2.3800000e+01  -1.4552825e-01  -1.5501132e-02
   2.3900000e+01  -1.1966816e-01  -1.1174038e-02
   2.4000000e+01  -1.0714253e-01   7.9096274e-03
   2.4100000e+01  -1.2365504e-01   2.5936280e-02
   2.4200000e+01  -1.5181243e-01   2.3882646e-02
   2.4300000e+01  -1.5969040e-01  -6.5260381e-03
   2.4400000e+01  -1.3158121e-01  -5.1348526e-02
   2.4500000e+01  -8.1562340e-02  -7.9201058e-02
   2.4600000e+01  -3.9089074e-02  -6.6289324e-02
   2.4700000e+01  -2.2441815e-02  -2.0887151e-02
   2.4800000e+01  -2.5862414e-02   2.1711292e-02
   2.4900000e+01  -3.1012505e-02   3.4564491e-02
   2.5000000e+01  -2.8133799e-02   2.8648518e-02
   2.5100000e+01  -2.2829276e-02   4.1511937e-02
   2.5200000e+01  -2.1871489e-02   9.3885979e-02
   2.5300000e+01  -1.7765880e-02   1.6097367e-01
   2.5400000e+01   4.5377811e-03   1.9130307e-01
   2.5500000e+01   4.2978778e-02   1.5469312e-01
   2.5600000e+01   6.8089522e-02   7.0043268e-02
   2.5700000e+01   4.9408806e-02  -1.3299229e-02
   2.5800000e+01  -3.4092898e-03  -5.8298319e-02
   2.5900000e+01  -3.4095634e-02  -6.4616032e-02
   2.6000000e+01   1.3111638e-02  -5.7279534e-02
   2.6100000e+01   1.3481940e-01  -5.9000251e-02
   2.6200000e+01   2.6127982e-01  -7.4249645e-02
   2.6300000e+01   3.1367921e-01  -9.2914083e-02
   2.6400000e+01   2.7079670e-01  -1.0188263e-01
   2.6500000e+01   1.8042997e-01  -9.3413951e-02
   2.6600000e+01   1.0993071e-01  -6.9114609e-02
   2.6700000e+01   8.9757560e-02  -4.0497970e-02
   2.6800000e+01   1.0118490e-01  -2.3200461e-02
   2.6900000e+01   1.0692181e-01  -2.5192570e-02
   2.7000000e+01   8.5146493e-02  -3.9022614e-02
   2.7100000e+01   3.8359865e-02  -4.8482697e-02
   2.7200000e+01  -1.7814672e-02  -4.5452984e-02
   2.7300000e+01  -6.6938198e-02  -3.9601385e-02
   2.7400000e+01  -9.8016065e-02  -4.9577359e-02
   2.7500000e+01  -1.0962440e-01  -8.3586364e-02
   2.7600000e+01  -1.1157623e-01  -1.2808860e-01
   2.7700000e+01  -1.1814837e-01  -1.5528862e-01
   2.7800000e+01  -1.3453948e-01  -1.4333377e-01
   2.7900000e+01  -1.4973487e-01  -9.3292569e-02
   2.8000000e+01  -1.4544264e-01  -2.9712529e-02
   2.8100000e+01  -1.1360253e-01   1.6648182e-02
   2.8200000e+01  -6.5205720e-02   3.1528045e-02
   2.8300000e+01  -2.2495188e-02   2.6908395e-02
   2.8400000e+01  -2.7603938e-03   2.8928811e-02
   2.8500000e+01  -7.3011164e-03   5.4527973e-02
   2.8600000e+01  -2.2440801e-02   9.7733854e-02
   2.8700000e+01  -3.0792589e-02   1.3610949e-01
   2.8800000e+01  -2.5126836e-02   1.4842824e-01
   2.8900000e+01  -1.3998194e-02   1.2772303e-01
   2.9000000e+01  -1.2357699e-02   8.3366947e-02
   2.9100000e+01  -2.4612838e-02   3.5912492e-02
   2.9200000e+01  -3.9045660e-02   8.2744343e-03
   2.9300000e+01  -4.2704781e-02   1.4259550e-02
   2.9400000e+01  -4.0616497e-02   4.9615986e-02
   2.9500000e+01  -5.4069184e-02   9.4588728e-02
   2.9600000e+01  -9.6418242e-02   1.2878920e-01
   2.9700000e+01  -1.5404448e-01   1.4524567e-01
   2.9800000e+01  -1.9571758e-01   1.4983580e-01
   2.9900000e+01  -1.9950658e-01   1.4873679e-01
   3.0000000e+01  -1.6707832e-01   1.4015069e-01
   3.0100000e+01  -1.1494530e-01   1.1978892e-01
   3.0200000e+01  -6.1111944e-02   9.1348758e-02
   3.0300000e+01  -2.3331844e-02   6.7010754e-02
   3.0400000e+01  -1.9512962e-02   5.6086332e-02
   3.0500000e+01  -5.4661311e-02   5.5139969e-02
   3.0600000e+01  -1.0446087e-01   5.1474431e-02
   3.0700000e+01  -1.2345842e-01   3.6147283e-02
   3.0800000e+01  -8.1874134e-02   1.1681330e-02
   3.0900000e+01   4.5662721e-03  -1.3908478e-02
   3.1000000e+01   8.7480958e-02  -3.8832138e-02
   3.1100000e+01   1.3070496e-01  -6.9934691e-02
   3.1200000e+01   1.3965966e-01  -1.1176875e-01
   3.1300000e+01   1.4670940e-01  -1.5522852e-01
   3.1400000e+01   1.7417555e-01  -1.8111803e-01
   3.1500000e+01   2.1601723e-01  -1.7764010e-01
   3.1600000e+01   2.4999265e-01  -1.5380660e-01
   3.1700000e+01   2.5827532e-01  -1.3330370e-01
   3.1800000e+01   2.3617753e-01  -1.3337716e-01
   3.1900000e+01   1.9131375e-01  -1.4906664e-01
   3.2000000e+01   1.4183743e-01  -1.5812924e-01
   3.2100000e+01   1.1046563e-01  -1.4196350e-01
   3.2200000e+01   1.0993903e-01  -1.0259344e-01
   3.2300000e+01   1.3153183e-01  -5.9450056e-02
   3.2400000e+01   1.5220301e-01  -2.9247508e-02
   3.2500000e+01   1.5401943e-01  -9.8655996e-03
   3.2600000e+01   1.3217955e-01   1.3850546e-02
   3.2700000e+01   8.5262256e-02   4.8251050e-02
   3.2800000e+01   1.0311132e-02   7.8813465e-02
   3.2900000e+01  -8.1046513e-02   8.4068762e-02
   3.3000000e+01  -1.4796029e-01   6.0325483e-02
   3.3100000e+01  -1.4247229e-01   2.7214416e-02
   3.3200000e+01  -6.0227840e-02   7.2614437e-03
   3.3300000e+01   3.6697844e-02   5.3766851e-03
   3.3400000e+01   6.3872440e-02   1.2664943e-02
   3.3500000e+01  -9.2547791e-03   2.5085032e-02
   3.3600000e+01  -1.2871675e-01   4.8236209e-02
   3.3700000e+01  -2.0502403e-01   8.1635176e-02
   3.3800000e+01  -1.9279285e-01   1.0724472e-01
   3.3900000e+01  -1.2310989e-01   1.0250834e-01
   3.4000000e+01  -6.3989600e-02   6.3914953e-02
   3.4100000e+01  -5.5966131e-02   1.1407387e-02
   3.4200000e+01  -8.5107603e-02  -3.1613639e-02
   3.4300000e+01  -1.0925536e-01  -5.7443806e-02
   3.4400000e+01  -1.0171814e-01  -7.1118849e-02
   3.4500000e+01  -6.9410321e-02  -7.4549197e-02
   3.4600000e+01  -3.6147374e-02  -6.1937206e-02
   3.4700000e+01  -1.6117042e-02  -3.2303280e-02
   3.4800000e+01  -5.4211351e-03  -9.4712653e-05
   3.4900000e+01   5.3415733e-03   1.3685922e-02
   3.5000000e+01   1.7323719e-02   2.4933874e-03
   3.5100000e+01   2.5198113e-02  -1.6631978e-02
   3.5200000e+01   2.8590387e-02  -1.8123616e-02
   3.5300000e+01   3.4588773e-02   7.0091885e-03
   3.5400000e+01   4.6364118e-02   4.1669864e-02
   3.5500000e+01   5.4537404e-02   5.8635259e-02
   3.5600000e+01   4.6502397e-02   4.6019320e-02
   3.5700000e+01   2.3653742e-02   1.7383562e-02
   3.5800000e+01   2.0050240e-03  -1.9578767e-03
   3.5900000e+01  -8.1351164e-03   2.5891216e-03
   3.6000000e+01  -1.7176838e-02   2.5039700e-02
   3.6100000e+01  -4.2604872e-02   4.7931878e-02
   3.6200000e+01  -8.1164325e-02   5.8344166e-02
   3.6300000e+01  -1.0452220e-01   5.5514903e-02
   3.6400000e+01  -8.9000432e-02   4.6323439e-02
   3.6500000e+01  -4.4464256e-02   3.6558935e-02
   3.6600000e+01  -4.8837174e-03   2.6800920e-02
   3.6700000e+01   9.3078781e-03   1.4438840e-02
   3.6800000e+01   1.0416096e-02  -2.6595386e-03
   3.6900000e+01   2.1329870e-02  -2.4693584e-02
   3.7000000e+01   4.2468914e-02  -5.0006807e-02
   3.7100000e+01   5.0899937e-02  -7.4166488e-02
   3.7200000e+01   3.1000607e-02  -8.9049715e-02
   3.7300000e+01  -4.5942201e-03  -8.6308351e-02
   3.7400000e+01  -2.9838653e-02  -6.5387134e-02
   3.7500000e+01  -3.4480689e-02  -3.7587455e-02
   3.7600000e+01  -3.0379417e-02  -1.7954446e-02
   3.7700000e+01  -3.0628476e-02  -1.0823014e-02
   3.7800000e+01  -3.1159381e-02  -6.0313009e-03
   3.7900000e+01  -1.6738722e-02   7.7039102e-03
   3.8000000e+01   1.9454869e-02   2.8259681e-02
   3.8100000e+01   6.6487070e-02   4.3714728e-02
   3.8200000e+01   1.0362694e-01   4.9130458e-02
   3.8300000e+01   1.1480980e-01   5.2311549e-02
   3.8400000e+01   9.8929260e-02   5.9719953e-02
   3.8500000e+01   7.1889578e-02   6.3731850e-02
   3.8600000e+01   5.7263887e-02   5.2327122e-02
   3.8700000e+01   6.6608541e-02   2.9276371e-02
   3.8800000e+01   8.4517522e-02   1.4699599e-02
   3.8900000e+01   7.8587783e-02   2.1805471e-02
   3.9000000e+01   3.2288348e-02   4.0213505e-02
   3.9100000e+01  -3.1220026e-02   4.8707448e-02
   3.9200000e+01  -6.3919815e-02   3.9828520e-02
   3.9300000e+01  -3.6666711e-02   2.3181380e-02
   3.9400000e+01   3.0794022e-02   5.9676421e-03
   3.9500000e+01   8.4054800e-02  -1.8084306e-02
   3.9600000e+01   7.9938403e-02  -5.3918560e-02
   3.9700000e+01   2.3087469e-02  -8.6887535e-02
   3.9800000e+01  -3.7601880e-02  -9.1430574e-02
   3.9900000e+01  -4.9956853e-02  -6.0610923e-02
   4.0000000e+01  -4.7461699e-03  -1.9602353e-02
   4.0100000e+01   5.2041126e-02  -3.6122413e-03
   4.0200000e+01   5.7253303e-02  -2.3979286e-02
   4.0300000e+01  -8.2603413e-03  -5.9915838e-02
   4.0400000e+01  -9.2487514e-02  -8.2024484e-02
   4.0500000e+01  -1.1399245e-01  -7.8243065e-02
   4.0600000e+01  -4.0870256e-02  -5.5492623e-02
   4.0700000e+01   7.0496939e-02  -2.3129859e-02
   4.0800000e+01   1.2164371e-01   1.6015152e-02
   4.0900000e+01   6.2135400e-02   5.7175913e-02
   4.1000000e+01  -6.4997357e-02   8.5026578e-02
   4.1100000e+01  -1.6555780e-01   8.3158804e-02
   4.1200000e+01  -1.7777816e-01   5.3578206e-02
   4.1300000e+01  -1.1516386e-01   2.0462291e-02
   4.1400000e+01  -3.7904497e-02   8.8926075e-03
   4.1500000e+01   4.7240287e-03   2.0414340e-02
   4.1600000e+01   3.5545737e-03   3.3186132e-02
   4.1700000e+01  -2.1874918e-02   2.6693658e-02
   4.1800000e+01  -4.6638078e-02   3.3206902e-03
   4.1900000e+01  -5.2691661e-02  -1.5968298e-02
   4.2000000e+01  -3.3945242e-02  -1.5105041e-02
   4.2100000e+01  -1.9858205e-03   2.9212182e-04
   4.2200000e+01   1.6209946e-02   9.1126235e-03
   4.2300000e+01  -2.1140612e-03  -3.5119980e-03
   4.2400000e+01  -5.2668971e-02  -2.9933962e-02
   4.2500000e+01  -1.0446348e-01  -4.4403403e-02
   4.2600000e+01  -1.2667636e-01  -2.5754573e-02
   4.2700000e+01  -1.1411795e-01   2.0364647e-02
   4.2800000e+01  -8.5523162e-02   6.0998161e-02
   4.2900000e+01  -6.1503335e-02   6.1661170e-02
   4.3000000e+01  -4.8955298e-02   1.7712683e-02
   4.3100000e+01  -4.3870073e-02  -3.8667445e-02
   4.3200000e+01  -4.0648262e-02  -6.5273561e-02
   4.3300000e+01  -3.5225760e-02  -4.6506855e-02
   4.3400000e+01  -2.5000709e-02  -4.8330117e-03
   4.3500000e+01  -1.2268882e-02   2.2919829e-02
   4.3600000e+01  -5.7568728e-03   1.8999935e-02
   4.3700000e+01  -1.1399186e-02  -5.1686790e-03
   4.3800000e+01  -1.9683857e-02  -2.7859762e-02
   4.3900000e+01  -9.0990067e-03  -3.9881328e-02
   4.4000000e+01   3.0674724e-02  -4.6650310e-02
   4.4100000e+01   8.0727199e-02  -5.2840046e-02
   4.4200000e+01   1.0627577e-01  -5.3202199e-02
   4.4300000e+01   9.2465099e-02  -4.1551248e-02
   4.4400000e+01   6.2759584e-02  -2.3379639e-02
   4.4500000e+01   5.5681342e-02  -1.2002503e-02
   4.4600000e+01   8.3845195e-02  -1.1309128e-02
   4.4700000e+01   1.2188279e-01  -8.8024681e-03
   4.4800000e+01   1.3687871e-01   8.6883114e-03
   4.4900000e+01   1.2526809e-01   3.4513985e-02
   4.5000000e+01   1.1436738e-01   4.4215881e-02
   4.5100000e+01   1.3020792e-01   2.1489002e-02
   4.5200000e+01   1.7058694e-01  -2.0364664e-02
   4.5300000e+01   2.0993030e-01  -4.6872013e-02
   4.5400000e+01   2.2311721e-01  -3.3680631e-02
   4.5500000e+01   2.0084109e-01   1.0231966e-02
   4.5600000e+01   1.4972907e-01   4.9125269e-02
   4.5700000e+01   8.8703116e-02   4.9983236e-02
   4.5800000e+01   4.4492588e-02   9.7786427e-03
   4.5900000e+01   3.6981241e-02  -4.0417341e-02
   4.6000000e+01   5.8055534e-02  -5.7524640e-02
   4.6100000e+01   6.9344488e-02  -1.9484481e-02
   4.6200000e+01   3.4174590e-02   5.5171315e-02
   4.6300000e+01  -4.2233806e-02   1.1831373e-01
   4.6400000e+01  -1.1074692e-01   1.2790983e-01
   4.6500000e+01  -1.2482913e-01   8.0572438e-02
   4.6600000e+01  -8.9331240e-02   1.3737558e-02
   4.6700000e+01  -5.7298474e-02  -2.4351608e-02
   4.6800000e+01  -7.5956464e-02  -1.1541845e-02
   4.6900000e+01  -1.3944660e-01   3.3996393e-02
   4.7000000e+01  -1.9767043e-01   7.1410284e-02
   4.7100000e+01  -2.0811068e-01   7.0270505e-02
   4.7200000e+01  -1.7350406e-01   3.2077338e-02
   4.7300000e+01  -1.3021814e-01  -1.5785054e-02
   4.7400000e+01  -1.0869018e-01  -4.5822751e-02
   4.7500000e+01  -1.1108195e-01  -5.1406559e-02
   4.7600000e+01  -1.2153138e-01  -4.4964349e-02
   4.7700000e+01  -1.2560841e-01  -3.9846786e-02
   4.7800000e+01  -1.1526684e-01  -3.8270726e-02
   4.7900000e+01  -8.4583493e-02  -3.6651827e-02
   4.8000000e+01  -3.3746953e-02  -3.6057598e-02
   4.8100000e+01   2.1590813e-02  -4.0668817e-02
   4.8200000e+01   5.6028757e-02  -4.7133706e-02
   4.8300000e+01   5.8290704e-02  -4.3692174e-02
   4.8400000e+01   4.5853264e-02  -2.5546906e-02
   4.8500000e+01   4.6492370e-02  -7.6887693e-03
   4.8600000e+01   6.3587749e-02  -1.4195102e-02
   4.8700000e+01   6.7831594e-02  -5.0806414e-02
   4.8800000e+01   3.0498263e-02  -9.1421162e-02
   4.8900000e+01  -3.7199999e-02  -9.7202394e-02
   4.9000000e+01  -8.5222995e-02  -5.1036942e-02
   4.9100000e+01  -6.9269102e-02   2.7842334e-02
   4.9200000e+01   5.6474108e-03   1.0277366e-01
   4.9300000e+01   8.5793534e-02   1.4984134e-01
   4.9400000e+01   1.1230842e-01   1.6799183e-01
   4.9500000e+01   6.8050587e-02   1.6458417e-01
   4.9600000e+01  -1.0964830e-02   1.4076570e-01
   4.9700000e+01  -6.6189999e-02   9.6846115e-02
   4.9800000e+01  -6.3030751e-02   4.7396256e-02
   4.9900000e+01  -1.6155659e-02   1.9815328e-02
   5.0000000e+01   2.6196803e-02   3.0954472e-02
   5.0100000e+01   2.4983806e-02   6.7624568e-02
   5.0200000e+01  -1.7296298e-02   9.6374784e-02
   5.0300000e+01  -6.2199387e-02   9.4059221e-02
   5.0400000e+01  -7.0304523e-02   6.5995783e-02
   5.0500000e+01  -3.1599749e-02   3.4288229e-02
   5.0600000e+01   3.1922669e-02   1.3997901e-02
   5.0700000e+01   8.4900696e-02   4.7684429e-03
   5.0800000e+01   9.8990084e-02   1.2858889e-03
   5.0900000e+01   6.6297219e-02   2.8000201e-03
   5.1000000e+01   6.1391286e-03   8.8097910e-03
   5.1100000e+01  -4.0773160e-02   1.0646499e-02
   5.1200000e+01  -3.7771023e-02  -5.7417228e-03
   5.1300000e+01   1.6289753e-02  -4.7141472e-02
   5.1400000e+01   8.1717209e-02  -1.0545631e-01
   5.1500000e+01   1.1225669e-01  -1.6305275e-01
   5.1600000e+01   9.7741947e-02  -2.0364603e-01
   5.1700000e+01   6.8961047e-02  -2.1808137e-01
   5.1800000e+01   5.9363239e-02  -2.0406436e-01
   5.1900000e+01   6.8547590e-02  -1.6580923e-01
   5.2000000e+01   6.9064739e-02  -1.1540474e-01
   5.2100000e+01   4.4469916e-02  -7.0858074e-02
   5.2200000e+01   1.0293037e-02  -4.7417131e-02
   5.2300000e+01  -5.6105833e-03  -4.7607086e-02
   5.2400000e+01   4.1623696e-03  -5.9940446e-02
   5.2500000e+01   2.0816419e-02  -6.9241237e-02
   5.2600000e+01   2.3877960e-02  -6.9395091e-02
   5.2700000e+01   1.3257721e-02  -6.5955794e-02
   5.2800000e+01   4.0446834e-03  -6.6606952e-02
   5.2900000e+01   5.0215939e-03  -7.0697261e-02
   5.3000000e+01   8.5981581e-03  -6.9392061e-02
   5.3100000e+01   1.0073540e-03  -5.5209595e-02
   5.3200000e+01  -2.3655738e-02  -2.9842094e-02
   5.3300000e+01  -6.1708626e-02  -3.2628642e-03
   5.3400000e+01  -1.0629306e-01   1.2862346e-02
   5.3500000e+01  -1.4829672e-01   1.2029404e-02
   5.3600000e+01  -1.7199199e-01  -1.5537369e-03
   5.3700000e+01  -1.5985068e-01  -1.0965207e-02
   5.3800000e+01  -1.1064383e-01   5.7426634e-03
   5.3900000e+01  -5.1182371e-02   5.7826723e-02
   5.4000000e+01  -2.0598564e-02   1.2854219e-01
   5.4100000e+01  -3.6463078e-02   1.8328168e-01
   5.4200000e+01  -7.8080748e-02   1.9566621e-01
   5.4300000e+01  -1.0712494e-01   1.6670761e-01
   5.4400000e+01  -1.0400126e-01   1.1906180e-01
   5.4500000e+01  -8.1040938e-02   7.6666674e-02
   5.4600000e+01  -6.2010306e-02   5.3049201e-02
   5.4700000e+01  -5.5165990e-02   5.3999196e-02
   5.4800000e+01  -4.9025129e-02   7.9881336e-02
   5.4900000e+01  -2.9367966e-02   1.1919134e-01
   5.5000000e+01   5.8851215e-03   1.4611315e-01
   5.5100000e+01   4.7832649e-02   1.3610433e-01
   5.5200000e+01   8.6531768e-02   8.9666379e-02
   5.5300000e+01   1.1696727e-01   3.7917498e-02
   5.5400000e+01   1.3826460e-01   1.8761351e-02
   5.5500000e+01   1.5073191e-01   4.3015473e-02
   5.5600000e+01   1.5355082e-01   8.1688839e-02
   5.5700000e+01   1.4346718e-01   8.7586592e-02
   5.5800000e+01   1.1618424e-01   3.5110405e-02
   5.5900000e+01   7.1764948e-02  -5.4095281e-02
   5.6000000e+01   2.0403225e-02  -1.2328678e-01
   5.6100000e+01  -1.8142611e-02  -1.2472696e-01
   5.6200000e+01  -2.3919336e-02  -6.0174578e-02
   5.6300000e+01   1.0121428e-02   1.9481766e-02
   5.6400000e+01   7.0016276e-02   5.7213799e-02
   5.6500000e+01   1.2440648e-01   3.5520685e-02
   5.6600000e+01   1.4076275e-01  -1.7649919e-02
   5.6700000e+01   1.0649839e-01  -6.2643321e-02
   5.6800000e+01   3.9905464e-02  -8.1300384e-02
   5.6900000e+01  -2.0991135e-02  -7.7447679e-02
   5.7000000e+01  -4.6263580e-02  -5.5802940e-02
   5.7100000e+01  -3.5560360e-02  -1.3904928e-02
   5.7200000e+01  -1.3346773e-02   4.1917459e-02
   5.7300000e+01  -3.4096800e-03   8.2762310e-02
   5.7400000e+01  -9.3422034e-03   7.3207074e-02
   5.7500000e+01  -1.9227121e-02   7.3401139e-03
   5.7600000e+01  -2.3644474e-02  -7.5378462e-02
   5.7700000e+01  -2.2413355e-02  -1.1862573e-01
   5.7800000e+01  -1.4588373e-02  -9.8827133e-02
   5.7900000e+01   8.0305479e-03  -4.6332549e-02
   5.8000000e+01   4.8168519e-02  -1.5212306e-02
   5.8100000e+01   8.6353293e-02  -3.1848513e-02
   5.8200000e+01   8.9169004e-02  -7.4564063e-02
   5.8300000e+01   4.3313179e-02  -1.0243985e-01
   5.8400000e+01  -2.1145069e-02  -9.8720862e-02
   5.8500000e+01  -5.0610850e-02  -8.1786148e-02
   5.8600000e+01  -1.6421143e-02  -7.6863196e-02
   5.8700000e+01   5.7020920e-02  -8.5774970e-02
   5.8800000e+01   1.1340087e-01  -8.9160187e-02
   5.8900000e+01   1.1289957e-01  -7.3472012e-02
   5.9000000e+01   6.1537175e-02  -4.7147103e-02
   5.9100000e+01  -6.4844763e-04  -2.8020833e-02
   5.9200000e+01  -3.5040080e-02  -2.0737779e-02
   5.9300000e+01  -3.1442990e-02  -1.2486795e-02
   5.9400000e+01  -9.6324436e-03   9.6117215e-03
   5.9500000e+01  -2.4949854e-04   4.1287243e-02
   5.9600000e+01  -2.1454641e-02   6.2831563e-02
   5.9700000e+01  -6.7439664e-02   5.6655445e-02
   5.9800000e+01  -1.1526772e-01   2.3915756e-02
   5.9900000e+01  -1.4222734e-01  -1.2568864e-02
   6.0000000e+01  -1.3857215e-01  -2.0902808e-02
   6.0100000e+01  -1.0873423e-01   1.8733883e-02
   6.0200000e+01  -6.7573689e-02   9.7523941e-02
   6.0300000e+01  -3.8016565e-02   1.8006049e-01
   6.0400000e+01  -4.4275651e-02   2.2729603e-01
   6.0500000e+01  -9.4389689e-02   2.2325130e-01
   6.0600000e+01  -1.6494040e-01   1.8208324e-01
   6.0700000e+01  -2.1157904e-01   1.3070694e-01
   6.0800000e+01  -2.0562565e-01   8.7035564e-02
   6.0900000e+01  -1.6173232e-01   5.5488225e-02
   6.1000000e+01  -1.2336356e-01   3.7918095e-02
   6.1100000e+01  -1.1829363e-01   3.9715947e-02
   6.1200000e+01  -1.3200282e-01   6.0598822e-02
   6.1300000e+01  -1.2669860e-01   8.3365143e-02
   6.1400000e+01  -8.1924130e-02   7.9941807e-02
   6.1500000e+01  -1.2806278e-02   3.4333936e-02
   6.1600000e+01   4.6720492e-02  -3.9396853e-02
   6.1700000e+01   7.1098176e-02  -1.0430194e-01
   6.1800000e+01   5.6284059e-02  -1.2979668e-01
   6.1900000e+01   1.8746848e-02  -1.1807774e-01
   6.2000000e+01  -1.0837737e-02  -1.0270829e-01
   6.2100000e+01  -1.1757673e-03  -1.1764758e-01
   6.2200000e+01   5.6441585e-02  -1.6335305e-01
   6.2300000e+01   1.3232185e-01  -2.0346518e-01
   6.2400000e+01   1.7423655e-01  -1.9898677e-01
   6.2500000e+01   1.5092940e-01  -1.4811535e-01
   6.2600000e+01   8.3409197e-02  -9.0236763e-02
   6.2700000e+01   2.9151145e-02  -6.8087154e-02
   6.2800000e+01   3.1791258e-02  -8.7220952e-02
   6.2900000e+01   8.5676920e-02  -1.1504057e-01
   6.3000000e+01   1.4764244e-01  -1.1760560e-01
   6.3100000e+01   1.7823597e-01  -9.2209627e-02
   6.3200000e+01   1.6917883e-01  -6.3030249e-02
   6.3300000e+01   1.3732653e-01  -5.1012997e-02
   6.3400000e+01   1.0328165e-01  -5.3732116e-02
   6.3500000e+01   7.9950888e-02  -5.2225389e-02
   6.3600000e+01   7.2982325e-02  -3.0135119e-02
   6.3700000e+01   7.9451323e-02   1.5432168e-02
   6.3800000e+01   8.3524180e-02   7.4291371e-02
   6.3900000e+01   6.3479043e-02   1.2717410e-01
   6.4000000e+01   1.3169692e-02   1.5281784e-01
   6.4100000e+01  -4.4661453e-02   1.4191263e-01
   6.4200000e+01  -7.5212264e-02   1.0947763e-01
   6.4300000e+01  -6.5856117e-02   8.7689278e-02
   6.4400000e+01  -3.9714601e-02   9.7532192e-02
   6.4500000e+01  -3.1846871e-02   1.2611332e-01
   6.4600000e+01  -5.5110828e-02   1.3781172e-01
   6.4700000e+01  -9.2749663e-02   1.1164255e-01
   6.4800000e+01  -1.1974674e-01   6.4677696e-02
   6.4900000e+01  -1.2347652e-01   3.4478709e-02
   6.5000000e+01  -1.0503733e-01   3.9759155e-02
   6.5100000e+01  -7.2546948e-02   6.2858655e-02
   6.5200000e+01  -4.0867332e-02   7.1164834e-02
   6.5300000e+01  -3.0060752e-02   5.0574868e-02
   6.5400000e+01  -4.9612078e-02   1.4719071e-02
   6.5500000e+01  -8.0387451e-02  -1.4397824e-02
   6.5600000e+01  -8.2043840e-02  -2.7892461e-02
   6.5700000e+01  -2.8496896e-02  -3.1962869e-02
   6.5800000e+01   6.3294765e-02  -3.5531507e-02
   6.5900000e+01   1.4380801e-01  -4.1575569e-02
   6.6000000e+01   1.7069787e-01  -4.8501085e-02
   6.6100000e+01   1.3775425e-01  -5.3888044e-02
   6.6200000e+01   7.0467208e-02  -5.4774070e-02
   6.6300000e+01   3.2967856e-03  -4.7814705e-02
   6.6400000e+01  -3.5936753e-02  -3.2497396e-02
   6.6500000e+01  -3.0450045e-02  -1.2918304e-02
   6.6600000e+01   2.0445547e-02   6.6868215e-03
   6.6700000e+01   9.4493512e-02   2.8011798e-02
   6.6800000e+01   1.5228699e-01   5.7025572e-02
   6.6900000e+01   1.6177136e-01   9.4289171e-02
   6.7000000e+01   1.2306957e-01   1.2847862e-01
   6.7100000e+01   6.8413533e-02   1.4248212e-01
   6.7200000e+01   3.5073831e-02   1.2766762e-01
   6.7300000e+01   3.6114845e-02   9.2721661e-02
   6.7400000e+01   5.4161954e-02   5.8654915e-02
   6.7500000e+01   5.9540343e-02   4.4075181e-02
   6.7600000e+01   3.4157582e-02   5.2214869e-02
   6.7700000e+01  -1.6285396e-02   6.9206922e-02
   6.7800000e+01  -6.5992254e-02   7.5148960e-02
   6.7900000e+01  -8.4130912e-02   6.0195323e-02
   6.8000000e+01  -5.4328867e-02   3.2472122e-02
   6.8100000e+01   1.1265144e-02   9.2817891e-03
   6.8200000e+01   7.5146276e-02  -2.0108485e-03
   6.8300000e+01   9.8123504e-02  -1.4460764e-02
   6.8400000e+01   6.8703095e-02  -5.0086140e-02
   6.8500000e+01   1.3246070e-02  -1.1556016e-01
   6.8600000e+01  -2.5080586e-02  -1.9011727e-01
   6.8700000e+01  -2.2724604e-02  -2.3988345e-01
   6.8800000e+01   4.2264757e-03  -2.4470131e-01
   6.8900000e+01   1.4788176e-02  -2.1038430e-01
   6.9000000e+01  -2.0311307e-02  -1.5742123e-01
   6.9100000e+01  -9.2518651e-02  -1.0398441e-01
   6.9200000e+01  -1.6172217e-01  -6.2583595e-02
   6.9300000e+01  -1.8750306e-01  -4.5659291e-02
   6.9400000e+01  -1.5796745e-01  -6.1289563e-02
   6.9500000e+01  -9.4511267e-02  -9.8037335e-02
   6.9600000e+01  -3.3203889e-02  -1.2252528e-01
   6.9700000e+01  -5.3620373e-04  -1.0487900e-01
   6.9800000e+01  -1.0959686e-03  -5.0203060e-02
   6.9900000e+01  -2.2556359e-02   2.0907631e-03
   7.0000000e+01  -5.0852151e-02   1.6605450e-02
   7.0100000e+01  -8.2428996e-02  -2.2093652e-03
   7.0200000e+01  -1.2295688e-01  -1.7330571e-02
   7.0300000e+01  -1.7295820e-01  -1.3078588e-03
   7.0400000e+01  -2.1487528e-01   3.4963462e-02
   7.0500000e+01  -2.1949713e-01   5.8127880e-02
   7.0600000e+01  -1.7259931e-01   5.1703535e-02
   7.0700000e+01  -9.7250475e-02   3.2520039e-02
   7.0800000e+01  -4.3104159e-02   2.7570068e-02
   7.0900000e+01  -4.4538641e-02   4.1259159e-02
   7.1000000e+01  -8.6751740e-02   5.2066461e-02
   7.1100000e+01  -1.1771748e-01   4.0972001e-02
   7.1200000e+01  -9.7596684e-02   1.6222281e-02
   7.1300000e+01  -3.5037527e-02   4.1461678e-03
   7.1400000e+01   2.6932966e-02   1.7239779e-02
   7.1500000e+01   5.6308700e-02   3.9088071e-02
   7.1600000e+01   5.6519282e-02   4.5633737e-02
   7.1700000e+01   4.7395679e-02   3.6455670e-02
   7.1800000e+01   3.4512273e-02   3.5015222e-02
   7.1900000e+01   8.7499609e-03   5.5071268e-02
   7.2000000e+01  -2.6907042e-02   7.6129938e-02
   7.2100000e+01  -4.5165508e-02   6.3825727e-02
   7.2200000e+01  -1.9553159e-02   1.5349032e-02
   7.2300000e+01   4.2047225e-02  -2.5811523e-02
   7.2400000e+01   9.9696531e-02  -9.4099590e-03
   7.2500000e+01   1.2087268e-01   6.7835244e-02
   7.2600000e+01   1.1157481e-01   1.5291841e-01
   7.2700000e+01   1.0285192e-01   1.8220193e-01
   7.2800000e+01   1.1081173e-01   1.3567925e-01
   7.2900000e+01   1.1926440e-01   4.9499668e-02
   7.3000000e+01   1.0403168e-01  -1.8669949e-02
   7.3100000e+01   6.5912906e-02  -3.5827126e-02
   7.3200000e+01   3.0761777e-02  -1.3666361e-02
   7.3300000e+01   1.8722749e-02   8.1823566e-03
   7.3400000e+01   2.3262354e-02  -1.9865996e-03
   7.3500000e+01   2.5729331e-02  -4.2646967e-02
   7.3600000e+01   2.4075395e-02  -8.4139879e-02
   7.3700000e+01   3.6494484e-02  -9.7854187e-02
   7.3800000e+01   7.4124251e-02  -8.1099485e-02
   7.3900000e+01   1.1791639e-01  -5.4606674e-02
   7.4000000e+01   1.3149000e-01  -3.9197804e-02
   7.4100000e+01   9.8765933e-02  -3.8797630e-02
   7.4200000e+01   4.4775800e-02  -4.4584942e-02
   7.4300000e+01   1.5338074e-02  -4.7886817e-02
   7.4400000e+01   3.5191371e-02  -4.3827591e-02
   7.4500000e+01   8.6077089e-02  -2.7592965e-02
   7.4600000e+01   1.2505091e-01   2.4529950e-03
   7.4700000e+01   1.2368436e-01   3.5259466e-02
   7.4800000e+01   9.0812892e-02   4.9272261e-02
   7.4900000e+01   5.9986125e-02   3.3137885e-02
   7.5000000e+01   5.6844199e-02   2.8969366e-03
   7.5100000e+01   7.8114204e-02  -1.0045482e-02
   7.5200000e+01   9.9359154e-02   8.1702265e-03
   7.5300000e+01   1.0000108e-01   3.8397545e-02
   7.5400000e+01   8.0008470e-02   5.1527148e-02
   7.5500000e+01   5.4594850e-02   4.3454475e-02
   7.5600000e+01   3.6464598e-02   3.8141925e-02
   7.5700000e+01   2.5486114e-02   5.3977045e-02
   7.5800000e+01   1.4493253e-02   7.6522184e-02
   7.5900000e+01   1.1553684e-03   7.4488876e-02
   7.6000000e+01  -9.6628557e-03   4.0310147e-02
   7.6100000e+01  -1.5283640e-02   3.0666834e-03
   7.6200000e+01  -2.2408382e-02  -4.4781863e-03
   7.6300000e+01  -3.9896250e-02   1.6222146e-02
   7.6400000e+01  -6.4595681e-02   3.4322629e-02
   7.6500000e+01  -8.0719405e-02   2.9219921e-02
   7.6600000e+01  -7.8824084e-02   1.2607697e-02
   7.6700000e+01  -7.2605237e-02   6.2884812e-03
   7.6800000e+01  -8.7926468e-02   9.3133651e-03
   7.6900000e+01  -1.3072239e-01   4.2084227e-04
   7.7000000e+01  -1.7155741e-01  -2.9504306e-02
   7.7100000e+01  -1.7118262e-01  -6.2475324e-02
   7.7200000e+01  -1.2337695e-01  -7.7319318e-02
   7.7300000e+01  -6.6539753e-02  -7.7149546e-02
   7.7400000e+01  -4.7935179e-02  -7.9698858e-02
   7.7500000e+01  -7.8047864e-02  -8.4531851e-02
   7.7600000e+01  -1.2340777e-01  -6.7517866e-02
   7.7700000e+01  -1.4209508e-01  -1.6375453e-02
   7.7800000e+01  -1.2060937e-01   3.9560782e-02
   7.7900000e+01  -7.6026655e-02   5.1004054e-02
   7.8000000e+01  -3.1263891e-02   1.8654240e-03
   7.8100000e+01   2.6505666e-03  -6.9624307e-02
   7.8200000e+01   2.2772276e-02  -1.0849808e-01
   7.8300000e+01   2.6402815e-02  -9.5981948e-02
   7.8400000e+01   1.6393720e-02  -5.9069391e-02
   7.8500000e+01   8.6242795e-03  -3.2096689e-02
   7.8600000e+01   2.0542481e-02  -1.8959701e-02
   7.8700000e+01   4.7283397e-02   3.3387464e-03
   7.8800000e+01   5.8622521e-02   4.9785998e-02
   7.8900000e+01   3.1136195e-02   1.0259071e-01
   7.9000000e+01  -1.7521666e-02   1.2225252e-01
   7.9100000e+01  -3.7658816e-02   8.2824793e-02
   7.9200000e+01   2.0613460e-03  -1.1805283e-03
   7.9300000e+01   7.7208871e-02  -8.0263540e-02
   7.9400000e+01   1.2733347e-01  -1.0509636e-01
   7.9500000e+01   1.1305162e-01  -6.3769029e-02
   7.9600000e+01   4.9583649e-02   1.0289873e-02
   7.9700000e+01  -1.4288920e-02   6.6678023e-02
   7.9800000e+01  -4.1777121e-02   7.5865029e-02
   7.9900000e+01  -2.9566277e-02   4.2023512e-02
   8.0000000e+01   4.6246896e-03  -1.3192744e-02
