   1.0221618e+02   2.8602761e+01   2.5212700e+03
   1.0214827e+02   2.8116083e+01   1.5904700e+03
   0.0000000e+00  -7.5680377e-01  -7.5680377e-01
   1.0000000e-01  -7.8839712e-01  -7.2233637e-01
   2.0000000e-01  -8.4569376e-01  -6.4758927e-01
   3.0000000e-01  -9.1060679e-01  -5.3485416e-01
   4.0000000e-01  -9.3659572e-01  -4.2340642e-01
   5.0000000e-01  -8.9949280e-01  -3.3797448e-01
   6.0000000e-01  -8.2392823e-01  -2.5643719e-01
   7.0000000e-01  -7.6143356e-01  -1.4268035e-01
   8.0000000e-01  -7.4663005e-01  -4.7513475e-03
   9.0000000e-01  -7.7114568e-01   9.9474164e-02
   1.0000000e+00  -7.9127774e-01   1.2419194e-01
   1.1000000e+00  -7.5819296e-01   9.4179895e-02
   1.2000000e+00  -6.4832523e-01   8.8004262e-02
   1.3000000e+00  -4.7520571e-01   1.6028384e-01
   1.4000000e+00  -2.7714139e-01   2.8711822e-01
   1.5000000e+00  -9.1910370e-02   3.9176558e-01
   1.6000000e+00   6.2353400e-02   4.1953247e-01
   1.7000000e+00   1.8955756e-01   3.8311323e-01
   1.8000000e+00   3.0604108e-01   3.3960788e-01
   1.9000000e+00   4.2874784e-01   3.3459024e-01
   2.0000000e+00   5.6541739e-01   3.7317576e-01
   2.1000000e+00   7.0836475e-01   4.3557577e-01
   2.2000000e+00   8.3682875e-01   5.0441067e-01
   2.3000000e+00   9.3013641e-01   5.7033231e-01
   2.4000000e+00   9.8177084e-01   6.2027377e-01
   2.5000000e+00   1.0000000e+00   6.3456919e-01
   2.6000000e+00   9.9558093e-01   6.0188524e-01
   2.7000000e+00   9.7332933e-01   5.3467680e-01
   2.8000000e+00   9.3725940e-01   4.6674792e-01
   2.9000000e+00   8.9684280e-01   4.3319762e-01
   3.0000000e+00   8.5879688e-01   4.4669315e-01
   3.1000000e+00   8.1314646e-01   4.8572305e-01
   3.2000000e+00   7.3821911e-01   5.0656594e-01
   3.3000000e+00   6.2692908e-01   4.7740063e-01
   3.4000000e+00   5.0247735e-01   4.0876395e-01
   3.5000000e+00   3.9723396e-01   3.4547397e-01
   3.6000000e+00   3.1516875e-01   3.1868877e-01
   3.7000000e+00   2.2536960e-01   3.0697652e-01
   3.8000000e+00   1.0000750e-01   2.5594083e-01
   3.9000000e+00  -4.6167319e-02   1.4088781e-01
   4.0000000e+00  -1.6300363e-01   7.5516130e-04
   4.1000000e+00  -2.1232012e-01  -9.9362333e-02
   4.2000000e+00  -2.0304640e-01  -1.3501372e-01
   4.3000000e+00  -1.7987540e-01  -1.4207540e-01
   4.4000000e+00  -1.8474069e-01  -1.7211167e-01
   4.5000000e+00  -2.3124230e-01  -2.4137848e-01
   4.6000000e+00  -3.0486894e-01  -3.2885117e-01
   4.7000000e+00  -3.7434688e-01  -4.1120446e-01
   4.8000000e+00  -4.0539473e-01  -4.8356787e-01
   4.9000000e+00  -3.8199148e-01  -5.4749879e-01
   5.0000000e+00  -3.2770771e-01  -5.9543393e-01
   5.1000000e+00  -2.9948114e-01  -6.1729672e-01
   5.2000000e+00  -3.4294881e-01  -6.1521629e-01
   5.3000000e+00  -4.4565226e-01  -6.0036996e-01
   5.4000000e+00  -5.4020527e-01  -5.7646805e-01
   5.5000000e+00  -5.6158979e-01  -5.3660715e-01
   5.6000000e+00  -5.0261914e-01  -4.7952333e-01
   5.7000000e+00  -4.1317929e-01  -4.2072336e-01
   5.8000000e+00  -3.5102337e-01  -3.8069817e-01
   5.9000000e+00  -3.3925250e-01  -3.6535002e-01
   6.0000000e+00  -3.6627062e-01  -3.6297209e-01
   6.1000000e+00  -4.1135234e-01  -3.5646501e-01
   6.2000000e+00  -4.5971308e-01  -3.3110173e-01
   6.3000000e+00  -4.9829513e-01  -2.7373704e-01
   6.4000000e+00  -5.1128990e-01  -1.7851860e-01
   6.5000000e+00  -4.8760500e-01  -6.1146358e-02
   6.6000000e+00  -4.2954446e-01   4.1152370e-02
   6.7000000e+00  -3.4915277e-01   9.7258426e-02
   6.8000000e+00  -2.5721589e-01   1.1178374e-01
   6.9000000e+00  -1.6007068e-01   1.1932718e-01
   7.0000000e+00  -6.6554469e-02   1.4610511e-01
   7.1000000e+00   8.6724824e-03   1.8371613e-01
   7.2000000e+00   5.4981114e-02   2.0600880e-01
   7.3000000e+00   7.9293057e-02   2.0625109e-01
   7.4000000e+00   1.0564677e-01   2.0708528e-01
   7.5000000e+00   1.5740379e-01   2.3059009e-01
   7.6000000e+00   2.3832080e-01   2.6530975e-01
   7.7000000e+00   3.3059130e-01   2.7161905e-01
   7.8000000e+00   4.1034499e-01   2.2315054e-01
   7.9000000e+00   4.6424751e-01   1.4079648e-01
   8.0000000e+00   4.9254297e-01   8.1139466e-02
   8.1000000e+00   5.0001268e-01   8.6943681e-02
   8.2000000e+00   4.8790428e-01   1.4723397e-01
   8.3000000e+00   4.5563911e-01   2.0741209e-01
   8.4000000e+00   4.0830201e-01   2.2035739e-01
   8.5000000e+00   3.5930308e-01   1.8725047e-01
   8.6000000e+00   3.2281263e-01   1.4813057e-01
   8.7000000e+00   3.0111976e-01   1.3645789e-01
   8.8000000e+00   2.7842618e-01   1.4872096e-01
   8.9000000e+00   2.2960801e-01   1.5817153e-01
   9.0000000e+00   1.4091028e-01   1.4964389e-01
   9.1000000e+00   2.6821711e-02   1.3307079e-01
   9.2000000e+00  -7.4072632e-02   1.2546935e-01
   9.3000000e+00  -1.2530364e-01   1.2954006e-01
   9.4000000e+00  -1.2015383e-01   1.3469789e-01
   9.5000000e+00  -8.6030425e-02   1.3342606e-01
   9.6000000e+00  -6.1886482e-02   1.2876067e-01
   9.7000000e+00  -6.9655001e-02   1.2580642e-01
   9.8000000e+00  -1.0248666e-01   1.2259257e-01
   9.9000000e+00  -1.3299042e-01   1.1268306e-01
   1.0000000e+01  -1.2970478e-01   9.2607601e-02
   1.0100000e+01  -7.3666631e-02   6.1835138e-02
   1.0200000e+01   2.6328820e-02   1.7898649e-02
   1.0300000e+01   1.2807561e-01  -4.0814294e-02
   1.0400000e+01   1.7566188e-01  -1.0458710e-01
   1.0500000e+01   1.4325726e-01  -1.5114566e-01
   1.0600000e+01   6.8224804e-02  -1.6355951e-01
   1.0700000e+01   3.2436585e-02  -1.5046892e-01
   1.0800000e+01   9.4942873e-02  -1.4168894e-01
   1.0900000e+01   2.3483235e-01  -1.5799418e-01
   1.1000000e+01   3.6429067e-01  -1.8697461e-01
   1.1100000e+01   4.0591385e-01  -1.9402764e-01
   1.1200000e+01   3.6078935e-01  -1.5844579e-01
   1.1300000e+01   2.9971757e-01  -9.5641318e-02
   1.1400000e+01   2.8744520e-01  -4.2650691e-02
   1.1500000e+01   3.1798228e-01  -2.4243878e-02
   1.1600000e+01   3.2549092e-01  -3.3499233e-02
   1.1700000e+01   2.5553401e-01  -4.0106567e-02
   1.1800000e+01   1.2138580e-01  -1.3163856e-02
   1.1900000e+01  -9.2277258e-03   5.8987951e-02
   1.2000000e+01  -7.7695230e-02   1.5952725e-01
   1.2100000e+01  -8.2456748e-02   2.4857364e-01
   1.2200000e+01  -6.9505114e-02   2.8656497e-01
   1.2300000e+01  -8.4268699e-02   2.6530504e-01
   1.2400000e+01  -1.3545270e-01   2.1924591e-01
   1.2500000e+01  -1.9972979e-01   1.9864816e-01
   1.2600000e+01  -2.5317021e-01   2.2420944e-01
   1.2700000e+01  -2.9507301e-01   2.6767067e-01
   1.2800000e+01  -3.4410722e-01   2.7895699e-01
   1.2900000e+01  -4.1445740e-01   2.3093658e-01
   1.3000000e+01  -4.9569432e-01   1.3645293e-01
   1.3100000e+01  -5.5489063e-01   2.7491896e-02
   1.3200000e+01  -5.6020135e-01  -7.2565420e-02
   1.3300000e+01  -5.0718313e-01  -1.5472157e-01
   1.3400000e+01  -4.2626248e-01  -2.1411538e-01
   1.3500000e+01  -3.6431783e-01  -2.4736509e-01
   1.3600000e+01  -3.5352928e-01  -2.6218594e-01
   1.3700000e+01  -3.9006039e-01  -2.8071350e-01
   1.3800000e+01  -4.3698770e-01  -3.2404502e-01
   1.3900000e+01  -4.4805295e-01  -3.9090353e-01
   1.4000000e+01  -3.9554998e-01  -4.5373640e-01
   1.4100000e+01  -2.8545655e-01  -4.7925494e-01
   1.4200000e+01  -1.5310240e-01  -4.5700995e-01
   1.4300000e+01  -4.3888755e-02  -4.1111508e-01
   1.4400000e+01   1.0716151e-02  -3.8190225e-01
   1.4500000e+01   1.0567838e-02  -3.8886156e-01
   1.4600000e+01  -1.2813675e-02  -4.0775435e-01
   1.4700000e+01  -1.7221518e-02  -3.9018592e-01
   1.4800000e+01   1.8643278e-02  -3.1470905e-01
   1.4900000e+01   7.7707003e-02  -2.1758990e-01
   1.5000000e+01   1.1974106e-01  -1.6153762e-01
   1.5100000e+01   1.1865468e-01  -1.6668151e-01
   1.5200000e+01   8.6766036e-02  -1.7989447e-01
   1.5300000e+01   6.1527300e-02  -1.2578493e-01
   1.5400000e+01   6.8618876e-02   9.2944476e-03
   1.5500000e+01   9.9653688e-02   1.5386584e-01
   1.5600000e+01   1.2529025e-01   2.1975543e-01
   1.5700000e+01   1.2617030e-01   1.9082833e-01
   1.5800000e+01   1.0851115e-01   1.3714245e-01
   1.5900000e+01   9.2700840e-02   1.4265080e-01
   1.6000000e+01   9.3097376e-02   2.2643944e-01
   1.6100000e+01   1.1136251e-01   3.3573235e-01
   1.6200000e+01   1.4406783e-01   4.0546498e-01
   1.6300000e+01   1.8786149e-01   4.1501645e-01
   1.6400000e+01   2.3375932e-01   3.9156629e-01
   1.6500000e+01   2.6325802e-01   3.7342614e-01
   1.6600000e+01   2.6175863e-01   3.7851195e-01
   1.6700000e+01   2.4070736e-01   4.0084760e-01
   1.6800000e+01   2.3910536e-01   4.2364503e-01
   1.6900000e+01   2.9107667e-01   4.3074197e-01
   1.7000000e+01   3.8749653e-01   4.1257982e-01
   1.7100000e+01   4.7541364e-01   3.7068511e-01
   1.7200000e+01   5.0236247e-01   3.1890244e-01
   1.7300000e+01   4.6230964e-01   2.7603250e-01
   1.7400000e+01   3.9676465e-01   2.5233051e-01
   1.7500000e+01   3.5357523e-01   2.4146729e-01
   1.7600000e+01   3.4833304e-01   2.2654514e-01
   1.7700000e+01   3.6199000e-01   1.9490023e-01
   1.7800000e+01   3.6512675e-01   1.4658230e-01
   1.7900000e+01   3.3924218e-01   8.7836426e-02
   1.8000000e+01   2.8277566e-01   1.8853469e-02
   1.8100000e+01   2.0941483e-01  -6.5902146e-02
   1.8200000e+01   1.4294542e-01  -1.6119706e-01
   1.8300000e+01   1.0370364e-01  -2.3973248e-01
   1.8400000e+01   9.0463427e-02  -2.6903444e-01
   1.8500000e+01   7.6405082e-02  -2.4660610e-01
   1.8600000e+01   2.9891101e-02  -2.1250173e-01
   1.8700000e+01  -5.6876148e-02  -2.1543912e-01
   1.8800000e+01  -1.6005372e-01  -2.6340805e-01
   1.8900000e+01  -2.4418323e-01  -3.1577877e-01
   1.9000000e+01  -2.8833033e-01  -3.2996865e-01
   1.9100000e+01  -2.9533846e-01  -3.0914503e-01
   1.9200000e+01  -2.8345197e-01  -2.9302454e-01
   1.9300000e+01  -2.7388049e-01  -3.0319660e-01
   1.9400000e+01  -2.8178365e-01  -3.1292604e-01
   1.9500000e+01  -3.1007165e-01  -2.8270974e-01
   1.9600000e+01  -3.4894961e-01  -2.1917501e-01
   1.9700000e+01  -3.8603461e-01  -1.8024077e-01
   1.9800000e+01  -4.1938320e-01  -2.1026730e-01
   1.9900000e+01  -4.5570608e-01  -2.7549970e-01
   2.0000000e+01  -4.9167998e-01  -2.7952974e-01
   2.0100000e+01  -5.0354964e-01  -1.5507565e-01
   2.0200000e+01  -4.6777438e-01   5.8478628e-02
   2.0300000e+01  -3.9570900e-01   2.3657726e-01
   2.0400000e+01  -3.3726040e-01   2.7712649e-01
   2.0500000e+01  -3.3688304e-01   1.9100524e-01
   2.0600000e+01  -3.8362552e-01   8.5989923e-02
   2.0700000e+01  -4.1280449e-01   6.2733687e-02
   2.0800000e+01  -3.6443231e-01   1.3009726e-01
   2.0900000e+01  -2.4086956e-01   2.1933329e-01
   2.1000000e+01  -1.0563458e-01   2.6557023e-01
   2.1100000e+01  -2.6297798e-02   2.6040431e-01
   2.1200000e+01  -1.8127256e-02   2.3157740e-01
   2.1300000e+01  -3.7951856e-02   1.9869623e-01
   2.1400000e+01  -2.6127520e-02   1.6690644e-01
   2.1500000e+01   4.5051879e-02   1.4882156e-01
   2.1600000e+01   1.5420231e-01   1.6073972e-01
   2.1700000e+01   2.5101252e-01   1.8737924e-01
   2.1800000e+01   2.9328125e-01   1.7367362e-01
   2.1900000e+01   2.7459463e-01   7.7543106e-02
   2.2000000e+01   2.2632506e-01  -7.0940331e-02
   2.2100000e+01   1.9376236e-01  -1.8443863e-01
   2.2200000e+01   2.0237352e-01  -2.0317435e-01
   2.2300000e+01   2.3889908e-01  -1.5588184e-01
   2.2400000e+01   2.6387760e-01  -1.2659790e-01
   2.2500000e+01   2.4755911e-01  -1.6598591e-01
   2.2600000e+01   1.9839614e-01  -2.4533786e-01
   2.2700000e+01   1.5627465e-01  -2.9537163e-01
   2.2800000e+01   1.5427600e-01  -2.7760874e-01
   2.2900000e+01   1.8489367e-01  -2.1303840e-01
   2.3000000e+01   2.0505350e-01  -1.5098465e-01
   2.3100000e+01   1.7685969e-01  -1.2126043e-01
   2.3200000e+01   1.0471614e-01  -1.1524994e-01
   2.3300000e+01   3.2723476e-02  -1.0316138e-01
   2.3400000e+01   5.9535761e-03  -6.4143852e-02
   2.3500000e+01   3.3400425e-02  -3.9120362e-03
   2.3600000e+01   8.4981120e-02   5.0844441e-02
   2.3700000e+01   1.2001662e-01   7.5596370e-02
   2.3800000e+01   1.1856166e-01   7.0963542e-02
   2.3900000e+01   9.1362449e-02   6.5711710e-02
   2.4000000e+01   6.6073873e-02   9.3122276e-02
   2.4100000e+01   6.3517978e-02   1.5716351e-01
   2.4200000e+01   8.1125835e-02   2.1901365e-01
   2.4300000e+01   9.5760560e-02   2.2289369e-01
   2.4400000e+01   8.5656825e-02   1.4649709e-01
   2.4500000e+01   5.3639154e-02   3.2500827e-02
   2.4600000e+01   2.7263900e-02  -3.5263104e-02
   2.4700000e+01   3.1144716e-02  -5.5996735e-04
   2.4800000e+01   5.7926518e-02   1.1026951e-01
   2.4900000e+01   7.0485663e-02   2.0336786e-01
   2.5000000e+01   3.6470537e-02   1.9628646e-01
   2.5100000e+01  -3.8826742e-02   8.9272660e-02
   2.5200000e+01  -1.1363607e-01  -3.9565203e-02
   2.5300000e+01  -1.4261604e-01  -1.0879849e-01
   2.5400000e+01  -1.1147117e-01  -1.0221599e-01
   2.5500000e+01  -4.6958885e-02  -6.6965370e-02
   2.5600000e+01   1.9176811e-03  -5.4212803e-02
   2.5700000e+01  -2.3046740e-03  -7.0888584e-02
   2.5800000e+01  -5.8473880e-02  -8.7471069e-02
   2.5900000e+01  -1.2638893e-01  -8.0068212e-02
   2.6000000e+01  -1.5672825e-01  -5.4489499e-02
   2.6100000e+01  -1.2911796e-01  -3.1864942e-02
   2.6200000e+01  -6.5453971e-02  -2.1484048e-02
   2.6300000e+01  -7.8920043e-03  -1.3155030e-02
   2.6400000e+01   1.4794397e-02   8.0691641e-03
   2.6500000e+01   1.7585772e-03   4.4925714e-02
   2.6600000e+01  -2.9319042e-02   8.3788870e-02
   2.6700000e+01  -5.7216508e-02   1.0273574e-01
   2.6800000e+01  -6.5070006e-02   8.5550172e-02
   2.6900000e+01  -4.5665682e-02   3.5912837e-02
   2.7000000e+01  -8.0424963e-03  -1.7650193e-02
   2.7100000e+01   2.3850759e-02  -3.6151355e-02
   2.7200000e+01   2.7592630e-02   7.3467114e-04
   2.7300000e+01   1.0580963e-03   7.4871674e-02
   2.7400000e+01  -3.7213940e-02   1.4088535e-01
   2.7500000e+01  -6.6964974e-02   1.6131920e-01
   2.7600000e+01  -8.2693431e-02   1.3382392e-01
   2.7700000e+01  -9.0918442e-02   8.6824404e-02
   2.7800000e+01  -9.6282933e-02   5.1904419e-02
   2.7900000e+01  -9.5381480e-02   4.0583410e-02
   2.8000000e+01  -8.3085752e-02   4.2885115e-02
   2.8100000e+01  -6.0429444e-02   4.2384173e-02
   2.8200000e+01  -3.5612930e-02   3.1473329e-02
   2.8300000e+01  -2.0413280e-02   1.5483461e-02
   2.8400000e+01  -2.5350022e-02   4.8475497e-03
   2.8500000e+01  -5.2090712e-02   3.6091007e-03
   2.8600000e+01  -8.5576483e-02   6.1827217e-03
   2.8700000e+01  -9.7260889e-02   6.5898617e-03
   2.8800000e+01  -6.5387629e-02   8.6485773e-03
   2.8900000e+01   2.5483629e-03   2.0995415e-02
   2.9000000e+01   6.9824622e-02   3.9548361e-02
   2.9100000e+01   9.8336145e-02   4.1411085e-02
   2.9200000e+01   8.0214303e-02   5.1962474e-03
   2.9300000e+01   4.4073666e-02  -6.2144741e-02
   2.9400000e+01   3.1394744e-02  -1.2657754e-01
   2.9500000e+01   6.4458198e-02  -1.5932363e-01
   2.9600000e+01   1.2995118e-01  -1.6284940e-01
   2.9700000e+01   1.8723370e-01  -1.5927464e-01
   2.9800000e+01   1.9538240e-01  -1.5804919e-01
   2.9900000e+01   1.4387464e-01  -1.4627584e-01
   3.0000000e+01   6.5824060e-02  -1.1348061e-01
   3.0100000e+01   1.7826959e-02  -7.5032865e-02
   3.0200000e+01   3.5238757e-02  -5.9402882e-02
   3.0300000e+01   9.9543213e-02  -7.3373304e-02
   3.0400000e+01   1.5130320e-01  -9.0970237e-02
   3.0500000e+01   1.4105579e-01  -8.3541465e-02
   3.0600000e+01   7.1755147e-02  -5.5886291e-02
   3.0700000e+01  -5.9632441e-03  -4.3690490e-02
   3.0800000e+01  -3.8021317e-02  -7.3177911e-02
   3.0900000e+01  -8.7727112e-03  -1.2864934e-01
   3.1000000e+01   5.1582286e-02  -1.6418724e-01
   3.1100000e+01   9.2221003e-02  -1.4597949e-01
   3.1200000e+01   7.6452164e-02  -8.1050067e-02
   3.1300000e+01   3.8140628e-03  -7.9779367e-03
   3.1400000e+01  -9.2349919e-02   3.4471558e-02
   3.1500000e+01  -1.7020153e-01   3.0928226e-02
   3.1600000e+01  -2.0930382e-01  -6.3302154e-03
   3.1700000e+01  -2.2000793e-01  -4.5797370e-02
   3.1800000e+01  -2.2526894e-01  -5.2457516e-02
   3.1900000e+01  -2.3623915e-01  -9.5995930e-03
   3.2000000e+01  -2.4676858e-01   6.4599256e-02
   3.2100000e+01  -2.4548932e-01   1.2533579e-01
   3.2200000e+01  -2.2482199e-01   1.3570342e-01
   3.2300000e+01  -1.8018461e-01   9.7623049e-02
   3.2400000e+01  -1.1328486e-01   4.7194900e-02
   3.2500000e+01  -4.3161795e-02   1.9854871e-02
   3.2600000e+01  -3.3881531e-03   2.3702168e-02
   3.2700000e+01  -1.2207625e-02   4.5976417e-02
   3.2800000e+01  -4.4253857e-02   7.6120519e-02
   3.2900000e+01  -4.6258031e-02   1.1340216e-01
   3.3000000e+01   8.9298778e-03   1.5424219e-01
   3.3100000e+01   8.9801538e-02   1.8355575e-01
   3.3200000e+01   1.3808392e-01   1.8653293e-01
   3.3300000e+01   1.3221446e-01   1.6662553e-01
   3.3400000e+01   1.0897482e-01   1.4533920e-01
   3.3500000e+01   1.1858905e-01   1.4219366e-01
   3.3600000e+01   1.6753810e-01   1.5755662e-01
   3.3700000e+01   2.1530202e-01   1.7632521e-01
   3.3800000e+01   2.2394551e-01   1.8482817e-01
   3.3900000e+01   1.9789416e-01   1.7976438e-01
   3.4000000e+01   1.6899726e-01   1.6168211e-01
   3.4100000e+01   1.5216436e-01   1.2679625e-01
   3.4200000e+01   1.3026376e-01   7.1557291e-02
   3.4300000e+01   8.4519252e-02   3.8670195e-03
   3.4400000e+01   2.6098238e-02  -5.7801076e-02
   3.4500000e+01  -1.5008550e-02  -1.0060872e-01
   3.4600000e+01  -2.8222485e-02  -1.2795518e-01
   3.4700000e+01  -3.4166421e-02  -1.4753123e-01
   3.4800000e+01  -5.2588363e-02  -1.5251578e-01
   3.4900000e+01  -7.1164602e-02  -1.2762961e-01
   3.5000000e+01  -6.1629119e-02  -8.0371768e-02
   3.5100000e+01  -2.4784596e-02  -5.5020790e-02
   3.5200000e+01  -1.6623797e-03  -9.6660570e-02
   3.5300000e+01  -2.8226658e-02  -1.9525506e-01
   3.5400000e+01  -8.6376883e-02  -2.7796323e-01
   3.5500000e+01  -1.1503544e-01  -2.7226223e-01
   3.5600000e+01  -7.4216872e-02  -1.7863846e-01
   3.5700000e+01   9.7668632e-03  -7.2470682e-02
   3.5800000e+01   6.9044281e-02  -3.0448705e-02
   3.5900000e+01   6.1249371e-02  -6.0816574e-02
   3.6000000e+01   8.0713166e-03  -1.0948529e-01
   3.6100000e+01  -2.9852616e-02  -1.2582124e-01
   3.6200000e+01  -1.0544115e-02  -1.0879242e-01
   3.6300000e+01   5.5612845e-02  -8.7354209e-02
   3.6400000e+01   1.2112311e-01  -7.1346812e-02
   3.6500000e+01   1.4450514e-01  -3.9072046e-02
   3.6600000e+01   1.2226154e-01   2.5456506e-02
   3.6700000e+01   8.6750588e-02   9.7139017e-02
   3.6800000e+01   7.5565634e-02   1.2458392e-01
   3.6900000e+01   9.7635613e-02   8.1566077e-02
   3.7000000e+01   1.2279551e-01  -9.5961433e-04
   3.7100000e+01   1.0526834e-01  -5.5573446e-02
   3.7200000e+01   2.5288525e-02  -3.0953107e-02
   3.7300000e+01  -8.5701546e-02   6.9534460e-02
   3.7400000e+01  -1.6305998e-01   1.8995180e-01
   3.7500000e+01  -1.6116901e-01   2.5912933e-01
   3.7600000e+01  -9.5274482e-02   2.3833168e-01
   3.7700000e+01  -3.0939317e-02   1.4896261e-01
   3.7800000e+01  -2.6188816e-02   5.8131584e-02
   3.7900000e+01  -8.0061987e-02   2.7480224e-02
   3.8000000e+01  -1.3830097e-01   6.4771426e-02
   3.8100000e+01  -1.4997197e-01   1.2191310e-01
   3.8200000e+01  -1.1644655e-01   1.4167711e-01
   3.8300000e+01  -8.3624090e-02   1.0718016e-01
   3.8400000e+01  -8.9478442e-02   4.7811335e-02
   3.8500000e+01  -1.2462522e-01   3.7082490e-03
   3.8600000e+01  -1.4544658e-01  -8.8877686e-03
   3.8700000e+01  -1.2115114e-01  -5.6908698e-04
   3.8800000e+01  -6.3040656e-02   9.8876707e-03
   3.8900000e+01  -8.5710239e-03   8.5475820e-03
   3.9000000e+01   1.7369058e-02  -1.3062482e-02
   3.9100000e+01   2.1513943e-02  -5.5724578e-02
   3.9200000e+01   2.6165825e-02  -1.0415990e-01
   3.9300000e+01   4.1539225e-02  -1.2915522e-01
   3.9400000e+01   5.7423519e-02  -1.1141779e-01
   3.9500000e+01   5.8041031e-02  -6.6908286e-02
   3.9600000e+01   3.8774918e-02  -3.9593929e-02
   3.9700000e+01   8.1672747e-03  -5.9283909e-02
   3.9800000e+01  -1.9960673e-02  -1.0693530e-01
   3.9900000e+01  -3.2655652e-02  -1.2947352e-01
   4.0000000e+01  -2.2479282e-02  -9.2972488e-02
   4.0100000e+01   4.3988953e-03  -1.7330753e-02
   4.0200000e+01   2.4916919e-02   4.5487582e-02
   4.0300000e+01   1.4697891e-02   6.3886821e-02
   4.0400000e+01  -2.5536789e-02   5.1201078e-02
   4.0500000e+01  -6.4399704e-02   3.9953849e-02
   4.0600000e+01  -7.0253847e-02   4.2164672e-02
   4.0700000e+01  -4.6916196e-02   4.2797458e-02
   4.0800000e+01  -3.0181830e-02   2.8288448e-02
   4.0900000e+01  -4.5926010e-02   9.9737303e-03
   4.1000000e+01  -7.9797359e-02   1.2010307e-02
   4.1100000e+01  -9.4859818e-02   3.8345605e-02
   4.1200000e+01  -7.3209407e-02   5.9089306e-02
   4.1300000e+01  -3.0738112e-02   3.6048856e-02
   4.1400000e+01   6.3360117e-03  -3.5727140e-02
   4.1500000e+01   2.7083038e-02  -1.1412406e-01
   4.1600000e+01   3.5169607e-02  -1.4383057e-01
   4.1700000e+01   3.5888081e-02  -1.0962582e-01
   4.1800000e+01   3.6013002e-02  -5.5035699e-02
   4.1900000e+01   5.0480802e-02  -4.1437552e-02
   4.2000000e+01   9.2485605e-02  -8.5079751e-02
   4.2100000e+01   1.5116171e-01  -1.3934068e-01
   4.2200000e+01   1.9003218e-01  -1.4553884e-01
   4.2300000e+01   1.7928239e-01  -9.8644515e-02
   4.2400000e+01   1.2851475e-01  -5.2852374e-02
   4.2500000e+01   7.9882438e-02  -5.8208681e-02
   4.2600000e+01   6.7486803e-02  -1.0059898e-01
   4.2700000e+01   8.8210464e-02  -1.1599423e-01
   4.2800000e+01   1.1264434e-01  -6.3659111e-02
   4.2900000e+01   1.1787440e-01   2.6601948e-02
   4.3000000e+01   1.0574989e-01   8.7350307e-02
   4.3100000e+01   9.4601763e-02   8.6675371e-02
   4.3200000e+01   1.0042219e-01   5.7208603e-02
   4.3300000e+01   1.2477378e-01   5.2239225e-02
   4.3400000e+01   1.5313125e-01   8.5132452e-02
   4.3500000e+01   1.6204413e-01   1.2131327e-01
   4.3600000e+01   1.3442998e-01   1.2476810e-01
   4.3700000e+01   7.5518562e-02   9.9733240e-02
   4.3800000e+01   1.3348799e-02   8.2187062e-02
   4.3900000e+01  -2.3254878e-02   9.7885181e-02
   4.4000000e+01  -3.1558164e-02   1.3655712e-01
   4.4100000e+01  -3.7888755e-02   1.6562950e-01
   4.4200000e+01  -6.9712096e-02   1.6281561e-01
   4.4300000e+01  -1.2385448e-01   1.3413803e-01
   4.4400000e+01  -1.6528482e-01   1.0463797e-01
   4.4500000e+01  -1.6076904e-01   9.3838033e-02
   4.4600000e+01  -1.1510237e-01   9.7687200e-02
   4.4700000e+01  -7.2921948e-02   9.2606607e-02
   4.4800000e+01  -8.1422194e-02   5.9525756e-02
   4.4900000e+01  -1.4685201e-01   6.1080198e-03
   4.5000000e+01  -2.2472809e-01  -3.6569588e-02
   4.5100000e+01  -2.5417369e-01  -4.1914579e-02
   4.5200000e+01  -2.0779261e-01  -1.2176024e-02
   4.5300000e+01  -1.1445300e-01   2.4708089e-02
   4.5400000e+01  -3.5286390e-02   3.8540678e-02
   4.5500000e+01  -1.3431271e-02   1.5413880e-02
   4.5600000e+01  -4.0932642e-02  -3.9017970e-02
   4.5700000e+01  -7.1066456e-02  -1.0271104e-01
   4.5800000e+01  -6.3373759e-02  -1.4294355e-01
   4.5900000e+01  -1.8838866e-02  -1.3271862e-01
   4.6000000e+01   2.7037726e-02  -7.4396792e-02
   4.6100000e+01   4.3842461e-02  -5.2744746e-03
   4.6200000e+01   3.7150453e-02   3.0602843e-02
   4.6300000e+01   3.9632474e-02   2.0458630e-02
   4.6400000e+01   7.2905239e-02  -9.8300378e-03
   4.6500000e+01   1.2027555e-01  -2.5301849e-02
   4.6600000e+01   1.3848154e-01  -1.3592204e-02
   4.6700000e+01   9.7131378e-02   1.1314678e-02
   4.6800000e+01   8.2077631e-03   2.6303310e-02
   4.6900000e+01  -8.1259372e-02   1.4911477e-02
   4.7000000e+01  -1.2570040e-01  -2.4114841e-02
   4.7100000e+01  -1.1404551e-01  -7.1707332e-02
   4.7200000e+01  -7.2426260e-02  -9.5207975e-02
   4.7300000e+01  -3.8216927e-02  -7.4881825e-02
   4.7400000e+01  -3.0876799e-02  -2.9006470e-02
   4.7500000e+01  -4.3265443e-02  -2.4180446e-03
   4.7600000e+01  -5.5017584e-02  -2.1507269e-02
   4.7700000e+01  -5.1336354e-02  -6.6066808e-02
   4.7800000e+01  -3.1936720e-02  -9.3864134e-02
   4.7900000e+01  -7.8384999e-03  -8.7973952e-02
   4.8000000e+01   8.2564503e-03  -6.8535935e-02
   4.8100000e+01   1.1951737e-02  -6.0346200e-02
   4.8200000e+01   1.1265913e-02  -6.5204841e-02
   4.8300000e+01   1.9550988e-02  -7.2903226e-02
   4.8400000e+01   4.1516237e-02  -8.4349832e-02
   4.8500000e+01   6.7845971e-02  -1.0647077e-01
   4.8600000e+01   8.7228838e-02  -1.2874729e-01
   4.8700000e+01   1.0141870e-01  -1.2438761e-01
   4.8800000e+01   1.2087791e-01  -8.1779365e-02
   4.8900000e+01   1.4394582e-01  -2.1656700e-02
   4.9000000e+01   1.4986842e-01   2.7489191e-02
   4.9100000e+01   1.2195832e-01   6.1457126e-02
   4.9200000e+01   7.4161687e-02   9.3254932e-02
   4.9300000e+01   4.2932347e-02   1.1944374e-01
   4.9400000e+01   4.9110765e-02   1.1505639e-01
   4.9500000e+01   7.6045218e-02   7.0876516e-02
   4.9600000e+01   9.1199635e-02   1.9689036e-02
   4.9700000e+01   8.2404880e-02   6.8744622e-03
   4.9800000e+01   6.3134465e-02   3.8626640e-02
   4.9900000e+01   4.5632823e-02   7.6967070e-02
   5.0000000e+01   2.3195826e-02   8.9198639e-02
   5.0100000e+01  -1.4433990e-02   8.4694562e-02
   5.0200000e+01  -5.7717295e-02   9.0134276e-02
   5.0300000e+01  -8.1641500e-02   1.0142596e-01
   5.0400000e+01  -7.3016718e-02   8.4287934e-02
   5.0500000e+01  -4.4247513e-02   2.7015489e-02
   5.0600000e+01  -1.7106660e-02  -2.7797346e-02
   5.0700000e+01  -3.2589496e-04  -2.3705028e-02
   5.0800000e+01   1.0995626e-02   4.0527285e-02
   5.0900000e+01   1.9158246e-02   9.9665053e-02
   5.1000000e+01   1.6332081e-02   8.8271682e-02
   5.1100000e+01  -5.9900243e-03   1.0422219e-02
   5.1200000e+01  -4.6279992e-02  -6.6591066e-02
   5.1300000e+01  -9.2989647e-02  -8.5589545e-02
   5.1400000e+01  -1.2915052e-01  -5.5410513e-02
   5.1500000e+01  -1.3572104e-01  -2.9595115e-02
   5.1600000e+01  -1.0137717e-01  -3.9630295e-02
   5.1700000e+01  -4.0159337e-02  -6.3636067e-02
   5.1800000e+01   5.6262133e-03  -6.3159328e-02
   5.1900000e+01  -2.9902323e-03  -3.6844177e-02
   5.2000000e+01  -5.9489451e-02  -2.2165810e-02
   5.2100000e+01  -1.1142183e-01  -4.4238141e-02
   5.2200000e+01  -1.1369395e-01  -7.8072147e-02
   5.2300000e+01  -7.8312674e-02  -7.3653818e-02
   5.2400000e+01  -5.8582401e-02  -1.4405664e-02
   5.2500000e+01  -8.2938350e-02   6.1538639e-02
   5.2600000e+01  -1.1765485e-01   1.0146462e-01
   5.2700000e+01  -1.0390294e-01   9.0668591e-02
   5.2800000e+01  -2.4864282e-02   5.8723938e-02
   5.2900000e+01   7.3880580e-02   4.0166476e-02
   5.3000000e+01   1.2799194e-01   4.1025601e-02
   5.3100000e+01   1.0935701e-01   4.6077367e-02
   5.3200000e+01   4.0353431e-02   4.7602218e-02
   5.3300000e+01  -3.1860918e-02   5.4856567e-02
   5.3400000e+01  -6.7895299e-02   7.5005213e-02
   5.3500000e+01  -5.4381084e-02   9.4867198e-02
   5.3600000e+01  -6.6116931e-03   9.0339459e-02
   5.3700000e+01   4.3543533e-02   5.3779846e-02
   5.3800000e+01   7.1850499e-02   6.2587875e-03
   5.3900000e+01   8.0944311e-02  -2.0614475e-02
   5.4000000e+01   9.3063498e-02  -1.2722153e-02
   5.4100000e+01   1.2026483e-01   1.9016604e-02
   5.4200000e+01   1.4549530e-01   5.4889665e-02
   5.4300000e+01   1.3940728e-01   8.1906433e-02
   5.4400000e+01   9.6098853e-02   9.1584519e-02
   5.4500000e+01   4.6603807e-02   7.3058744e-02
   5.4600000e+01   3.2648816e-02   2.1820709e-02
   5.4700000e+01   6.6734502e-02  -4.3787789e-02
   5.4800000e+01   1.1861342e-01  -8.7367225e-02
   5.4900000e+01   1.4093050e-01  -8.6080910e-02
   5.5000000e+01   1.1009385e-01  -5.4216746e-02
   5.5100000e+01   4.6678241e-02  -2.6465186e-02
   5.5200000e+01  -1.5261231e-03  -1.8716634e-02
   5.5300000e+01   3.8899172e-04  -1.5673084e-02
   5.5400000e+01   4.5013245e-02  -9.0778476e-04
   5.5500000e+01   8.9806742e-02   1.1809352e-02
   5.5600000e+01   9.4949890e-02  -9.5692745e-03
   5.5700000e+01   5.6890992e-02  -7.2041514e-02
   5.5800000e+01   6.7357710e-03  -1.3732734e-01
   5.5900000e+01  -2.1776441e-02  -1.5362848e-01
   5.6000000e+01  -2.0827647e-02  -1.0744319e-01
   5.6100000e+01  -8.6292489e-03  -4.0449231e-02
   5.6200000e+01  -8.8207668e-03  -1.3633632e-02
   5.6300000e+01  -3.2870569e-02  -5.3295455e-02
   5.6400000e+01  -7.5692156e-02  -1.2879136e-01
   5.6500000e+01  -1.1893209e-01  -1.8105715e-01
   5.6600000e+01  -1.3949154e-01  -1.7513301e-01
   5.6700000e+01  -1.2639023e-01  -1.2852128e-01
   5.6800000e+01  -9.6463942e-02  -8.9653006e-02
   5.6900000e+01  -8.6517421e-02  -8.9264698e-02
   5.7000000e+01  -1.1860236e-01  -1.1482056e-01
   5.7100000e+01  -1.7265297e-01  -1.3206238e-01
   5.7200000e+01  -2.0297561e-01  -1.2440890e-01
   5.7300000e+01  -1.8605033e-01  -1.0301005e-01
   5.7400000e+01  -1.4516466e-01  -8.0585723e-02
   5.7500000e+01  -1.2212160e-01  -4.9253575e-02
   5.7600000e+01  -1.3097358e-01   5.4625318e-03
   5.7700000e+01  -1.4950444e-01   7.4351158e-02
   5.7800000e+01  -1.5351492e-01   1.2303125e-01
   5.7900000e+01  -1.4507785e-01   1.2728735e-01
   5.8000000e+01  -1.3948237e-01   1.0296335e-01
   5.8100000e+01  -1.3422128e-01   9.1974216e-02
   5.8200000e+01  -1.0630097e-01   1.1931201e-01
   5.8300000e+01  -4.3536373e-02   1.6989409e-01
   5.8400000e+01   3.1134690e-02   2.0769373e-01
   5.8500000e+01   7.5615129e-02   2.1027447e-01
   5.8600000e+01   6.9624149e-02   1.8126861e-01
   5.8700000e+01   3.6700827e-02   1.3718287e-01
   5.8800000e+01   2.3999376e-02   9.3398353e-02
   5.8900000e+01   5.9250771e-02   6.3835141e-02
   5.9000000e+01   1.2514286e-01   6.2810487e-02
   5.9100000e+01   1.7447557e-01   9.5845906e-02
   5.9200000e+01   1.7222425e-01   1.4770906e-01
   5.9300000e+01   1.2594029e-01   1.8598980e-01
   5.9400000e+01   7.7277093e-02   1.8177872e-01
   5.9500000e+01   6.5780962e-02   1.2949532e-01
   5.9600000e+01   1.0161872e-01   5.0356123e-02
   5.9700000e+01   1.6806677e-01  -1.9890816e-02
   5.9800000e+01   2.3893024e-01  -5.0425286e-02
   5.9900000e+01   2.8754172e-01  -3.4446941e-02
   6.0000000e+01   2.8953472e-01   2.7783046e-03
   6.0100000e+01   2.3670829e-01   1.9499861e-02
   6.0200000e+01   1.5588519e-01  -7.7854301e-03
   6.0300000e+01   1.0115012e-01  -6.1343661e-02
   6.0400000e+01   1.0960678e-01  -9.9299120e-02
   6.0500000e+01   1.6138823e-01  -9.8837634e-02
   6.0600000e+01   1.9349291e-01  -7.7222615e-02
   6.0700000e+01   1.6076386e-01  -6.5684045e-02
   6.0800000e+01   8.0845159e-02  -6.9291796e-02
   6.0900000e+01   1.4615342e-02  -6.4106232e-02
   6.1000000e+01   3.7708455e-03  -3.4727112e-02
   6.1100000e+01   3.1154212e-02  -2.6029595e-03
   6.1200000e+01   4.1040519e-02  -6.9997666e-03
   6.1300000e+01  -6.0760329e-03  -6.0239321e-02
   6.1400000e+01  -9.8728447e-02  -1.2963335e-01
   6.1500000e+01  -1.8770151e-01  -1.6547873e-01
   6.1600000e+01  -2.2823198e-01  -1.4378474e-01
   6.1700000e+01  -2.1116491e-01  -8.3071277e-02
   6.1800000e+01  -1.6127133e-01  -2.6441212e-02
   6.1900000e+01  -1.1383368e-01  -9.6292140e-03
   6.2000000e+01  -9.4341699e-02  -3.8275871e-02
   6.2100000e+01  -1.1197176e-01  -8.5625163e-02
   6.2200000e+01  -1.5907513e-01  -1.1104456e-01
   6.2300000e+01  -2.1100538e-01  -8.9225466e-02
   6.2400000e+01  -2.3499560e-01  -2.9542110e-02
   6.2500000e+01  -2.1374170e-01   3.1705371e-02
   6.2600000e+01  -1.6514541e-01   6.0673702e-02
   6.2700000e+01  -1.3017424e-01   5.0237594e-02
   6.2800000e+01  -1.3150611e-01   1.8646518e-02
   6.2900000e+01  -1.4553483e-01  -1.0237274e-02
   6.3000000e+01  -1.2426761e-01  -2.2611777e-02
   6.3100000e+01  -4.8805311e-02  -1.6916219e-02
   6.3200000e+01   4.4238572e-02  -1.3061224e-03
   6.3300000e+01   9.5288725e-02   8.1980533e-03
   6.3400000e+01   7.9388270e-02  -2.9666008e-03
   6.3500000e+01   2.7190637e-02  -2.9954347e-02
   6.3600000e+01  -9.8314754e-03  -4.3506214e-02
   6.3700000e+01  -8.2840360e-03  -1.6380724e-02
   6.3800000e+01   1.4855838e-02   4.0889882e-02
   6.3900000e+01   3.0157685e-02   8.2366813e-02
   6.4000000e+01   2.5448817e-02   7.5700645e-02
   6.4100000e+01   8.6677654e-03   4.2061688e-02
   6.4200000e+01  -6.1568128e-03   3.2266814e-02
   6.4300000e+01  -6.7004218e-03   6.3419041e-02
   6.4400000e+01   1.6752329e-02   9.6842444e-02
   6.4500000e+01   6.2860930e-02   8.8766855e-02
   6.4600000e+01   1.0796901e-01   4.8992756e-02
   6.4700000e+01   1.1686711e-01   3.0041909e-02
   6.4800000e+01   7.8626156e-02   6.0812599e-02
   6.4900000e+01   2.8347133e-02   1.1128913e-01
   6.5000000e+01   1.8533526e-02   1.3097638e-01
   6.5100000e+01   6.3277108e-02   1.0683634e-01
   6.5200000e+01   1.2025780e-01   6.8393365e-02
   6.5300000e+01   1.3600245e-01   4.4263429e-02
   6.5400000e+01   1.0234201e-01   3.3307084e-02
   6.5500000e+01   5.7822822e-02   2.0471886e-02
   6.5600000e+01   3.8070401e-02   2.5321136e-03
   6.5700000e+01   4.1276647e-02  -1.4238282e-02
   6.5800000e+01   4.7706996e-02  -3.2060312e-02
   6.5900000e+01   5.6395677e-02  -6.1176182e-02
   6.6000000e+01   8.2974981e-02  -1.0074584e-01
   6.6100000e+01   1.2319071e-01  -1.3188547e-01
   6.6200000e+01   1.3945880e-01  -1.3539021e-01
   6.6300000e+01   9.8256881e-02  -1.1140474e-01
   6.6400000e+01   1.4655645e-02  -7.8013161e-02
   6.6500000e+01  -5.5387629e-02  -5.4635593e-02
   6.6600000e+01  -7.1510880e-02  -5.0065134e-02
   6.6700000e+01  -4.9603418e-02  -6.1655333e-02
   6.6800000e+01  -3.9506788e-02  -7.9226614e-02
   6.6900000e+01  -6.6468272e-02  -9.0413145e-02
   6.7000000e+01  -1.0416058e-01  -8.8102540e-02
   6.7100000e+01  -1.0895243e-01  -7.4800377e-02
   6.7200000e+01  -7.4511468e-02  -5.7075949e-02
   6.7300000e+01  -4.3502667e-02  -3.5035864e-02
   6.7400000e+01  -6.2147150e-02  -5.9188845e-04
   6.7500000e+01  -1.2735525e-01   5.1726207e-02
   6.7600000e+01  -1.8451358e-01   1.1376963e-01
   6.7700000e+01  -1.7906612e-01   1.6484175e-01
   6.7800000e+01  -1.0816418e-01   1.8309561e-01
   6.7900000e+01  -2.1214763e-02   1.5785070e-01
   6.8000000e+01   2.6169193e-02   9.7382298e-02
   6.8100000e+01   1.5562077e-02   2.9431788e-02
   6.8200000e+01  -3.0488778e-02  -1.0380644e-02
   6.8300000e+01  -7.4860235e-02  -1.4990888e-03
   6.8400000e+01  -8.9985911e-02   4.2923132e-02
   6.8500000e+01  -6.5795188e-02   8.1623954e-02
   6.8600000e+01  -1.0778006e-02   7.5573159e-02
   6.8700000e+01   4.9189470e-02   1.8438333e-02
   6.8800000e+01   8.4232980e-02  -5.9289103e-02
   6.8900000e+01   8.5780426e-02  -1.1486660e-01
   6.9000000e+01   7.7952527e-02  -1.2440196e-01
   6.9100000e+01   9.3388041e-02  -9.5807759e-02
   6.9200000e+01   1.3383466e-01  -5.6732175e-02
   6.9300000e+01   1.6231837e-01  -3.0933842e-02
   6.9400000e+01   1.4111052e-01  -2.3554651e-02
   6.9500000e+01   7.3483943e-02  -2.5292727e-02
   6.9600000e+01   1.1518154e-03  -2.7369696e-02
   6.9700000e+01  -3.6654989e-02  -3.0513842e-02
   6.9800000e+01  -3.3285729e-02  -4.0125114e-02
   6.9900000e+01  -6.6603016e-03  -5.5387814e-02
   7.0000000e+01   2.3801794e-02  -6.4876627e-02
   7.0100000e+01   4.4346106e-02  -5.2618044e-02
   7.0200000e+01   4.3344601e-02  -9.1792969e-03
   7.0300000e+01   1.9070255e-02   5.9687172e-02
   7.0400000e+01  -8.0964248e-03   1.3256698e-01
   7.0500000e+01  -8.2239003e-03   1.8266692e-01
   7.0600000e+01   2.2146566e-02   1.9368153e-01
   7.0700000e+01   4.5426702e-02   1.6820496e-01
   7.0800000e+01   1.9710939e-02   1.2092076e-01
   7.0900000e+01  -4.8897516e-02   6.5975046e-02
   7.1000000e+01  -1.0273004e-01   1.4097452e-02
   7.1100000e+01  -8.8573934e-02  -2.1788107e-02
   7.1200000e+01  -1.2978030e-02  -2.9484655e-02
   7.1300000e+01   6.2775879e-02  -1.2768064e-02
   7.1400000e+01   7.9181985e-02   3.2312314e-03
   7.1500000e+01   2.6896234e-02  -5.9959643e-03
   7.1600000e+01  -5.3390773e-02  -3.5408965e-02
   7.1700000e+01  -1.0745084e-01  -5.3171803e-02
   7.1800000e+01  -1.0394648e-01  -3.8065199e-02
   7.1900000e+01  -4.8465345e-02  -7.3374862e-03
   7.2000000e+01   2.5850100e-02   1.5083620e-03
   7.2100000e+01   8.1603253e-02  -2.6086595e-02
   7.2200000e+01   9.9538380e-02  -6.6802906e-02
   7.2300000e+01   8.4603211e-02  -8.9559374e-02
   7.2400000e+01   5.3125884e-02  -9.0951228e-02
   7.2500000e+01   1.6923895e-02  -9.3124444e-02
   7.2600000e+01  -1.9334247e-02  -1.1134977e-01
   7.2700000e+01  -5.1041562e-02  -1.3397890e-01
   7.2800000e+01  -7.2274436e-02  -1.3641360e-01
   7.2900000e+01  -8.2002654e-02  -1.0749215e-01
   7.3000000e+01  -8.3746466e-02  -5.7223076e-02
   7.3100000e+01  -7.4853404e-02  -3.3050830e-03
   7.3200000e+01  -4.3836082e-02   4.2260951e-02
   7.3300000e+01   1.1280090e-02   7.2924281e-02
   7.3400000e+01   6.4290713e-02   8.1503760e-02
   7.3500000e+01   7.4835082e-02   6.1376100e-02
   7.3600000e+01   3.0514647e-02   1.5274036e-02
   7.3700000e+01  -3.1108967e-02  -3.8775256e-02
   7.3800000e+01  -5.4658515e-02  -7.2314565e-02
   7.3900000e+01  -2.3395659e-02  -6.0996621e-02
   7.4000000e+01   2.4068711e-02  -1.1300722e-03
   7.4100000e+01   3.7417878e-02   8.2342324e-02
   7.4200000e+01   8.6618744e-03   1.4572162e-01
   7.4300000e+01  -2.4301466e-02   1.5354887e-01
   7.4400000e+01  -2.4485989e-02   1.0547819e-01
   7.4500000e+01   4.1131584e-03   3.9012689e-02
   7.4600000e+01   2.6923885e-02   1.1260973e-03
   7.4700000e+01   2.1789429e-02   1.1559649e-02
   7.4800000e+01   2.2444637e-03   5.1533399e-02
   7.4900000e+01  -2.9707244e-03   8.7146568e-02
   7.5000000e+01   1.3626162e-02   1.0043421e-01
   7.5100000e+01   2.9208812e-02   9.4715693e-02
   7.5200000e+01   1.8477493e-02   7.4241563e-02
   7.5300000e+01  -1.4768434e-02   3.1304938e-02
   7.5400000e+01  -3.9807432e-02  -3.7165855e-02
   7.5500000e+01  -3.3972310e-02  -1.0602235e-01
   7.5600000e+01  -1.0443524e-02  -1.3192852e-01
   7.5700000e+01  -4.4489916e-03  -9.7267355e-02
   7.5800000e+01  -3.0899536e-02  -3.6629078e-02
   7.5900000e+01  -6.2641150e-02  -5.3264018e-03
   7.6000000e+01  -5.8086647e-02  -2.0120836e-02
   7.6100000e+01  -9.7941751e-03  -4.4012527e-02
   7.6200000e+01   4.1498274e-02  -3.6832502e-02
   7.6300000e+01   4.5688490e-02  -8.6610588e-03
   7.6400000e+01  -5.7179551e-03  -5.9111606e-03
   7.6500000e+01  -6.9992023e-02  -4.6243127e-02
   7.6600000e+01  -9.3213355e-02  -8.7500846e-02
   7.6700000e+01  -5.8525657e-02  -7.4257603e-02
   7.6800000e+01   2.0900235e-03  -5.5719020e-03
   7.6900000e+01   3.9233990e-02   6.0322067e-02
   7.7000000e+01   3.0166307e-02   6.9699170e-02
   7.7100000e+01  -2.3827042e-03   2.9028222e-02
   7.7200000e+01  -1.2894362e-02  -7.4870348e-03
   7.7300000e+01   2.0906719e-02   4.7158987e-03
   7.7400000e+01   7.0782531e-02   6.3906505e-02
   7.7500000e+01   8.0837256e-02   1.3347708e-01
   7.7600000e+01   2.4842784e-02   1.7404882e-01
   7.7700000e+01  -5.9455057e-02   1.6360263e-01
   7.7800000e+01  -1.0095801e-01   1.0291143e-01
   7.7900000e+01  -6.4355521e-02   1.6276261e-02
   7.8000000e+01   1.5636357e-02  -5.5794513e-02
   7.8100000e+01   7.2983012e-02  -7.9521930e-02
   7.8200000e+01   7.7631875e-02  -5.4174025e-02
   7.8300000e+01   5.5815048e-02  -1.5190435e-02
   7.8400000e+01   4.6648622e-02  -5.4168121e-03
   7.8500000e+01   5.3912369e-02  -3.8518039e-02
   7.8600000e+01   5.0797730e-02  -8.7918987e-02
   7.8700000e+01   2.3935573e-02  -1.1047792e-01
   7.8800000e+01  -4.4802645e-03  -8.3365795e-02
   7.8900000e+01  -3.9712898e-03  -2.3695362e-02
   7.9000000e+01   2.5003444e-02   2.3962325e-02
   7.9100000e+01   4.9450015e-02   2.2622182e-02
   7.9200000e+01   3.9728836e-02  -2.6425588e-02
   7.9300000e+01  -7.7697157e-04  -8.3584150e-02
   7.9400000e+01  -4.2825740e-02  -1.0488696e-01
   7.9500000e+01  -6.1155344e-02  -8.0946551e-02
   7.9600000e+01  -5.3113326e-02  -4.2094346e-02
   7.9700000e+01  -3.2984973e-02  -2.2807029e-02
   7.9800000e+01  -1.6142680e-02  -2.4808384e-02
   7.9900000e+01  -9.4870904e-03  -2.2861554e-02
   8.0000000e+01  -1.0486236e-02  -4.2875555e-03
