   1.0216695e+02   2.8619730e+01   1.8789200e+03
   1.0221618e+02   2.8602761e+01   2.5212700e+03
   0.0000000e+00   8.0974907e-01   8.0974907e-01
   1.0000000e-01   9.3579840e-01   7.2213084e-01
   2.0000000e-01   1.0000000e+00   7.1423737e-01
   3.0000000e-01   9.6924481e-01   7.2553406e-01
   4.0000000e-01   9.1035526e-01   6.8373572e-01
   5.0000000e-01   8.8443186e-01   5.9205430e-01
   6.0000000e-01   8.6121834e-01   5.0101086e-01
   7.0000000e-01   7.7937487e-01   4.2642495e-01
   8.0000000e-01   6.5447996e-01   3.3671525e-01
   9.0000000e-01   5.6244420e-01   2.1317857e-01
   1.0000000e+00   5.1914722e-01   8.3674489e-02
   1.1000000e+00   4.4290855e-01  -1.4736309e-02
   1.2000000e+00   2.6668045e-01  -8.1440838e-02
   1.3000000e+00   3.9679717e-02  -1.4458450e-01
   1.4000000e+00  -1.3141487e-01  -2.2377218e-01
   1.5000000e+00  -2.1809460e-01  -3.1818277e-01
   1.6000000e+00  -2.9140611e-01  -4.2199849e-01
   1.7000000e+00  -4.0966406e-01  -5.3005326e-01
   1.8000000e+00  -5.4075576e-01  -6.2637121e-01
   1.9000000e+00  -6.2082718e-01  -6.8472814e-01
   2.0000000e+00  -6.4853493e-01  -6.9200955e-01
   2.1000000e+00  -6.7775929e-01  -6.6599820e-01
   2.2000000e+00  -7.3328108e-01  -6.4216227e-01
   2.3000000e+00  -7.7863486e-01  -6.4235413e-01
   2.4000000e+00  -7.7298707e-01  -6.5756536e-01
   2.5000000e+00  -7.2430296e-01  -6.5855707e-01
   2.6000000e+00  -6.6764059e-01  -6.2203066e-01
   2.7000000e+00  -6.1429266e-01  -5.5090910e-01
   2.8000000e+00  -5.4860192e-01  -4.7336272e-01
   2.9000000e+00  -4.6640540e-01  -4.1997086e-01
   3.0000000e+00  -3.9002380e-01  -3.9723647e-01
   3.1000000e+00  -3.3895446e-01  -3.8245476e-01
   3.2000000e+00  -3.0284818e-01  -3.4570519e-01
   3.3000000e+00  -2.5539903e-01  -2.7659867e-01
   3.4000000e+00  -1.8735835e-01  -1.9027220e-01
   3.5000000e+00  -1.1451961e-01  -1.1195555e-01
   3.6000000e+00  -5.5578922e-02  -5.8925907e-02
   3.7000000e+00  -1.3301080e-02  -3.2521775e-02
   3.8000000e+00   1.9173279e-02  -1.9315212e-02
   3.9000000e+00   4.2090306e-02   3.4474030e-04
   4.0000000e+00   4.7867569e-02   3.6752503e-02
   4.1000000e+00   3.5004892e-02   7.8839278e-02
   4.2000000e+00   1.7023433e-02   1.0228033e-01
   4.3000000e+00   1.5902203e-02   9.5133544e-02
   4.4000000e+00   4.8691761e-02   7.3204606e-02
   4.5000000e+00   1.1739552e-01   6.5002388e-02
   4.6000000e+00   2.0327089e-01   8.3372821e-02
   4.7000000e+00   2.6913107e-01   1.1809862e-01
   4.8000000e+00   2.7864438e-01   1.5543348e-01
   4.9000000e+00   2.2599566e-01   1.9538650e-01
   5.0000000e+00   1.4606381e-01   2.4406650e-01
   5.1000000e+00   8.6824566e-02   2.9524263e-01
   5.2000000e+00   7.0110920e-02   3.2956280e-01
   5.3000000e+00   8.3821439e-02   3.3375400e-01
   5.4000000e+00   1.0803056e-01   3.1478155e-01
   5.5000000e+00   1.3512331e-01   2.9209516e-01
   5.6000000e+00   1.6159425e-01   2.7958508e-01
   5.7000000e+00   1.7598069e-01   2.7829356e-01
   5.8000000e+00   1.6840004e-01   2.8337835e-01
   5.9000000e+00   1.4470808e-01   2.9200471e-01
   6.0000000e+00   1.1747187e-01   3.0287323e-01
   6.1000000e+00   8.6943487e-02   3.1200239e-01
   6.2000000e+00   4.6603553e-02   3.1310472e-01
   6.3000000e+00   7.4756220e-03   3.0266340e-01
   6.4000000e+00  -2.3215921e-03   2.8298169e-01
   6.5000000e+00   2.7016376e-02   2.5914592e-01
   6.6000000e+00   6.5234997e-02   2.3325319e-01
   6.7000000e+00   7.2372803e-02   2.0254488e-01
   6.8000000e+00   4.7381348e-02   1.6389267e-01
   6.9000000e+00   3.0912736e-02   1.1967199e-01
   7.0000000e+00   5.6049067e-02   7.7481203e-02
   7.1000000e+00   1.0761306e-01   4.2595230e-02
   7.2000000e+00   1.3820441e-01   1.1507434e-02
   7.3000000e+00   1.1922181e-01  -2.4362335e-02
   7.4000000e+00   6.8334009e-02  -6.7054403e-02
   7.5000000e+00   2.8036962e-02  -1.0592747e-01
   7.6000000e+00   2.4257848e-02  -1.2626418e-01
   7.7000000e+00   4.8495136e-02  -1.2484318e-01
   7.8000000e+00   7.4855386e-02  -1.1469883e-01
   7.9000000e+00   8.5785256e-02  -1.1248841e-01
   8.0000000e+00   7.7855512e-02  -1.2265359e-01
   8.1000000e+00   5.0402144e-02  -1.3704590e-01
   8.2000000e+00   2.8978770e-03  -1.4946129e-01
   8.3000000e+00  -5.1199021e-02  -1.6514488e-01
   8.4000000e+00  -8.0212647e-02  -1.9196057e-01
   8.5000000e+00  -6.0127242e-02  -2.2528133e-01
   8.6000000e+00  -5.3562353e-03  -2.4849908e-01
   8.7000000e+00   3.9232947e-02  -2.5031405e-01
   8.8000000e+00   4.2439198e-02  -2.3638549e-01
   8.9000000e+00   1.4010358e-02  -2.2023506e-01
   9.0000000e+00  -1.6500632e-02  -2.0702277e-01
   9.1000000e+00  -3.5302211e-02  -1.9268168e-01
   9.2000000e+00  -4.6427934e-02  -1.7689883e-01
   9.3000000e+00  -4.8282673e-02  -1.6759852e-01
   9.4000000e+00  -2.9952507e-02  -1.6880034e-01
   9.5000000e+00   5.2138205e-03  -1.7140796e-01
   9.6000000e+00   3.0486449e-02  -1.6403123e-01
   9.7000000e+00   2.2878582e-02  -1.5004812e-01
   9.8000000e+00  -9.6724730e-03  -1.4459512e-01
   9.9000000e+00  -4.0852040e-02  -1.5248423e-01
   1.0000000e+01  -6.0421776e-02  -1.5682651e-01
   1.0100000e+01  -8.1895033e-02  -1.3581767e-01
   1.0200000e+01  -1.1558343e-01  -8.7875334e-02
   1.0300000e+01  -1.4827614e-01  -3.4474368e-02
   1.0400000e+01  -1.5776739e-01   1.2941187e-03
   1.0500000e+01  -1.4014832e-01   1.4544146e-02
   1.0600000e+01  -1.1348943e-01   1.7756731e-02
   1.0700000e+01  -9.6351342e-02   2.6210679e-02
   1.0800000e+01  -8.9820531e-02   4.6826141e-02
   1.0900000e+01  -8.1738908e-02   7.6798878e-02
   1.1000000e+01  -6.3877757e-02   1.0798205e-01
   1.1100000e+01  -4.2388630e-02   1.3326560e-01
   1.1200000e+01  -3.2580067e-02   1.5246605e-01
   1.1300000e+01  -4.3820260e-02   1.7238855e-01
   1.1400000e+01  -6.8119454e-02   1.9819959e-01
   1.1500000e+01  -8.3652175e-02   2.2419704e-01
   1.1600000e+01  -7.1908084e-02   2.3666375e-01
   1.1700000e+01  -3.3121278e-02   2.2858828e-01
   1.1800000e+01   1.5166041e-02   2.0958582e-01
   1.1900000e+01   5.4414941e-02   1.9752246e-01
   1.2000000e+01   7.8738514e-02   2.0010649e-01
   1.2100000e+01   9.2524590e-02   2.0789646e-01
   1.2200000e+01   9.7463281e-02   2.0672968e-01
   1.2300000e+01   8.6273887e-02   1.9371010e-01
   1.2400000e+01   5.2378251e-02   1.7714245e-01
   1.2500000e+01   5.2136094e-03   1.6216037e-01
   1.2600000e+01  -2.9124104e-02   1.4246802e-01
   1.2700000e+01  -2.8947146e-02   1.0992092e-01
   1.2800000e+01  -6.3566787e-04   6.8894313e-02
   1.2900000e+01   2.3402323e-02   3.4691741e-02
   1.3000000e+01   1.5940531e-02   1.5822568e-02
   1.3100000e+01  -1.6279995e-02   2.2262344e-03
   1.3200000e+01  -3.9517832e-02  -2.4402308e-02
   1.3300000e+01  -2.9845459e-02  -6.9369688e-02
   1.3400000e+01   1.1787863e-03  -1.1779518e-01
   1.3500000e+01   2.0306713e-02  -1.4935665e-01
   1.3600000e+01   8.7878587e-03  -1.5716586e-01
   1.3700000e+01  -1.9562666e-02  -1.5036226e-01
   1.3800000e+01  -3.5481292e-02  -1.4116083e-01
   1.3900000e+01  -2.4854649e-02  -1.3388505e-01
   1.4000000e+01  -4.4128306e-04  -1.2700857e-01
   1.4100000e+01   1.4387240e-02  -1.2130450e-01
   1.4200000e+01   1.0504604e-02  -1.2134011e-01
   1.4300000e+01   6.5332028e-04  -1.2867605e-01
   1.4400000e+01   3.0618439e-03  -1.3684786e-01
   1.4500000e+01   2.0001879e-02  -1.3586505e-01
   1.4600000e+01   3.6262547e-02  -1.2170446e-01
   1.4700000e+01   3.9479851e-02  -9.9719558e-02
   1.4800000e+01   3.6546355e-02  -7.7845166e-02
   1.4900000e+01   4.4042817e-02  -5.7610801e-02
   1.5000000e+01   6.4995818e-02  -3.3975752e-02
   1.5100000e+01   8.4017185e-02  -4.9015756e-03
   1.5200000e+01   8.7919622e-02   2.0523253e-02
   1.5300000e+01   8.2401908e-02   2.6633183e-02
   1.5400000e+01   8.0915856e-02   6.4423552e-03
   1.5500000e+01   8.3059951e-02  -2.7152542e-02
   1.5600000e+01   7.5633486e-02  -4.7365044e-02
   1.5700000e+01   5.4932846e-02  -3.4294726e-02
   1.5800000e+01   3.5743373e-02   6.8508656e-03
   1.5900000e+01   3.1960057e-02   4.7211485e-02
   1.6000000e+01   3.7022445e-02   5.6224552e-02
   1.6100000e+01   3.3335107e-02   2.6377722e-02
   1.6200000e+01   1.6791192e-02  -2.0549776e-02
   1.6300000e+01   8.9979355e-04  -5.1223155e-02
   1.6400000e+01  -3.2686351e-03  -4.6620906e-02
   1.6500000e+01   8.1303952e-05  -1.3853620e-02
   1.6600000e+01   2.7743523e-03   2.3770472e-02
   1.6700000e+01   6.0866987e-03   4.6401879e-02
   1.6800000e+01   1.2847515e-02   4.9622803e-02
   1.6900000e+01   1.2220092e-02   4.2355589e-02
   1.7000000e+01  -1.3097133e-02   3.6909777e-02
   1.7100000e+01  -6.0791122e-02   3.9958363e-02
   1.7200000e+01  -1.0063551e-01   4.8907334e-02
   1.7300000e+01  -1.0186819e-01   5.4628877e-02
   1.7400000e+01  -6.6864393e-02   4.9261925e-02
   1.7500000e+01  -3.0729135e-02   3.3935513e-02
   1.7600000e+01  -2.6441261e-02   1.9281814e-02
   1.7700000e+01  -5.3965138e-02   1.7017284e-02
   1.7800000e+01  -8.3798026e-02   2.9922602e-02
   1.7900000e+01  -8.6806067e-02   4.9513201e-02
   1.8000000e+01  -5.9433053e-02   6.2833587e-02
   1.8100000e+01  -2.3967890e-02   6.1749868e-02
   1.8200000e+01  -7.6899553e-03   4.8148719e-02
   1.8300000e+01  -1.9693067e-02   3.3139007e-02
   1.8400000e+01  -4.4025262e-02   3.0726597e-02
   1.8500000e+01  -5.4967914e-02   4.7543115e-02
   1.8600000e+01  -4.1152218e-02   7.4434374e-02
   1.8700000e+01  -1.5154331e-02   8.9024855e-02
   1.8800000e+01   1.5369658e-03   7.1915460e-02
   1.8900000e+01   1.6118581e-03   2.5079546e-02
   1.9000000e+01  -2.8593039e-03  -2.5235639e-02
   1.9100000e+01   2.4319713e-03  -4.6957665e-02
   1.9200000e+01   1.6764354e-02  -2.7788644e-02
   1.9300000e+01   2.7335793e-02   1.4209808e-02
   1.9400000e+01   2.6004286e-02   4.4688096e-02
   1.9500000e+01   1.7608271e-02   4.0046927e-02
   1.9600000e+01   1.1604573e-02   4.7720545e-03
   1.9700000e+01   1.0640779e-02  -3.5005116e-02
   1.9800000e+01   1.0531931e-02  -5.5160720e-02
   1.9900000e+01   8.8606926e-03  -5.3083445e-02
   2.0000000e+01   9.4934706e-03  -4.6147086e-02
   2.0100000e+01   1.8123131e-02  -5.2244731e-02
   2.0200000e+01   3.5260885e-02  -7.1891644e-02
   2.0300000e+01   5.4010959e-02  -8.8399308e-02
   2.0400000e+01   6.3858882e-02  -8.4319320e-02
   2.0500000e+01   5.7605801e-02  -5.7841048e-02
   2.0600000e+01   3.7270588e-02  -2.4935365e-02
   2.0700000e+01   1.4093312e-02  -6.6856422e-03
   2.0800000e+01   7.0188831e-04  -1.2810432e-02
   2.0900000e+01   1.2162964e-03  -3.4164823e-02
   2.1000000e+01   9.1554398e-03  -4.9967027e-02
   2.1100000e+01   1.5677897e-02  -4.4427123e-02
   2.1200000e+01   1.8913544e-02  -1.9315472e-02
   2.1300000e+01   2.3828513e-02   8.6031976e-03
   2.1400000e+01   3.3489906e-02   2.2992068e-02
   2.1500000e+01   4.2597137e-02   2.1479399e-02
   2.1600000e+01   4.0946535e-02   1.4714548e-02
   2.1700000e+01   2.3108611e-02   1.3613711e-02
   2.1800000e+01  -5.5645495e-03   1.9026035e-02
   2.1900000e+01  -3.2152421e-02   2.3547656e-02
   2.2000000e+01  -4.5429274e-02   2.1215704e-02
   2.2100000e+01  -4.3227833e-02   1.3566290e-02
   2.2200000e+01  -3.2278394e-02   6.5230963e-03
   2.2300000e+01  -2.1705205e-02   3.2398100e-03
   2.2400000e+01  -1.6663657e-02   1.6066844e-03
   2.2500000e+01  -1.7363025e-02  -1.0376606e-03
   2.2600000e+01  -2.2234540e-02  -2.1604984e-03
   2.2700000e+01  -2.9837896e-02   4.6867488e-03
   2.2800000e+01  -3.7399480e-02   2.1219316e-02
   2.2900000e+01  -4.0001951e-02   3.7846669e-02
   2.3000000e+01  -3.4407704e-02   3.8842700e-02
   2.3100000e+01  -2.4455659e-02   1.6911828e-02
   2.3200000e+01  -2.0390500e-02  -1.7241627e-02
   2.3300000e+01  -2.9881846e-02  -4.1896233e-02
   2.3400000e+01  -4.8749135e-02  -4.2650721e-02
   2.3500000e+01  -6.2067746e-02  -2.4332285e-02
   2.3600000e+01  -5.6673445e-02  -4.9562861e-03
   2.3700000e+01  -3.3674781e-02   1.2902985e-03
   2.3800000e+01  -8.2636798e-03  -5.1763174e-03
   2.3900000e+01   3.6253597e-03  -1.3634964e-02
   2.4000000e+01  -1.0546205e-03  -1.5145159e-02
   2.4100000e+01  -1.1467659e-02  -9.3380465e-03
   2.4200000e+01  -1.4300342e-02  -1.5421744e-03
   2.4300000e+01  -5.4768435e-03   3.3875066e-03
   2.4400000e+01   8.2775753e-03   3.6570893e-03
   2.4500000e+01   1.7157458e-02  -1.1857380e-04
   2.4600000e+01   1.6827571e-02  -5.1066893e-03
   2.4700000e+01   1.1500346e-02  -6.4545589e-03
   2.4800000e+01   1.0888919e-02  -8.5577603e-04
   2.4900000e+01   2.2980803e-02   8.2613714e-03
   2.5000000e+01   4.5999086e-02   1.1393907e-02
   2.5100000e+01   6.5983180e-02   2.0135906e-03
   2.5200000e+01   6.5814360e-02  -1.5178089e-02
   2.5300000e+01   4.1504603e-02  -2.7739791e-02
   2.5400000e+01   1.0184330e-02  -2.7991037e-02
   2.5500000e+01  -2.0328806e-03  -1.9608558e-02
   2.5600000e+01   1.6253146e-02  -1.0297897e-02
   2.5700000e+01   5.0234606e-02  -6.9836289e-04
   2.5800000e+01   7.2842805e-02   1.5290566e-02
   2.5900000e+01   7.0242457e-02   3.9103062e-02
   2.6000000e+01   5.2243073e-02   6.0722791e-02
   2.6100000e+01   3.8059368e-02   6.6674960e-02
   2.6200000e+01   3.4917932e-02   5.3916792e-02
   2.6300000e+01   3.3060197e-02   3.3148389e-02
   2.6400000e+01   2.0457021e-02   1.7955916e-02
   2.6500000e+01  -1.2241933e-03   1.2512084e-02
   2.6600000e+01  -1.7270201e-02   1.0851515e-02
   2.6700000e+01  -1.5413909e-02   6.6671573e-03
   2.6800000e+01   1.1530387e-03   1.5930754e-03
   2.6900000e+01   1.6495855e-02   3.1455383e-03
   2.7000000e+01   1.6706611e-02   1.5328711e-02
   2.7100000e+01   1.7313260e-03   3.2325268e-02
   2.7200000e+01  -1.6269015e-02   4.2012416e-02
   2.7300000e+01  -2.4742696e-02   3.5902963e-02
   2.7400000e+01  -2.0833519e-02   1.5948862e-02
   2.7500000e+01  -1.1726193e-02  -7.5246778e-03
   2.7600000e+01  -7.5880739e-03  -2.3374591e-02
   2.7700000e+01  -1.4692588e-02  -2.5351787e-02
   2.7800000e+01  -3.2804568e-02  -1.3410545e-02
   2.7900000e+01  -5.5555989e-02   6.3823292e-03
   2.8000000e+01  -7.2292006e-02   2.2140836e-02
   2.8100000e+01  -7.2510999e-02   2.0524261e-02
   2.8200000e+01  -5.2865647e-02  -3.2775002e-03
   2.8300000e+01  -2.1781444e-02  -3.7868068e-02
   2.8400000e+01   4.2727103e-03  -6.1098685e-02
   2.8500000e+01   1.1953584e-02  -5.7609770e-02
   2.8600000e+01   6.5792197e-04  -3.2667128e-02
   2.8700000e+01  -1.8045037e-02  -7.6971456e-03
   2.8800000e+01  -3.0538168e-02  -1.0399915e-03
   2.8900000e+01  -3.1577296e-02  -1.2691509e-02
   2.9000000e+01  -2.6219503e-02  -2.7254753e-02
   2.9100000e+01  -2.2839720e-02  -3.0555743e-02
   2.9200000e+01  -2.4605136e-02  -2.2712103e-02
   2.9300000e+01  -2.7118206e-02  -1.5744690e-02
   2.9400000e+01  -2.3417231e-02  -1.9749282e-02
   2.9500000e+01  -1.0772775e-02  -3.1954430e-02
   2.9600000e+01   7.0299606e-03  -3.9015103e-02
   2.9700000e+01   2.3008828e-02  -2.9829834e-02
   2.9800000e+01   3.1767827e-02  -6.5407386e-03
   2.9900000e+01   3.1639555e-02   1.6490210e-02
   3.0000000e+01   2.4105896e-02   2.4728556e-02
   3.0100000e+01   1.2863382e-02   1.5799024e-02
   3.0200000e+01   3.2498864e-03   1.4342421e-03
   3.0300000e+01   4.2520096e-04  -2.6532059e-03
   3.0400000e+01   5.8629378e-03   9.3258042e-03
   3.0500000e+01   1.5207780e-02   2.7312113e-02
   3.0600000e+01   2.1105479e-02   3.3454023e-02
   3.0700000e+01   1.9891695e-02   1.8453874e-02
   3.0800000e+01   1.5673611e-02  -8.3094557e-03
   3.0900000e+01   1.6416516e-02  -2.5779977e-02
   3.1000000e+01   2.4877627e-02  -2.0300675e-02
   3.1100000e+01   3.4185341e-02   1.7953890e-03
   3.1200000e+01   3.4314828e-02   2.1407895e-02
   3.1300000e+01   2.3558987e-02   2.6075320e-02
   3.1400000e+01   1.1902401e-02   2.0401455e-02
   3.1500000e+01   1.1112320e-02   1.7000467e-02
   3.1600000e+01   2.1862582e-02   2.0236292e-02
   3.1700000e+01   3.2746088e-02   2.2312638e-02
   3.1800000e+01   3.2681187e-02   1.4678815e-02
   3.1900000e+01   2.2251684e-02  -1.0321163e-03
   3.2000000e+01   1.0798305e-02  -1.5762801e-02
   3.2100000e+01   3.6688924e-03  -2.3861442e-02
   3.2200000e+01  -3.8334854e-03  -2.6807675e-02
   3.2300000e+01  -1.8081470e-02  -2.6159680e-02
   3.2400000e+01  -3.5456436e-02  -1.7755077e-02
   3.2500000e+01  -4.3382011e-02   2.6412723e-03
   3.2600000e+01  -3.4304777e-02   2.8862437e-02
   3.2700000e+01  -1.5985811e-02   4.4434966e-02
   3.2800000e+01  -4.8651905e-03   3.6758073e-02
   3.2900000e+01  -9.3441255e-03   1.0822484e-02
   3.3000000e+01  -2.2099135e-02  -1.3387158e-02
   3.3100000e+01  -2.9821373e-02  -1.8095297e-02
   3.3200000e+01  -2.8121847e-02  -2.3164958e-03
   3.3300000e+01  -2.4029537e-02   1.9390061e-02
   3.3400000e+01  -2.4655144e-02   3.0229335e-02
   3.3500000e+01  -2.7588585e-02   2.3035444e-02
   3.3600000e+01  -2.5158799e-02   2.7777099e-03
   3.3700000e+01  -1.5876013e-02  -1.8099733e-02
   3.3800000e+01  -6.9908007e-03  -2.6659378e-02
   3.3900000e+01  -4.4536273e-03  -1.6739557e-02
   3.4000000e+01  -4.2028641e-03   5.7626801e-03
   3.4100000e+01   2.2466646e-03   2.4710531e-02
   3.4200000e+01   1.4162148e-02   2.4849613e-02
   3.4300000e+01   1.8553215e-02   4.7915244e-03
   3.4400000e+01   4.4755973e-03  -2.0620553e-02
   3.4500000e+01  -2.1100516e-02  -3.2522916e-02
   3.4600000e+01  -3.6149138e-02  -2.4106657e-02
   3.4700000e+01  -2.4738967e-02  -5.4385857e-03
   3.4800000e+01   5.8214264e-03   6.7898871e-03
   3.4900000e+01   3.0936588e-02   3.6959485e-03
   3.5000000e+01   3.2004474e-02  -1.0681866e-02
   3.5100000e+01   1.3055625e-02  -2.6173883e-02
   3.5200000e+01  -5.2200776e-03  -3.6034812e-02
   3.5300000e+01  -6.2285070e-03  -3.9502097e-02
   3.5400000e+01   8.4165140e-03  -3.7030504e-02
   3.5500000e+01   2.3837813e-02  -2.6155104e-02
   3.5600000e+01   2.8439847e-02  -4.2760660e-03
   3.5700000e+01   2.4380560e-02   2.4476039e-02
   3.5800000e+01   2.2279998e-02   4.7239603e-02
   3.5900000e+01   2.7247366e-02   5.0071714e-02
   3.6000000e+01   3.2009590e-02   2.9567488e-02
   3.6100000e+01   2.5041693e-02  -2.7219803e-03
   3.6200000e+01   5.0926786e-03  -2.8245727e-02
   3.6300000e+01  -1.4232292e-02  -3.5149998e-02
   3.6400000e+01  -1.6028364e-02  -2.5577910e-02
   3.6500000e+01   3.6919821e-03  -1.0844672e-02
   3.6600000e+01   3.2012891e-02  -3.1718976e-04
   3.6700000e+01   5.0904004e-02   5.1887354e-03
   3.6800000e+01   5.1632461e-02   1.0547447e-02
   3.6900000e+01   3.7850278e-02   1.8753350e-02
   3.7000000e+01   1.7981116e-02   2.6917378e-02
   3.7100000e+01  -1.6060802e-03   2.9104188e-02
   3.7200000e+01  -1.6489534e-02   2.2309822e-02
   3.7300000e+01  -2.2650985e-02   9.9028891e-03
   3.7400000e+01  -1.9558127e-02   2.0475130e-05
   3.7500000e+01  -1.3546262e-02   1.7865457e-04
   3.7600000e+01  -1.3142188e-02   1.1296997e-02
   3.7700000e+01  -1.8802216e-02   2.5305941e-02
   3.7800000e+01  -2.0475805e-02   2.9858054e-02
   3.7900000e+01  -9.3240278e-03   1.8688180e-02
   3.8000000e+01   8.9662082e-03  -1.0676116e-03
   3.8100000e+01   1.7099835e-02  -1.3716127e-02
   3.8200000e+01   4.6093654e-03  -9.8327552e-03
   3.8300000e+01  -1.9298350e-02   3.8232651e-03
   3.8400000e+01  -3.4633452e-02   1.1511483e-02
   3.8500000e+01  -3.1510815e-02   6.2812169e-03
   3.8600000e+01  -1.8757349e-02  -1.9247172e-03
   3.8700000e+01  -1.1333883e-02   1.8057945e-03
   3.8800000e+01  -1.3236626e-02   1.8684120e-02
   3.8900000e+01  -1.6139338e-02   3.2847188e-02
   3.9000000e+01  -1.2775613e-02   2.7618663e-02
   3.9100000e+01  -6.5199146e-03   2.8883514e-03
   3.9200000e+01  -6.0955310e-03  -2.5293276e-02
   3.9300000e+01  -1.4285449e-02  -4.0544397e-02
   3.9400000e+01  -2.5252883e-02  -3.8957947e-02
   3.9500000e+01  -3.1765196e-02  -2.7367329e-02
   3.9600000e+01  -3.1490071e-02  -1.3606858e-02
   3.9700000e+01  -2.5732353e-02  -1.4335563e-03
   3.9800000e+01  -1.5511294e-02   7.2569193e-03
   3.9900000e+01  -1.7955854e-03   1.0120930e-02
   4.0000000e+01   1.1535051e-02   6.3897456e-03
   4.0100000e+01   1.8155618e-02  -9.1595882e-04
   4.0200000e+01   1.4191883e-02  -7.5401476e-03
   4.0300000e+01   2.1672692e-03  -1.2721384e-02
   4.0400000e+01  -1.0168891e-02  -1.9365051e-02
   4.0500000e+01  -1.4704911e-02  -2.8724884e-02
   4.0600000e+01  -7.8799961e-03  -3.6504201e-02
   4.0700000e+01   6.5891260e-03  -3.6106518e-02
   4.0800000e+01   1.8888859e-02  -2.5698731e-02
   4.0900000e+01   1.9510210e-02  -1.0660156e-02
   4.1000000e+01   7.7875729e-03   1.4626881e-03
   4.1100000e+01  -5.6687561e-03   7.4688736e-03
   4.1200000e+01  -7.6481759e-03   9.4800530e-03
   4.1300000e+01   4.6822808e-03   1.0776351e-02
   4.1400000e+01   2.0088827e-02   1.2423885e-02
   4.1500000e+01   2.3811363e-02   1.3770314e-02
   4.1600000e+01   1.1916846e-02   1.4119088e-02
   4.1700000e+01  -4.8872053e-03   1.2711883e-02
   4.1800000e+01  -1.0777605e-02   8.5119161e-03
   4.1900000e+01   2.1865886e-03   2.1012207e-03
   4.2000000e+01   2.8219739e-02  -2.5413871e-03
   4.2100000e+01   5.1766090e-02  -6.7781279e-04
   4.2200000e+01   5.7562460e-02   7.3782297e-03
   4.2300000e+01   4.1089618e-02   1.4569539e-02
   4.2400000e+01   1.2845415e-02   1.3352044e-02
   4.2500000e+01  -8.3288687e-03   3.5147569e-03
   4.2600000e+01  -9.5961813e-03  -8.0187495e-03
   4.2700000e+01   5.8518593e-03  -1.5409074e-02
   4.2800000e+01   2.2781078e-02  -1.9648943e-02
   4.2900000e+01   2.7840400e-02  -2.4370752e-02
   4.3000000e+01   1.9510821e-02  -2.7619123e-02
   4.3100000e+01   5.9836102e-03  -2.1588587e-02
   4.3200000e+01  -3.7448244e-03  -2.3835937e-03
   4.3300000e+01  -5.8078941e-03   2.1773449e-02
   4.3400000e+01  -1.6004441e-03   3.5064538e-02
   4.3500000e+01   4.4625968e-03   2.7977612e-02
   4.3600000e+01   7.4589826e-03   6.1509182e-03
   4.3700000e+01   5.1807288e-03  -1.4883108e-02
   4.3800000e+01   3.2257862e-04  -2.3128630e-02
   4.3900000e+01  -1.8821063e-03  -1.8361354e-02
   4.4000000e+01   5.2366261e-04  -8.7431742e-03
   4.4100000e+01   3.5724555e-03  -1.4303738e-03
   4.4200000e+01   1.6029669e-03   2.8547425e-03
   4.4300000e+01  -6.5828871e-03   7.2761256e-03
   4.4400000e+01  -1.6973954e-02   1.2916836e-02
   4.4500000e+01  -2.5061508e-02   1.6637380e-02
   4.4600000e+01  -2.9514270e-02   1.5097874e-02
   4.4700000e+01  -3.1111036e-02   1.0114124e-02
   4.4800000e+01  -3.0072068e-02   8.4071738e-03
   4.4900000e+01  -2.5955782e-02   1.4510775e-02
   4.5000000e+01  -1.9566618e-02   2.3859166e-02
   4.5100000e+01  -1.3679072e-02   2.4695271e-02
   4.5200000e+01  -1.1544059e-02   9.1206748e-03
   4.5300000e+01  -1.4486291e-02  -1.6827937e-02
   4.5400000e+01  -1.9877071e-02  -3.5120574e-02
   4.5500000e+01  -2.1031856e-02  -2.9852539e-02
   4.5600000e+01  -1.1380705e-02  -1.5342643e-03
   4.5700000e+01   7.8873411e-03   3.1515971e-02
   4.5800000e+01   2.4150511e-02   4.6552168e-02
   4.5900000e+01   2.1467639e-02   3.3636520e-02
   4.6000000e+01  -3.4071427e-03   2.7240019e-03
   4.6100000e+01  -3.3386797e-02  -2.4812439e-02
   4.6200000e+01  -4.3436418e-02  -3.2895166e-02
   4.6300000e+01  -2.3789143e-02  -2.1784763e-02
   4.6400000e+01   9.2112079e-03  -4.5821484e-03
   4.6500000e+01   2.6917925e-02   6.6814447e-03
   4.6600000e+01   1.3956365e-02   1.1552513e-02
   4.6700000e+01  -1.8950239e-02   1.7968445e-02
   4.6800000e+01  -4.5663634e-02   2.9570508e-02
   4.6900000e+01  -4.6830017e-02   3.8478927e-02
   4.7000000e+01  -2.3296901e-02   3.2913398e-02
   4.7100000e+01   8.3821874e-03   1.1917943e-02
   4.7200000e+01   3.0986626e-02  -1.0088383e-02
   4.7300000e+01   3.8147816e-02  -1.5986161e-02
   4.7400000e+01   3.4367760e-02  -3.2984750e-03
   4.7500000e+01   2.6794815e-02   1.2794339e-02
   4.7600000e+01   1.8433668e-02   1.4625098e-02
   4.7700000e+01   8.9624284e-03  -6.9885312e-04
   4.7800000e+01  -1.3915473e-04  -1.9865179e-02
   4.7900000e+01  -4.3823127e-03  -2.7593574e-02
   4.8000000e+01  -1.4752624e-03  -1.9953667e-02
   4.8100000e+01   4.1076278e-03  -4.0286748e-03
   4.8200000e+01   4.7351776e-03   1.1460797e-02
   4.8300000e+01  -1.4979712e-03   2.1531788e-02
   4.8400000e+01  -7.5935786e-03   2.2646668e-02
   4.8500000e+01  -5.2389274e-03   1.1182532e-02
   4.8600000e+01   5.1496459e-03  -1.1438986e-02
   4.8700000e+01   1.3955563e-02  -3.3868287e-02
   4.8800000e+01   1.2363599e-02  -4.0627522e-02
   4.8900000e+01   1.5276161e-03  -2.6292083e-02
   4.9000000e+01  -8.9253956e-03  -2.9078945e-03
   4.9100000e+01  -1.0443801e-02   9.4482579e-03
   4.9200000e+01  -2.5235150e-03   6.4377635e-04
   4.9300000e+01   8.9073866e-03  -2.1195971e-02
   4.9400000e+01   1.7850154e-02  -3.8813707e-02
   4.9500000e+01   2.2036623e-02  -4.1844572e-02
   4.9600000e+01   2.1751342e-02  -3.3538863e-02
   4.9700000e+01   1.7141524e-02  -2.3639353e-02
   4.9800000e+01   8.0725751e-03  -1.7330127e-02
   4.9900000e+01  -3.3783686e-03  -1.2080057e-02
   5.0000000e+01  -1.1362803e-02  -3.7229297e-03
   5.0100000e+01  -8.8969563e-03   6.7823673e-03
   5.0200000e+01   6.2376077e-03   1.3611785e-02
   5.0300000e+01   2.7562016e-02   1.2189468e-02
   5.0400000e+01   4.2787574e-02   3.8590984e-03
   5.0500000e+01   4.2443028e-02  -5.4857318e-03
   5.0600000e+01   2.7169240e-02  -1.0408649e-02
   5.0700000e+01   7.3018315e-03  -9.3116708e-03
   5.0800000e+01  -4.5082547e-03  -4.2034274e-03
   5.0900000e+01  -1.0798395e-03   1.2970890e-03
   5.1000000e+01   1.6265369e-02   3.9583947e-03
   5.1100000e+01   3.9190788e-02   2.8602193e-03
   5.1200000e+01   5.5890427e-02   5.2937723e-04
   5.1300000e+01   5.6036295e-02   1.2620198e-03
   5.1400000e+01   3.6771938e-02   6.8746990e-03
   5.1500000e+01   6.0814555e-03   1.4248114e-02
   5.1600000e+01  -2.1323735e-02   1.8217134e-02
   5.1700000e+01  -3.4574653e-02   1.6833530e-02
   5.1800000e+01  -3.4759533e-02   1.2526825e-02
   5.1900000e+01  -3.2084454e-02   8.1780319e-03
   5.2000000e+01  -3.4167551e-02   4.2930782e-03
   5.2100000e+01  -3.7512749e-02   1.3063872e-03
   5.2200000e+01  -3.1784041e-02   2.2215655e-03
   5.2300000e+01  -1.3028107e-02   9.2888768e-03
   5.2400000e+01   8.4574842e-03   1.8135228e-02
   5.2500000e+01   1.5415500e-02   1.9335288e-02
   5.2600000e+01   5.9350357e-05   8.7220499e-03
   5.2700000e+01  -2.7072410e-02  -5.8118630e-03
   5.2800000e+01  -4.5840261e-02  -1.1371224e-02
   5.2900000e+01  -4.4699849e-02  -3.9178638e-03
   5.3000000e+01  -3.0026725e-02   7.9202681e-03
   5.3100000e+01  -1.7555189e-02   1.3609231e-02
   5.3200000e+01  -1.5933554e-02   1.1967437e-02
   5.3300000e+01  -2.0037594e-02   9.1660029e-03
   5.3400000e+01  -1.9844112e-02   8.1380801e-03
   5.3500000e+01  -1.3464349e-02   4.9499015e-03
   5.3600000e+01  -9.6275609e-03  -3.3641345e-03
   5.3700000e+01  -1.7671810e-02  -1.1579565e-02
   5.3800000e+01  -3.6438118e-02  -1.0732990e-02
   5.3900000e+01  -5.3530390e-02   9.6717441e-04
   5.4000000e+01  -5.5243700e-02   1.4673889e-02
   5.4100000e+01  -3.7575790e-02   1.9101456e-02
   5.4200000e+01  -8.7933823e-03   1.0828314e-02
   5.4300000e+01   1.7608020e-02  -3.5067409e-03
   5.4400000e+01   3.2247585e-02  -1.3174254e-02
   5.4500000e+01   3.3285689e-02  -1.1023378e-02
   5.4600000e+01   2.3076391e-02   1.7329074e-03
   5.4700000e+01   4.7406903e-03   1.5372895e-02
   5.4800000e+01  -1.6313985e-02   1.7795349e-02
   5.4900000e+01  -3.0185178e-02   5.3720154e-03
   5.5000000e+01  -2.7484693e-02  -1.0598383e-02
   5.5100000e+01  -9.8002529e-03  -1.1860594e-02
   5.5200000e+01   7.4654693e-03   7.9718519e-03
   5.5300000e+01   7.8545726e-03   3.2807223e-02
   5.5400000e+01  -8.9789804e-03   3.6631692e-02
   5.5500000e+01  -2.5704015e-02   9.7859461e-03
   5.5600000e+01  -2.5011063e-02  -2.8387841e-02
   5.5700000e+01  -6.9269597e-03  -4.5962417e-02
   5.5800000e+01   1.3986952e-02  -2.8486119e-02
   5.5900000e+01   2.6592304e-02   7.9147950e-03
   5.6000000e+01   3.3188981e-02   3.3030805e-02
   5.6100000e+01   4.0383320e-02   3.0572784e-02
   5.6200000e+01   4.5526890e-02   9.8128418e-03
   5.6300000e+01   3.8885951e-02  -7.5275743e-03
   5.6400000e+01   1.9548788e-02  -8.5644475e-03
   5.6500000e+01   2.9808787e-03   2.1944307e-03
   5.6600000e+01   7.2410605e-03   1.1322357e-02
   5.6700000e+01   3.2201831e-02   9.7923953e-03
   5.6800000e+01   5.6805069e-02  -1.4343804e-03
   5.6900000e+01   5.9283217e-02  -1.4962666e-02
   5.7000000e+01   3.8577326e-02  -2.3128978e-02
   5.7100000e+01   1.3922077e-02  -2.1855079e-02
   5.7200000e+01   4.5279149e-03  -1.2080570e-02
   5.7300000e+01   1.2401004e-02   5.4519136e-04
   5.7400000e+01   2.5040028e-02   8.7428575e-03
   5.7500000e+01   3.1132253e-02   9.0238975e-03
   5.7600000e+01   3.0214941e-02   4.9130586e-03
   5.7700000e+01   2.8263154e-02   3.4880657e-03
   5.7800000e+01   2.8461482e-02   7.4483318e-03
   5.7900000e+01   2.8894271e-02   1.0946978e-02
   5.8000000e+01   2.7167823e-02   4.4995455e-03
   5.8100000e+01   2.3644632e-02  -1.5270781e-02
   5.8200000e+01   1.9444891e-02  -4.0689595e-02
   5.8300000e+01   1.3679050e-02  -5.7848975e-02
   5.8400000e+01   4.5988747e-03  -5.7010130e-02
   5.8500000e+01  -7.0629352e-03  -4.0050533e-02
   5.8600000e+01  -1.7299104e-02  -1.9353213e-02
   5.8700000e+01  -2.1597841e-02  -8.8052390e-03
   5.8800000e+01  -1.8162054e-02  -1.3073583e-02
   5.8900000e+01  -8.9691144e-03  -2.3530591e-02
   5.9000000e+01   1.2639820e-03  -2.5471810e-02
   5.9100000e+01   7.2667753e-03  -1.1841810e-02
   5.9200000e+01   5.8121689e-03   8.9114839e-03
   5.9300000e+01  -2.7896465e-03   1.9476594e-02
   5.9400000e+01  -1.5900485e-02   9.5211378e-03
   5.9500000e+01  -3.1302795e-02  -1.4486306e-02
   5.9600000e+01  -4.7777838e-02  -3.4990735e-02
   5.9700000e+01  -6.2351879e-02  -3.8449395e-02
   5.9800000e+01  -6.8559464e-02  -2.5087414e-02
   5.9900000e+01  -6.0340331e-02  -5.5318992e-03
   6.0000000e+01  -3.8927597e-02   9.9920920e-03
   6.0100000e+01  -1.4392869e-02   1.8730726e-02
   6.0200000e+01   1.6549093e-03   2.3828117e-02
   6.0300000e+01   5.1161320e-03   2.8516985e-02
   6.0400000e+01   3.9801662e-04   3.3045463e-02
   6.0500000e+01  -6.9557173e-03   3.6191304e-02
   6.0600000e+01  -1.6468579e-02   3.7525278e-02
   6.0700000e+01  -3.0536316e-02   3.6887215e-02
   6.0800000e+01  -4.7640626e-02   3.2646217e-02
   6.0900000e+01  -6.0149028e-02   2.2895049e-02
   6.1000000e+01  -5.9586386e-02   9.5947258e-03
   6.1100000e+01  -4.3560221e-02   1.0561188e-04
   6.1200000e+01  -1.7939865e-02   2.0776809e-03
   6.1300000e+01   6.2908580e-03   1.5898534e-02
   6.1400000e+01   1.8508835e-02   3.3222993e-02
   6.1500000e+01   1.3990073e-02   4.3752101e-02
   6.1600000e+01  -2.6061111e-03   4.2914036e-02
   6.1700000e+01  -1.9221062e-02   3.2854519e-02
   6.1800000e+01  -2.4671122e-02   1.8110907e-02
   6.1900000e+01  -1.7083769e-02   2.8848754e-03
   6.2000000e+01  -4.0374781e-03  -8.0555870e-03
   6.2100000e+01   5.9405299e-03  -9.6116040e-03
   6.2200000e+01   1.0974152e-02  -4.8312306e-04
   6.2300000e+01   1.4508073e-02   1.3486255e-02
   6.2400000e+01   1.8590949e-02   2.2321670e-02
   6.2500000e+01   2.1564053e-02   1.9253816e-02
   6.2600000e+01   2.2645208e-02   5.1625607e-03
   6.2700000e+01   2.5610619e-02  -1.2971140e-02
   6.2800000e+01   3.4885549e-02  -2.6323419e-02
   6.2900000e+01   4.8070301e-02  -2.8086498e-02
   6.3000000e+01   5.4598974e-02  -1.7291856e-02
   6.3100000e+01   4.3740604e-02  -1.4929719e-03
   6.3200000e+01   1.5027438e-02   6.6665079e-03
   6.3300000e+01  -1.8325211e-02   6.6776925e-05
   6.3400000e+01  -3.6482527e-02  -1.4593070e-02
   6.3500000e+01  -2.6251370e-02  -2.2128190e-02
   6.3600000e+01   8.3311417e-03  -1.4840238e-02
   6.3700000e+01   4.6552604e-02  -1.7055359e-03
   6.3800000e+01   6.4521217e-02   8.2804206e-04
   6.3900000e+01   5.2699874e-02  -1.3293592e-02
   6.4000000e+01   2.2961735e-02  -3.3340148e-02
   6.4100000e+01  -1.7031037e-03  -4.3143722e-02
   6.4200000e+01  -5.9055612e-03  -3.6207979e-02
   6.4300000e+01   7.7460571e-03  -1.8834015e-02
   6.4400000e+01   2.4349850e-02  -1.5146418e-03
   6.4500000e+01   3.0483339e-02   9.4920761e-03
   6.4600000e+01   2.2518706e-02   1.3212711e-02
   6.4700000e+01   4.8310790e-03   1.0741229e-02
   6.4800000e+01  -1.5820809e-02   3.0445011e-03
   6.4900000e+01  -3.2729004e-02  -9.1279262e-03
   6.5000000e+01  -3.8999817e-02  -2.4034072e-02
   6.5100000e+01  -2.9607786e-02  -3.6843767e-02
   6.5200000e+01  -6.5090100e-03  -3.9264977e-02
   6.5300000e+01   1.8940057e-02  -2.4954793e-02
   6.5400000e+01   3.1570472e-02   1.4754617e-03
   6.5500000e+01   2.3300392e-02   2.2678975e-02
   6.5600000e+01  -6.4784528e-05   2.1199299e-02
   6.5700000e+01  -2.2927263e-02  -3.0645137e-03
   6.5800000e+01  -3.1782989e-02  -2.9813875e-02
   6.5900000e+01  -2.4637050e-02  -3.5849982e-02
   6.6000000e+01  -1.0362492e-02  -1.6243049e-02
   6.6100000e+01   2.1242667e-04   1.2672115e-02
   6.6200000e+01   2.9640496e-03   3.0408235e-02
   6.6300000e+01   1.8754234e-03   3.0301448e-02
   6.6400000e+01   3.2893960e-03   2.0849543e-02
   6.6500000e+01   8.9997829e-03   1.3095666e-02
   6.6600000e+01   1.4397267e-02   1.0360673e-02
   6.6700000e+01   1.3065392e-02   9.8709570e-03
   6.6800000e+01   3.4484198e-03   1.0240562e-02
   6.6900000e+01  -8.8020792e-03   1.3734565e-02
   6.7000000e+01  -1.5361023e-02   2.1392202e-02
   6.7100000e+01  -1.2524664e-02   2.8914123e-02
   6.7200000e+01  -4.1478995e-03   2.9667652e-02
   6.7300000e+01   2.5712662e-03   2.1563452e-02
   6.7400000e+01   3.7841921e-03   9.5767603e-03
   6.7500000e+01   1.1626637e-03   1.0654513e-03
   6.7600000e+01  -1.8344616e-03  -6.1694123e-04
   6.7700000e+01  -4.1147405e-03   2.3734217e-03
   6.7800000e+01  -6.3410718e-03   5.9026345e-03
   6.7900000e+01  -7.3666084e-03   7.4489308e-03
   6.8000000e+01  -3.9768785e-03   6.5606379e-03
   6.8100000e+01   4.2604197e-03   3.6040853e-03
   6.8200000e+01   1.1261108e-02  -8.6949779e-04
   6.8300000e+01   8.5637398e-03  -6.2184179e-03
   6.8400000e+01  -5.1936624e-03  -1.2069113e-02
   6.8500000e+01  -2.0283706e-02  -1.8131556e-02
   6.8600000e+01  -2.4056062e-02  -2.2947980e-02
   6.8700000e+01  -1.4287447e-02  -2.3773144e-02
   6.8800000e+01  -3.1489490e-03  -1.9527151e-02
   6.8900000e+01  -5.8072975e-03  -1.3691593e-02
   6.9000000e+01  -2.4233980e-02  -1.1599333e-02
   6.9100000e+01  -4.3141254e-02  -1.3155901e-02
   6.9200000e+01  -4.3385181e-02  -1.0446676e-02
   6.9300000e+01  -2.0361702e-02   3.5666877e-03
   6.9400000e+01   1.0641903e-02   2.3391423e-02
   6.9500000e+01   2.7744168e-02   3.1811548e-02
   6.9600000e+01   2.1973047e-02   1.6196109e-02
   6.9700000e+01   4.4623473e-03  -1.6094603e-02
   6.9800000e+01  -5.4421584e-03  -4.1510584e-02
   6.9900000e+01   4.9166762e-04  -4.1236165e-02
   7.0000000e+01   1.1733145e-02  -1.7722236e-02
   7.0100000e+01   1.0785929e-02   9.9017864e-03
   7.0200000e+01  -7.4972534e-03   2.4862414e-02
   7.0300000e+01  -2.9223854e-02   2.5032369e-02
   7.0400000e+01  -3.4869359e-02   1.7642050e-02
   7.0500000e+01  -1.9122671e-02   6.9093129e-03
   7.0600000e+01   3.5568600e-03  -8.4808061e-03
   7.0700000e+01   1.3333681e-02  -2.6225896e-02
   7.0800000e+01   4.1017297e-03  -3.4614143e-02
   7.0900000e+01  -1.1998495e-02  -2.1879058e-02
   7.1000000e+01  -1.7716193e-02   7.7680055e-03
   7.1100000e+01  -6.7724238e-03   3.1927301e-02
   7.1200000e+01   1.2553041e-02   2.8892098e-02
   7.1300000e+01   2.7198315e-02  -5.2227118e-05
   7.1400000e+01   3.0718530e-02  -2.9424057e-02
   7.1500000e+01   2.5907164e-02  -3.2609812e-02
   7.1600000e+01   1.8992562e-02  -6.2821971e-03
   7.1700000e+01   1.3304981e-02   2.7906806e-02
   7.1800000e+01   8.4250128e-03   4.4140260e-02
   7.1900000e+01   3.8302790e-03   3.3856276e-02
   7.2000000e+01   1.7310492e-03   9.0176952e-03
   7.2100000e+01   5.4844362e-03  -1.1238148e-02
   7.2200000e+01   1.5086814e-02  -1.5398347e-02
   7.2300000e+01   2.4723911e-02  -4.4465954e-03
   7.2400000e+01   2.5971379e-02   1.2901894e-02
   7.2500000e+01   1.4912853e-02   2.7783648e-02
   7.2600000e+01  -3.1240072e-03   3.5801518e-02
   7.2700000e+01  -1.6429061e-02   3.6840780e-02
   7.2800000e+01  -1.5806528e-02   3.1933188e-02
   7.2900000e+01  -1.7608611e-03   2.1083091e-02
   7.3000000e+01   1.6459809e-02   4.6061695e-03
   7.3100000e+01   2.8352673e-02  -1.3878957e-02
   7.3200000e+01   2.8647961e-02  -2.7307220e-02
   7.3300000e+01   1.8101723e-02  -2.9377162e-02
   7.3400000e+01   1.1195417e-03  -1.9270779e-02
   7.3500000e+01  -1.5529471e-02  -2.1550281e-03
   7.3600000e+01  -2.3810626e-02   1.4623045e-02
   7.3700000e+01  -1.8867469e-02   2.5578618e-02
   7.3800000e+01  -4.6284828e-03   2.8272134e-02
   7.3900000e+01   7.3131715e-03   2.2349251e-02
   7.4000000e+01   7.8825848e-03   8.9093227e-03
   7.4100000e+01  -1.6572191e-04  -8.8071651e-03
   7.4200000e+01  -5.5201791e-03  -2.4769199e-02
   7.4300000e+01  -1.6038158e-03  -3.1824600e-02
   7.4400000e+01   5.8807379e-03  -2.6400683e-02
   7.4500000e+01   6.6596014e-03  -1.3187976e-02
   7.4600000e+01  -7.7135215e-04  -4.0927108e-03
   7.4700000e+01  -7.1036405e-03  -9.1038829e-03
   7.4800000e+01  -3.9551707e-03  -2.5644053e-02
   7.4900000e+01   5.6194905e-03  -3.7997197e-02
   7.5000000e+01   1.0848463e-02  -3.0639820e-02
   7.5100000e+01   5.9944559e-03  -4.1645668e-03
   7.5200000e+01  -3.6713781e-03   2.2842242e-02
   7.5300000e+01  -9.0020255e-03   2.9559383e-02
   7.5400000e+01  -7.5113214e-03   1.1463757e-02
   7.5500000e+01  -4.9749687e-03  -1.6371264e-02
   7.5600000e+01  -7.6451124e-03  -3.3479402e-02
   7.5700000e+01  -1.4985054e-02  -3.1050023e-02
   7.5800000e+01  -2.0433948e-02  -1.6522255e-02
   7.5900000e+01  -1.8025188e-02  -4.1395218e-03
   7.6000000e+01  -7.6730842e-03  -2.1663951e-03
   7.6100000e+01   4.8520118e-03  -7.8278814e-03
   7.6200000e+01   1.1871335e-02  -1.2475677e-02
   7.6300000e+01   8.4690617e-03  -1.0948807e-02
   7.6400000e+01  -4.2524256e-03  -6.4004291e-03
   7.6500000e+01  -1.8865183e-02  -6.1207939e-03
   7.6600000e+01  -2.5610056e-02  -1.2337069e-02
   7.6700000e+01  -1.9580714e-02  -1.7778816e-02
   7.6800000e+01  -5.7131169e-03  -1.2077012e-02
   7.6900000e+01   4.3650771e-03   6.4624762e-03
   7.7000000e+01   2.7312034e-03   2.6536205e-02
   7.7100000e+01  -6.7665677e-03   3.3187295e-02
   7.7200000e+01  -1.2067409e-02   2.2155501e-02
   7.7300000e+01  -5.6922715e-03   4.1965795e-03
   7.7400000e+01   6.6995576e-03  -5.3699434e-03
   7.7500000e+01   1.2110927e-02  -8.8117679e-04
   7.7600000e+01   4.7817874e-03   1.0049097e-02
   7.7700000e+01  -6.5177366e-03   1.5653665e-02
   7.7800000e+01  -7.1550831e-03   1.0951172e-02
   7.7900000e+01   7.4381908e-03   2.4839054e-05
   7.8000000e+01   2.5344069e-02  -9.6064252e-03
   7.8100000e+01   2.8232409e-02  -1.2372740e-02
   7.8200000e+01   8.3465959e-03  -5.4997917e-03
   7.8300000e+01  -2.3485106e-02   1.1508197e-02
   7.8400000e+01  -4.5699060e-02   3.5123183e-02
   7.8500000e+01  -4.2395041e-02   5.6028201e-02
   7.8600000e+01  -1.4722094e-02   6.2213970e-02
   7.8700000e+01   2.0735269e-02   4.6884424e-02
   7.8800000e+01   4.3851981e-02   1.4891288e-02
   7.8900000e+01   4.3780456e-02  -1.8478313e-02
   7.9000000e+01   2.4410663e-02  -3.6498220e-02
   7.9100000e+01   1.1071428e-04  -3.1936662e-02
   7.9200000e+01  -1.4548284e-02  -1.2229956e-02
   7.9300000e+01  -1.4036958e-02   5.8349993e-03
   7.9400000e+01  -3.8308918e-03   9.3943436e-03
   7.9500000e+01   5.8632617e-03   2.2437451e-04
   7.9600000e+01   8.7863436e-03  -7.9978215e-03
   7.9700000e+01   5.9625654e-03  -4.8032312e-03
   7.9800000e+01   1.8852058e-03   5.3149461e-03
   7.9900000e+01  -7.4402982e-04   9.0908752e-03
   8.0000000e+01  -2.1997688e-03   2.1977315e-03
